 Numero de pedidos 
 100
 duedate num_referencias // pasillo lado altura peso
 1338720.554718 3
 3 1 51.388889 1.000000 217
 2 1 76.388889 1.000000 175
 2 1 1.388889 1.000000 121
 1635428.096017 4
 3 1 54.166667 1.000000 219
 2 0 1.388889 1.000000 120
 0 0 65.277778 1.000000 46
 2 0 6.944444 1.000000 124
 203885.737566 5
 0 1 68.055556 1.000000 49
 1 1 9.722222 1.000000 67
 1 1 34.722222 1.000000 85
 0 0 59.722222 1.000000 42
 2 0 6.944444 1.000000 124
 1206567.828435 2
 2 0 4.166667 1.000000 122
 3 0 76.388889 1.000000 234
 1212504.858306 2
 1 1 70.833333 1.000000 111
 0 1 43.055556 1.000000 31
 1003672.454582 2
 3 1 56.944444 1.000000 221
 1 1 51.388889 1.000000 97
 522597.499826 3
 3 1 81.944444 1.000000 239
 3 0 54.166667 1.000000 218
 0 0 59.722222 1.000000 42
 1490203.053155 2
 0 0 43.055556 1.000000 30
 1 1 37.500000 1.000000 87
 580540.662157 3
 0 0 43.055556 1.000000 30
 0 1 76.388889 1.000000 55
 0 1 43.055556 1.000000 31
 1497330.159367 1
 1 0 73.611111 1.000000 112
 42332.454269 4
 0 0 79.166667 1.000000 56
 0 1 45.833333 1.000000 33
 3 1 81.944444 1.000000 239
 3 0 12.500000 1.000000 188
 760409.937650 1
 0 1 18.055556 1.000000 13
 479802.341368 4
 3 1 54.166667 1.000000 219
 0 1 48.611111 1.000000 35
 2 0 31.944444 1.000000 142
 3 1 37.500000 1.000000 207
 888696.750574 2
 2 0 76.388889 1.000000 174
 1 1 31.944444 1.000000 83
 1823920.627620 4
 0 1 18.055556 1.000000 13
 1 0 43.055556 1.000000 90
 0 1 23.611111 1.000000 17
 3 0 12.500000 1.000000 188
 923205.441443 1
 2 0 45.833333 1.000000 152
 629732.330921 3
 0 1 18.055556 1.000000 13
 0 1 43.055556 1.000000 31
 0 0 18.055556 1.000000 12
 580254.619541 6
 3 1 81.944444 1.000000 239
 3 1 43.055556 1.000000 211
 0 1 37.500000 1.000000 27
 2 0 15.277778 1.000000 130
 2 1 1.388889 1.000000 121
 1 0 15.277778 1.000000 70
 578177.926456 5
 2 0 4.166667 1.000000 122
 1 0 76.388889 1.000000 114
 1 1 51.388889 1.000000 97
 1 1 26.388889 1.000000 79
 0 1 68.055556 1.000000 49
 461879.594336 6
 3 1 68.055556 1.000000 229
 0 1 56.944444 1.000000 41
 3 1 65.277778 1.000000 227
 3 1 37.500000 1.000000 207
 2 1 6.944444 1.000000 125
 3 1 43.055556 1.000000 211
 1378139.278748 4
 3 1 81.944444 1.000000 239
 1 1 51.388889 1.000000 97
 0 1 15.277778 1.000000 11
 1 1 73.611111 1.000000 113
 641060.560048 4
 3 0 65.277778 1.000000 226
 1 1 73.611111 1.000000 113
 0 0 9.722222 1.000000 6
 1 1 51.388889 1.000000 97
 1883672.249859 1
 3 1 62.500000 1.000000 225
 1493324.320565 3
 1 1 9.722222 1.000000 67
 1 0 43.055556 1.000000 90
 2 0 15.277778 1.000000 130
 849259.054330 2
 1 1 26.388889 1.000000 79
 3 0 73.611111 1.000000 232
 317323.984875 3
 3 0 65.277778 1.000000 226
 3 0 12.500000 1.000000 188
 3 1 65.277778 1.000000 227
 1281246.035379 1
 1 1 59.722222 1.000000 103
 1313947.682844 5
 0 0 9.722222 1.000000 6
 0 1 76.388889 1.000000 55
 3 0 76.388889 1.000000 234
 1 1 73.611111 1.000000 113
 3 0 73.611111 1.000000 232
 1804196.121695 1
 2 1 54.166667 1.000000 159
 360519.669075 6
 1 1 34.722222 1.000000 85
 0 0 43.055556 1.000000 30
 0 1 37.500000 1.000000 27
 0 1 45.833333 1.000000 33
 1 1 31.944444 1.000000 83
 2 0 6.944444 1.000000 124
 1451303.752703 3
 2 0 31.944444 1.000000 142
 3 1 68.055556 1.000000 229
 3 1 51.388889 1.000000 217
 279490.041751 6
 1 1 31.944444 1.000000 83
 2 0 31.944444 1.000000 142
 3 0 70.833333 1.000000 230
 0 0 1.388889 1.000000 0
 1 1 18.055556 1.000000 73
 0 1 76.388889 1.000000 55
 1616684.138783 4
 0 1 56.944444 1.000000 41
 3 0 48.611111 1.000000 214
 3 0 65.277778 1.000000 226
 0 1 37.500000 1.000000 27
 1016977.068753 1
 2 0 43.055556 1.000000 150
 1163154.077401 4
 1 0 26.388889 1.000000 78
 1 0 54.166667 1.000000 98
 0 1 37.500000 1.000000 27
 3 0 76.388889 1.000000 234
 1439210.148472 1
 3 0 76.388889 1.000000 234
 1172947.009268 2
 2 0 31.944444 1.000000 142
 1 0 43.055556 1.000000 90
 626706.337122 1
 3 0 65.277778 1.000000 226
 1948314.392729 1
 3 0 12.500000 1.000000 188
 1976373.443425 5
 2 0 45.833333 1.000000 152
 2 0 20.833333 1.000000 134
 1 1 70.833333 1.000000 111
 1 1 23.611111 1.000000 77
 3 1 81.944444 1.000000 239
 188429.144746 3
 1 0 43.055556 1.000000 90
 3 0 65.277778 1.000000 226
 2 0 43.055556 1.000000 150
 140953.010647 5
 0 1 18.055556 1.000000 13
 3 0 48.611111 1.000000 214
 3 0 73.611111 1.000000 232
 3 0 65.277778 1.000000 226
 2 0 43.055556 1.000000 150
 859830.787061 5
 1 1 73.611111 1.000000 113
 2 0 43.055556 1.000000 150
 3 1 4.166667 1.000000 183
 2 0 45.833333 1.000000 152
 3 0 65.277778 1.000000 226
 1072838.204202 1
 2 0 43.055556 1.000000 150
 1628588.390513 4
 0 1 45.833333 1.000000 33
 3 1 76.388889 1.000000 235
 0 1 56.944444 1.000000 41
 0 1 43.055556 1.000000 31
 1128574.542146 1
 0 1 12.500000 1.000000 9
 487877.662186 4
 3 1 81.944444 1.000000 239
 3 1 31.944444 1.000000 203
 3 0 1.388889 1.000000 180
 3 0 65.277778 1.000000 226
 1747393.372258 4
 2 0 31.944444 1.000000 142
 0 1 68.055556 1.000000 49
 2 0 79.166667 1.000000 176
 3 1 51.388889 1.000000 217
 1009496.875093 6
 0 0 81.944444 1.000000 58
 1 0 34.722222 1.000000 84
 3 1 68.055556 1.000000 229
 1 1 9.722222 1.000000 67
 2 1 40.277778 1.000000 149
 3 0 73.611111 1.000000 232
 1756640.867794 3
 1 1 34.722222 1.000000 85
 3 1 81.944444 1.000000 239
 1 0 43.055556 1.000000 90
 1573751.478090 2
 1 0 73.611111 1.000000 112
 0 1 37.500000 1.000000 27
 757544.257100 6
 0 0 9.722222 1.000000 6
 0 1 18.055556 1.000000 13
 2 1 40.277778 1.000000 149
 3 1 18.055556 1.000000 193
 2 0 26.388889 1.000000 138
 3 1 54.166667 1.000000 219
 572709.185450 6
 2 1 62.500000 1.000000 165
 1 1 6.944444 1.000000 65
 2 0 6.944444 1.000000 124
 2 1 40.277778 1.000000 149
 3 1 51.388889 1.000000 217
 1 1 73.611111 1.000000 113
 284501.563983 6
 2 1 1.388889 1.000000 121
 1 1 73.611111 1.000000 113
 3 1 37.500000 1.000000 207
 0 1 18.055556 1.000000 13
 1 1 34.722222 1.000000 85
 1 0 59.722222 1.000000 102
 1047064.084600 4
 2 0 43.055556 1.000000 150
 3 1 68.055556 1.000000 229
 3 1 4.166667 1.000000 183
 2 0 6.944444 1.000000 124
 136404.606857 4
 1 1 18.055556 1.000000 73
 0 1 62.500000 1.000000 45
 1 1 31.944444 1.000000 83
 2 0 68.055556 1.000000 168
 726563.538335 5
 3 0 12.500000 1.000000 188
 0 1 76.388889 1.000000 55
 0 1 23.611111 1.000000 17
 1 0 9.722222 1.000000 66
 2 1 59.722222 1.000000 163
 645385.718367 2
 0 0 9.722222 1.000000 6
 3 1 62.500000 1.000000 225
 1736699.054398 2
 3 0 65.277778 1.000000 226
 0 0 59.722222 1.000000 42
 309130.594036 2
 0 0 62.500000 1.000000 44
 0 0 73.611111 1.000000 52
 1883875.722682 5
 2 0 56.944444 1.000000 160
 1 1 18.055556 1.000000 73
 1 1 34.722222 1.000000 85
 2 0 6.944444 1.000000 124
 3 1 43.055556 1.000000 211
 529665.790987 2
 3 1 26.388889 1.000000 199
 1 1 51.388889 1.000000 97
 115847.607067 6
 3 0 12.500000 1.000000 188
 2 0 26.388889 1.000000 138
 3 1 26.388889 1.000000 199
 0 1 48.611111 1.000000 35
 0 0 43.055556 1.000000 30
 2 0 51.388889 1.000000 156
 92243.933609 3
 2 0 6.944444 1.000000 124
 0 0 43.055556 1.000000 30
 3 1 43.055556 1.000000 211
 74904.756264 6
 2 0 15.277778 1.000000 130
 3 0 12.500000 1.000000 188
 0 0 9.722222 1.000000 6
 1 0 56.944444 1.000000 100
 3 1 62.500000 1.000000 225
 3 1 68.055556 1.000000 229
 717028.632964 2
 0 1 18.055556 1.000000 13
 1 0 79.166667 1.000000 116
 1036509.871071 4
 3 1 81.944444 1.000000 239
 0 1 37.500000 1.000000 27
 0 1 68.055556 1.000000 49
 3 1 62.500000 1.000000 225
 1081863.467359 1
 3 1 9.722222 1.000000 187
 1926214.433595 6
 1 0 79.166667 1.000000 116
 3 1 81.944444 1.000000 239
 1 1 31.944444 1.000000 83
 1 1 34.722222 1.000000 85
 2 1 70.833333 1.000000 171
 1 1 18.055556 1.000000 73
 677058.731745 2
 2 0 6.944444 1.000000 124
 1 1 9.722222 1.000000 67
 717168.477176 5
 1 1 26.388889 1.000000 79
 3 1 51.388889 1.000000 217
 2 0 15.277778 1.000000 130
 2 0 45.833333 1.000000 152
 3 0 48.611111 1.000000 214
 1725326.555858 5
 3 1 43.055556 1.000000 211
 3 0 76.388889 1.000000 234
 3 0 12.500000 1.000000 188
 3 0 45.833333 1.000000 212
 2 0 4.166667 1.000000 122
 752315.815292 5
 1 0 73.611111 1.000000 112
 3 1 43.055556 1.000000 211
 1 1 34.722222 1.000000 85
 1 1 26.388889 1.000000 79
 0 0 59.722222 1.000000 42
 251371.651204 1
 3 1 26.388889 1.000000 199
 1325393.961913 4
 3 1 4.166667 1.000000 183
 0 1 37.500000 1.000000 27
 2 0 15.277778 1.000000 130
 3 1 48.611111 1.000000 215
 1854378.018293 2
 0 0 9.722222 1.000000 6
 3 1 81.944444 1.000000 239
 737378.019028 2
 3 1 48.611111 1.000000 215
 0 1 76.388889 1.000000 55
 1092076.186506 1
 0 1 37.500000 1.000000 27
 630284.744813 4
 2 0 6.944444 1.000000 124
 2 0 45.833333 1.000000 152
 3 1 12.500000 1.000000 189
 1 0 43.055556 1.000000 90
 392021.300025 5
 0 0 43.055556 1.000000 30
 3 1 54.166667 1.000000 219
 3 1 43.055556 1.000000 211
 3 0 76.388889 1.000000 234
 3 1 40.277778 1.000000 209
 1137948.687960 4
 2 0 43.055556 1.000000 150
 1 1 26.388889 1.000000 79
 3 0 70.833333 1.000000 230
 2 1 40.277778 1.000000 149
 740828.770651 6
 1 1 26.388889 1.000000 79
 1 1 18.055556 1.000000 73
 1 0 15.277778 1.000000 70
 2 1 40.277778 1.000000 149
 3 0 73.611111 1.000000 232
 1 1 31.944444 1.000000 83
 1895987.222146 4
 3 1 26.388889 1.000000 199
 0 1 15.277778 1.000000 11
 1 1 26.388889 1.000000 79
 3 1 4.166667 1.000000 183
 1716576.584669 1
 3 0 31.944444 1.000000 202
 621973.189945 4
 0 1 43.055556 1.000000 31
 0 1 45.833333 1.000000 33
 0 1 56.944444 1.000000 41
 0 0 29.166667 1.000000 20
 1381128.625973 3
 1 1 9.722222 1.000000 67
 2 0 15.277778 1.000000 130
 0 1 15.277778 1.000000 11
 242672.519015 2
 2 0 45.833333 1.000000 152
 0 1 18.055556 1.000000 13
 1034086.631832 6
 1 1 76.388889 1.000000 115
 0 1 62.500000 1.000000 45
 3 1 51.388889 1.000000 217
 1 1 23.611111 1.000000 77
 3 1 81.944444 1.000000 239
 3 0 65.277778 1.000000 226
 494245.857007 2
 2 0 31.944444 1.000000 142
 2 1 54.166667 1.000000 159
 565266.396816 1
 0 1 76.388889 1.000000 55
 511804.438285 1
 3 0 48.611111 1.000000 214
 903984.386913 5
 3 1 4.166667 1.000000 183
 3 1 76.388889 1.000000 235
 2 0 31.944444 1.000000 142
 0 1 15.277778 1.000000 11
 3 1 65.277778 1.000000 227
 905495.091577 4
 1 1 51.388889 1.000000 97
 2 1 1.388889 1.000000 121
 3 1 68.055556 1.000000 229
 0 1 15.277778 1.000000 11
 501441.558721 4
 2 0 4.166667 1.000000 122
 2 0 43.055556 1.000000 150
 3 1 54.166667 1.000000 219
 1 1 70.833333 1.000000 111
 1958723.401781 6
 3 1 51.388889 1.000000 217
 0 1 62.500000 1.000000 45
 1 1 70.833333 1.000000 111
 1 1 73.611111 1.000000 113
 1 0 73.611111 1.000000 112
 2 0 4.166667 1.000000 122
 1280095.559098 1
 0 0 59.722222 1.000000 42
 1959965.320174 5
 2 0 43.055556 1.000000 150
 1 1 51.388889 1.000000 97
 0 1 76.388889 1.000000 55
 0 0 1.388889 1.000000 0
 3 1 81.944444 1.000000 239
 1887412.222106 5
 0 1 18.055556 1.000000 13
 3 0 65.277778 1.000000 226
 3 0 54.166667 1.000000 218
 3 1 48.611111 1.000000 215
 3 1 51.388889 1.000000 217
 1284961.085545 4
 0 0 9.722222 1.000000 6
 2 1 1.388889 1.000000 121
 3 1 43.055556 1.000000 211
 0 0 43.055556 1.000000 30
 1554732.094721 4
 1 0 73.611111 1.000000 112
 0 0 59.722222 1.000000 42
 0 0 1.388889 1.000000 0
 2 0 4.166667 1.000000 122