 Numero de pedidos 
 100
 duedate num_referencias // pasillo lado altura peso
 996374.287212 5
 0 0 4.166667 1.000000 2
 0 1 4.166667 1.000000 3
 0 1 31.944444 1.000000 23
 0 0 62.500000 1.000000 44
 1 1 12.500000 1.000000 69
 397532.015926 6
 3 0 76.388889 1.000000 234
 2 1 51.388889 1.000000 157
 0 0 54.166667 1.000000 38
 1 0 40.277778 1.000000 88
 0 1 56.944444 1.000000 41
 0 1 51.388889 1.000000 37
 184165.058576 6
 0 1 4.166667 1.000000 3
 0 1 51.388889 1.000000 37
 0 1 43.055556 1.000000 31
 0 0 31.944444 1.000000 22
 0 0 1.388889 1.000000 0
 0 0 9.722222 1.000000 6
 1698255.597287 2
 3 1 18.055556 1.000000 193
 0 0 31.944444 1.000000 22
 309282.463933 4
 0 0 65.277778 1.000000 46
 3 1 34.722222 1.000000 205
 2 1 51.388889 1.000000 157
 1 0 79.166667 1.000000 116
 890809.693211 1
 1 1 15.277778 1.000000 71
 541429.056721 5
 0 0 43.055556 1.000000 30
 1 1 68.055556 1.000000 109
 0 0 45.833333 1.000000 32
 0 1 12.500000 1.000000 9
 0 0 48.611111 1.000000 34
 413233.380156 5
 0 1 76.388889 1.000000 55
 0 1 59.722222 1.000000 43
 0 1 26.388889 1.000000 19
 0 0 51.388889 1.000000 36
 1 1 4.166667 1.000000 63
 194737.699439 3
 1 1 34.722222 1.000000 85
 0 0 51.388889 1.000000 36
 0 0 4.166667 1.000000 2
 258764.253416 6
 0 0 18.055556 1.000000 12
 0 1 4.166667 1.000000 3
 0 0 48.611111 1.000000 34
 0 1 29.166667 1.000000 21
 1 1 68.055556 1.000000 109
 0 0 31.944444 1.000000 22
 1356112.096177 6
 1 1 4.166667 1.000000 63
 3 1 62.500000 1.000000 225
 0 0 65.277778 1.000000 46
 0 0 18.055556 1.000000 12
 0 1 6.944444 1.000000 5
 0 1 12.500000 1.000000 9
 439641.729556 4
 1 0 40.277778 1.000000 88
 0 1 15.277778 1.000000 11
 0 1 62.500000 1.000000 45
 0 1 31.944444 1.000000 23
 147081.433808 6
 0 0 59.722222 1.000000 42
 0 1 9.722222 1.000000 7
 0 0 76.388889 1.000000 54
 0 1 34.722222 1.000000 25
 0 0 20.833333 1.000000 14
 0 1 43.055556 1.000000 31
 1838192.747141 2
 0 1 18.055556 1.000000 13
 0 1 23.611111 1.000000 17
 1358739.628754 4
 2 1 48.611111 1.000000 155
 1 0 45.833333 1.000000 92
 0 1 31.944444 1.000000 23
 0 0 9.722222 1.000000 6
 558445.030115 2
 0 1 54.166667 1.000000 39
 0 1 18.055556 1.000000 13
 1414496.477719 4
 0 1 12.500000 1.000000 9
 0 1 54.166667 1.000000 39
 0 1 1.388889 1.000000 1
 0 1 40.277778 1.000000 29
 1473211.666883 2
 0 0 40.277778 1.000000 28
 1 1 18.055556 1.000000 73
 552368.150555 5
 0 0 40.277778 1.000000 28
 2 0 15.277778 1.000000 130
 0 1 15.277778 1.000000 11
 0 0 29.166667 1.000000 20
 0 0 20.833333 1.000000 14
 1347627.808092 4
 0 0 26.388889 1.000000 18
 0 1 31.944444 1.000000 23
 0 1 18.055556 1.000000 13
 0 0 29.166667 1.000000 20
 810108.722285 6
 0 1 9.722222 1.000000 7
 3 0 1.388889 1.000000 180
 0 0 59.722222 1.000000 42
 0 0 40.277778 1.000000 28
 0 0 34.722222 1.000000 24
 0 0 29.166667 1.000000 20
 644645.348398 5
 0 0 29.166667 1.000000 20
 0 0 65.277778 1.000000 46
 0 1 29.166667 1.000000 21
 1 1 12.500000 1.000000 69
 2 0 70.833333 1.000000 170
 1465505.898551 6
 0 0 31.944444 1.000000 22
 0 1 20.833333 1.000000 15
 0 0 48.611111 1.000000 34
 0 0 65.277778 1.000000 46
 0 1 65.277778 1.000000 47
 0 0 40.277778 1.000000 28
 1484121.227695 5
 0 0 23.611111 1.000000 16
 1 0 6.944444 1.000000 64
 3 0 40.277778 1.000000 208
 0 0 48.611111 1.000000 34
 3 0 43.055556 1.000000 210
 899255.054807 3
 0 1 43.055556 1.000000 31
 0 1 56.944444 1.000000 41
 0 0 20.833333 1.000000 14
 1961100.024153 1
 3 1 31.944444 1.000000 203
 1036541.456746 3
 2 0 56.944444 1.000000 160
 0 0 4.166667 1.000000 2
 3 0 68.055556 1.000000 228
 1333202.637645 3
 0 1 56.944444 1.000000 41
 0 1 51.388889 1.000000 37
 0 0 59.722222 1.000000 42
 956240.764221 2
 0 1 15.277778 1.000000 11
 3 1 45.833333 1.000000 213
 1697358.793941 5
 0 0 37.500000 1.000000 26
 0 1 34.722222 1.000000 25
 0 1 40.277778 1.000000 29
 0 0 65.277778 1.000000 46
 0 0 6.944444 1.000000 4
 1640831.534528 6
 3 1 18.055556 1.000000 193
 0 1 37.500000 1.000000 27
 0 0 1.388889 1.000000 0
 0 0 23.611111 1.000000 16
 3 0 20.833333 1.000000 194
 0 1 9.722222 1.000000 7
 1562744.211332 1
 3 0 4.166667 1.000000 182
 1619396.600472 4
 0 0 45.833333 1.000000 32
 0 0 62.500000 1.000000 44
 2 1 56.944444 1.000000 161
 0 1 29.166667 1.000000 21
 1107948.537966 2
 0 0 59.722222 1.000000 42
 0 1 18.055556 1.000000 13
 1981191.831856 4
 0 1 29.166667 1.000000 21
 0 0 56.944444 1.000000 40
 0 1 6.944444 1.000000 5
 1 1 23.611111 1.000000 77
 700193.228284 5
 0 0 15.277778 1.000000 10
 0 1 29.166667 1.000000 21
 0 0 29.166667 1.000000 20
 0 0 59.722222 1.000000 42
 0 1 45.833333 1.000000 33
 1147633.076528 1
 0 0 20.833333 1.000000 14
 1372859.239491 6
 0 1 1.388889 1.000000 1
 1 1 15.277778 1.000000 71
 1 0 1.388889 1.000000 60
 0 0 56.944444 1.000000 40
 2 0 20.833333 1.000000 134
 0 1 56.944444 1.000000 41
 1837199.914473 2
 0 1 15.277778 1.000000 11
 2 0 37.500000 1.000000 146
 1223464.912206 6
 0 0 6.944444 1.000000 4
 1 0 48.611111 1.000000 94
 0 1 15.277778 1.000000 11
 0 1 29.166667 1.000000 21
 0 1 26.388889 1.000000 19
 0 0 43.055556 1.000000 30
 1478064.109831 2
 0 0 37.500000 1.000000 26
 1 1 6.944444 1.000000 65
 942516.581818 3
 2 1 37.500000 1.000000 147
 0 0 56.944444 1.000000 40
 0 1 37.500000 1.000000 27
 695603.636343 1
 0 1 4.166667 1.000000 3
 941251.311182 5
 0 0 12.500000 1.000000 8
 0 1 26.388889 1.000000 19
 2 1 40.277778 1.000000 149
 0 1 54.166667 1.000000 39
 0 0 20.833333 1.000000 14
 1017626.008474 2
 0 1 29.166667 1.000000 21
 1 0 23.611111 1.000000 76
 1572595.774798 1
 0 1 43.055556 1.000000 31
 782413.010440 1
 0 1 29.166667 1.000000 21
 1264886.455696 2
 0 0 65.277778 1.000000 46
 3 0 68.055556 1.000000 228
 1249593.182546 3
 0 0 29.166667 1.000000 20
 0 0 65.277778 1.000000 46
 0 1 9.722222 1.000000 7
 1428354.757087 2
 0 1 54.166667 1.000000 39
 0 0 56.944444 1.000000 40
 628617.711732 1
 2 0 62.500000 1.000000 164
 687434.506792 3
 0 0 43.055556 1.000000 30
 0 0 9.722222 1.000000 6
 0 0 4.166667 1.000000 2
 637350.464909 5
 0 0 6.944444 1.000000 4
 0 1 65.277778 1.000000 47
 0 1 20.833333 1.000000 15
 0 0 23.611111 1.000000 16
 3 0 43.055556 1.000000 210
 1875445.423310 2
 1 0 9.722222 1.000000 66
 0 0 48.611111 1.000000 34
 615505.567834 6
 0 0 6.944444 1.000000 4
 0 0 51.388889 1.000000 36
 0 0 45.833333 1.000000 32
 0 0 23.611111 1.000000 16
 0 1 37.500000 1.000000 27
 0 1 54.166667 1.000000 39
 1654668.710537 6
 1 0 48.611111 1.000000 94
 0 1 6.944444 1.000000 5
 0 0 34.722222 1.000000 24
 0 0 37.500000 1.000000 26
 1 1 31.944444 1.000000 83
 0 0 29.166667 1.000000 20
 1861344.861454 5
 0 0 40.277778 1.000000 28
 0 0 34.722222 1.000000 24
 0 0 1.388889 1.000000 0
 0 1 59.722222 1.000000 43
 1 1 1.388889 1.000000 61
 1934096.302080 1
 0 0 34.722222 1.000000 24
 840030.889697 6
 0 0 23.611111 1.000000 16
 1 0 18.055556 1.000000 72
 3 0 62.500000 1.000000 224
 0 0 9.722222 1.000000 6
 0 1 23.611111 1.000000 17
 0 0 45.833333 1.000000 32
 1654961.011510 2
 2 1 4.166667 1.000000 123
 0 0 37.500000 1.000000 26
 731539.157839 2
 0 0 43.055556 1.000000 30
 0 0 1.388889 1.000000 0
 1443900.176233 6
 3 1 48.611111 1.000000 215
 0 1 12.500000 1.000000 9
 0 1 29.166667 1.000000 21
 0 0 56.944444 1.000000 40
 0 0 9.722222 1.000000 6
 0 0 45.833333 1.000000 32
 1012457.225962 3
 0 1 23.611111 1.000000 17
 0 1 48.611111 1.000000 35
 0 1 40.277778 1.000000 29
 1445415.382313 5
 0 0 12.500000 1.000000 8
 0 0 31.944444 1.000000 22
 0 1 81.944444 1.000000 59
 0 0 26.388889 1.000000 18
 0 1 56.944444 1.000000 41
 107371.092414 3
 0 1 12.500000 1.000000 9
 0 0 20.833333 1.000000 14
 0 0 48.611111 1.000000 34
 1065100.492418 5
 0 0 54.166667 1.000000 38
 1 0 31.944444 1.000000 82
 0 0 37.500000 1.000000 26
 0 0 40.277778 1.000000 28
 0 0 56.944444 1.000000 40
 1205888.911209 2
 0 0 4.166667 1.000000 2
 0 1 43.055556 1.000000 31
 100106.098810 3
 0 1 73.611111 1.000000 53
 0 0 40.277778 1.000000 28
 0 1 9.722222 1.000000 7
 947846.862258 3
 2 1 65.277778 1.000000 167
 1 0 26.388889 1.000000 78
 0 1 31.944444 1.000000 23
 990287.158988 5
 0 1 70.833333 1.000000 51
 0 1 37.500000 1.000000 27
 0 0 4.166667 1.000000 2
 3 1 23.611111 1.000000 197
 1 1 6.944444 1.000000 65
 256530.149456 5
 0 0 9.722222 1.000000 6
 0 1 54.166667 1.000000 39
 0 1 65.277778 1.000000 47
 0 1 29.166667 1.000000 21
 0 0 43.055556 1.000000 30
 1123692.631891 5
 0 1 70.833333 1.000000 51
 0 0 20.833333 1.000000 14
 1 0 37.500000 1.000000 86
 0 1 9.722222 1.000000 7
 2 0 51.388889 1.000000 156
 432834.370003 4
 0 0 37.500000 1.000000 26
 0 1 40.277778 1.000000 29
 0 0 15.277778 1.000000 10
 0 1 20.833333 1.000000 15
 482225.354259 4
 0 1 12.500000 1.000000 9
 0 0 4.166667 1.000000 2
 0 1 37.500000 1.000000 27
 0 1 40.277778 1.000000 29
 258426.300296 1
 0 0 37.500000 1.000000 26
 1724212.539049 1
 0 1 54.166667 1.000000 39
 496778.444544 1
 0 1 18.055556 1.000000 13
 1700354.845831 6
 0 0 40.277778 1.000000 28
 0 1 29.166667 1.000000 21
 0 0 62.500000 1.000000 44
 0 1 62.500000 1.000000 45
 1 1 65.277778 1.000000 107
 0 0 6.944444 1.000000 4
 1784563.224905 4
 1 0 43.055556 1.000000 90
 0 0 34.722222 1.000000 24
 1 1 9.722222 1.000000 67
 2 1 12.500000 1.000000 129
 1191142.048236 4
 0 1 18.055556 1.000000 13
 1 1 70.833333 1.000000 111
 0 0 18.055556 1.000000 12
 0 1 59.722222 1.000000 43
 1549716.358571 1
 0 0 40.277778 1.000000 28
 706767.705207 5
 0 0 9.722222 1.000000 6
 0 1 18.055556 1.000000 13
 0 0 51.388889 1.000000 36
 0 0 20.833333 1.000000 14
 2 0 70.833333 1.000000 170
 713538.904653 4
 3 0 76.388889 1.000000 234
 0 0 45.833333 1.000000 32
 0 0 15.277778 1.000000 10
 0 1 23.611111 1.000000 17
 1562963.233759 4
 0 0 40.277778 1.000000 28
 0 1 9.722222 1.000000 7
 0 1 59.722222 1.000000 43
 0 1 1.388889 1.000000 1
 673959.397336 3
 0 1 12.500000 1.000000 9
 0 1 4.166667 1.000000 3
 0 0 48.611111 1.000000 34
 418240.347122 2
 0 1 40.277778 1.000000 29
 0 1 45.833333 1.000000 33
 595120.425073 3
 0 0 6.944444 1.000000 4
 0 1 20.833333 1.000000 15
 0 0 18.055556 1.000000 12
 1097487.268847 1
 0 1 9.722222 1.000000 7
 1261935.588653 6
 0 1 20.833333 1.000000 15
 3 1 73.611111 1.000000 233
 0 1 54.166667 1.000000 39
 0 0 1.388889 1.000000 0
 0 1 37.500000 1.000000 27
 3 0 59.722222 1.000000 222
 1186765.595482 1
 0 0 18.055556 1.000000 12
 608435.943224 4
 1 1 76.388889 1.000000 115
 1 0 56.944444 1.000000 100
 0 1 18.055556 1.000000 13
 0 0 43.055556 1.000000 30
 722675.541380 3
 0 0 4.166667 1.000000 2
 0 0 18.055556 1.000000 12
 0 1 45.833333 1.000000 33
 217469.819289 6
 0 1 37.500000 1.000000 27
 0 0 9.722222 1.000000 6
 0 1 51.388889 1.000000 37
 0 1 6.944444 1.000000 5
 0 1 12.500000 1.000000 9
 1 0 43.055556 1.000000 90
 1593754.103516 5
 1 0 29.166667 1.000000 80
 0 0 48.611111 1.000000 34
 0 1 12.500000 1.000000 9
 0 0 6.944444 1.000000 4
 0 0 34.722222 1.000000 24
 515486.075559 3
 0 0 54.166667 1.000000 38
 0 0 48.611111 1.000000 34
 1 0 9.722222 1.000000 66
 229671.977772 2
 0 1 20.833333 1.000000 15
 0 0 18.055556 1.000000 12
 389531.632936 3
 0 0 23.611111 1.000000 16
 0 0 45.833333 1.000000 32
 0 1 40.277778 1.000000 29
 1367069.671195 2
 0 1 62.500000 1.000000 45
 0 0 56.944444 1.000000 40
 411033.494999 4
 0 0 15.277778 1.000000 10
 0 1 51.388889 1.000000 37
 0 0 59.722222 1.000000 42
 2 0 59.722222 1.000000 162
 1167234.239787 4
 0 0 1.388889 1.000000 0
 0 0 4.166667 1.000000 2
 0 1 45.833333 1.000000 33
 0 0 65.277778 1.000000 46