 Numero de pedidos 
 250
 duedate num_referencias // pasillo lado altura peso
 850275.743962 3
 3 1 65.277778 1.000000 227
 1 0 45.833333 1.000000 92
 1 0 26.388889 1.000000 78
 974437.478899 1
 3 0 45.833333 1.000000 212
 1646991.715863 5
 1 1 4.166667 1.000000 63
 3 0 12.500000 1.000000 188
 3 1 20.833333 1.000000 195
 3 0 62.500000 1.000000 224
 0 1 48.611111 1.000000 35
 559303.581454 6
 1 1 81.944444 1.000000 119
 2 0 48.611111 1.000000 154
 1 0 73.611111 1.000000 112
 1 1 40.277778 1.000000 89
 0 1 1.388889 1.000000 1
 3 1 73.611111 1.000000 233
 317679.225373 1
 3 0 26.388889 1.000000 198
 1809346.223143 1
 2 1 23.611111 1.000000 137
 1829422.541479 1
 3 1 79.166667 1.000000 237
 850581.260775 2
 0 1 4.166667 1.000000 3
 2 0 79.166667 1.000000 176
 1152289.508857 5
 0 1 18.055556 1.000000 13
 0 0 43.055556 1.000000 30
 3 1 37.500000 1.000000 207
 2 1 76.388889 1.000000 175
 2 1 45.833333 1.000000 153
 1654459.683045 6
 1 1 4.166667 1.000000 63
 3 1 20.833333 1.000000 195
 3 1 68.055556 1.000000 229
 0 1 1.388889 1.000000 1
 3 1 37.500000 1.000000 207
 0 1 70.833333 1.000000 51
 1768605.257985 6
 3 0 51.388889 1.000000 216
 2 0 73.611111 1.000000 172
 1 0 51.388889 1.000000 96
 1 0 31.944444 1.000000 82
 0 1 1.388889 1.000000 1
 0 0 43.055556 1.000000 30
 1991890.092563 5
 0 1 20.833333 1.000000 15
 0 1 23.611111 1.000000 17
 0 1 1.388889 1.000000 1
 1 0 56.944444 1.000000 100
 2 0 68.055556 1.000000 168
 1877319.275158 3
 1 0 56.944444 1.000000 100
 2 0 76.388889 1.000000 174
 0 1 70.833333 1.000000 51
 1742795.243870 1
 2 1 20.833333 1.000000 135
 268167.403800 3
 0 1 29.166667 1.000000 21
 0 1 70.833333 1.000000 51
 1 0 4.166667 1.000000 62
 1882227.231936 4
 1 0 31.944444 1.000000 82
 0 1 26.388889 1.000000 19
 0 1 40.277778 1.000000 29
 0 0 9.722222 1.000000 6
 1455618.674222 1
 3 1 37.500000 1.000000 207
 1449966.491335 6
 2 0 81.944444 1.000000 178
 2 1 23.611111 1.000000 137
 1 1 81.944444 1.000000 119
 0 1 48.611111 1.000000 35
 0 1 73.611111 1.000000 53
 0 0 40.277778 1.000000 28
 1961526.291576 3
 3 0 62.500000 1.000000 224
 1 0 31.944444 1.000000 82
 0 1 9.722222 1.000000 7
 392975.379616 1
 0 1 9.722222 1.000000 7
 1088033.669185 5
 0 1 48.611111 1.000000 35
 3 0 73.611111 1.000000 232
 1 0 56.944444 1.000000 100
 1 1 20.833333 1.000000 75
 0 0 18.055556 1.000000 12
 1223390.810407 6
 2 0 48.611111 1.000000 154
 3 0 40.277778 1.000000 208
 0 1 1.388889 1.000000 1
 1 1 81.944444 1.000000 119
 1 0 65.277778 1.000000 106
 1 1 56.944444 1.000000 101
 394146.196243 4
 1 0 45.833333 1.000000 92
 0 1 51.388889 1.000000 37
 0 0 54.166667 1.000000 38
 2 0 68.055556 1.000000 168
 1326263.286716 5
 2 1 23.611111 1.000000 137
 2 0 18.055556 1.000000 132
 1 0 4.166667 1.000000 62
 1 0 51.388889 1.000000 96
 2 1 31.944444 1.000000 143
 114781.200138 5
 2 1 73.611111 1.000000 173
 3 1 81.944444 1.000000 239
 1 0 65.277778 1.000000 106
 0 1 20.833333 1.000000 15
 1 0 37.500000 1.000000 86
 889580.735103 2
 2 1 76.388889 1.000000 175
 1 0 56.944444 1.000000 100
 1573831.994316 1
 0 1 40.277778 1.000000 29
 758709.308225 4
 2 1 23.611111 1.000000 137
 3 1 79.166667 1.000000 237
 2 0 40.277778 1.000000 148
 1 0 26.388889 1.000000 78
 959491.710234 6
 1 1 65.277778 1.000000 107
 0 1 9.722222 1.000000 7
 3 1 79.166667 1.000000 237
 1 0 73.611111 1.000000 112
 1 1 51.388889 1.000000 97
 1 0 48.611111 1.000000 94
 561840.567273 4
 2 1 31.944444 1.000000 143
 0 0 43.055556 1.000000 30
 3 1 81.944444 1.000000 239
 1 0 70.833333 1.000000 110
 1218745.755748 5
 0 1 65.277778 1.000000 47
 3 0 73.611111 1.000000 232
 3 1 20.833333 1.000000 195
 2 0 79.166667 1.000000 176
 3 0 12.500000 1.000000 188
 1582677.058402 5
 3 0 68.055556 1.000000 228
 0 0 54.166667 1.000000 38
 1 1 4.166667 1.000000 63
 3 1 20.833333 1.000000 195
 2 0 18.055556 1.000000 132
 478645.276334 3
 2 0 68.055556 1.000000 168
 2 1 20.833333 1.000000 135
 0 1 29.166667 1.000000 21
 414980.881091 3
 1 0 31.944444 1.000000 82
 1 0 26.388889 1.000000 78
 1 0 15.277778 1.000000 70
 1916344.111486 3
 1 0 6.944444 1.000000 64
 2 0 81.944444 1.000000 178
 0 0 43.055556 1.000000 30
 541569.297044 4
 2 0 68.055556 1.000000 168
 1 0 65.277778 1.000000 106
 2 0 62.500000 1.000000 164
 0 1 29.166667 1.000000 21
 1273354.171046 6
 2 0 79.166667 1.000000 176
 3 0 48.611111 1.000000 214
 1 0 65.277778 1.000000 106
 2 1 54.166667 1.000000 159
 1 0 51.388889 1.000000 96
 1 0 73.611111 1.000000 112
 1931338.266736 1
 2 1 20.833333 1.000000 135
 599363.729153 2
 0 1 29.166667 1.000000 21
 1 0 45.833333 1.000000 92
 1273930.083212 4
 2 1 29.166667 1.000000 141
 0 0 54.166667 1.000000 38
 3 1 79.166667 1.000000 237
 2 0 18.055556 1.000000 132
 904016.273778 6
 0 0 54.166667 1.000000 38
 0 1 73.611111 1.000000 53
 2 1 76.388889 1.000000 175
 3 0 37.500000 1.000000 206
 1 0 26.388889 1.000000 78
 0 0 70.833333 1.000000 50
 1955475.632863 6
 2 0 81.944444 1.000000 178
 3 1 73.611111 1.000000 233
 1 0 56.944444 1.000000 100
 0 1 1.388889 1.000000 1
 2 0 73.611111 1.000000 172
 3 0 62.500000 1.000000 224
 226373.217435 2
 3 0 51.388889 1.000000 216
 3 0 48.611111 1.000000 214
 1521825.180986 1
 2 0 79.166667 1.000000 176
 293457.486878 4
 0 0 29.166667 1.000000 20
 0 1 40.277778 1.000000 29
 0 1 1.388889 1.000000 1
 2 1 73.611111 1.000000 173
 716748.070175 3
 1 0 4.166667 1.000000 62
 3 1 37.500000 1.000000 207
 1 0 18.055556 1.000000 72
 1593002.460838 1
 3 1 65.277778 1.000000 227
 982779.061470 6
 3 0 51.388889 1.000000 216
 1 1 81.944444 1.000000 119
 3 0 34.722222 1.000000 204
 1 1 15.277778 1.000000 71
 0 0 54.166667 1.000000 38
 1 0 48.611111 1.000000 94
 1820615.013847 2
 3 0 12.500000 1.000000 188
 3 0 62.500000 1.000000 224
 649686.702103 5
 0 1 70.833333 1.000000 51
 3 0 12.500000 1.000000 188
 0 1 68.055556 1.000000 49
 2 1 76.388889 1.000000 175
 0 0 43.055556 1.000000 30
 1508592.544770 1
 0 1 29.166667 1.000000 21
 563490.124961 2
 1 0 31.944444 1.000000 82
 2 1 54.166667 1.000000 159
 1797434.577661 6
 2 1 59.722222 1.000000 163
 0 1 51.388889 1.000000 37
 2 1 29.166667 1.000000 141
 0 1 73.611111 1.000000 53
 2 1 20.833333 1.000000 135
 2 0 68.055556 1.000000 168
 566086.442418 1
 2 0 73.611111 1.000000 172
 497409.000740 2
 1 0 31.944444 1.000000 82
 3 0 48.611111 1.000000 214
 1258904.135106 2
 1 1 20.833333 1.000000 75
 0 1 51.388889 1.000000 37
 871089.970726 1
 1 0 26.388889 1.000000 78
 742256.694689 4
 3 1 1.388889 1.000000 181
 1 1 65.277778 1.000000 107
 0 1 26.388889 1.000000 19
 0 1 4.166667 1.000000 3
 814073.967102 6
 1 0 65.277778 1.000000 106
 1 1 81.944444 1.000000 119
 3 0 12.500000 1.000000 188
 0 1 1.388889 1.000000 1
 2 1 20.833333 1.000000 135
 2 1 31.944444 1.000000 143
 1001560.390872 5
 1 1 4.166667 1.000000 63
 0 0 18.055556 1.000000 12
 0 1 20.833333 1.000000 15
 1 0 51.388889 1.000000 96
 1 1 51.388889 1.000000 97
 1160033.435188 3
 2 1 73.611111 1.000000 173
 0 0 54.166667 1.000000 38
 3 0 40.277778 1.000000 208
 1373126.117314 2
 1 0 73.611111 1.000000 112
 1 1 37.500000 1.000000 87
 736620.304182 4
 2 1 73.611111 1.000000 173
 2 0 48.611111 1.000000 154
 3 0 40.277778 1.000000 208
 3 0 73.611111 1.000000 232
 1322396.320106 4
 3 0 62.500000 1.000000 224
 0 1 1.388889 1.000000 1
 2 1 20.833333 1.000000 135
 0 1 48.611111 1.000000 35
 1438545.514941 4
 1 0 45.833333 1.000000 92
 2 0 31.944444 1.000000 142
 3 1 37.500000 1.000000 207
 2 1 29.166667 1.000000 141
 1170661.753253 4
 2 0 79.166667 1.000000 176
 0 1 18.055556 1.000000 13
 3 1 37.500000 1.000000 207
 0 0 9.722222 1.000000 6
 325027.364681 3
 0 1 20.833333 1.000000 15
 2 0 45.833333 1.000000 152
 1 1 20.833333 1.000000 75
 1850085.479734 1
 2 1 23.611111 1.000000 137
 1199025.758542 3
 1 1 34.722222 1.000000 85
 0 1 20.833333 1.000000 15
 2 0 73.611111 1.000000 172
 621471.203427 4
 0 1 20.833333 1.000000 15
 1 0 31.944444 1.000000 82
 2 1 29.166667 1.000000 141
 2 0 18.055556 1.000000 132
 774254.033721 1
 1 1 31.944444 1.000000 83
 1404642.006403 2
 3 0 51.388889 1.000000 216
 1 1 81.944444 1.000000 119
 194584.929624 5
 2 1 76.388889 1.000000 175
 3 1 9.722222 1.000000 187
 3 1 81.944444 1.000000 239
 2 0 18.055556 1.000000 132
 0 1 73.611111 1.000000 53
 1847162.428930 4
 1 1 40.277778 1.000000 89
 1 0 73.611111 1.000000 112
 0 1 4.166667 1.000000 3
 3 1 65.277778 1.000000 227
 895449.880462 3
 2 0 79.166667 1.000000 176
 0 1 18.055556 1.000000 13
 2 1 31.944444 1.000000 143
 350490.826252 3
 3 1 65.277778 1.000000 227
 0 1 48.611111 1.000000 35
 0 0 68.055556 1.000000 48
 1297790.436939 3
 2 0 79.166667 1.000000 176
 0 0 54.166667 1.000000 38
 3 1 70.833333 1.000000 231
 464230.270583 4
 3 1 15.277778 1.000000 191
 1 0 31.944444 1.000000 82
 1 0 65.277778 1.000000 106
 0 0 1.388889 1.000000 0
 436352.161894 5
 1 1 20.833333 1.000000 75
 0 1 26.388889 1.000000 19
 0 1 20.833333 1.000000 15
 3 1 81.944444 1.000000 239
 1 0 34.722222 1.000000 84
 982635.250680 5
 1 0 12.500000 1.000000 68
 0 1 4.166667 1.000000 3
 3 0 62.500000 1.000000 224
 2 1 20.833333 1.000000 135
 0 1 59.722222 1.000000 43
 1791872.879468 1
 1 0 51.388889 1.000000 96
 404026.609121 2
 0 1 73.611111 1.000000 53
 2 1 76.388889 1.000000 175
 54052.714675 4
 3 1 20.833333 1.000000 195
 0 1 51.388889 1.000000 37
 3 0 34.722222 1.000000 204
 1 0 26.388889 1.000000 78
 1196878.255753 4
 1 0 45.833333 1.000000 92
 2 1 29.166667 1.000000 141
 1 1 51.388889 1.000000 97
 1 1 37.500000 1.000000 87
 316586.549225 2
 0 0 43.055556 1.000000 30
 3 0 40.277778 1.000000 208
 802271.084880 5
 1 1 1.388889 1.000000 61
 3 1 20.833333 1.000000 195
 1 0 29.166667 1.000000 80
 0 1 70.833333 1.000000 51
 2 0 18.055556 1.000000 132
 1626879.618925 3
 0 0 9.722222 1.000000 6
 0 0 54.166667 1.000000 38
 1 0 51.388889 1.000000 96
 728992.181648 3
 3 0 51.388889 1.000000 216
 3 0 68.055556 1.000000 228
 1 0 51.388889 1.000000 96
 910080.776266 1
 3 1 9.722222 1.000000 187
 485812.083914 6
 0 1 4.166667 1.000000 3
 0 1 26.388889 1.000000 19
 1 0 4.166667 1.000000 62
 0 1 70.833333 1.000000 51
 1 0 56.944444 1.000000 100
 1 0 15.277778 1.000000 70
 1370775.694796 6
 3 1 9.722222 1.000000 187
 1 0 73.611111 1.000000 112
 0 1 1.388889 1.000000 1
 3 1 45.833333 1.000000 213
 0 1 51.388889 1.000000 37
 2 0 68.055556 1.000000 168
 830717.424485 3
 3 0 40.277778 1.000000 208
 1 1 37.500000 1.000000 87
 1 0 73.611111 1.000000 112
 1970105.511923 3
 0 1 26.388889 1.000000 19
 3 0 62.500000 1.000000 224
 2 1 29.166667 1.000000 141
 1276826.331782 4
 1 0 26.388889 1.000000 78
 0 1 29.166667 1.000000 21
 1 1 20.833333 1.000000 75
 2 1 31.944444 1.000000 143
 1719766.391907 5
 3 1 81.944444 1.000000 239
 3 1 20.833333 1.000000 195
 2 0 73.611111 1.000000 172
 0 1 40.277778 1.000000 29
 2 0 79.166667 1.000000 176
 815698.844574 6
 3 1 20.833333 1.000000 195
 0 1 1.388889 1.000000 1
 3 1 81.944444 1.000000 239
 0 1 51.388889 1.000000 37
 0 1 70.833333 1.000000 51
 2 1 20.833333 1.000000 135
 1750124.021242 4
 0 0 18.055556 1.000000 12
 1 0 51.388889 1.000000 96
 2 1 76.388889 1.000000 175
 0 0 54.166667 1.000000 38
 1401336.828899 2
 2 1 76.388889 1.000000 175
 1 1 29.166667 1.000000 81
 1636189.145854 3
 0 0 9.722222 1.000000 6
 3 1 81.944444 1.000000 239
 2 0 18.055556 1.000000 132
 1226158.239220 2
 1 0 73.611111 1.000000 112
 3 0 62.500000 1.000000 224
 217167.872944 2
 0 0 6.944444 1.000000 4
 0 1 70.833333 1.000000 51
 584523.417048 2
 0 0 54.166667 1.000000 38
 0 1 70.833333 1.000000 51
 977077.634063 2
 1 0 65.277778 1.000000 106
 2 1 29.166667 1.000000 141
 134310.655601 3
 0 1 76.388889 1.000000 55
 1 1 26.388889 1.000000 79
 0 0 54.166667 1.000000 38
 124114.647919 5
 0 1 31.944444 1.000000 23
 3 1 9.722222 1.000000 187
 1 1 81.944444 1.000000 119
 1 1 20.833333 1.000000 75
 2 0 81.944444 1.000000 178
 355570.103394 2
 3 1 9.722222 1.000000 187
 2 1 20.833333 1.000000 135
 413081.951092 1
 0 0 45.833333 1.000000 32
 271997.008283 2
 0 1 23.611111 1.000000 17
 3 1 23.611111 1.000000 197
 1281907.876973 3
 3 0 12.500000 1.000000 188
 2 1 20.833333 1.000000 135
 0 1 1.388889 1.000000 1
 583008.836165 3
 1 0 15.277778 1.000000 70
 2 1 26.388889 1.000000 139
 3 0 73.611111 1.000000 232
 124798.128626 2
 1 1 4.166667 1.000000 63
 1 0 31.944444 1.000000 82
 858292.665918 1
 3 1 37.500000 1.000000 207
 960200.393219 6
 0 1 29.166667 1.000000 21
 1 1 20.833333 1.000000 75
 3 0 40.277778 1.000000 208
 2 1 20.833333 1.000000 135
 1 1 37.500000 1.000000 87
 3 1 20.833333 1.000000 195
 1364333.364407 5
 0 1 40.277778 1.000000 29
 1 0 6.944444 1.000000 64
 1 0 51.388889 1.000000 96
 3 1 20.833333 1.000000 195
 1 1 20.833333 1.000000 75
 1189806.090197 1
 1 1 81.944444 1.000000 119
 950237.086541 4
 3 1 81.944444 1.000000 239
 0 1 73.611111 1.000000 53
 3 0 48.611111 1.000000 214
 2 0 18.055556 1.000000 132
 1349740.183945 2
 3 0 73.611111 1.000000 232
 2 0 68.055556 1.000000 168
 145082.935051 1
 1 0 51.388889 1.000000 96
 484078.715166 1
 1 1 26.388889 1.000000 79
 1082148.035971 6
 3 0 12.500000 1.000000 188
 0 1 70.833333 1.000000 51
 1 1 37.500000 1.000000 87
 1 0 51.388889 1.000000 96
 1 0 26.388889 1.000000 78
 0 1 73.611111 1.000000 53
 1995652.078127 3
 1 1 37.500000 1.000000 87
 3 0 65.277778 1.000000 226
 2 1 31.944444 1.000000 143
 806384.001191 5
 0 1 37.500000 1.000000 27
 0 1 9.722222 1.000000 7
 0 0 9.722222 1.000000 6
 2 0 73.611111 1.000000 172
 3 0 51.388889 1.000000 216
 846030.733141 5
 0 1 73.611111 1.000000 53
 2 1 23.611111 1.000000 137
 1 1 4.166667 1.000000 63
 0 1 20.833333 1.000000 15
 0 1 4.166667 1.000000 3
 845693.562201 5
 0 0 43.055556 1.000000 30
 1 0 56.944444 1.000000 100
 2 0 73.611111 1.000000 172
 1 0 73.611111 1.000000 112
 0 1 73.611111 1.000000 53
 680447.504912 5
 0 0 54.166667 1.000000 38
 1 1 73.611111 1.000000 113
 3 1 79.166667 1.000000 237
 0 1 20.833333 1.000000 15
 1 0 26.388889 1.000000 78
 861383.814356 6
 3 0 12.500000 1.000000 188
 1 0 45.833333 1.000000 92
 3 1 56.944444 1.000000 221
 0 1 40.277778 1.000000 29
 3 1 9.722222 1.000000 187
 3 0 56.944444 1.000000 220
 1724781.685399 3
 0 1 29.166667 1.000000 21
 0 0 9.722222 1.000000 6
 1 1 20.833333 1.000000 75
 1253794.381215 1
 3 1 37.500000 1.000000 207
 1148547.970424 2
 2 1 29.166667 1.000000 141
 0 1 48.611111 1.000000 35
 453887.788865 5
 2 1 29.166667 1.000000 141
 0 1 29.166667 1.000000 21
 2 1 18.055556 1.000000 133
 1 1 81.944444 1.000000 119
 1 1 20.833333 1.000000 75
 977624.511541 1
 0 1 1.388889 1.000000 1
 125960.498250 1
 0 1 9.722222 1.000000 7
 347352.924043 1
 3 0 51.388889 1.000000 216
 229927.717964 4
 3 1 79.166667 1.000000 237
 3 0 40.277778 1.000000 208
 2 0 48.611111 1.000000 154
 2 0 23.611111 1.000000 136
 943919.748973 4
 1 0 73.611111 1.000000 112
 3 1 37.500000 1.000000 207
 2 0 73.611111 1.000000 172
 1 0 56.944444 1.000000 100
 1647183.749865 1
 2 0 68.055556 1.000000 168
 451971.407203 4
 0 1 70.833333 1.000000 51
 2 0 48.611111 1.000000 154
 3 1 81.944444 1.000000 239
 1 1 37.500000 1.000000 87
 1030545.120794 4
 3 1 23.611111 1.000000 197
 3 1 20.833333 1.000000 195
 0 1 73.611111 1.000000 53
 0 1 9.722222 1.000000 7
 1161920.961962 6
 3 0 18.055556 1.000000 192
 0 1 73.611111 1.000000 53
 2 0 48.611111 1.000000 154
 3 0 48.611111 1.000000 214
 2 0 79.166667 1.000000 176
 1 0 56.944444 1.000000 100
 208548.101507 3
 3 1 9.722222 1.000000 187
 1 1 37.500000 1.000000 87
 0 0 18.055556 1.000000 12
 1221775.151166 2
 0 1 29.166667 1.000000 21
 3 1 45.833333 1.000000 213
 687636.647992 5
 1 0 51.388889 1.000000 96
 2 1 29.166667 1.000000 141
 2 0 20.833333 1.000000 134
 0 1 59.722222 1.000000 43
 3 1 37.500000 1.000000 207
 1802971.449608 3
 0 0 9.722222 1.000000 6
 1 1 37.500000 1.000000 87
 2 0 48.611111 1.000000 154
 807770.722475 3
 2 1 20.833333 1.000000 135
 3 0 51.388889 1.000000 216
 2 0 18.055556 1.000000 132
 1445977.925307 4
 0 1 51.388889 1.000000 37
 1 1 20.833333 1.000000 75
 1 0 62.500000 1.000000 104
 0 0 43.055556 1.000000 30
 1499628.486102 2
 2 0 18.055556 1.000000 132
 2 0 48.611111 1.000000 154
 1819232.863346 2
 3 0 48.611111 1.000000 214
 0 0 18.055556 1.000000 12
 1502575.831051 6
 0 0 54.166667 1.000000 38
 1 1 81.944444 1.000000 119
 2 0 37.500000 1.000000 146
 0 1 65.277778 1.000000 47
 0 1 51.388889 1.000000 37
 3 1 6.944444 1.000000 185
 697584.539232 4
 3 0 12.500000 1.000000 188
 2 1 29.166667 1.000000 141
 0 1 20.833333 1.000000 15
 2 0 48.611111 1.000000 154
 498010.823437 5
 0 1 70.833333 1.000000 51
 2 1 54.166667 1.000000 159
 1 0 45.833333 1.000000 92
 0 1 26.388889 1.000000 19
 2 1 20.833333 1.000000 135
 675066.630987 3
 3 0 48.611111 1.000000 214
 0 1 48.611111 1.000000 35
 0 1 40.277778 1.000000 29
 1479648.417048 5
 1 0 51.388889 1.000000 96
 1 1 40.277778 1.000000 89
 2 1 23.611111 1.000000 137
 0 1 59.722222 1.000000 43
 0 1 26.388889 1.000000 19
 1718087.538498 6
 1 1 9.722222 1.000000 67
 1 1 4.166667 1.000000 63
 2 0 68.055556 1.000000 168
 2 1 31.944444 1.000000 143
 3 0 48.611111 1.000000 214
 0 0 43.055556 1.000000 30
 41159.336735 4
 1 0 56.944444 1.000000 100
 0 1 1.388889 1.000000 1
 3 0 51.388889 1.000000 216
 1 0 31.944444 1.000000 82
 1292923.058631 6
 3 0 48.611111 1.000000 214
 3 0 37.500000 1.000000 206
 0 0 54.166667 1.000000 38
 2 1 31.944444 1.000000 143
 3 0 40.277778 1.000000 208
 2 1 4.166667 1.000000 123
 1084726.096766 5
 2 0 56.944444 1.000000 160
 2 1 76.388889 1.000000 175
 1 0 26.388889 1.000000 78
 3 1 20.833333 1.000000 195
 3 0 51.388889 1.000000 216
 400889.094808 4
 0 1 20.833333 1.000000 15
 0 0 9.722222 1.000000 6
 3 0 51.388889 1.000000 216
 0 1 4.166667 1.000000 3
 757167.518957 4
 1 1 20.833333 1.000000 75
 0 0 9.722222 1.000000 6
 3 1 4.166667 1.000000 183
 0 0 54.166667 1.000000 38
 1532127.626376 5
 0 1 51.388889 1.000000 37
 0 1 70.833333 1.000000 51
 3 0 26.388889 1.000000 198
 1 0 6.944444 1.000000 64
 1 0 65.277778 1.000000 106
 1640420.348495 6
 2 0 81.944444 1.000000 178
 2 1 20.833333 1.000000 135
 0 1 15.277778 1.000000 11
 3 1 20.833333 1.000000 195
 2 0 59.722222 1.000000 162
 2 0 48.611111 1.000000 154
 1285916.392713 4
 0 0 54.166667 1.000000 38
 2 1 76.388889 1.000000 175
 1 1 20.833333 1.000000 75
 3 1 18.055556 1.000000 193
 1344734.178961 5
 1 1 51.388889 1.000000 97
 3 0 73.611111 1.000000 232
 2 1 40.277778 1.000000 149
 1 0 65.277778 1.000000 106
 2 1 54.166667 1.000000 159
 1000724.467095 1
 3 0 48.611111 1.000000 214
 463144.232474 2
 3 1 73.611111 1.000000 233
 3 0 62.500000 1.000000 224
 750970.027517 3
 1 1 37.500000 1.000000 87
 1 1 51.388889 1.000000 97
 0 1 26.388889 1.000000 19
 314414.907449 4
 1 0 73.611111 1.000000 112
 2 0 68.055556 1.000000 168
 0 1 26.388889 1.000000 19
 0 1 20.833333 1.000000 15
 671001.642175 1
 1 0 45.833333 1.000000 92
 912666.011766 6
 3 1 65.277778 1.000000 227
 0 0 54.166667 1.000000 38
 2 1 31.944444 1.000000 143
 1 0 51.388889 1.000000 96
 2 0 73.611111 1.000000 172
 1 1 20.833333 1.000000 75
 887412.183717 1
 1 1 81.944444 1.000000 119
 240985.831023 4
 3 0 51.388889 1.000000 216
 1 1 81.944444 1.000000 119
 3 0 40.277778 1.000000 208
 0 0 6.944444 1.000000 4
 1983615.218952 3
 2 0 18.055556 1.000000 132
 1 0 45.833333 1.000000 92
 1 1 65.277778 1.000000 107
 1893689.329854 4
 2 1 23.611111 1.000000 137
 0 1 20.833333 1.000000 15
 3 1 37.500000 1.000000 207
 2 0 9.722222 1.000000 126
 1139171.001641 3
 2 1 70.833333 1.000000 171
 0 1 51.388889 1.000000 37
 3 0 73.611111 1.000000 232
 502034.375845 3
 1 0 45.833333 1.000000 92
 2 0 73.611111 1.000000 172
 0 0 18.055556 1.000000 12
 1603508.904764 6
 1 1 37.500000 1.000000 87
 2 1 23.611111 1.000000 137
 3 0 48.611111 1.000000 214
 3 0 62.500000 1.000000 224
 2 1 76.388889 1.000000 175
 1 0 51.388889 1.000000 96
 906984.695618 1
 1 1 48.611111 1.000000 95
 54024.825419 3
 0 1 40.277778 1.000000 29
 1 0 31.944444 1.000000 82
 0 1 9.722222 1.000000 7
 412501.365921 2
 2 1 54.166667 1.000000 159
 0 0 56.944444 1.000000 40
 371307.426938 2
 3 0 48.611111 1.000000 214
 1 1 4.166667 1.000000 63
 1319992.095064 6
 1 0 31.944444 1.000000 82
 0 1 48.611111 1.000000 35
 3 1 79.166667 1.000000 237
 1 0 40.277778 1.000000 88
 1 1 37.500000 1.000000 87
 1 1 20.833333 1.000000 75
 1491339.062290 6
 2 1 73.611111 1.000000 173
 1 1 51.388889 1.000000 97
 1 1 37.500000 1.000000 87
 1 0 65.277778 1.000000 106
 0 0 12.500000 1.000000 8
 3 1 4.166667 1.000000 183
 1883782.504463 2
 0 0 9.722222 1.000000 6
 0 1 20.833333 1.000000 15
 1290161.466510 3
 0 1 48.611111 1.000000 35
 0 1 26.388889 1.000000 19
 1 0 26.388889 1.000000 78
 1622648.564141 1
 1 0 26.388889 1.000000 78
 1275112.519374 2
 0 0 43.055556 1.000000 30
 1 1 20.833333 1.000000 75
 373104.358582 1
 2 1 73.611111 1.000000 173
 993531.876762 3
 1 1 4.166667 1.000000 63
 1 1 31.944444 1.000000 83
 3 0 81.944444 1.000000 238
 1837833.996414 4
 3 1 9.722222 1.000000 187
 1 1 76.388889 1.000000 115
 0 1 29.166667 1.000000 21
 1 0 31.944444 1.000000 82
 1037746.371700 3
 2 0 79.166667 1.000000 176
 3 0 48.611111 1.000000 214
 3 1 9.722222 1.000000 187
 104891.711411 5
 2 1 23.611111 1.000000 137
 3 0 48.611111 1.000000 214
 0 1 26.388889 1.000000 19
 3 0 40.277778 1.000000 208
 1 1 4.166667 1.000000 63
 178731.327680 3
 0 0 9.722222 1.000000 6
 1 1 20.833333 1.000000 75
 2 1 6.944444 1.000000 125
 850587.719013 4
 2 1 54.166667 1.000000 159
 1 1 73.611111 1.000000 113
 1 1 4.166667 1.000000 63
 0 1 18.055556 1.000000 13
 684611.754904 5
 0 1 9.722222 1.000000 7
 0 0 9.722222 1.000000 6
 0 1 73.611111 1.000000 53
 2 1 31.944444 1.000000 143
 1 1 20.833333 1.000000 75
 494793.324086 4
 3 1 37.500000 1.000000 207
 1 0 76.388889 1.000000 114
 1 0 65.277778 1.000000 106
 0 1 26.388889 1.000000 19
 504802.074816 6
 3 0 40.277778 1.000000 208
 2 0 73.611111 1.000000 172
 0 0 9.722222 1.000000 6
 0 0 18.055556 1.000000 12
 2 1 26.388889 1.000000 139
 2 1 31.944444 1.000000 143
 1299493.750604 5
 0 1 73.611111 1.000000 53
 2 1 76.388889 1.000000 175
 2 0 73.611111 1.000000 172
 2 1 29.166667 1.000000 141
 0 1 9.722222 1.000000 7
 1655705.362659 1
 2 1 56.944444 1.000000 161
 547682.799449 5
 1 0 73.611111 1.000000 112
 0 1 51.388889 1.000000 37
 0 1 9.722222 1.000000 7
 0 1 73.611111 1.000000 53
 1 0 56.944444 1.000000 100
 1507385.424742 3
 1 0 51.388889 1.000000 96
 3 1 79.166667 1.000000 237
 3 0 40.277778 1.000000 208
 233020.589572 5
 3 0 65.277778 1.000000 226
 1 1 20.833333 1.000000 75
 2 0 20.833333 1.000000 134
 0 1 48.611111 1.000000 35
 0 0 40.277778 1.000000 28
 421455.309177 1
 0 1 1.388889 1.000000 1
 1402284.946759 6
 2 0 79.166667 1.000000 176
 1 0 70.833333 1.000000 110
 0 1 70.833333 1.000000 51
 3 0 45.833333 1.000000 212
 1 0 65.277778 1.000000 106
 0 0 9.722222 1.000000 6
 1184803.110801 4
 3 1 37.500000 1.000000 207
 2 1 31.944444 1.000000 143
 1 1 37.500000 1.000000 87
 1 0 26.388889 1.000000 78
 1899503.299994 5
 1 0 59.722222 1.000000 102
 1 1 37.500000 1.000000 87
 1 0 56.944444 1.000000 100
 3 0 40.277778 1.000000 208
 1 1 51.388889 1.000000 97
 202172.860672 2
 2 1 54.166667 1.000000 159
 0 0 40.277778 1.000000 28
 1479322.174731 4
 3 0 48.611111 1.000000 214
 3 1 20.833333 1.000000 195
 2 0 18.055556 1.000000 132
 2 0 79.166667 1.000000 176
 1618452.924703 2
 2 1 31.944444 1.000000 143
 3 1 20.833333 1.000000 195
 1940387.762888 2
 0 1 26.388889 1.000000 19
 1 0 56.944444 1.000000 100
 1798223.231080 5
 2 1 34.722222 1.000000 145
 1 0 31.944444 1.000000 82
 1 1 34.722222 1.000000 85
 3 0 51.388889 1.000000 216
 2 1 23.611111 1.000000 137
 76933.563834 5
 0 1 73.611111 1.000000 53
 1 0 15.277778 1.000000 70
 2 1 23.611111 1.000000 137
 1 0 56.944444 1.000000 100
 2 1 20.833333 1.000000 135
 320605.235137 5
 3 0 40.277778 1.000000 208
 1 0 73.611111 1.000000 112
 1 1 51.388889 1.000000 97
 0 0 9.722222 1.000000 6
 1 1 20.833333 1.000000 75
 1026120.055107 2
 1 0 51.388889 1.000000 96
 0 1 4.166667 1.000000 3
 1990109.202466 6
 0 1 26.388889 1.000000 19
 2 1 31.944444 1.000000 143
 1 1 37.500000 1.000000 87
 2 0 18.055556 1.000000 132
 0 0 54.166667 1.000000 38
 3 1 23.611111 1.000000 197
 63781.725868 2
 0 1 1.388889 1.000000 1
 2 1 4.166667 1.000000 123
 1856348.935373 6
 1 1 20.833333 1.000000 75
 1 1 70.833333 1.000000 111
 0 1 48.611111 1.000000 35
 2 0 73.611111 1.000000 172
 0 0 54.166667 1.000000 38
 1 0 45.833333 1.000000 92
 1950454.985495 2
 1 0 73.611111 1.000000 112
 1 0 45.833333 1.000000 92
 570973.795080 1
 2 1 31.944444 1.000000 143
 1257720.460416 1
 0 1 26.388889 1.000000 19
 428316.005780 6
 0 1 29.166667 1.000000 21
 2 0 68.055556 1.000000 168
 2 1 54.166667 1.000000 159
 3 1 81.944444 1.000000 239
 2 1 31.944444 1.000000 143
 3 0 40.277778 1.000000 208
 943271.571353 5
 2 1 20.833333 1.000000 135
 1 1 81.944444 1.000000 119
 3 0 62.500000 1.000000 224
 1 0 26.388889 1.000000 78
 0 1 73.611111 1.000000 53
 912486.127574 4
 1 0 65.277778 1.000000 106
 0 1 26.388889 1.000000 19
 1 0 31.944444 1.000000 82
 2 1 73.611111 1.000000 173
 1055574.451152 4
 1 0 15.277778 1.000000 70
 0 1 20.833333 1.000000 15
 1 1 4.166667 1.000000 63
 3 0 48.611111 1.000000 214
 607210.018918 4
 0 1 62.500000 1.000000 45
 2 1 29.166667 1.000000 141
 1 0 45.833333 1.000000 92
 2 1 31.944444 1.000000 143
 249029.743229 5
 1 0 65.277778 1.000000 106
 0 0 29.166667 1.000000 20
 3 0 73.611111 1.000000 232
 2 1 20.833333 1.000000 135
 1 1 34.722222 1.000000 85
 1646901.233907 3
 1 1 34.722222 1.000000 85
 3 0 48.611111 1.000000 214
 3 1 37.500000 1.000000 207
 46365.409273 2
 2 0 48.611111 1.000000 154
 2 1 20.833333 1.000000 135
 1889347.375189 4
 1 0 4.166667 1.000000 62
 2 1 23.611111 1.000000 137
 3 1 79.166667 1.000000 237
 2 0 79.166667 1.000000 176
 1893910.407673 1
 1 1 20.833333 1.000000 75
 631007.639389 2
 0 1 45.833333 1.000000 33
 2 0 81.944444 1.000000 178
 1537316.484552 6
 0 0 9.722222 1.000000 6
 1 1 51.388889 1.000000 97
 0 0 6.944444 1.000000 4
 0 0 48.611111 1.000000 34
 0 1 20.833333 1.000000 15
 2 0 79.166667 1.000000 176
 405769.215266 3
 2 0 81.944444 1.000000 178
 0 0 54.166667 1.000000 38
 3 0 73.611111 1.000000 232
 918829.815592 3
 0 1 26.388889 1.000000 19
 1 1 81.944444 1.000000 119
 0 0 54.166667 1.000000 38
 1987994.588682 6
 0 0 43.055556 1.000000 30
 1 1 51.388889 1.000000 97
 2 1 29.166667 1.000000 141
 2 0 68.055556 1.000000 168
 0 1 70.833333 1.000000 51
 0 1 73.611111 1.000000 53
 1648720.720098 1
 2 1 54.166667 1.000000 159
 821073.555062 5
 3 1 62.500000 1.000000 225
 2 1 20.833333 1.000000 135
 0 1 48.611111 1.000000 35
 0 1 20.833333 1.000000 15
 1 0 23.611111 1.000000 76
 593480.090179 5
 3 0 48.611111 1.000000 214
 0 0 9.722222 1.000000 6
 2 0 79.166667 1.000000 176
 0 1 51.388889 1.000000 37
 2 0 56.944444 1.000000 160
 889922.852856 1
 0 1 26.388889 1.000000 19
 1611309.054089 1
 3 0 62.500000 1.000000 224
 349854.447967 6
 0 1 1.388889 1.000000 1
 2 1 73.611111 1.000000 173
 1 0 26.388889 1.000000 78
 1 1 4.166667 1.000000 63
 3 1 20.833333 1.000000 195
 2 0 73.611111 1.000000 172
 1583322.039760 1
 0 1 1.388889 1.000000 1
 1908488.106983 6
 0 1 4.166667 1.000000 3
 0 1 40.277778 1.000000 29
 3 1 20.833333 1.000000 195
 3 1 9.722222 1.000000 187
 3 0 48.611111 1.000000 214
 2 1 20.833333 1.000000 135
 1393564.325140 2
 1 0 31.944444 1.000000 82
 0 1 26.388889 1.000000 19
 781340.992256 5
 2 0 79.166667 1.000000 176
 2 0 81.944444 1.000000 178
 2 0 48.611111 1.000000 154
 3 0 81.944444 1.000000 238
 1 0 26.388889 1.000000 78
 701353.108986 6
 0 1 70.833333 1.000000 51
 1 0 73.611111 1.000000 112
 1 0 51.388889 1.000000 96
 2 1 73.611111 1.000000 173
 3 1 79.166667 1.000000 237
 0 1 4.166667 1.000000 3
 1217738.732480 1
 0 1 4.166667 1.000000 3
 1154323.443954 1
 0 1 15.277778 1.000000 11
 1217452.110302 2
 0 0 18.055556 1.000000 12
 3 1 9.722222 1.000000 187
 1163240.088058 4
 2 1 23.611111 1.000000 137
 2 0 48.611111 1.000000 154
 3 1 81.944444 1.000000 239
 0 1 1.388889 1.000000 1
 1161045.058445 5
 0 1 48.611111 1.000000 35
 0 1 20.833333 1.000000 15
 2 0 48.611111 1.000000 154
 3 0 62.500000 1.000000 224
 2 1 76.388889 1.000000 175
 1704366.125215 6
 0 0 43.055556 1.000000 30
 3 0 15.277778 1.000000 190
 3 0 48.611111 1.000000 214
 3 0 51.388889 1.000000 216
 0 1 73.611111 1.000000 53
 0 1 70.833333 1.000000 51