 Numero de pedidos 
 250
 duedate num_referencias // pasillo lado altura peso
 324285.535311 5
 0 1 56.944444 1.000000 41
 0 1 48.611111 1.000000 35
 2 1 26.388889 1.000000 139
 3 0 20.833333 1.000000 194
 0 1 15.277778 1.000000 11
 934202.771678 5
 2 0 79.166667 1.000000 176
 0 1 31.944444 1.000000 23
 2 0 56.944444 1.000000 160
 2 0 54.166667 1.000000 158
 0 1 45.833333 1.000000 33
 1626156.938833 5
 0 0 56.944444 1.000000 40
 1 0 9.722222 1.000000 66
 0 1 43.055556 1.000000 31
 2 0 34.722222 1.000000 144
 0 1 31.944444 1.000000 23
 1370002.215863 2
 0 1 29.166667 1.000000 21
 2 1 54.166667 1.000000 159
 1216511.012901 5
 0 1 12.500000 1.000000 9
 1 0 43.055556 1.000000 90
 0 0 48.611111 1.000000 34
 0 1 9.722222 1.000000 7
 0 0 26.388889 1.000000 18
 1200412.261691 4
 1 1 4.166667 1.000000 63
 0 0 20.833333 1.000000 14
 0 1 23.611111 1.000000 17
 0 1 54.166667 1.000000 39
 363856.917808 4
 0 0 73.611111 1.000000 52
 0 0 54.166667 1.000000 38
 1 1 40.277778 1.000000 89
 0 0 48.611111 1.000000 34
 218121.159402 1
 0 0 12.500000 1.000000 8
 1894186.121306 3
 0 0 1.388889 1.000000 0
 0 0 59.722222 1.000000 42
 0 1 43.055556 1.000000 31
 348388.976524 4
 0 1 29.166667 1.000000 21
 0 0 15.277778 1.000000 10
 0 0 18.055556 1.000000 12
 0 0 31.944444 1.000000 22
 52425.108241 3
 0 0 56.944444 1.000000 40
 0 0 48.611111 1.000000 34
 0 1 6.944444 1.000000 5
 1824260.991171 4
 0 0 20.833333 1.000000 14
 0 1 23.611111 1.000000 17
 0 0 15.277778 1.000000 10
 2 1 59.722222 1.000000 163
 1322050.031331 1
 0 1 37.500000 1.000000 27
 1150792.499199 4
 1 1 23.611111 1.000000 77
 0 1 68.055556 1.000000 49
 0 0 20.833333 1.000000 14
 0 1 12.500000 1.000000 9
 1518554.948791 1
 0 1 37.500000 1.000000 27
 399973.257184 4
 0 1 1.388889 1.000000 1
 0 0 62.500000 1.000000 44
 3 0 76.388889 1.000000 234
 0 1 20.833333 1.000000 15
 1656396.007117 5
 0 1 15.277778 1.000000 11
 3 1 43.055556 1.000000 211
 0 1 34.722222 1.000000 25
 0 0 51.388889 1.000000 36
 0 0 43.055556 1.000000 30
 1912999.667969 4
 0 0 37.500000 1.000000 26
 0 0 65.277778 1.000000 46
 0 0 29.166667 1.000000 20
 0 1 18.055556 1.000000 13
 1946479.382490 6
 0 0 31.944444 1.000000 22
 0 0 9.722222 1.000000 6
 2 1 56.944444 1.000000 161
 0 0 62.500000 1.000000 44
 0 1 59.722222 1.000000 43
 0 1 48.611111 1.000000 35
 562237.784491 1
 0 1 23.611111 1.000000 17
 1131312.413295 2
 3 0 37.500000 1.000000 206
 0 0 34.722222 1.000000 24
 602412.066666 1
 0 0 18.055556 1.000000 12
 251989.714416 5
 0 0 76.388889 1.000000 54
 1 1 26.388889 1.000000 79
 0 0 45.833333 1.000000 32
 0 0 9.722222 1.000000 6
 0 1 56.944444 1.000000 41
 1885024.808014 5
 0 0 43.055556 1.000000 30
 0 0 4.166667 1.000000 2
 0 0 9.722222 1.000000 6
 0 1 48.611111 1.000000 35
 0 0 45.833333 1.000000 32
 935013.458494 1
 1 1 18.055556 1.000000 73
 66341.446036 5
 0 0 37.500000 1.000000 26
 1 1 18.055556 1.000000 73
 0 1 59.722222 1.000000 43
 1 1 59.722222 1.000000 103
 1 0 81.944444 1.000000 118
 1727954.587679 6
 0 0 15.277778 1.000000 10
 0 0 18.055556 1.000000 12
 0 0 1.388889 1.000000 0
 0 1 51.388889 1.000000 37
 3 1 56.944444 1.000000 221
 0 1 31.944444 1.000000 23
 775412.539903 2
 0 1 51.388889 1.000000 37
 1 1 15.277778 1.000000 71
 1286766.132883 1
 0 0 73.611111 1.000000 52
 510935.727726 1
 0 0 45.833333 1.000000 32
 1712446.788956 2
 0 1 65.277778 1.000000 47
 0 1 54.166667 1.000000 39
 109508.393085 2
 0 0 34.722222 1.000000 24
 0 1 48.611111 1.000000 35
 724369.252568 1
 0 0 40.277778 1.000000 28
 1587169.565031 3
 0 1 34.722222 1.000000 25
 0 0 51.388889 1.000000 36
 0 1 12.500000 1.000000 9
 807330.326516 6
 0 1 65.277778 1.000000 47
 0 1 4.166667 1.000000 3
 0 0 56.944444 1.000000 40
 0 1 18.055556 1.000000 13
 0 0 59.722222 1.000000 42
 0 0 23.611111 1.000000 16
 1687821.508258 6
 0 1 76.388889 1.000000 55
 0 0 48.611111 1.000000 34
 0 1 29.166667 1.000000 21
 0 1 15.277778 1.000000 11
 0 1 1.388889 1.000000 1
 0 0 59.722222 1.000000 42
 1932874.791572 1
 1 1 29.166667 1.000000 81
 595202.273836 3
 0 1 15.277778 1.000000 11
 0 0 18.055556 1.000000 12
 0 1 37.500000 1.000000 27
 1187186.870457 6
 0 1 62.500000 1.000000 45
 0 1 20.833333 1.000000 15
 0 0 23.611111 1.000000 16
 0 1 23.611111 1.000000 17
 0 0 62.500000 1.000000 44
 2 1 26.388889 1.000000 139
 921935.625580 1
 0 1 9.722222 1.000000 7
 837712.195235 4
 0 0 15.277778 1.000000 10
 0 0 34.722222 1.000000 24
 0 0 48.611111 1.000000 34
 0 1 40.277778 1.000000 29
 1059391.404753 3
 0 0 45.833333 1.000000 32
 0 0 37.500000 1.000000 26
 0 0 31.944444 1.000000 22
 1486139.017197 2
 0 1 45.833333 1.000000 33
 0 1 12.500000 1.000000 9
 651441.866947 4
 0 1 31.944444 1.000000 23
 0 1 43.055556 1.000000 31
 0 1 15.277778 1.000000 11
 0 0 54.166667 1.000000 38
 334900.751624 1
 0 0 12.500000 1.000000 8
 1405204.380548 5
 0 1 59.722222 1.000000 43
 1 1 1.388889 1.000000 61
 0 0 29.166667 1.000000 20
 0 0 34.722222 1.000000 24
 3 0 70.833333 1.000000 230
 931240.342600 4
 0 1 43.055556 1.000000 31
 0 0 29.166667 1.000000 20
 2 0 81.944444 1.000000 178
 0 0 31.944444 1.000000 22
 934756.964415 3
 0 0 29.166667 1.000000 20
 0 1 26.388889 1.000000 19
 0 0 65.277778 1.000000 46
 197535.837739 4
 0 1 48.611111 1.000000 35
 0 1 1.388889 1.000000 1
 0 1 34.722222 1.000000 25
 0 0 45.833333 1.000000 32
 1751622.930221 6
 0 0 40.277778 1.000000 28
 0 0 29.166667 1.000000 20
 0 1 9.722222 1.000000 7
 0 0 48.611111 1.000000 34
 0 1 15.277778 1.000000 11
 0 1 40.277778 1.000000 29
 1008310.329974 1
 0 0 45.833333 1.000000 32
 1928633.230742 2
 0 0 6.944444 1.000000 4
 0 1 29.166667 1.000000 21
 883623.152228 1
 0 0 76.388889 1.000000 54
 1587740.053957 1
 2 0 26.388889 1.000000 138
 568835.526038 6
 1 0 18.055556 1.000000 72
 0 0 34.722222 1.000000 24
 0 1 51.388889 1.000000 37
 0 0 43.055556 1.000000 30
 0 1 45.833333 1.000000 33
 0 0 51.388889 1.000000 36
 497728.989263 5
 0 1 15.277778 1.000000 11
 0 1 65.277778 1.000000 47
 0 0 6.944444 1.000000 4
 0 1 26.388889 1.000000 19
 0 0 34.722222 1.000000 24
 776567.009229 1
 0 0 20.833333 1.000000 14
 1577281.823204 1
 0 0 40.277778 1.000000 28
 1592600.870893 2
 1 1 1.388889 1.000000 61
 0 0 34.722222 1.000000 24
 683028.135860 4
 0 1 1.388889 1.000000 1
 0 1 18.055556 1.000000 13
 0 1 43.055556 1.000000 31
 0 1 59.722222 1.000000 43
 71027.196902 6
 0 0 34.722222 1.000000 24
 0 0 48.611111 1.000000 34
 0 1 15.277778 1.000000 11
 0 1 45.833333 1.000000 33
 0 1 12.500000 1.000000 9
 0 1 1.388889 1.000000 1
 810757.336174 1
 0 1 12.500000 1.000000 9
 1134465.926259 2
 0 1 65.277778 1.000000 47
 0 1 26.388889 1.000000 19
 1322038.451043 1
 0 0 40.277778 1.000000 28
 1245938.816632 3
 0 1 4.166667 1.000000 3
 0 0 51.388889 1.000000 36
 0 0 18.055556 1.000000 12
 826922.213131 6
 0 0 56.944444 1.000000 40
 0 1 15.277778 1.000000 11
 2 0 18.055556 1.000000 132
 0 1 12.500000 1.000000 9
 0 0 43.055556 1.000000 30
 0 0 45.833333 1.000000 32
 97827.240796 6
 0 0 65.277778 1.000000 46
 0 1 40.277778 1.000000 29
 0 1 1.388889 1.000000 1
 0 0 40.277778 1.000000 28
 0 0 4.166667 1.000000 2
 1 0 26.388889 1.000000 78
 802761.861665 6
 0 0 34.722222 1.000000 24
 0 0 20.833333 1.000000 14
 0 1 56.944444 1.000000 41
 0 1 29.166667 1.000000 21
 0 1 12.500000 1.000000 9
 0 0 31.944444 1.000000 22
 1161410.821416 5
 0 0 29.166667 1.000000 20
 0 1 40.277778 1.000000 29
 0 0 37.500000 1.000000 26
 3 1 73.611111 1.000000 233
 0 1 23.611111 1.000000 17
 1250818.938003 1
 1 0 29.166667 1.000000 80
 1246398.574527 5
 0 0 59.722222 1.000000 42
 1 0 9.722222 1.000000 66
 0 1 51.388889 1.000000 37
 0 1 43.055556 1.000000 31
 3 0 81.944444 1.000000 238
 1452648.461672 6
 0 1 56.944444 1.000000 41
 0 1 43.055556 1.000000 31
 0 1 4.166667 1.000000 3
 0 1 29.166667 1.000000 21
 0 1 65.277778 1.000000 47
 0 1 48.611111 1.000000 35
 1240222.238470 3
 0 1 6.944444 1.000000 5
 0 1 65.277778 1.000000 47
 0 1 1.388889 1.000000 1
 67142.828827 6
 0 1 62.500000 1.000000 45
 2 0 62.500000 1.000000 164
 0 1 12.500000 1.000000 9
 0 0 1.388889 1.000000 0
 2 0 79.166667 1.000000 176
 0 1 29.166667 1.000000 21
 371562.925266 5
 0 1 51.388889 1.000000 37
 0 0 6.944444 1.000000 4
 0 1 34.722222 1.000000 25
 0 0 26.388889 1.000000 18
 1 1 12.500000 1.000000 69
 193653.049541 1
 0 0 20.833333 1.000000 14
 708574.619921 4
 0 1 9.722222 1.000000 7
 0 0 51.388889 1.000000 36
 0 0 26.388889 1.000000 18
 0 1 12.500000 1.000000 9
 1877319.037857 1
 0 1 51.388889 1.000000 37
 1351138.406112 1
 0 0 12.500000 1.000000 8
 1740060.175611 1
 0 1 26.388889 1.000000 19
 60625.879141 1
 0 1 68.055556 1.000000 49
 466158.958127 6
 0 1 26.388889 1.000000 19
 3 0 15.277778 1.000000 190
 0 0 48.611111 1.000000 34
 0 1 43.055556 1.000000 31
 2 1 12.500000 1.000000 129
 0 1 40.277778 1.000000 29
 1410466.719889 2
 0 0 31.944444 1.000000 22
 0 1 1.388889 1.000000 1
 1866943.085746 5
 0 0 9.722222 1.000000 6
 0 0 56.944444 1.000000 40
 0 1 51.388889 1.000000 37
 0 0 40.277778 1.000000 28
 1 0 29.166667 1.000000 80
 415027.854822 1
 0 1 45.833333 1.000000 33
 1632815.145586 6
 0 1 56.944444 1.000000 41
 0 1 26.388889 1.000000 19
 0 1 76.388889 1.000000 55
 0 0 23.611111 1.000000 16
 0 0 45.833333 1.000000 32
 0 0 51.388889 1.000000 36
 1220395.117207 3
 0 0 29.166667 1.000000 20
 0 0 68.055556 1.000000 48
 0 1 15.277778 1.000000 11
 1611341.956785 6
 0 0 26.388889 1.000000 18
 0 0 6.944444 1.000000 4
 0 0 56.944444 1.000000 40
 1 1 79.166667 1.000000 117
 0 1 56.944444 1.000000 41
 0 1 59.722222 1.000000 43
 226889.067808 2
 1 1 20.833333 1.000000 75
 0 1 62.500000 1.000000 45
 284343.486840 4
 0 1 1.388889 1.000000 1
 0 1 34.722222 1.000000 25
 0 0 9.722222 1.000000 6
 0 0 59.722222 1.000000 42
 886675.677191 2
 0 0 15.277778 1.000000 10
 0 0 12.500000 1.000000 8
 1536728.806820 2
 0 0 37.500000 1.000000 26
 0 0 59.722222 1.000000 42
 151982.379254 3
 0 1 65.277778 1.000000 47
 0 1 37.500000 1.000000 27
 0 1 48.611111 1.000000 35
 623370.686520 2
 0 0 56.944444 1.000000 40
 0 0 59.722222 1.000000 42
 1853924.381851 3
 1 1 4.166667 1.000000 63
 0 0 40.277778 1.000000 28
 1 1 20.833333 1.000000 75
 550584.119871 3
 0 0 31.944444 1.000000 22
 0 1 43.055556 1.000000 31
 0 1 9.722222 1.000000 7
 275893.417558 2
 0 0 62.500000 1.000000 44
 2 0 1.388889 1.000000 120
 502058.674554 5
 1 0 6.944444 1.000000 64
 1 1 29.166667 1.000000 81
 0 1 54.166667 1.000000 39
 0 0 6.944444 1.000000 4
 0 0 56.944444 1.000000 40
 1467355.026373 1
 0 1 37.500000 1.000000 27
 206210.603680 4
 0 0 62.500000 1.000000 44
 0 0 56.944444 1.000000 40
 0 1 31.944444 1.000000 23
 0 1 37.500000 1.000000 27
 740843.346408 2
 0 0 59.722222 1.000000 42
 0 1 54.166667 1.000000 39
 1226601.449021 5
 0 0 12.500000 1.000000 8
 0 1 37.500000 1.000000 27
 0 0 54.166667 1.000000 38
 0 0 23.611111 1.000000 16
 0 1 40.277778 1.000000 29
 1016085.946940 1
 0 0 48.611111 1.000000 34
 187256.282767 6
 2 0 51.388889 1.000000 156
 0 1 48.611111 1.000000 35
 0 1 9.722222 1.000000 7
 0 0 54.166667 1.000000 38
 0 0 51.388889 1.000000 36
 0 0 48.611111 1.000000 34
 341404.264598 5
 0 0 54.166667 1.000000 38
 0 0 62.500000 1.000000 44
 0 1 31.944444 1.000000 23
 0 0 37.500000 1.000000 26
 0 0 29.166667 1.000000 20
 331946.942048 4
 0 0 48.611111 1.000000 34
 0 1 68.055556 1.000000 49
 0 1 29.166667 1.000000 21
 0 0 23.611111 1.000000 16
 1189832.005291 3
 0 1 31.944444 1.000000 23
 1 0 31.944444 1.000000 82
 0 0 1.388889 1.000000 0
 722791.899183 5
 2 0 73.611111 1.000000 172
 0 1 43.055556 1.000000 31
 0 1 23.611111 1.000000 17
 0 1 62.500000 1.000000 45
 0 1 31.944444 1.000000 23
 1176958.019406 6
 0 0 20.833333 1.000000 14
 0 0 4.166667 1.000000 2
 3 0 76.388889 1.000000 234
 0 1 1.388889 1.000000 1
 0 0 65.277778 1.000000 46
 3 0 15.277778 1.000000 190
 394270.670653 3
 0 1 40.277778 1.000000 29
 0 1 54.166667 1.000000 39
 0 0 9.722222 1.000000 6
 1826229.402901 6
 0 1 62.500000 1.000000 45
 0 0 34.722222 1.000000 24
 0 0 59.722222 1.000000 42
 0 0 73.611111 1.000000 52
 0 0 56.944444 1.000000 40
 0 1 70.833333 1.000000 51
 435519.229935 6
 2 1 45.833333 1.000000 153
 0 0 43.055556 1.000000 30
 3 0 68.055556 1.000000 228
 0 0 26.388889 1.000000 18
 0 1 62.500000 1.000000 45
 0 1 40.277778 1.000000 29
 640250.333231 4
 0 0 15.277778 1.000000 10
 0 1 37.500000 1.000000 27
 0 0 6.944444 1.000000 4
 0 1 9.722222 1.000000 7
 101776.382002 1
 0 1 45.833333 1.000000 33
 1448318.268009 5
 0 0 43.055556 1.000000 30
 0 1 34.722222 1.000000 25
 0 0 59.722222 1.000000 42
 0 1 54.166667 1.000000 39
 0 1 45.833333 1.000000 33
 1987000.149669 2
 0 0 59.722222 1.000000 42
 0 0 4.166667 1.000000 2
 520692.024883 4
 0 0 37.500000 1.000000 26
 0 0 59.722222 1.000000 42
 0 0 12.500000 1.000000 8
 0 1 40.277778 1.000000 29
 1301197.551648 6
 0 1 43.055556 1.000000 31
 0 1 1.388889 1.000000 1
 0 1 9.722222 1.000000 7
 0 0 31.944444 1.000000 22
 3 1 15.277778 1.000000 191
 0 0 15.277778 1.000000 10
 1359891.036898 5
 0 1 54.166667 1.000000 39
 3 0 29.166667 1.000000 200
 0 0 20.833333 1.000000 14
 0 0 15.277778 1.000000 10
 0 0 43.055556 1.000000 30
 500587.513363 1
 0 1 56.944444 1.000000 41
 1883578.377237 4
 0 1 65.277778 1.000000 47
 0 1 40.277778 1.000000 29
 2 1 12.500000 1.000000 129
 0 1 43.055556 1.000000 31
 1641135.562733 5
 1 1 37.500000 1.000000 87
 0 1 4.166667 1.000000 3
 0 1 40.277778 1.000000 29
 0 0 62.500000 1.000000 44
 0 1 48.611111 1.000000 35
 685856.616742 5
 1 0 6.944444 1.000000 64
 0 0 59.722222 1.000000 42
 0 1 31.944444 1.000000 23
 0 0 51.388889 1.000000 36
 1 0 45.833333 1.000000 92
 1512468.840048 2
 0 1 18.055556 1.000000 13
 2 1 81.944444 1.000000 179
 117281.728311 3
 0 0 6.944444 1.000000 4
 0 0 45.833333 1.000000 32
 0 1 59.722222 1.000000 43
 1247830.403078 5
 1 0 4.166667 1.000000 62
 0 1 81.944444 1.000000 59
 0 0 9.722222 1.000000 6
 0 1 12.500000 1.000000 9
 0 0 48.611111 1.000000 34
 1779304.252499 1
 0 0 12.500000 1.000000 8
 731524.206964 4
 0 1 59.722222 1.000000 43
 0 1 18.055556 1.000000 13
 0 0 15.277778 1.000000 10
 0 0 1.388889 1.000000 0
 1991705.332748 5
 1 0 59.722222 1.000000 102
 0 0 37.500000 1.000000 26
 0 1 43.055556 1.000000 31
 2 1 56.944444 1.000000 161
 0 0 12.500000 1.000000 8
 722747.591437 6
 0 0 9.722222 1.000000 6
 0 1 68.055556 1.000000 49
 0 1 65.277778 1.000000 47
 0 0 56.944444 1.000000 40
 0 0 34.722222 1.000000 24
 0 0 76.388889 1.000000 54
 1895370.151035 4
 0 0 45.833333 1.000000 32
 0 0 18.055556 1.000000 12
 0 1 20.833333 1.000000 15
 0 0 4.166667 1.000000 2
 1120834.133346 5
 0 0 56.944444 1.000000 40
 0 1 56.944444 1.000000 41
 0 0 59.722222 1.000000 42
 0 1 43.055556 1.000000 31
 0 1 4.166667 1.000000 3
 664616.815292 1
 3 0 20.833333 1.000000 194
 109090.854688 1
 0 0 26.388889 1.000000 18
 1421650.700132 3
 3 1 31.944444 1.000000 203
 0 1 65.277778 1.000000 47
 0 0 65.277778 1.000000 46
 910867.496594 4
 1 1 76.388889 1.000000 115
 0 1 12.500000 1.000000 9
 0 1 31.944444 1.000000 23
 0 1 18.055556 1.000000 13
 786470.042368 5
 0 1 9.722222 1.000000 7
 0 1 51.388889 1.000000 37
 0 1 34.722222 1.000000 25
 0 0 48.611111 1.000000 34
 1 1 20.833333 1.000000 75
 368852.278017 6
 0 1 51.388889 1.000000 37
 0 0 29.166667 1.000000 20
 0 0 51.388889 1.000000 36
 0 1 31.944444 1.000000 23
 3 1 15.277778 1.000000 191
 0 1 1.388889 1.000000 1
 1077042.324411 6
 0 1 29.166667 1.000000 21
 0 0 26.388889 1.000000 18
 1 0 1.388889 1.000000 60
 0 1 62.500000 1.000000 45
 0 1 51.388889 1.000000 37
 0 0 12.500000 1.000000 8
 1451602.902548 4
 0 0 37.500000 1.000000 26
 0 1 56.944444 1.000000 41
 0 1 62.500000 1.000000 45
 0 0 59.722222 1.000000 42
 1226426.301723 3
 0 1 65.277778 1.000000 47
 0 0 65.277778 1.000000 46
 3 0 37.500000 1.000000 206
 559244.321920 4
 0 1 12.500000 1.000000 9
 0 0 37.500000 1.000000 26
 0 0 45.833333 1.000000 32
 0 0 59.722222 1.000000 42
 1326082.448757 4
 1 0 20.833333 1.000000 74
 0 1 9.722222 1.000000 7
 0 0 15.277778 1.000000 10
 0 1 34.722222 1.000000 25
 1347245.792741 1
 3 1 34.722222 1.000000 205
 688604.717389 4
 0 0 79.166667 1.000000 56
 0 0 20.833333 1.000000 14
 2 1 76.388889 1.000000 175
 0 0 26.388889 1.000000 18
 207041.081398 5
 0 1 9.722222 1.000000 7
 0 0 45.833333 1.000000 32
 0 0 26.388889 1.000000 18
 0 0 15.277778 1.000000 10
 0 1 59.722222 1.000000 43
 1661208.122587 3
 2 0 65.277778 1.000000 166
 0 1 48.611111 1.000000 35
 0 0 59.722222 1.000000 42
 348696.651863 6
 0 1 1.388889 1.000000 1
 0 1 23.611111 1.000000 17
 0 1 48.611111 1.000000 35
 0 0 40.277778 1.000000 28
 0 0 29.166667 1.000000 20
 0 1 54.166667 1.000000 39
 400540.297032 1
 0 0 65.277778 1.000000 46
 1258550.476310 4
 0 1 45.833333 1.000000 33
 0 1 29.166667 1.000000 21
 1 0 40.277778 1.000000 88
 0 0 62.500000 1.000000 44
 254764.013092 1
 1 1 43.055556 1.000000 91
 1874511.937795 4
 0 0 20.833333 1.000000 14
 0 0 65.277778 1.000000 46
 1 1 18.055556 1.000000 73
 0 1 34.722222 1.000000 25
 701977.844919 6
 0 0 43.055556 1.000000 30
 0 1 4.166667 1.000000 3
 0 0 6.944444 1.000000 4
 0 1 40.277778 1.000000 29
 0 1 48.611111 1.000000 35
 0 1 15.277778 1.000000 11
 1135997.043371 3
 0 1 1.388889 1.000000 1
 0 1 54.166667 1.000000 39
 0 1 26.388889 1.000000 19
 609543.289137 2
 0 0 4.166667 1.000000 2
 0 0 9.722222 1.000000 6
 175213.576860 6
 0 0 20.833333 1.000000 14
 0 0 54.166667 1.000000 38
 3 1 81.944444 1.000000 239
 0 1 48.611111 1.000000 35
 0 1 62.500000 1.000000 45
 0 0 56.944444 1.000000 40
 191810.736820 3
 0 1 65.277778 1.000000 47
 0 0 51.388889 1.000000 36
 1 0 43.055556 1.000000 90
 404106.811380 5
 0 0 20.833333 1.000000 14
 0 0 23.611111 1.000000 16
 0 0 37.500000 1.000000 26
 0 1 45.833333 1.000000 33
 1 1 9.722222 1.000000 67
 1527179.488152 2
 0 0 20.833333 1.000000 14
 3 0 34.722222 1.000000 204
 63395.832471 4
 0 0 54.166667 1.000000 38
 0 0 62.500000 1.000000 44
 0 1 23.611111 1.000000 17
 0 1 4.166667 1.000000 3
 1922883.762663 4
 1 0 23.611111 1.000000 76
 2 0 76.388889 1.000000 174
 0 1 45.833333 1.000000 33
 0 1 12.500000 1.000000 9
 1896206.054732 5
 0 1 43.055556 1.000000 31
 1 1 6.944444 1.000000 65
 1 1 54.166667 1.000000 99
 0 0 51.388889 1.000000 36
 0 0 56.944444 1.000000 40
 65813.911327 6
 0 1 26.388889 1.000000 19
 0 1 37.500000 1.000000 27
 0 1 43.055556 1.000000 31
 3 1 1.388889 1.000000 181
 0 0 70.833333 1.000000 50
 2 0 15.277778 1.000000 130
 1109779.216549 3
 0 0 15.277778 1.000000 10
 1 0 15.277778 1.000000 70
 0 0 9.722222 1.000000 6
 889776.136954 3
 0 1 29.166667 1.000000 21
 0 0 45.833333 1.000000 32
 0 1 40.277778 1.000000 29
 240398.786701 5
 0 1 26.388889 1.000000 19
 1 1 70.833333 1.000000 111
 0 0 15.277778 1.000000 10
 2 1 26.388889 1.000000 139
 0 0 1.388889 1.000000 0
 332789.326800 3
 0 0 65.277778 1.000000 46
 0 0 40.277778 1.000000 28
 0 0 29.166667 1.000000 20
 232485.648334 5
 0 0 51.388889 1.000000 36
 3 1 54.166667 1.000000 219
 2 0 23.611111 1.000000 136
 0 1 34.722222 1.000000 25
 0 1 56.944444 1.000000 41
 922144.405731 4
 0 1 59.722222 1.000000 43
 0 1 18.055556 1.000000 13
 0 1 62.500000 1.000000 45
 0 1 76.388889 1.000000 55
 1622840.248580 3
 0 1 23.611111 1.000000 17
 0 0 29.166667 1.000000 20
 0 0 48.611111 1.000000 34
 424993.541811 6
 0 0 18.055556 1.000000 12
 0 1 54.166667 1.000000 39
 0 1 15.277778 1.000000 11
 0 0 56.944444 1.000000 40
 0 0 48.611111 1.000000 34
 0 0 59.722222 1.000000 42
 1746489.221708 2
 0 0 43.055556 1.000000 30
 0 1 48.611111 1.000000 35
 617824.622811 1
 0 0 23.611111 1.000000 16
 206793.897733 6
 0 1 43.055556 1.000000 31
 0 0 29.166667 1.000000 20
 0 1 4.166667 1.000000 3
 0 0 12.500000 1.000000 8
 0 1 26.388889 1.000000 19
 1 0 26.388889 1.000000 78
 1433677.137230 2
 2 1 79.166667 1.000000 177
 0 0 54.166667 1.000000 38
 1724756.666573 5
 0 1 37.500000 1.000000 27
 0 1 40.277778 1.000000 29
 0 0 9.722222 1.000000 6
 0 1 31.944444 1.000000 23
 0 0 18.055556 1.000000 12
 1814651.163488 5
 0 0 9.722222 1.000000 6
 0 1 34.722222 1.000000 25
 0 0 6.944444 1.000000 4
 0 0 54.166667 1.000000 38
 1 0 4.166667 1.000000 62
 134412.050664 4
 0 1 18.055556 1.000000 13
 0 1 31.944444 1.000000 23
 0 1 40.277778 1.000000 29
 0 1 4.166667 1.000000 3
 239825.162664 4
 0 0 15.277778 1.000000 10
 0 1 29.166667 1.000000 21
 0 0 4.166667 1.000000 2
 0 0 56.944444 1.000000 40
 899971.674597 4
 0 1 20.833333 1.000000 15
 0 0 6.944444 1.000000 4
 0 1 9.722222 1.000000 7
 0 1 15.277778 1.000000 11
 514699.979515 2
 0 1 51.388889 1.000000 37
 0 1 56.944444 1.000000 41
 1833834.315573 4
 0 0 45.833333 1.000000 32
 0 0 26.388889 1.000000 18
 0 0 18.055556 1.000000 12
 1 0 65.277778 1.000000 106
 836167.911569 1
 0 1 48.611111 1.000000 35
 666188.330160 1
 1 1 76.388889 1.000000 115
 1602730.126717 4
 1 0 45.833333 1.000000 92
 0 0 43.055556 1.000000 30
 3 0 6.944444 1.000000 184
 0 1 31.944444 1.000000 23
 1864318.283957 3
 0 1 65.277778 1.000000 47
 2 1 34.722222 1.000000 145
 0 1 59.722222 1.000000 43
 1395906.317996 4
 0 1 6.944444 1.000000 5
 0 1 51.388889 1.000000 37
 3 0 12.500000 1.000000 188
 0 0 12.500000 1.000000 8
 916541.742997 6
 0 0 9.722222 1.000000 6
 0 0 31.944444 1.000000 22
 0 1 43.055556 1.000000 31
 0 0 20.833333 1.000000 14
 1 0 20.833333 1.000000 74
 0 1 51.388889 1.000000 37
 1832111.765012 3
 0 0 29.166667 1.000000 20
 0 0 56.944444 1.000000 40
 0 1 40.277778 1.000000 29
 777649.860204 3
 0 0 51.388889 1.000000 36
 0 0 37.500000 1.000000 26
 3 1 51.388889 1.000000 217
 615949.813545 3
 3 0 48.611111 1.000000 214
 0 0 12.500000 1.000000 8
 0 0 34.722222 1.000000 24
 1072550.287821 5
 0 0 23.611111 1.000000 16
 0 0 34.722222 1.000000 24
 0 1 26.388889 1.000000 19
 2 0 68.055556 1.000000 168
 0 1 29.166667 1.000000 21
 617161.204078 1
 0 1 12.500000 1.000000 9
 355028.838085 1
 0 0 56.944444 1.000000 40
 80116.321407 3
 0 0 15.277778 1.000000 10
 0 1 29.166667 1.000000 21
 0 0 62.500000 1.000000 44
 518494.678847 6
 2 1 45.833333 1.000000 153
 0 1 15.277778 1.000000 11
 0 0 31.944444 1.000000 22
 0 1 18.055556 1.000000 13
 0 1 51.388889 1.000000 37
 0 1 31.944444 1.000000 23
 192422.256001 1
 0 1 70.833333 1.000000 51
 716893.323938 1
 0 0 31.944444 1.000000 22
 1545780.981735 3
 0 1 9.722222 1.000000 7
 0 0 40.277778 1.000000 28
 0 0 29.166667 1.000000 20
 1475121.953560 1
 0 1 48.611111 1.000000 35
 1657123.069976 2
 0 0 20.833333 1.000000 14
 0 1 12.500000 1.000000 9
 575128.614183 5
 1 1 29.166667 1.000000 81
 0 1 9.722222 1.000000 7
 1 1 54.166667 1.000000 99
 0 1 12.500000 1.000000 9
 0 0 48.611111 1.000000 34
 538398.798806 5
 0 1 4.166667 1.000000 3
 0 1 6.944444 1.000000 5
 0 1 1.388889 1.000000 1
 0 1 65.277778 1.000000 47
 0 1 12.500000 1.000000 9
 713982.591794 5
 0 1 45.833333 1.000000 33
 0 1 62.500000 1.000000 45
 0 1 6.944444 1.000000 5
 2 1 70.833333 1.000000 171
 0 0 43.055556 1.000000 30
 1958637.177552 3
 1 0 40.277778 1.000000 88
 1 1 48.611111 1.000000 95
 2 1 9.722222 1.000000 127
 1989769.495143 2
 0 0 34.722222 1.000000 24
 1 0 37.500000 1.000000 86
 793249.698856 2
 0 0 54.166667 1.000000 38
 0 0 43.055556 1.000000 30
 883400.678897 1
 0 0 4.166667 1.000000 2
 1858198.397243 1
 0 0 15.277778 1.000000 10
 952492.063862 1
 0 0 59.722222 1.000000 42
 149820.723287 4
 1 1 9.722222 1.000000 67
 0 0 1.388889 1.000000 0
 0 1 26.388889 1.000000 19
 2 1 18.055556 1.000000 133
 795783.789603 5
 0 0 43.055556 1.000000 30
 2 0 81.944444 1.000000 178
 0 0 29.166667 1.000000 20
 0 0 65.277778 1.000000 46
 0 0 37.500000 1.000000 26
 1318253.788631 6
 0 0 18.055556 1.000000 12
 2 0 76.388889 1.000000 174
 1 1 54.166667 1.000000 99
 3 1 56.944444 1.000000 221
 0 0 26.388889 1.000000 18
 0 1 34.722222 1.000000 25
 1948621.048587 1
 0 1 65.277778 1.000000 47
 506178.294619 3
 0 0 59.722222 1.000000 42
 0 0 6.944444 1.000000 4
 0 1 68.055556 1.000000 49
 970811.807239 3
 0 1 29.166667 1.000000 21
 0 0 81.944444 1.000000 58
 0 1 48.611111 1.000000 35
 1861941.180593 5
 0 1 48.611111 1.000000 35
 0 1 18.055556 1.000000 13
 0 1 6.944444 1.000000 5
 0 0 31.944444 1.000000 22
 0 0 18.055556 1.000000 12
 1011448.291508 1
 0 1 34.722222 1.000000 25
 154410.159157 2
 2 1 4.166667 1.000000 123
 0 1 1.388889 1.000000 1
 1995960.480886 1
 0 1 26.388889 1.000000 19
 832308.804184 3
 0 0 48.611111 1.000000 34
 0 1 34.722222 1.000000 25
 0 0 15.277778 1.000000 10
 1346864.298539 1
 0 0 12.500000 1.000000 8
 778931.690799 3
 0 0 26.388889 1.000000 18
 0 0 37.500000 1.000000 26
 0 1 59.722222 1.000000 43
 1512318.457846 3
 0 1 54.166667 1.000000 39
 3 1 20.833333 1.000000 195
 0 0 48.611111 1.000000 34
 1907273.317570 1
 1 1 48.611111 1.000000 95
 451508.606380 6
 2 1 4.166667 1.000000 123
 0 1 12.500000 1.000000 9
 0 0 29.166667 1.000000 20
 0 0 26.388889 1.000000 18
 0 1 20.833333 1.000000 15
 0 0 4.166667 1.000000 2
 1292726.960393 5
 0 1 12.500000 1.000000 9
 0 1 43.055556 1.000000 31
 0 1 34.722222 1.000000 25
 0 1 18.055556 1.000000 13
 0 0 62.500000 1.000000 44
 1706027.892039 1
 3 1 6.944444 1.000000 185
 924709.787352 2
 0 0 9.722222 1.000000 6
 0 0 65.277778 1.000000 46
 1355089.610925 3
 0 1 15.277778 1.000000 11
 0 1 48.611111 1.000000 35
 0 1 18.055556 1.000000 13
 1223217.005685 6
 0 0 65.277778 1.000000 46
 0 1 31.944444 1.000000 23
 0 0 20.833333 1.000000 14
 1 1 29.166667 1.000000 81
 0 1 1.388889 1.000000 1
 0 1 9.722222 1.000000 7
 901793.834074 1
 0 0 20.833333 1.000000 14
 1826803.809119 6
 0 1 4.166667 1.000000 3
 0 1 37.500000 1.000000 27
 0 1 40.277778 1.000000 29
 2 0 15.277778 1.000000 130
 0 0 45.833333 1.000000 32
 0 1 68.055556 1.000000 49
 1294990.381978 6
 1 0 34.722222 1.000000 84
 1 1 6.944444 1.000000 65
 0 1 29.166667 1.000000 21
 0 1 23.611111 1.000000 17
 0 1 18.055556 1.000000 13
 0 1 12.500000 1.000000 9
 481835.596506 4
 0 0 12.500000 1.000000 8
 0 1 43.055556 1.000000 31
 0 1 56.944444 1.000000 41
 0 0 40.277778 1.000000 28
 460210.931180 5
 0 0 62.500000 1.000000 44
 0 1 23.611111 1.000000 17
 0 0 31.944444 1.000000 22
 1 0 43.055556 1.000000 90
 0 0 48.611111 1.000000 34
 1817632.823073 2
 0 0 29.166667 1.000000 20
 0 0 56.944444 1.000000 40
 1808156.531047 2
 0 1 1.388889 1.000000 1
 0 1 56.944444 1.000000 41
 938519.609859 6
 0 0 37.500000 1.000000 26
 0 0 4.166667 1.000000 2
 2 1 12.500000 1.000000 129
 0 1 70.833333 1.000000 51
 0 0 31.944444 1.000000 22
 0 1 54.166667 1.000000 39
 1286169.385689 5
 0 0 43.055556 1.000000 30
 0 1 18.055556 1.000000 13
 0 1 45.833333 1.000000 33
 0 1 6.944444 1.000000 5
 0 0 20.833333 1.000000 14
 78787.365574 6
 0 0 26.388889 1.000000 18
 0 0 9.722222 1.000000 6
 0 0 31.944444 1.000000 22
 1 1 26.388889 1.000000 79
 0 0 23.611111 1.000000 16
 0 1 12.500000 1.000000 9
 228520.250185 4
 0 1 6.944444 1.000000 5
 0 1 12.500000 1.000000 9
 0 0 48.611111 1.000000 34
 0 0 15.277778 1.000000 10
 372466.483476 4
 0 1 29.166667 1.000000 21
 3 1 26.388889 1.000000 199
 0 1 6.944444 1.000000 5
 0 1 65.277778 1.000000 47
 1823997.272190 6
 0 1 59.722222 1.000000 43
 0 0 12.500000 1.000000 8
 0 0 9.722222 1.000000 6
 0 1 26.388889 1.000000 19
 0 1 18.055556 1.000000 13
 0 0 18.055556 1.000000 12
 957107.778078 5
 0 1 54.166667 1.000000 39
 0 1 9.722222 1.000000 7
 0 0 4.166667 1.000000 2
 0 1 1.388889 1.000000 1
 0 1 37.500000 1.000000 27
 1812550.001933 2
 0 1 65.277778 1.000000 47
 0 0 37.500000 1.000000 26
 1200851.551462 4
 0 1 20.833333 1.000000 15
 0 0 62.500000 1.000000 44
 0 0 37.500000 1.000000 26
 1 1 29.166667 1.000000 81
 1251366.845002 2
 0 1 73.611111 1.000000 53
 0 1 29.166667 1.000000 21
 1972313.467140 3
 0 0 29.166667 1.000000 20
 0 0 54.166667 1.000000 38
 0 0 12.500000 1.000000 8
 416290.404711 4
 0 0 59.722222 1.000000 42
 0 0 54.166667 1.000000 38
 0 1 73.611111 1.000000 53
 0 1 65.277778 1.000000 47