 Numero de pedidos 
 250
 duedate num_referencias // pasillo lado altura peso
 776451.731146 1
 2 1 43.055556 1.000000 31
 1811832.234884 1
 2 0 37.500000 1.000000 26
 1974972.192019 3
 2 1 6.944444 1.000000 5
 1 0 37.500000 1.000000 86
 2 1 29.166667 1.000000 21
 1388570.963735 3
 2 1 65.277778 1.000000 47
 2 0 15.277778 1.000000 10
 2 1 76.388889 1.000000 55
 55221.652973 6
 2 1 37.500000 1.000000 27
 2 1 26.388889 1.000000 19
 2 1 12.500000 1.000000 9
 2 0 29.166667 1.000000 20
 3 1 51.388889 1.000000 157
 2 1 34.722222 1.000000 25
 53762.595958 4
 2 1 79.166667 1.000000 57
 2 1 59.722222 1.000000 43
 1 1 18.055556 1.000000 73
 2 0 23.611111 1.000000 16
 1360112.801977 1
 2 0 15.277778 1.000000 10
 86414.915848 6
 2 0 37.500000 1.000000 26
 2 1 6.944444 1.000000 5
 2 1 34.722222 1.000000 25
 2 1 1.388889 1.000000 1
 2 0 45.833333 1.000000 32
 2 0 65.277778 1.000000 46
 1671417.189125 1
 2 0 9.722222 1.000000 6
 200879.791137 3
 2 1 23.611111 1.000000 17
 2 1 18.055556 1.000000 13
 2 0 26.388889 1.000000 18
 1060560.068330 4
 2 1 9.722222 1.000000 7
 2 1 48.611111 1.000000 35
 3 0 79.166667 1.000000 176
 2 1 65.277778 1.000000 47
 1140989.864460 2
 2 0 18.055556 1.000000 12
 1 0 18.055556 1.000000 72
 1589736.290141 6
 2 1 9.722222 1.000000 7
 2 0 56.944444 1.000000 40
 2 1 48.611111 1.000000 35
 2 0 51.388889 1.000000 36
 2 0 37.500000 1.000000 26
 2 0 12.500000 1.000000 8
 1761883.016472 6
 1 1 40.277778 1.000000 89
 2 0 45.833333 1.000000 32
 2 0 48.611111 1.000000 34
 0 0 18.055556 1.000000 192
 2 0 9.722222 1.000000 6
 2 0 65.277778 1.000000 46
 786713.587114 1
 2 1 59.722222 1.000000 43
 1691707.062838 1
 2 0 9.722222 1.000000 6
 410353.391268 3
 2 1 40.277778 1.000000 29
 2 1 26.388889 1.000000 19
 0 1 1.388889 1.000000 181
 56551.291503 5
 2 0 26.388889 1.000000 18
 2 0 6.944444 1.000000 4
 2 0 65.277778 1.000000 46
 2 0 9.722222 1.000000 6
 2 0 29.166667 1.000000 20
 1108657.465553 6
 2 0 23.611111 1.000000 16
 2 0 6.944444 1.000000 4
 2 1 29.166667 1.000000 21
 2 0 9.722222 1.000000 6
 3 1 65.277778 1.000000 167
 2 0 4.166667 1.000000 2
 1317853.984832 5
 2 0 15.277778 1.000000 10
 2 0 6.944444 1.000000 4
 2 1 34.722222 1.000000 25
 2 0 51.388889 1.000000 36
 2 0 9.722222 1.000000 6
 510994.859483 4
 2 0 51.388889 1.000000 36
 2 0 20.833333 1.000000 14
 2 1 76.388889 1.000000 55
 2 1 70.833333 1.000000 51
 1850074.499087 5
 2 1 65.277778 1.000000 47
 2 0 51.388889 1.000000 36
 2 0 23.611111 1.000000 16
 2 1 51.388889 1.000000 37
 2 0 26.388889 1.000000 18
 158012.623693 3
 2 0 26.388889 1.000000 18
 2 1 51.388889 1.000000 37
 2 1 65.277778 1.000000 47
 582786.348231 6
 2 1 48.611111 1.000000 35
 2 0 29.166667 1.000000 20
 2 0 4.166667 1.000000 2
 1 1 4.166667 1.000000 63
 0 1 6.944444 1.000000 185
 2 0 18.055556 1.000000 12
 190231.435741 3
 2 1 37.500000 1.000000 27
 2 1 73.611111 1.000000 53
 2 1 23.611111 1.000000 17
 578681.066622 2
 2 0 23.611111 1.000000 16
 2 1 12.500000 1.000000 9
 1585732.043994 2
 1 0 18.055556 1.000000 72
 2 1 51.388889 1.000000 37
 1654352.623790 4
 2 1 12.500000 1.000000 9
 2 1 59.722222 1.000000 43
 2 1 20.833333 1.000000 15
 2 0 31.944444 1.000000 22
 1018808.838920 1
 2 1 37.500000 1.000000 27
 697359.836184 2
 2 1 56.944444 1.000000 41
 2 1 15.277778 1.000000 11
 88708.956562 6
 2 0 34.722222 1.000000 24
 1 1 15.277778 1.000000 71
 3 1 68.055556 1.000000 169
 2 0 51.388889 1.000000 36
 2 0 15.277778 1.000000 10
 2 1 20.833333 1.000000 15
 113469.482396 5
 2 1 12.500000 1.000000 9
 2 1 56.944444 1.000000 41
 2 1 62.500000 1.000000 45
 1 1 31.944444 1.000000 83
 2 0 18.055556 1.000000 12
 1293847.440003 1
 2 0 23.611111 1.000000 16
 822957.832638 5
 2 0 4.166667 1.000000 2
 2 0 81.944444 1.000000 58
 2 1 34.722222 1.000000 25
 1 0 1.388889 1.000000 60
 2 1 54.166667 1.000000 39
 850831.526616 6
 2 1 37.500000 1.000000 27
 2 0 45.833333 1.000000 32
 2 0 26.388889 1.000000 18
 2 0 4.166667 1.000000 2
 0 0 43.055556 1.000000 210
 2 0 65.277778 1.000000 46
 1777917.190780 6
 2 0 45.833333 1.000000 32
 3 0 45.833333 1.000000 152
 0 0 23.611111 1.000000 196
 2 1 37.500000 1.000000 27
 2 0 26.388889 1.000000 18
 2 0 15.277778 1.000000 10
 1966930.859092 4
 2 1 37.500000 1.000000 27
 2 1 40.277778 1.000000 29
 2 1 15.277778 1.000000 11
 2 1 23.611111 1.000000 17
 1187831.962252 3
 2 0 45.833333 1.000000 32
 2 1 6.944444 1.000000 5
 2 1 15.277778 1.000000 11
 227280.292263 4
 2 0 51.388889 1.000000 36
 2 1 56.944444 1.000000 41
 2 0 26.388889 1.000000 18
 0 1 20.833333 1.000000 195
 829760.926249 6
 2 1 4.166667 1.000000 3
 2 1 9.722222 1.000000 7
 2 0 59.722222 1.000000 42
 2 1 62.500000 1.000000 45
 2 1 45.833333 1.000000 33
 0 1 37.500000 1.000000 207
 892748.915093 2
 3 1 12.500000 1.000000 129
 2 0 43.055556 1.000000 30
 1925479.081630 2
 2 1 48.611111 1.000000 35
 2 1 51.388889 1.000000 37
 787593.629708 6
 2 0 54.166667 1.000000 38
 2 0 79.166667 1.000000 56
 2 0 34.722222 1.000000 24
 2 1 1.388889 1.000000 1
 2 1 65.277778 1.000000 47
 2 0 56.944444 1.000000 40
 1222672.728478 4
 2 1 9.722222 1.000000 7
 2 1 48.611111 1.000000 35
 2 1 6.944444 1.000000 5
 2 0 65.277778 1.000000 46
 422414.494391 3
 2 0 51.388889 1.000000 36
 2 0 40.277778 1.000000 28
 2 0 12.500000 1.000000 8
 1004248.198813 2
 1 1 62.500000 1.000000 105
 2 1 54.166667 1.000000 39
 1057487.590917 3
 2 1 12.500000 1.000000 9
 2 1 65.277778 1.000000 47
 2 0 4.166667 1.000000 2
 118731.379993 6
 2 1 15.277778 1.000000 11
 3 0 51.388889 1.000000 156
 2 0 40.277778 1.000000 28
 2 0 54.166667 1.000000 38
 2 0 51.388889 1.000000 36
 2 0 6.944444 1.000000 4
 927542.839017 1
 1 0 40.277778 1.000000 88
 329367.575184 5
 2 0 31.944444 1.000000 22
 2 1 20.833333 1.000000 15
 2 1 4.166667 1.000000 3
 2 1 9.722222 1.000000 7
 2 1 76.388889 1.000000 55
 372668.316184 2
 2 0 48.611111 1.000000 34
 1 0 31.944444 1.000000 82
 128464.367803 4
 1 1 18.055556 1.000000 73
 2 1 12.500000 1.000000 9
 2 1 40.277778 1.000000 29
 2 0 54.166667 1.000000 38
 1802893.680596 4
 2 1 48.611111 1.000000 35
 2 0 37.500000 1.000000 26
 1 0 23.611111 1.000000 76
 1 1 18.055556 1.000000 73
 666940.600773 5
 0 1 40.277778 1.000000 209
 2 1 59.722222 1.000000 43
 1 0 23.611111 1.000000 76
 1 0 26.388889 1.000000 78
 2 1 45.833333 1.000000 33
 151513.696104 1
 2 0 26.388889 1.000000 18
 1353905.144014 2
 2 0 26.388889 1.000000 18
 2 0 51.388889 1.000000 36
 437834.828532 5
 2 1 40.277778 1.000000 29
 2 1 31.944444 1.000000 23
 2 1 1.388889 1.000000 1
 2 0 59.722222 1.000000 42
 2 0 20.833333 1.000000 14
 890512.272013 3
 1 1 6.944444 1.000000 65
 0 0 20.833333 1.000000 194
 2 1 6.944444 1.000000 5
 1814331.453337 1
 2 1 29.166667 1.000000 21
 850038.928525 6
 2 1 6.944444 1.000000 5
 0 1 76.388889 1.000000 235
 2 0 15.277778 1.000000 10
 2 0 6.944444 1.000000 4
 1 0 29.166667 1.000000 80
 2 0 18.055556 1.000000 12
 1274682.174024 1
 2 0 18.055556 1.000000 12
 1583429.085325 3
 2 0 12.500000 1.000000 8
 2 0 40.277778 1.000000 28
 2 0 76.388889 1.000000 54
 751073.554638 6
 2 0 15.277778 1.000000 10
 2 0 6.944444 1.000000 4
 1 0 12.500000 1.000000 68
 2 1 4.166667 1.000000 3
 2 1 18.055556 1.000000 13
 2 0 54.166667 1.000000 38
 963780.702969 3
 2 1 43.055556 1.000000 31
 2 1 29.166667 1.000000 21
 2 0 31.944444 1.000000 22
 52551.232806 3
 2 0 70.833333 1.000000 50
 2 1 65.277778 1.000000 47
 2 1 37.500000 1.000000 27
 1972056.194531 4
 1 1 6.944444 1.000000 65
 2 0 45.833333 1.000000 32
 2 0 6.944444 1.000000 4
 2 1 18.055556 1.000000 13
 152087.555617 3
 2 0 43.055556 1.000000 30
 1 0 40.277778 1.000000 88
 2 0 12.500000 1.000000 8
 662751.504454 1
 2 1 54.166667 1.000000 39
 805819.208401 1
 2 1 31.944444 1.000000 23
 942103.704560 6
 2 0 62.500000 1.000000 44
 2 0 56.944444 1.000000 40
 2 1 34.722222 1.000000 25
 2 0 4.166667 1.000000 2
 2 1 15.277778 1.000000 11
 1 1 1.388889 1.000000 61
 929313.816321 4
 2 1 56.944444 1.000000 41
 2 1 51.388889 1.000000 37
 2 1 45.833333 1.000000 33
 2 1 34.722222 1.000000 25
 904347.759534 6
 2 0 20.833333 1.000000 14
 2 1 15.277778 1.000000 11
 2 0 15.277778 1.000000 10
 3 1 54.166667 1.000000 159
 2 1 6.944444 1.000000 5
 2 0 51.388889 1.000000 36
 1436912.296338 5
 1 1 43.055556 1.000000 91
 3 0 68.055556 1.000000 168
 2 0 43.055556 1.000000 30
 1 0 26.388889 1.000000 78
 2 1 45.833333 1.000000 33
 179360.275706 4
 2 0 23.611111 1.000000 16
 2 0 54.166667 1.000000 38
 2 0 31.944444 1.000000 22
 2 0 37.500000 1.000000 26
 860754.900100 1
 2 0 9.722222 1.000000 6
 1453734.900455 6
 1 1 37.500000 1.000000 87
 2 1 37.500000 1.000000 27
 2 0 40.277778 1.000000 28
 1 1 34.722222 1.000000 85
 2 1 51.388889 1.000000 37
 2 0 48.611111 1.000000 34
 425978.802753 5
 2 1 37.500000 1.000000 27
 1 0 48.611111 1.000000 94
 2 1 70.833333 1.000000 51
 2 0 12.500000 1.000000 8
 2 0 29.166667 1.000000 20
 1416282.684270 5
 2 1 12.500000 1.000000 9
 2 0 18.055556 1.000000 12
 2 0 12.500000 1.000000 8
 2 0 23.611111 1.000000 16
 0 0 54.166667 1.000000 218
 1733676.446701 4
 2 1 23.611111 1.000000 17
 2 0 1.388889 1.000000 0
 2 1 65.277778 1.000000 47
 2 0 62.500000 1.000000 44
 1687370.629072 2
 2 1 1.388889 1.000000 1
 2 0 65.277778 1.000000 46
 522370.534205 2
 2 0 23.611111 1.000000 16
 2 0 62.500000 1.000000 44
 919834.644739 2
 2 1 12.500000 1.000000 9
 2 0 45.833333 1.000000 32
 1991336.518634 4
 2 1 29.166667 1.000000 21
 0 1 76.388889 1.000000 235
 2 0 9.722222 1.000000 6
 2 0 15.277778 1.000000 10
 1703876.283944 5
 2 0 54.166667 1.000000 38
 2 1 54.166667 1.000000 39
 1 1 40.277778 1.000000 89
 2 0 12.500000 1.000000 8
 2 0 23.611111 1.000000 16
 1292161.839945 5
 2 1 56.944444 1.000000 41
 3 1 15.277778 1.000000 131
 2 0 54.166667 1.000000 38
 2 1 23.611111 1.000000 17
 2 0 56.944444 1.000000 40
 1366851.614400 2
 1 1 40.277778 1.000000 89
 3 1 48.611111 1.000000 155
 1683751.214856 5
 2 1 9.722222 1.000000 7
 2 0 62.500000 1.000000 44
 2 1 56.944444 1.000000 41
 2 1 62.500000 1.000000 45
 2 1 48.611111 1.000000 35
 390547.997649 2
 2 0 4.166667 1.000000 2
 2 0 76.388889 1.000000 54
 402376.110443 6
 2 1 6.944444 1.000000 5
 2 1 40.277778 1.000000 29
 2 0 9.722222 1.000000 6
 2 0 62.500000 1.000000 44
 2 0 15.277778 1.000000 10
 2 0 37.500000 1.000000 26
 229063.124577 3
 2 1 1.388889 1.000000 1
 2 0 43.055556 1.000000 30
 3 0 4.166667 1.000000 122
 511628.286108 2
 2 0 31.944444 1.000000 22
 2 1 56.944444 1.000000 41
 793857.460466 2
 2 1 29.166667 1.000000 21
 2 1 4.166667 1.000000 3
 135682.572041 2
 2 1 1.388889 1.000000 1
 2 1 6.944444 1.000000 5
 1362117.358298 3
 2 0 40.277778 1.000000 28
 2 1 18.055556 1.000000 13
 1 0 18.055556 1.000000 72
 1472476.763964 1
 2 1 26.388889 1.000000 19
 107422.910737 3
 2 1 40.277778 1.000000 29
 2 0 79.166667 1.000000 56
 2 1 56.944444 1.000000 41
 1178627.275815 1
 1 1 12.500000 1.000000 69
 933919.220722 5
 2 0 56.944444 1.000000 40
 2 1 6.944444 1.000000 5
 2 0 23.611111 1.000000 16
 2 1 18.055556 1.000000 13
 2 1 29.166667 1.000000 21
 899401.502376 3
 2 1 26.388889 1.000000 19
 2 1 4.166667 1.000000 3
 0 1 79.166667 1.000000 237
 54675.251923 3
 2 0 62.500000 1.000000 44
 1 0 15.277778 1.000000 70
 2 1 62.500000 1.000000 45
 1361054.558345 6
 2 1 48.611111 1.000000 35
 2 1 43.055556 1.000000 31
 2 0 59.722222 1.000000 42
 2 0 15.277778 1.000000 10
 1 0 1.388889 1.000000 60
 2 1 29.166667 1.000000 21
 1950997.499372 1
 2 1 37.500000 1.000000 27
 793580.017273 5
 2 0 56.944444 1.000000 40
 2 0 6.944444 1.000000 4
 2 1 56.944444 1.000000 41
 2 0 37.500000 1.000000 26
 1 0 70.833333 1.000000 110
 1860648.513558 6
 2 1 9.722222 1.000000 7
 2 0 1.388889 1.000000 0
 2 1 20.833333 1.000000 15
 2 0 26.388889 1.000000 18
 2 0 9.722222 1.000000 6
 2 0 65.277778 1.000000 46
 608688.744534 1
 1 1 65.277778 1.000000 107
 195775.128266 4
 0 1 59.722222 1.000000 223
 2 1 54.166667 1.000000 39
 0 0 43.055556 1.000000 210
 2 1 15.277778 1.000000 11
 784871.302687 5
 2 1 20.833333 1.000000 15
 2 0 23.611111 1.000000 16
 0 0 54.166667 1.000000 218
 2 1 51.388889 1.000000 37
 3 1 1.388889 1.000000 121
 1539475.261876 2
 2 1 31.944444 1.000000 23
 2 0 48.611111 1.000000 34
 487795.857232 1
 2 1 20.833333 1.000000 15
 312768.879157 6
 2 1 12.500000 1.000000 9
 2 0 12.500000 1.000000 8
 2 0 45.833333 1.000000 32
 2 0 29.166667 1.000000 20
 2 1 15.277778 1.000000 11
 2 0 65.277778 1.000000 46
 1379301.249524 6
 2 0 51.388889 1.000000 36
 2 1 18.055556 1.000000 13
 3 1 6.944444 1.000000 125
 2 0 62.500000 1.000000 44
 2 1 45.833333 1.000000 33
 2 1 65.277778 1.000000 47
 1145374.517788 4
 2 1 31.944444 1.000000 23
 2 1 4.166667 1.000000 3
 1 0 26.388889 1.000000 78
 2 0 6.944444 1.000000 4
 310388.579532 4
 2 1 4.166667 1.000000 3
 2 1 31.944444 1.000000 23
 2 1 20.833333 1.000000 15
 2 1 48.611111 1.000000 35
 1689988.431395 4
 2 0 29.166667 1.000000 20
 2 0 34.722222 1.000000 24
 2 0 12.500000 1.000000 8
 2 0 40.277778 1.000000 28
 1965429.421945 4
 2 1 15.277778 1.000000 11
 2 1 6.944444 1.000000 5
 2 0 29.166667 1.000000 20
 2 1 65.277778 1.000000 47
 875899.074299 4
 2 0 6.944444 1.000000 4
 2 1 26.388889 1.000000 19
 1 0 31.944444 1.000000 82
 1 0 51.388889 1.000000 96
 991539.968584 6
 2 0 31.944444 1.000000 22
 2 0 26.388889 1.000000 18
 0 1 9.722222 1.000000 187
 0 0 73.611111 1.000000 232
 0 1 51.388889 1.000000 217
 2 0 40.277778 1.000000 28
 159081.600774 3
 2 1 34.722222 1.000000 25
 2 0 31.944444 1.000000 22
 2 1 9.722222 1.000000 7
 589855.912602 1
 1 1 31.944444 1.000000 83
 1746496.330698 1
 2 0 1.388889 1.000000 0
 1691575.043170 2
 1 0 34.722222 1.000000 84
 2 0 9.722222 1.000000 6
 1041513.899156 2
 2 1 9.722222 1.000000 7
 2 1 43.055556 1.000000 31
 400957.663842 6
 2 1 37.500000 1.000000 27
 2 0 6.944444 1.000000 4
 2 1 6.944444 1.000000 5
 2 1 9.722222 1.000000 7
 2 1 54.166667 1.000000 39
 2 1 65.277778 1.000000 47
 1092224.853752 2
 2 1 54.166667 1.000000 39
 2 0 1.388889 1.000000 0
 487665.470376 5
 2 0 12.500000 1.000000 8
 3 0 81.944444 1.000000 178
 2 0 6.944444 1.000000 4
 1 1 81.944444 1.000000 119
 2 1 20.833333 1.000000 15
 1573291.243768 5
 2 1 43.055556 1.000000 31
 2 0 34.722222 1.000000 24
 2 1 62.500000 1.000000 45
 2 0 1.388889 1.000000 0
 2 0 31.944444 1.000000 22
 792876.203522 6
 3 0 31.944444 1.000000 142
 2 0 65.277778 1.000000 46
 2 0 29.166667 1.000000 20
 2 0 40.277778 1.000000 28
 1 1 31.944444 1.000000 83
 2 0 26.388889 1.000000 18
 576191.214256 6
 2 1 62.500000 1.000000 45
 2 1 54.166667 1.000000 39
 1 1 45.833333 1.000000 93
 2 0 34.722222 1.000000 24
 2 0 20.833333 1.000000 14
 2 1 37.500000 1.000000 27
 438597.880825 6
 2 1 54.166667 1.000000 39
 0 1 59.722222 1.000000 223
 2 1 4.166667 1.000000 3
 3 0 20.833333 1.000000 134
 2 1 6.944444 1.000000 5
 2 0 12.500000 1.000000 8
 1116842.858436 6
 2 0 29.166667 1.000000 20
 2 1 23.611111 1.000000 17
 2 0 59.722222 1.000000 42
 2 0 43.055556 1.000000 30
 2 0 6.944444 1.000000 4
 2 0 54.166667 1.000000 38
 1370574.800340 6
 2 0 37.500000 1.000000 26
 2 0 45.833333 1.000000 32
 2 1 23.611111 1.000000 17
 2 0 29.166667 1.000000 20
 2 1 34.722222 1.000000 25
 2 1 26.388889 1.000000 19
 999108.902774 5
 2 1 12.500000 1.000000 9
 2 0 45.833333 1.000000 32
 2 1 62.500000 1.000000 45
 2 0 43.055556 1.000000 30
 2 1 37.500000 1.000000 27
 129297.419325 3
 3 0 23.611111 1.000000 136
 2 0 43.055556 1.000000 30
 2 1 43.055556 1.000000 31
 638921.081684 5
 1 0 45.833333 1.000000 92
 2 0 40.277778 1.000000 28
 2 1 59.722222 1.000000 43
 2 1 20.833333 1.000000 15
 2 1 45.833333 1.000000 33
 560044.970904 5
 2 1 73.611111 1.000000 53
 2 1 6.944444 1.000000 5
 2 1 31.944444 1.000000 23
 2 0 29.166667 1.000000 20
 2 1 62.500000 1.000000 45
 447182.718817 3
 2 1 18.055556 1.000000 13
 2 0 1.388889 1.000000 0
 2 0 51.388889 1.000000 36
 1246262.412130 4
 2 1 6.944444 1.000000 5
 2 0 12.500000 1.000000 8
 2 1 9.722222 1.000000 7
 2 1 76.388889 1.000000 55
 1985769.021169 5
 1 0 51.388889 1.000000 96
 2 0 34.722222 1.000000 24
 2 0 20.833333 1.000000 14
 2 0 29.166667 1.000000 20
 2 0 65.277778 1.000000 46
 1951248.961758 6
 1 0 81.944444 1.000000 118
 2 1 20.833333 1.000000 15
 2 1 40.277778 1.000000 29
 1 1 20.833333 1.000000 75
 2 0 62.500000 1.000000 44
 2 0 48.611111 1.000000 34
 333446.600350 6
 0 0 79.166667 1.000000 236
 2 0 29.166667 1.000000 20
 2 0 4.166667 1.000000 2
 2 1 43.055556 1.000000 31
 2 1 56.944444 1.000000 41
 3 1 70.833333 1.000000 171
 782152.674823 2
 2 1 37.500000 1.000000 27
 2 0 1.388889 1.000000 0
 136682.270009 6
 2 1 20.833333 1.000000 15
 2 1 59.722222 1.000000 43
 2 0 54.166667 1.000000 38
 3 0 43.055556 1.000000 150
 2 1 12.500000 1.000000 9
 2 1 15.277778 1.000000 11
 374787.204123 1
 2 0 4.166667 1.000000 2
 486790.647491 5
 2 1 48.611111 1.000000 35
 2 1 56.944444 1.000000 41
 2 0 34.722222 1.000000 24
 2 0 20.833333 1.000000 14
 2 0 31.944444 1.000000 22
 600961.944033 2
 1 1 20.833333 1.000000 75
 2 0 18.055556 1.000000 12
 820219.862005 2
 2 0 23.611111 1.000000 16
 2 0 29.166667 1.000000 20
 74564.063230 3
 2 0 65.277778 1.000000 46
 2 1 45.833333 1.000000 33
 2 1 54.166667 1.000000 39
 1327306.664496 3
 2 1 54.166667 1.000000 39
 2 0 62.500000 1.000000 44
 2 0 12.500000 1.000000 8
 1352962.359038 4
 2 0 15.277778 1.000000 10
 2 0 29.166667 1.000000 20
 2 1 12.500000 1.000000 9
 2 0 26.388889 1.000000 18
 56801.259805 4
 2 1 9.722222 1.000000 7
 2 1 4.166667 1.000000 3
 2 0 29.166667 1.000000 20
 2 1 65.277778 1.000000 47
 1966900.035519 1
 2 0 45.833333 1.000000 32
 611236.867072 2
 2 1 56.944444 1.000000 41
 2 0 54.166667 1.000000 38
 1144059.867553 3
 2 0 45.833333 1.000000 32
 2 0 54.166667 1.000000 38
 2 1 23.611111 1.000000 17
 1438065.208606 2
 2 0 48.611111 1.000000 34
 2 0 15.277778 1.000000 10
 1639081.484433 3
 1 0 79.166667 1.000000 116
 2 1 4.166667 1.000000 3
 2 0 9.722222 1.000000 6
 1046454.922914 1
 2 1 43.055556 1.000000 31
 1317347.370944 3
 3 0 31.944444 1.000000 142
 2 0 26.388889 1.000000 18
 3 1 43.055556 1.000000 151
 106811.930959 2
 2 1 56.944444 1.000000 41
 1 0 62.500000 1.000000 104
 353953.036775 6
 2 0 20.833333 1.000000 14
 2 0 76.388889 1.000000 54
 2 0 4.166667 1.000000 2
 2 0 31.944444 1.000000 22
 2 0 12.500000 1.000000 8
 2 1 31.944444 1.000000 23
 1037284.541986 1
 2 1 9.722222 1.000000 7
 281238.456295 5
 2 1 9.722222 1.000000 7
 2 0 20.833333 1.000000 14
 1 0 12.500000 1.000000 68
 2 0 48.611111 1.000000 34
 2 0 37.500000 1.000000 26
 730169.376195 4
 2 1 59.722222 1.000000 43
 2 0 4.166667 1.000000 2
 2 1 56.944444 1.000000 41
 2 0 34.722222 1.000000 24
 1512994.940911 2
 2 1 31.944444 1.000000 23
 2 0 23.611111 1.000000 16
 1429561.360529 6
 2 1 29.166667 1.000000 21
 2 1 56.944444 1.000000 41
 2 1 23.611111 1.000000 17
 2 0 1.388889 1.000000 0
 2 0 51.388889 1.000000 36
 2 0 18.055556 1.000000 12
 76326.592619 3
 2 1 12.500000 1.000000 9
 2 1 26.388889 1.000000 19
 2 1 20.833333 1.000000 15
 895303.424678 4
 2 0 20.833333 1.000000 14
 2 0 45.833333 1.000000 32
 2 1 4.166667 1.000000 3
 2 1 37.500000 1.000000 27
 1896589.015637 2
 2 1 37.500000 1.000000 27
 2 1 9.722222 1.000000 7
 722689.008211 2
 3 0 29.166667 1.000000 140
 2 0 26.388889 1.000000 18
 1863995.362028 1
 2 1 40.277778 1.000000 29
 383839.303285 5
 2 0 6.944444 1.000000 4
 2 1 31.944444 1.000000 23
 2 0 37.500000 1.000000 26
 2 0 51.388889 1.000000 36
 2 1 37.500000 1.000000 27
 1971362.846667 3
 3 0 48.611111 1.000000 154
 1 1 45.833333 1.000000 93
 2 1 81.944444 1.000000 59
 1501510.866183 3
 2 0 54.166667 1.000000 38
 2 1 48.611111 1.000000 35
 0 1 18.055556 1.000000 193
 1161143.662483 3
 2 1 12.500000 1.000000 9
 1 0 4.166667 1.000000 62
 2 0 31.944444 1.000000 22
 1344666.602027 5
 2 1 6.944444 1.000000 5
 2 1 65.277778 1.000000 47
 2 0 51.388889 1.000000 36
 2 0 56.944444 1.000000 40
 2 0 31.944444 1.000000 22
 629555.527079 4
 2 0 26.388889 1.000000 18
 2 1 9.722222 1.000000 7
 2 1 29.166667 1.000000 21
 2 1 56.944444 1.000000 41
 630885.454021 3
 2 0 59.722222 1.000000 42
 2 1 56.944444 1.000000 41
 3 1 18.055556 1.000000 133
 835024.787968 6
 1 1 59.722222 1.000000 103
 2 0 26.388889 1.000000 18
 2 0 18.055556 1.000000 12
 2 0 81.944444 1.000000 58
 2 1 1.388889 1.000000 1
 2 0 31.944444 1.000000 22
 662311.678930 3
 2 1 15.277778 1.000000 11
 0 1 56.944444 1.000000 221
 2 0 12.500000 1.000000 8
 1461453.266731 2
 2 1 18.055556 1.000000 13
 2 0 34.722222 1.000000 24
 701761.616255 6
 2 1 56.944444 1.000000 41
 2 1 26.388889 1.000000 19
 2 0 1.388889 1.000000 0
 2 0 23.611111 1.000000 16
 2 1 4.166667 1.000000 3
 2 0 45.833333 1.000000 32
 1370286.478722 4
 2 0 45.833333 1.000000 32
 2 1 59.722222 1.000000 43
 2 0 43.055556 1.000000 30
 1 0 56.944444 1.000000 100
 1158236.962631 2
 1 0 48.611111 1.000000 94
 1 0 56.944444 1.000000 100
 60060.910201 6
 2 1 51.388889 1.000000 37
 2 1 31.944444 1.000000 23
 0 1 26.388889 1.000000 199
 2 0 4.166667 1.000000 2
 1 0 23.611111 1.000000 76
 2 1 23.611111 1.000000 17
 1764117.430748 1
 2 0 37.500000 1.000000 26
 475915.070007 2
 2 0 23.611111 1.000000 16
 2 0 56.944444 1.000000 40
 1582962.336178 6
 2 1 20.833333 1.000000 15
 1 0 18.055556 1.000000 72
 2 0 12.500000 1.000000 8
 2 0 9.722222 1.000000 6
 1 1 56.944444 1.000000 101
 2 1 31.944444 1.000000 23
 949611.239857 6
 2 0 34.722222 1.000000 24
 2 1 48.611111 1.000000 35
 2 1 68.055556 1.000000 49
 2 0 51.388889 1.000000 36
 2 0 43.055556 1.000000 30
 2 1 56.944444 1.000000 41
 1271765.059397 6
 2 1 51.388889 1.000000 37
 2 0 56.944444 1.000000 40
 2 0 9.722222 1.000000 6
 2 0 48.611111 1.000000 34
 2 0 65.277778 1.000000 46
 2 1 20.833333 1.000000 15
 342530.410226 3
 2 1 6.944444 1.000000 5
 2 1 45.833333 1.000000 33
 2 0 6.944444 1.000000 4
 598590.916488 2
 2 1 20.833333 1.000000 15
 2 1 12.500000 1.000000 9
 1703990.946870 6
 2 1 6.944444 1.000000 5
 2 0 9.722222 1.000000 6
 2 0 31.944444 1.000000 22
 2 0 45.833333 1.000000 32
 2 0 43.055556 1.000000 30
 2 1 34.722222 1.000000 25
 1730931.779617 5
 2 0 54.166667 1.000000 38
 2 0 4.166667 1.000000 2
 2 1 31.944444 1.000000 23
 2 0 31.944444 1.000000 22
 0 0 54.166667 1.000000 218
 729310.017121 5
 2 0 31.944444 1.000000 22
 1 0 45.833333 1.000000 92
 2 0 15.277778 1.000000 10
 2 1 9.722222 1.000000 7
 2 1 18.055556 1.000000 13
 1804364.880121 6
 2 1 18.055556 1.000000 13
 2 0 15.277778 1.000000 10
 2 0 1.388889 1.000000 0
 2 0 51.388889 1.000000 36
 1 0 1.388889 1.000000 60
 2 0 40.277778 1.000000 28
 1278907.969854 3
 2 1 40.277778 1.000000 29
 2 1 12.500000 1.000000 9
 2 0 65.277778 1.000000 46
 1192667.596989 4
 2 0 9.722222 1.000000 6
 2 1 37.500000 1.000000 27
 2 0 65.277778 1.000000 46
 2 1 26.388889 1.000000 19
 1793612.092209 1
 2 0 23.611111 1.000000 16
 1156110.930106 2
 2 1 31.944444 1.000000 23
 2 0 23.611111 1.000000 16
 333235.684490 4
 2 1 34.722222 1.000000 25
 0 1 45.833333 1.000000 213
 3 1 79.166667 1.000000 177
 3 1 1.388889 1.000000 121
 392113.081660 3
 2 1 29.166667 1.000000 21
 2 0 56.944444 1.000000 40
 2 1 15.277778 1.000000 11
 298115.079244 3
 2 1 26.388889 1.000000 19
 1 1 45.833333 1.000000 93
 2 0 40.277778 1.000000 28
 1360024.824459 3
 2 1 40.277778 1.000000 29
 2 1 48.611111 1.000000 35
 2 1 9.722222 1.000000 7
 1415270.446770 2
 0 1 31.944444 1.000000 203
 2 1 26.388889 1.000000 19
 373570.854912 6
 2 1 12.500000 1.000000 9
 2 0 51.388889 1.000000 36
 2 0 15.277778 1.000000 10
 2 0 23.611111 1.000000 16
 2 0 29.166667 1.000000 20
 2 1 56.944444 1.000000 41
 1900498.252856 3
 2 0 59.722222 1.000000 42
 3 0 29.166667 1.000000 140
 2 1 40.277778 1.000000 29
 1439520.016107 5
 2 0 15.277778 1.000000 10
 2 0 31.944444 1.000000 22
 2 1 56.944444 1.000000 41
 3 1 51.388889 1.000000 157
 1 1 18.055556 1.000000 73
 1430445.753033 6
 2 1 12.500000 1.000000 9
 2 0 40.277778 1.000000 28
 2 1 6.944444 1.000000 5
 2 0 18.055556 1.000000 12
 1 1 9.722222 1.000000 67
 2 0 12.500000 1.000000 8
 1389124.907306 1
 2 1 12.500000 1.000000 9
 763360.872233 5
 1 1 37.500000 1.000000 87
 2 1 40.277778 1.000000 29
 2 1 12.500000 1.000000 9
 2 1 31.944444 1.000000 23
 2 0 4.166667 1.000000 2
 1980870.720717 5
 2 0 9.722222 1.000000 6
 1 0 12.500000 1.000000 68
 2 0 4.166667 1.000000 2
 1 0 23.611111 1.000000 76
 1 0 45.833333 1.000000 92
 1591230.698615 6
 2 1 1.388889 1.000000 1
 2 1 48.611111 1.000000 35
 2 0 18.055556 1.000000 12
 2 1 26.388889 1.000000 19
 2 0 54.166667 1.000000 38
 1 1 79.166667 1.000000 117
 167703.182999 5
 2 0 4.166667 1.000000 2
 2 1 37.500000 1.000000 27
 2 0 29.166667 1.000000 20
 2 0 20.833333 1.000000 14
 2 0 45.833333 1.000000 32
 1855708.663527 1
 2 1 40.277778 1.000000 29
 1961186.319572 5
 2 0 48.611111 1.000000 34
 2 0 34.722222 1.000000 24
 2 0 81.944444 1.000000 58
 2 0 43.055556 1.000000 30
 2 1 23.611111 1.000000 17
 836364.572028 2
 2 0 23.611111 1.000000 16
 2 1 45.833333 1.000000 33
 98350.427420 5
 2 1 37.500000 1.000000 27
 3 0 20.833333 1.000000 134
 2 1 48.611111 1.000000 35
 1 1 18.055556 1.000000 73
 2 0 65.277778 1.000000 46
 154732.713268 3
 2 0 29.166667 1.000000 20
 2 0 26.388889 1.000000 18
 2 0 43.055556 1.000000 30
 1028959.397072 5
 1 1 70.833333 1.000000 111
 2 0 51.388889 1.000000 36
 2 1 59.722222 1.000000 43
 2 0 43.055556 1.000000 30
 2 0 9.722222 1.000000 6
 98921.496821 2
 2 0 29.166667 1.000000 20
 2 1 48.611111 1.000000 35
 1205983.100536 2
 2 0 51.388889 1.000000 36
 3 1 31.944444 1.000000 143
 1213775.328572 2
 2 0 43.055556 1.000000 30
 2 0 40.277778 1.000000 28
 1408377.023623 1
 2 1 20.833333 1.000000 15
 1713664.109276 5
 2 0 45.833333 1.000000 32
 2 0 18.055556 1.000000 12
 2 1 51.388889 1.000000 37
 2 0 65.277778 1.000000 46
 2 0 37.500000 1.000000 26
 569965.693005 5
 2 0 31.944444 1.000000 22
 2 1 15.277778 1.000000 11
 2 0 56.944444 1.000000 40
 2 1 59.722222 1.000000 43
 2 1 4.166667 1.000000 3
 1853142.298932 3
 2 0 23.611111 1.000000 16
 2 1 45.833333 1.000000 33
 2 0 40.277778 1.000000 28
 923189.210055 5
 2 1 65.277778 1.000000 47
 2 0 9.722222 1.000000 6
 1 1 18.055556 1.000000 73
 2 0 40.277778 1.000000 28
 2 0 65.277778 1.000000 46
 104404.628307 3
 2 1 31.944444 1.000000 23
 2 0 40.277778 1.000000 28
 1 0 15.277778 1.000000 70
 1297720.211361 2
 2 0 48.611111 1.000000 34
 2 1 51.388889 1.000000 37
 636645.395289 6
 2 1 9.722222 1.000000 7
 2 0 23.611111 1.000000 16
 3 0 51.388889 1.000000 156
 2 1 20.833333 1.000000 15
 0 1 56.944444 1.000000 221
 2 0 4.166667 1.000000 2
 598835.013415 2
 2 1 29.166667 1.000000 21
 2 1 43.055556 1.000000 31
 244354.911858 1
 1 0 18.055556 1.000000 72
 51569.281300 3
 2 1 4.166667 1.000000 3
 2 1 48.611111 1.000000 35
 2 1 54.166667 1.000000 39
 256061.553925 2
 2 0 40.277778 1.000000 28
 2 0 1.388889 1.000000 0
 1124377.306404 5
 2 1 31.944444 1.000000 23
 2 0 34.722222 1.000000 24
 2 1 1.388889 1.000000 1
 2 1 34.722222 1.000000 25
 2 1 56.944444 1.000000 41
 1036353.639400 4
 2 0 34.722222 1.000000 24
 2 0 65.277778 1.000000 46
 2 1 73.611111 1.000000 53
 2 1 29.166667 1.000000 21
 861514.005895 5
 2 0 1.388889 1.000000 0
 2 0 34.722222 1.000000 24
 0 0 34.722222 1.000000 204
 1 0 76.388889 1.000000 114
 2 0 54.166667 1.000000 38
 172049.462019 3
 2 0 18.055556 1.000000 12
 0 1 31.944444 1.000000 203
 1 1 18.055556 1.000000 73
 1544008.093245 2
 2 0 59.722222 1.000000 42
 2 0 6.944444 1.000000 4
 1997490.160501 6
 2 1 29.166667 1.000000 21
 2 0 56.944444 1.000000 40
 2 0 29.166667 1.000000 20
 2 1 20.833333 1.000000 15
 1 0 37.500000 1.000000 86
 1 0 12.500000 1.000000 68
 1742661.644324 3
 2 1 12.500000 1.000000 9
 2 0 65.277778 1.000000 46
 2 0 62.500000 1.000000 44
 1503181.811079 2
 2 1 59.722222 1.000000 43
 2 0 26.388889 1.000000 18
 416812.019673 5
 3 1 26.388889 1.000000 139
 2 1 18.055556 1.000000 13
 2 1 4.166667 1.000000 3
 2 1 43.055556 1.000000 31
 1 0 20.833333 1.000000 74
 1403217.055929 1
 2 0 15.277778 1.000000 10
 394721.174722 4
 2 1 26.388889 1.000000 19
 2 0 26.388889 1.000000 18
 2 1 62.500000 1.000000 45
 2 0 4.166667 1.000000 2
 1155153.043659 5
 2 0 26.388889 1.000000 18
 2 1 29.166667 1.000000 21
 2 1 40.277778 1.000000 29
 3 1 12.500000 1.000000 129
 2 1 43.055556 1.000000 31
 1080686.586779 3
 2 1 59.722222 1.000000 43
 2 1 62.500000 1.000000 45
 2 0 62.500000 1.000000 44
 1811338.546598 6
 2 0 6.944444 1.000000 4
 2 1 70.833333 1.000000 51
 2 0 18.055556 1.000000 12
 2 1 18.055556 1.000000 13
 2 0 59.722222 1.000000 42
 1 1 43.055556 1.000000 91
 1253574.403195 2
 2 1 12.500000 1.000000 9
 2 1 29.166667 1.000000 21
 682659.369205 3
 2 0 4.166667 1.000000 2
 2 1 26.388889 1.000000 19
 2 0 59.722222 1.000000 42
 738487.256960 5
 2 0 12.500000 1.000000 8
 2 0 1.388889 1.000000 0
 2 0 20.833333 1.000000 14
 2 1 31.944444 1.000000 23
 3 0 59.722222 1.000000 162