 Numero de pedidos 
 200
 duedate num_referencias // pasillo lado altura peso
 1386596.579322 3
 3 1 15.277778 1.000000 191
 3 1 65.277778 1.000000 227
 2 1 62.500000 1.000000 165
 1366512.660965 1
 0 1 23.611111 1.000000 17
 1727636.680104 6
 2 1 81.944444 1.000000 179
 2 0 23.611111 1.000000 136
 3 1 37.500000 1.000000 207
 1 0 31.944444 1.000000 82
 3 1 76.388889 1.000000 235
 2 1 59.722222 1.000000 163
 1073817.319960 3
 0 0 79.166667 1.000000 56
 1 1 81.944444 1.000000 119
 0 1 29.166667 1.000000 21
 1996283.819916 6
 2 1 9.722222 1.000000 127
 2 0 79.166667 1.000000 176
 3 0 48.611111 1.000000 214
 1 1 54.166667 1.000000 99
 1 0 45.833333 1.000000 92
 1 1 81.944444 1.000000 119
 105403.414492 1
 1 0 51.388889 1.000000 96
 1474139.361342 6
 0 1 4.166667 1.000000 3
 3 0 12.500000 1.000000 188
 1 1 76.388889 1.000000 115
 2 1 9.722222 1.000000 127
 2 1 26.388889 1.000000 139
 3 1 12.500000 1.000000 189
 1235654.967425 5
 1 1 70.833333 1.000000 111
 1 1 51.388889 1.000000 97
 2 1 31.944444 1.000000 143
 2 0 79.166667 1.000000 176
 1 1 1.388889 1.000000 61
 1601528.848857 5
 1 1 54.166667 1.000000 99
 0 1 20.833333 1.000000 15
 2 0 23.611111 1.000000 136
 1 1 81.944444 1.000000 119
 1 0 45.833333 1.000000 92
 1481677.281205 1
 1 0 45.833333 1.000000 92
 1626136.155830 3
 1 1 1.388889 1.000000 61
 1 1 68.055556 1.000000 109
 1 1 70.833333 1.000000 111
 885933.552108 1
 1 1 68.055556 1.000000 109
 1369089.116328 6
 3 0 59.722222 1.000000 222
 0 1 20.833333 1.000000 15
 1 1 1.388889 1.000000 61
 1 1 81.944444 1.000000 119
 3 0 12.500000 1.000000 188
 2 0 9.722222 1.000000 126
 1357933.782878 6
 1 1 70.833333 1.000000 111
 3 0 48.611111 1.000000 214
 3 1 37.500000 1.000000 207
 3 0 51.388889 1.000000 216
 3 0 62.500000 1.000000 224
 3 0 12.500000 1.000000 188
 1484060.013166 2
 3 1 15.277778 1.000000 191
 2 1 31.944444 1.000000 143
 429931.560974 5
 3 1 76.388889 1.000000 235
 2 1 76.388889 1.000000 175
 1 1 48.611111 1.000000 95
 1 1 37.500000 1.000000 87
 3 0 59.722222 1.000000 222
 658977.736895 4
 0 1 73.611111 1.000000 53
 1 0 43.055556 1.000000 90
 1 1 37.500000 1.000000 87
 1 1 81.944444 1.000000 119
 1834992.487708 5
 1 1 1.388889 1.000000 61
 3 0 26.388889 1.000000 198
 1 0 51.388889 1.000000 96
 2 1 1.388889 1.000000 121
 1 0 18.055556 1.000000 72
 438344.335667 1
 3 1 37.500000 1.000000 207
 1245280.491656 5
 2 0 29.166667 1.000000 140
 2 0 9.722222 1.000000 126
 2 1 51.388889 1.000000 157
 0 0 1.388889 1.000000 0
 3 0 48.611111 1.000000 214
 1195452.582424 2
 0 1 20.833333 1.000000 15
 3 0 59.722222 1.000000 222
 167983.503923 1
 2 0 23.611111 1.000000 136
 1578488.912200 3
 2 1 81.944444 1.000000 179
 2 1 59.722222 1.000000 163
 2 1 31.944444 1.000000 143
 997392.204421 4
 3 0 12.500000 1.000000 188
 1 0 43.055556 1.000000 90
 2 0 65.277778 1.000000 166
 3 1 76.388889 1.000000 235
 894562.612965 4
 3 1 1.388889 1.000000 181
 1 0 51.388889 1.000000 96
 3 0 70.833333 1.000000 230
 3 0 62.500000 1.000000 224
 323388.515657 6
 3 1 12.500000 1.000000 189
 2 1 51.388889 1.000000 157
 3 1 15.277778 1.000000 191
 3 0 59.722222 1.000000 222
 2 0 9.722222 1.000000 126
 2 1 68.055556 1.000000 169
 1923818.494009 1
 1 1 37.500000 1.000000 87
 925932.175874 5
 2 1 81.944444 1.000000 179
 2 0 23.611111 1.000000 136
 2 1 62.500000 1.000000 165
 3 1 54.166667 1.000000 219
 1 1 70.833333 1.000000 111
 697048.526489 6
 3 0 59.722222 1.000000 222
 1 1 1.388889 1.000000 61
 2 0 9.722222 1.000000 126
 1 1 70.833333 1.000000 111
 1 1 68.055556 1.000000 109
 1 0 56.944444 1.000000 100
 164987.891039 2
 1 0 4.166667 1.000000 62
 2 1 18.055556 1.000000 133
 1963322.371674 5
 2 1 34.722222 1.000000 145
 0 0 62.500000 1.000000 44
 2 0 23.611111 1.000000 136
 1 1 54.166667 1.000000 99
 2 1 59.722222 1.000000 163
 605992.739669 3
 0 0 20.833333 1.000000 14
 3 0 43.055556 1.000000 210
 1 1 54.166667 1.000000 99
 1590205.357536 3
 3 0 40.277778 1.000000 208
 0 0 79.166667 1.000000 56
 2 1 68.055556 1.000000 169
 1771069.823192 1
 1 0 68.055556 1.000000 108
 422545.998386 6
 3 0 26.388889 1.000000 198
 0 0 20.833333 1.000000 14
 1 0 56.944444 1.000000 100
 2 1 18.055556 1.000000 133
 1 0 31.944444 1.000000 82
 3 0 12.500000 1.000000 188
 1708141.101183 2
 3 1 12.500000 1.000000 189
 3 0 59.722222 1.000000 222
 443925.126551 2
 1 1 43.055556 1.000000 91
 3 0 37.500000 1.000000 206
 699761.052066 4
 2 0 23.611111 1.000000 136
 2 1 59.722222 1.000000 163
 0 0 37.500000 1.000000 26
 1 1 6.944444 1.000000 65
 662943.893495 3
 3 1 15.277778 1.000000 191
 0 0 62.500000 1.000000 44
 0 0 20.833333 1.000000 14
 1028158.226026 5
 0 1 6.944444 1.000000 5
 2 0 65.277778 1.000000 166
 1 0 48.611111 1.000000 94
 3 1 1.388889 1.000000 181
 1 1 37.500000 1.000000 87
 508176.183695 3
 0 0 79.166667 1.000000 56
 1 0 56.944444 1.000000 100
 1 0 51.388889 1.000000 96
 625130.579129 4
 2 1 48.611111 1.000000 155
 2 1 9.722222 1.000000 127
 0 1 20.833333 1.000000 15
 3 0 37.500000 1.000000 206
 1397088.048643 3
 3 0 62.500000 1.000000 224
 2 0 79.166667 1.000000 176
 1 0 70.833333 1.000000 110
 1015357.767854 1
 1 1 81.944444 1.000000 119
 1778526.134332 5
 2 0 1.388889 1.000000 120
 2 1 59.722222 1.000000 163
 3 1 12.500000 1.000000 189
 3 0 12.500000 1.000000 188
 2 1 18.055556 1.000000 133
 1888426.617220 6
 3 1 76.388889 1.000000 235
 3 0 43.055556 1.000000 210
 1 1 37.500000 1.000000 87
 1 0 51.388889 1.000000 96
 2 0 9.722222 1.000000 126
 3 0 4.166667 1.000000 182
 597515.771406 2
 2 1 31.944444 1.000000 143
 2 1 68.055556 1.000000 169
 1829471.730324 5
 2 1 40.277778 1.000000 149
 3 1 45.833333 1.000000 213
 0 0 20.833333 1.000000 14
 0 1 20.833333 1.000000 15
 3 0 26.388889 1.000000 198
 1041787.468866 5
 3 0 12.500000 1.000000 188
 0 0 1.388889 1.000000 0
 1 0 56.944444 1.000000 100
 1 0 51.388889 1.000000 96
 3 0 48.611111 1.000000 214
 153100.878314 2
 2 1 31.944444 1.000000 143
 2 1 9.722222 1.000000 127
 843780.096603 6
 1 0 29.166667 1.000000 80
 0 1 15.277778 1.000000 11
 2 0 1.388889 1.000000 120
 0 1 76.388889 1.000000 55
 2 1 62.500000 1.000000 165
 0 1 1.388889 1.000000 1
 1249305.024300 3
 1 1 68.055556 1.000000 109
 0 1 20.833333 1.000000 15
 0 0 1.388889 1.000000 0
 696200.409092 5
 2 1 62.500000 1.000000 165
 2 0 9.722222 1.000000 126
 3 0 43.055556 1.000000 210
 2 0 18.055556 1.000000 132
 2 1 68.055556 1.000000 169
 752193.486631 6
 1 1 70.833333 1.000000 111
 3 0 26.388889 1.000000 198
 1 0 51.388889 1.000000 96
 2 0 79.166667 1.000000 176
 3 0 43.055556 1.000000 210
 1 1 76.388889 1.000000 115
 232271.787204 1
 0 0 20.833333 1.000000 14
 1566117.830093 5
 1 1 54.166667 1.000000 99
 3 1 12.500000 1.000000 189
 1 0 4.166667 1.000000 62
 3 0 26.388889 1.000000 198
 3 1 40.277778 1.000000 209
 1658880.652552 3
 1 1 68.055556 1.000000 109
 1 0 56.944444 1.000000 100
 1 1 37.500000 1.000000 87
 270894.371882 6
 2 1 62.500000 1.000000 165
 1 1 54.166667 1.000000 99
 3 1 51.388889 1.000000 217
 2 1 68.055556 1.000000 169
 3 0 70.833333 1.000000 230
 2 1 31.944444 1.000000 143
 1309944.006219 6
 2 0 79.166667 1.000000 176
 1 0 18.055556 1.000000 72
 0 0 18.055556 1.000000 12
 1 1 1.388889 1.000000 61
 1 0 45.833333 1.000000 92
 0 1 23.611111 1.000000 17
 1852642.139631 5
 2 1 81.944444 1.000000 179
 3 0 12.500000 1.000000 188
 2 1 62.500000 1.000000 165
 2 0 9.722222 1.000000 126
 1 0 56.944444 1.000000 100
 980072.268536 3
 3 0 59.722222 1.000000 222
 0 1 51.388889 1.000000 37
 0 1 23.611111 1.000000 17
 1692799.772757 1
 2 0 37.500000 1.000000 146
 1156548.925674 5
 0 0 20.833333 1.000000 14
 2 0 79.166667 1.000000 176
 3 0 9.722222 1.000000 186
 3 0 76.388889 1.000000 234
 1 1 81.944444 1.000000 119
 200401.781146 3
 2 1 81.944444 1.000000 179
 3 0 43.055556 1.000000 210
 3 1 18.055556 1.000000 193
 1429166.737194 3
 2 0 65.277778 1.000000 166
 2 1 62.500000 1.000000 165
 1 1 29.166667 1.000000 81
 1791331.984713 1
 2 1 9.722222 1.000000 127
 863571.272243 5
 1 1 29.166667 1.000000 81
 1 0 51.388889 1.000000 96
 2 0 40.277778 1.000000 148
 0 1 43.055556 1.000000 31
 3 0 9.722222 1.000000 186
 715979.364643 1
 1 0 56.944444 1.000000 100
 1866354.747222 4
 0 1 20.833333 1.000000 15
 3 0 62.500000 1.000000 224
 0 0 79.166667 1.000000 56
 1 0 51.388889 1.000000 96
 1663858.132131 6
 1 1 68.055556 1.000000 109
 2 0 51.388889 1.000000 156
 0 1 73.611111 1.000000 53
 3 0 12.500000 1.000000 188
 3 1 76.388889 1.000000 235
 2 1 65.277778 1.000000 167
 1214472.811862 4
 2 0 23.611111 1.000000 136
 0 1 51.388889 1.000000 37
 3 0 12.500000 1.000000 188
 2 0 79.166667 1.000000 176
 54481.143362 1
 1 1 1.388889 1.000000 61
 1497017.531738 2
 0 0 43.055556 1.000000 30
 3 0 62.500000 1.000000 224
 235101.874431 6
 2 1 48.611111 1.000000 155
 3 1 68.055556 1.000000 229
 3 0 12.500000 1.000000 188
 3 0 48.611111 1.000000 214
 0 0 29.166667 1.000000 20
 2 1 62.500000 1.000000 165
 80313.451905 6
 0 1 23.611111 1.000000 17
 3 0 54.166667 1.000000 218
 3 1 15.277778 1.000000 191
 1 1 1.388889 1.000000 61
 0 0 1.388889 1.000000 0
 2 0 9.722222 1.000000 126
 1404900.127819 5
 0 1 12.500000 1.000000 9
 3 1 76.388889 1.000000 235
 3 1 12.500000 1.000000 189
 2 1 48.611111 1.000000 155
 2 1 18.055556 1.000000 133
 1105868.006081 1
 3 0 26.388889 1.000000 198
 1378937.116628 5
 2 1 48.611111 1.000000 155
 3 0 68.055556 1.000000 228
 2 1 81.944444 1.000000 179
 0 1 12.500000 1.000000 9
 0 0 20.833333 1.000000 14
 1454841.367442 3
 0 0 29.166667 1.000000 20
 3 1 15.277778 1.000000 191
 2 0 48.611111 1.000000 154
 523572.473770 2
 3 0 26.388889 1.000000 198
 2 1 68.055556 1.000000 169
 57672.598929 4
 0 0 20.833333 1.000000 14
 3 0 48.611111 1.000000 214
 2 1 9.722222 1.000000 127
 3 0 37.500000 1.000000 206
 822944.144021 4
 0 0 20.833333 1.000000 14
 2 1 68.055556 1.000000 169
 3 0 6.944444 1.000000 184
 2 0 18.055556 1.000000 132
 1235488.247050 5
 3 1 54.166667 1.000000 219
 3 1 12.500000 1.000000 189
 0 1 40.277778 1.000000 29
 0 1 20.833333 1.000000 15
 2 0 79.166667 1.000000 176
 141947.158511 2
 2 0 23.611111 1.000000 136
 1 0 56.944444 1.000000 100
 105172.823642 2
 0 0 79.166667 1.000000 56
 1 1 70.833333 1.000000 111
 1946305.723799 6
 1 1 23.611111 1.000000 77
 2 1 31.944444 1.000000 143
 3 0 12.500000 1.000000 188
 0 0 20.833333 1.000000 14
 1 0 4.166667 1.000000 62
 3 1 76.388889 1.000000 235
 1160135.784019 4
 2 1 81.944444 1.000000 179
 3 1 15.277778 1.000000 191
 3 0 48.611111 1.000000 214
 1 1 37.500000 1.000000 87
 424534.306892 1
 3 1 81.944444 1.000000 239
 1848222.080995 3
 2 0 9.722222 1.000000 126
 1 0 4.166667 1.000000 62
 2 0 65.277778 1.000000 166
 1056219.785724 4
 1 1 18.055556 1.000000 73
 1 0 51.388889 1.000000 96
 1 0 20.833333 1.000000 74
 2 1 62.500000 1.000000 165
 1851095.911922 1
 3 0 12.500000 1.000000 188
 242911.253852 1
 0 1 43.055556 1.000000 31
 1956820.128261 6
 0 0 40.277778 1.000000 28
 3 1 12.500000 1.000000 189
 2 1 9.722222 1.000000 127
 2 1 68.055556 1.000000 169
 0 1 20.833333 1.000000 15
 2 1 59.722222 1.000000 163
 1618614.260172 5
 2 0 23.611111 1.000000 136
 3 1 76.388889 1.000000 235
 0 0 79.166667 1.000000 56
 1 1 70.833333 1.000000 111
 3 0 59.722222 1.000000 222
 1296987.365660 4
 3 1 54.166667 1.000000 219
 1 1 1.388889 1.000000 61
 2 1 62.500000 1.000000 165
 3 1 76.388889 1.000000 235
 1144602.125876 4
 0 1 20.833333 1.000000 15
 3 0 51.388889 1.000000 216
 2 0 9.722222 1.000000 126
 3 0 48.611111 1.000000 214
 1992733.297829 6
 3 0 48.611111 1.000000 214
 3 1 76.388889 1.000000 235
 2 0 65.277778 1.000000 166
 1 1 70.833333 1.000000 111
 1 1 54.166667 1.000000 99
 3 0 9.722222 1.000000 186
 1414817.137986 5
 2 0 79.166667 1.000000 176
 3 1 70.833333 1.000000 231
 2 1 68.055556 1.000000 169
 2 1 18.055556 1.000000 133
 1 1 70.833333 1.000000 111
 622026.204812 1
 1 0 51.388889 1.000000 96
 408894.310523 6
 0 1 73.611111 1.000000 53
 2 1 31.944444 1.000000 143
 2 1 62.500000 1.000000 165
 1 1 37.500000 1.000000 87
 2 0 23.611111 1.000000 136
 1 0 51.388889 1.000000 96
 539735.813746 2
 3 0 12.500000 1.000000 188
 0 1 73.611111 1.000000 53
 1942148.856605 2
 0 0 20.833333 1.000000 14
 2 1 15.277778 1.000000 131
 1544696.122829 6
 1 1 81.944444 1.000000 119
 0 1 23.611111 1.000000 17
 3 1 12.500000 1.000000 189
 1 0 45.833333 1.000000 92
 0 0 1.388889 1.000000 0
 1 1 34.722222 1.000000 85
 1685511.489886 5
 0 0 23.611111 1.000000 16
 3 1 1.388889 1.000000 181
 3 0 9.722222 1.000000 186
 1 0 4.166667 1.000000 62
 3 1 62.500000 1.000000 225
 157804.799135 2
 3 0 59.722222 1.000000 222
 1 1 37.500000 1.000000 87
 1208984.099240 2
 2 0 15.277778 1.000000 130
 3 1 43.055556 1.000000 211
 1229738.021432 1
 2 1 68.055556 1.000000 169
 808856.309712 1
 2 1 81.944444 1.000000 179
 1171212.067945 6
 0 0 51.388889 1.000000 36
 1 1 68.055556 1.000000 109
 2 1 31.944444 1.000000 143
 2 1 81.944444 1.000000 179
 2 1 48.611111 1.000000 155
 3 1 15.277778 1.000000 191
 1044445.095772 1
 1 1 81.944444 1.000000 119
 655061.530329 1
 3 1 1.388889 1.000000 181
 289962.967825 1
 1 1 68.055556 1.000000 109
 377175.504443 3
 1 1 1.388889 1.000000 61
 2 1 56.944444 1.000000 161
 0 0 79.166667 1.000000 56
 294195.157091 2
 2 0 65.277778 1.000000 166
 3 1 81.944444 1.000000 239
 813937.664150 5
 1 0 31.944444 1.000000 82
 3 0 12.500000 1.000000 188
 1 0 18.055556 1.000000 72
 2 1 81.944444 1.000000 179
 0 1 73.611111 1.000000 53
 1031314.977236 4
 1 1 81.944444 1.000000 119
 1 0 4.166667 1.000000 62
 2 1 59.722222 1.000000 163
 3 1 12.500000 1.000000 189
 632104.338702 4
 1 0 45.833333 1.000000 92
 2 1 81.944444 1.000000 179
 2 1 9.722222 1.000000 127
 2 1 48.611111 1.000000 155
 228789.087566 2
 3 1 79.166667 1.000000 237
 1 0 43.055556 1.000000 90
 78683.914206 6
 3 1 76.388889 1.000000 235
 2 0 79.166667 1.000000 176
 3 1 37.500000 1.000000 207
 1 1 79.166667 1.000000 117
 2 1 9.722222 1.000000 127
 2 0 12.500000 1.000000 128
 1377721.829795 5
 1 1 15.277778 1.000000 71
 3 1 37.500000 1.000000 207
 1 1 56.944444 1.000000 101
 3 1 12.500000 1.000000 189
 2 1 68.055556 1.000000 169
 1124120.354151 6
 2 0 79.166667 1.000000 176
 2 1 59.722222 1.000000 163
 2 0 9.722222 1.000000 126
 2 1 31.944444 1.000000 143
 0 0 79.166667 1.000000 56
 1 1 1.388889 1.000000 61
 1104887.521279 2
 0 1 23.611111 1.000000 17
 3 1 37.500000 1.000000 207
 410144.546316 3
 0 0 20.833333 1.000000 14
 2 0 23.611111 1.000000 136
 2 0 65.277778 1.000000 166
 566624.640155 6
 1 0 51.388889 1.000000 96
 2 1 45.833333 1.000000 153
 0 0 79.166667 1.000000 56
 1 1 81.944444 1.000000 119
 3 0 26.388889 1.000000 198
 2 0 65.277778 1.000000 166
 637302.970028 5
 2 1 56.944444 1.000000 161
 2 1 9.722222 1.000000 127
 3 0 40.277778 1.000000 208
 0 0 1.388889 1.000000 0
 1 1 68.055556 1.000000 109
 1947143.410904 6
 2 1 62.500000 1.000000 165
 1 1 54.166667 1.000000 99
 2 1 18.055556 1.000000 133
 0 0 62.500000 1.000000 44
 3 0 26.388889 1.000000 198
 1 0 29.166667 1.000000 80
 153798.104224 5
 0 0 70.833333 1.000000 50
 0 1 62.500000 1.000000 45
 1 1 37.500000 1.000000 87
 2 1 56.944444 1.000000 161
 2 0 79.166667 1.000000 176
 1266317.953852 5
 0 0 68.055556 1.000000 48
 3 0 59.722222 1.000000 222
 1 0 59.722222 1.000000 102
 3 1 81.944444 1.000000 239
 2 1 31.944444 1.000000 143
 367557.530034 5
 3 0 59.722222 1.000000 222
 1 1 68.055556 1.000000 109
 3 0 12.500000 1.000000 188
 2 1 4.166667 1.000000 123
 2 1 68.055556 1.000000 169
 858215.123256 5
 2 1 62.500000 1.000000 165
 2 0 6.944444 1.000000 124
 3 0 62.500000 1.000000 224
 1 0 56.944444 1.000000 100
 2 1 4.166667 1.000000 123
 77258.332147 2
 1 0 37.500000 1.000000 86
 2 0 23.611111 1.000000 136
 1530525.260554 3
 2 1 48.611111 1.000000 155
 0 1 51.388889 1.000000 37
 2 1 59.722222 1.000000 163
 1635764.038468 2
 1 1 1.388889 1.000000 61
 2 0 23.611111 1.000000 136
 271400.627080 5
 1 1 43.055556 1.000000 91
 2 0 43.055556 1.000000 150
 1 1 68.055556 1.000000 109
 1 1 45.833333 1.000000 93
 0 1 23.611111 1.000000 17
 353199.483824 2
 3 0 62.500000 1.000000 224
 0 1 73.611111 1.000000 53
 899739.983948 5
 2 1 26.388889 1.000000 139
 1 0 51.388889 1.000000 96
 1 1 70.833333 1.000000 111
 2 0 79.166667 1.000000 176
 1 0 48.611111 1.000000 94
 1960918.305442 2
 0 0 45.833333 1.000000 32
 2 1 59.722222 1.000000 163
 438433.555364 6
 0 0 1.388889 1.000000 0
 0 1 23.611111 1.000000 17
 2 1 81.944444 1.000000 179
 1 1 54.166667 1.000000 99
 2 0 9.722222 1.000000 126
 1 0 51.388889 1.000000 96
 1921367.099919 4
 2 1 9.722222 1.000000 127
 0 0 79.166667 1.000000 56
 1 1 43.055556 1.000000 91
 2 1 59.722222 1.000000 163
 970044.830353 5
 1 1 81.944444 1.000000 119
 1 0 70.833333 1.000000 110
 2 1 81.944444 1.000000 179
 3 0 43.055556 1.000000 210
 0 0 54.166667 1.000000 38
 435132.123565 1
 0 1 20.833333 1.000000 15
 1071893.093675 2
 3 1 12.500000 1.000000 189
 1 1 68.055556 1.000000 109
 937317.811762 3
 3 1 37.500000 1.000000 207
 0 1 23.611111 1.000000 17
 2 1 68.055556 1.000000 169
 949511.469393 4
 1 0 56.944444 1.000000 100
 3 0 59.722222 1.000000 222
 1 1 54.166667 1.000000 99
 3 0 48.611111 1.000000 214
 1425089.818530 1
 2 0 62.500000 1.000000 164
 576709.093552 1
 2 1 68.055556 1.000000 169
 1961782.149506 2
 1 1 1.388889 1.000000 61
 1 1 15.277778 1.000000 71
 885377.849771 2
 3 1 37.500000 1.000000 207
 0 1 23.611111 1.000000 17
 1693247.103381 1
 1 0 43.055556 1.000000 90
 1745969.393806 4
 1 0 51.388889 1.000000 96
 2 1 9.722222 1.000000 127
 0 1 20.833333 1.000000 15
 1 1 37.500000 1.000000 87
 1381612.090236 5
 3 0 70.833333 1.000000 230
 0 0 79.166667 1.000000 56
 1 1 1.388889 1.000000 61
 2 1 81.944444 1.000000 179
 1 1 37.500000 1.000000 87
 1970916.859531 2
 3 1 76.388889 1.000000 235
 3 1 37.500000 1.000000 207
 174393.725663 4
 3 0 23.611111 1.000000 196
 3 1 76.388889 1.000000 235
 2 0 48.611111 1.000000 154
 2 1 48.611111 1.000000 155
 240601.968374 3
 2 1 62.500000 1.000000 165
 1 0 45.833333 1.000000 92
 1 0 4.166667 1.000000 62
 1406444.138590 1
 1 0 79.166667 1.000000 116
 852665.717254 2
 2 1 31.944444 1.000000 143
 3 0 26.388889 1.000000 198
 995022.694690 4
 3 1 12.500000 1.000000 189
 2 1 31.944444 1.000000 143
 3 0 12.500000 1.000000 188
 3 0 4.166667 1.000000 182
 1283123.394718 2
 2 1 48.611111 1.000000 155
 2 0 26.388889 1.000000 138
 1460688.233888 5
 2 1 59.722222 1.000000 163
 2 0 65.277778 1.000000 166
 1 1 68.055556 1.000000 109
 2 1 9.722222 1.000000 127
 1 0 51.388889 1.000000 96
 1578910.499317 3
 3 1 29.166667 1.000000 201
 2 1 31.944444 1.000000 143
 0 1 23.611111 1.000000 17
 1283302.034905 1
 1 1 12.500000 1.000000 69
 731955.697747 2
 3 0 79.166667 1.000000 236
 3 0 26.388889 1.000000 198
 938031.880566 4
 2 1 20.833333 1.000000 135
 0 0 48.611111 1.000000 34
 0 1 26.388889 1.000000 19
 2 1 18.055556 1.000000 133
 192800.418862 4
 1 1 70.833333 1.000000 111
 1 0 29.166667 1.000000 80
 2 1 15.277778 1.000000 131
 3 0 9.722222 1.000000 186
 405229.974317 2
 2 1 9.722222 1.000000 127
 0 0 9.722222 1.000000 6
 97459.824932 6
 2 1 31.944444 1.000000 143
 2 1 48.611111 1.000000 155
 3 1 15.277778 1.000000 191
 3 1 12.500000 1.000000 189
 2 0 48.611111 1.000000 154
 1 1 54.166667 1.000000 99
 835037.767419 5
 2 1 9.722222 1.000000 127
 0 1 56.944444 1.000000 41
 1 1 54.166667 1.000000 99
 2 1 1.388889 1.000000 121
 2 1 68.055556 1.000000 169
 1836126.639506 3
 3 0 62.500000 1.000000 224
 2 1 62.500000 1.000000 165
 3 0 59.722222 1.000000 222
 409964.390141 5
 3 0 48.611111 1.000000 214
 1 1 1.388889 1.000000 61
 0 1 6.944444 1.000000 5
 1 1 37.500000 1.000000 87
 1 0 45.833333 1.000000 92
 346195.608930 3
 3 1 70.833333 1.000000 231
 0 0 79.166667 1.000000 56
 0 0 20.833333 1.000000 14
 1635158.104075 4
 2 1 59.722222 1.000000 163
 3 0 4.166667 1.000000 182
 0 0 20.833333 1.000000 14
 0 0 70.833333 1.000000 50
 1682876.384669 3
 0 0 70.833333 1.000000 50
 3 0 48.611111 1.000000 214
 2 1 18.055556 1.000000 133
 1275706.179829 4
 2 0 9.722222 1.000000 126
 3 0 59.722222 1.000000 222
 3 1 6.944444 1.000000 185
 2 1 9.722222 1.000000 127
 1078085.700366 2
 2 1 68.055556 1.000000 169
 2 0 79.166667 1.000000 176
 214155.931926 4
 2 1 4.166667 1.000000 123
 3 0 9.722222 1.000000 186
 2 1 81.944444 1.000000 179
 3 0 59.722222 1.000000 222
 555738.309285 3
 3 0 26.388889 1.000000 198
 2 0 4.166667 1.000000 122
 1 0 37.500000 1.000000 86
 93992.352716 3
 1 1 37.500000 1.000000 87
 3 1 37.500000 1.000000 207
 0 1 20.833333 1.000000 15
 477460.317480 6
 0 0 79.166667 1.000000 56
 0 0 26.388889 1.000000 18
 0 1 40.277778 1.000000 29
 3 1 15.277778 1.000000 191
 1 0 31.944444 1.000000 82
 2 0 65.277778 1.000000 166
 1787817.797972 2
 0 0 4.166667 1.000000 2
 2 0 79.166667 1.000000 176
 1488717.180215 4
 0 0 79.166667 1.000000 56
 2 1 1.388889 1.000000 121
 0 1 23.611111 1.000000 17
 3 0 48.611111 1.000000 214
 491854.136815 5
 2 1 59.722222 1.000000 163
 3 0 23.611111 1.000000 196
 3 1 37.500000 1.000000 207
 3 1 73.611111 1.000000 233
 3 1 9.722222 1.000000 187
 1008561.229226 4
 3 0 12.500000 1.000000 188
 3 0 59.722222 1.000000 222
 1 1 29.166667 1.000000 81
 2 0 65.277778 1.000000 166
 1157221.856526 3
 3 1 15.277778 1.000000 191
 0 0 6.944444 1.000000 4
 1 1 54.166667 1.000000 99
 1790349.775828 2
 2 0 65.277778 1.000000 166
 2 1 59.722222 1.000000 163
 924010.369146 2
 1 0 56.944444 1.000000 100
 3 1 15.277778 1.000000 191
 1023168.198701 3
 1 0 4.166667 1.000000 62
 2 1 18.055556 1.000000 133
 2 1 59.722222 1.000000 163
 776835.414905 5
 3 0 12.500000 1.000000 188
 2 1 18.055556 1.000000 133
 0 0 79.166667 1.000000 56
 0 1 79.166667 1.000000 57
 0 1 20.833333 1.000000 15
 857446.622167 3
 0 0 79.166667 1.000000 56
 3 1 76.388889 1.000000 235
 2 1 81.944444 1.000000 179
 1260961.124907 4
 3 0 59.722222 1.000000 222
 3 0 43.055556 1.000000 210
 0 1 23.611111 1.000000 17
 1 0 34.722222 1.000000 84
 1697358.250887 5
 3 0 9.722222 1.000000 186
 3 0 34.722222 1.000000 204
 3 0 26.388889 1.000000 198
 2 0 9.722222 1.000000 126
 2 0 18.055556 1.000000 132
 1121463.001967 6
 2 1 31.944444 1.000000 143
 0 1 23.611111 1.000000 17
 0 0 1.388889 1.000000 0
 3 1 12.500000 1.000000 189
 3 1 6.944444 1.000000 185
 2 1 9.722222 1.000000 127
 1764960.362206 4
 3 0 48.611111 1.000000 214
 2 0 9.722222 1.000000 126
 1 1 54.166667 1.000000 99
 2 1 68.055556 1.000000 169
 1069193.504653 4
 1 1 68.055556 1.000000 109
 3 0 43.055556 1.000000 210
 0 1 4.166667 1.000000 3
 2 0 15.277778 1.000000 130
 1255915.726133 3
 3 1 37.500000 1.000000 207
 0 0 79.166667 1.000000 56
 3 0 26.388889 1.000000 198
 1702336.585662 3
 1 1 81.944444 1.000000 119
 1 1 54.166667 1.000000 99
 3 0 1.388889 1.000000 180
 596820.122635 4
 3 0 12.500000 1.000000 188
 1 1 37.500000 1.000000 87
 2 0 51.388889 1.000000 156
 3 1 12.500000 1.000000 189
 1989637.779402 5
 3 1 37.500000 1.000000 207
 3 1 76.388889 1.000000 235
 3 1 15.277778 1.000000 191
 1 0 29.166667 1.000000 80
 2 0 9.722222 1.000000 126
 1036493.772025 1
 0 0 59.722222 1.000000 42
 699575.155033 6
 1 1 37.500000 1.000000 87
 2 0 79.166667 1.000000 176
 2 0 9.722222 1.000000 126
 3 0 43.055556 1.000000 210
 3 0 26.388889 1.000000 198
 1 0 45.833333 1.000000 92
 1672047.518060 6
 3 1 12.500000 1.000000 189
 3 0 59.722222 1.000000 222
 1 0 56.944444 1.000000 100
 2 0 9.722222 1.000000 126
 1 0 73.611111 1.000000 112
 2 0 65.277778 1.000000 166