 Numero de pedidos 
 200
 duedate num_referencias // pasillo lado altura peso
 1520504.666679 3
 0 0 56.944444 1.000000 40
 0 1 6.944444 1.000000 5
 0 1 23.611111 1.000000 17
 1165768.029059 2
 0 1 6.944444 1.000000 5
 0 0 12.500000 1.000000 8
 1004729.811216 3
 0 1 59.722222 1.000000 43
 0 0 59.722222 1.000000 42
 0 1 26.388889 1.000000 19
 1040994.532165 4
 2 0 59.722222 1.000000 162
 0 0 81.944444 1.000000 58
 0 0 20.833333 1.000000 14
 0 0 4.166667 1.000000 2
 40847.835374 4
 0 1 12.500000 1.000000 9
 0 0 18.055556 1.000000 12
 0 1 37.500000 1.000000 27
 0 1 43.055556 1.000000 31
 148248.393381 2
 0 1 56.944444 1.000000 41
 0 1 65.277778 1.000000 47
 354184.686353 2
 1 1 43.055556 1.000000 91
 2 0 23.611111 1.000000 136
 1709433.301831 1
 0 0 43.055556 1.000000 30
 423697.580855 3
 0 1 65.277778 1.000000 47
 3 1 43.055556 1.000000 211
 0 1 23.611111 1.000000 17
 1892769.953708 2
 0 1 65.277778 1.000000 47
 0 1 18.055556 1.000000 13
 133270.412932 4
 0 1 37.500000 1.000000 27
 0 1 54.166667 1.000000 39
 0 1 9.722222 1.000000 7
 0 0 23.611111 1.000000 16
 517245.941701 5
 0 1 45.833333 1.000000 33
 3 1 70.833333 1.000000 231
 0 0 9.722222 1.000000 6
 0 1 6.944444 1.000000 5
 0 1 65.277778 1.000000 47
 136227.766506 3
 0 1 62.500000 1.000000 45
 0 0 59.722222 1.000000 42
 0 0 37.500000 1.000000 26
 264631.782390 1
 0 0 6.944444 1.000000 4
 224062.237080 2
 2 0 15.277778 1.000000 130
 0 0 26.388889 1.000000 18
 450730.930870 3
 0 0 29.166667 1.000000 20
 1 1 9.722222 1.000000 67
 0 0 18.055556 1.000000 12
 89450.779543 1
 0 1 54.166667 1.000000 39
 1184653.737128 1
 0 1 6.944444 1.000000 5
 454036.449722 3
 0 1 20.833333 1.000000 15
 0 1 9.722222 1.000000 7
 0 1 48.611111 1.000000 35
 990306.783780 3
 0 0 62.500000 1.000000 44
 0 0 1.388889 1.000000 0
 0 1 54.166667 1.000000 39
 894550.632003 6
 0 0 26.388889 1.000000 18
 0 1 23.611111 1.000000 17
 0 0 62.500000 1.000000 44
 0 0 1.388889 1.000000 0
 0 1 56.944444 1.000000 41
 0 1 26.388889 1.000000 19
 918160.403184 5
 0 1 37.500000 1.000000 27
 0 1 12.500000 1.000000 9
 0 0 59.722222 1.000000 42
 0 0 15.277778 1.000000 10
 0 0 68.055556 1.000000 48
 551266.246136 2
 0 0 29.166667 1.000000 20
 0 0 34.722222 1.000000 24
 382543.875343 1
 3 1 48.611111 1.000000 215
 1761057.398860 2
 2 0 48.611111 1.000000 154
 0 0 37.500000 1.000000 26
 726243.661161 1
 0 1 26.388889 1.000000 19
 1221038.745037 4
 1 1 23.611111 1.000000 77
 0 1 59.722222 1.000000 43
 0 0 54.166667 1.000000 38
 0 1 6.944444 1.000000 5
 942926.747456 3
 1 1 6.944444 1.000000 65
 0 0 54.166667 1.000000 38
 0 1 29.166667 1.000000 21
 856307.052605 4
 0 0 37.500000 1.000000 26
 0 1 56.944444 1.000000 41
 0 1 29.166667 1.000000 21
 0 0 65.277778 1.000000 46
 1665052.651477 5
 0 0 1.388889 1.000000 0
 0 1 54.166667 1.000000 39
 0 0 34.722222 1.000000 24
 0 0 65.277778 1.000000 46
 2 0 15.277778 1.000000 130
 1523964.262327 5
 0 1 18.055556 1.000000 13
 0 1 20.833333 1.000000 15
 0 0 43.055556 1.000000 30
 0 1 15.277778 1.000000 11
 0 1 51.388889 1.000000 37
 1187966.594970 6
 0 1 15.277778 1.000000 11
 0 1 59.722222 1.000000 43
 1 1 23.611111 1.000000 77
 0 1 23.611111 1.000000 17
 0 1 65.277778 1.000000 47
 0 0 34.722222 1.000000 24
 757787.193990 5
 1 1 45.833333 1.000000 93
 0 1 15.277778 1.000000 11
 0 0 15.277778 1.000000 10
 0 1 6.944444 1.000000 5
 0 1 34.722222 1.000000 25
 711396.839708 1
 0 1 62.500000 1.000000 45
 674276.423247 2
 0 0 37.500000 1.000000 26
 0 0 4.166667 1.000000 2
 1951449.008319 6
 0 0 1.388889 1.000000 0
 1 1 45.833333 1.000000 93
 0 0 45.833333 1.000000 32
 2 1 31.944444 1.000000 143
 0 1 48.611111 1.000000 35
 0 1 31.944444 1.000000 23
 1735788.959458 5
 0 0 51.388889 1.000000 36
 0 1 18.055556 1.000000 13
 0 1 59.722222 1.000000 43
 0 1 4.166667 1.000000 3
 0 1 12.500000 1.000000 9
 494454.555928 3
 0 0 37.500000 1.000000 26
 1 0 54.166667 1.000000 98
 0 0 40.277778 1.000000 28
 1924942.686467 6
 0 0 23.611111 1.000000 16
 0 1 37.500000 1.000000 27
 0 0 43.055556 1.000000 30
 0 1 18.055556 1.000000 13
 0 1 26.388889 1.000000 19
 0 0 4.166667 1.000000 2
 230477.562617 3
 0 0 48.611111 1.000000 34
 0 0 18.055556 1.000000 12
 1 0 40.277778 1.000000 88
 209094.128352 3
 0 1 1.388889 1.000000 1
 0 1 4.166667 1.000000 3
 0 1 31.944444 1.000000 23
 50716.636931 6
 0 1 40.277778 1.000000 29
 0 0 65.277778 1.000000 46
 0 1 81.944444 1.000000 59
 0 0 18.055556 1.000000 12
 0 1 51.388889 1.000000 37
 0 0 20.833333 1.000000 14
 1965505.936912 6
 0 1 34.722222 1.000000 25
 0 1 29.166667 1.000000 21
 1 1 45.833333 1.000000 93
 0 0 37.500000 1.000000 26
 0 0 48.611111 1.000000 34
 1 1 20.833333 1.000000 75
 1540204.214929 2
 2 1 1.388889 1.000000 121
 0 1 20.833333 1.000000 15
 1922852.922661 2
 0 0 15.277778 1.000000 10
 0 1 29.166667 1.000000 21
 598957.793861 3
 0 0 65.277778 1.000000 46
 0 1 20.833333 1.000000 15
 3 0 37.500000 1.000000 206
 481416.832358 1
 0 0 12.500000 1.000000 8
 1833203.405250 1
 0 0 31.944444 1.000000 22
 1205761.495179 5
 0 0 34.722222 1.000000 24
 0 1 34.722222 1.000000 25
 0 0 29.166667 1.000000 20
 0 0 40.277778 1.000000 28
 0 1 6.944444 1.000000 5
 1665409.259193 3
 0 1 23.611111 1.000000 17
 0 0 48.611111 1.000000 34
 1 0 34.722222 1.000000 84
 177533.461478 6
 0 1 1.388889 1.000000 1
 0 0 1.388889 1.000000 0
 0 0 62.500000 1.000000 44
 0 0 56.944444 1.000000 40
 3 0 68.055556 1.000000 228
 3 1 4.166667 1.000000 183
 1816920.791407 3
 0 1 12.500000 1.000000 9
 0 0 62.500000 1.000000 44
 0 1 45.833333 1.000000 33
 1765860.127251 1
 2 1 23.611111 1.000000 137
 1384284.582224 2
 0 0 4.166667 1.000000 2
 0 1 12.500000 1.000000 9
 1210550.267534 2
 0 1 26.388889 1.000000 19
 0 1 81.944444 1.000000 59
 1648585.925833 3
 0 0 48.611111 1.000000 34
 0 1 51.388889 1.000000 37
 0 1 29.166667 1.000000 21
 1697477.190708 4
 0 1 51.388889 1.000000 37
 0 0 54.166667 1.000000 38
 0 1 54.166667 1.000000 39
 0 1 6.944444 1.000000 5
 356940.409838 6
 0 0 43.055556 1.000000 30
 0 1 65.277778 1.000000 47
 0 1 48.611111 1.000000 35
 3 1 4.166667 1.000000 183
 0 1 54.166667 1.000000 39
 0 1 12.500000 1.000000 9
 1587074.423762 5
 0 1 65.277778 1.000000 47
 0 0 1.388889 1.000000 0
 0 0 56.944444 1.000000 40
 0 1 48.611111 1.000000 35
 1 1 6.944444 1.000000 65
 1273591.551442 1
 0 0 6.944444 1.000000 4
 497999.658425 1
 0 0 23.611111 1.000000 16
 475612.414496 3
 0 1 20.833333 1.000000 15
 1 0 9.722222 1.000000 66
 0 0 31.944444 1.000000 22
 172203.330720 3
 0 0 40.277778 1.000000 28
 0 0 29.166667 1.000000 20
 0 0 37.500000 1.000000 26
 683743.889501 4
 1 1 70.833333 1.000000 111
 1 1 45.833333 1.000000 93
 0 0 51.388889 1.000000 36
 0 0 6.944444 1.000000 4
 919079.694449 1
 0 1 37.500000 1.000000 27
 1100458.812108 1
 0 0 6.944444 1.000000 4
 1044586.262482 3
 0 1 51.388889 1.000000 37
 0 0 4.166667 1.000000 2
 0 1 43.055556 1.000000 31
 556458.053233 2
 0 0 48.611111 1.000000 34
 0 1 12.500000 1.000000 9
 1105135.983632 4
 0 1 26.388889 1.000000 19
 0 0 37.500000 1.000000 26
 0 0 51.388889 1.000000 36
 0 1 40.277778 1.000000 29
 1195180.261282 4
 0 1 56.944444 1.000000 41
 0 1 59.722222 1.000000 43
 0 1 65.277778 1.000000 47
 0 1 54.166667 1.000000 39
 305480.881960 5
 0 1 43.055556 1.000000 31
 0 1 40.277778 1.000000 29
 0 1 54.166667 1.000000 39
 0 1 48.611111 1.000000 35
 0 0 15.277778 1.000000 10
 716359.393055 3
 0 1 34.722222 1.000000 25
 0 0 20.833333 1.000000 14
 0 1 40.277778 1.000000 29
 1286639.768279 5
 1 1 9.722222 1.000000 67
 0 1 34.722222 1.000000 25
 0 0 15.277778 1.000000 10
 0 1 45.833333 1.000000 33
 1 1 48.611111 1.000000 95
 1158041.492327 6
 0 0 34.722222 1.000000 24
 0 0 15.277778 1.000000 10
 2 0 56.944444 1.000000 160
 0 0 20.833333 1.000000 14
 2 0 70.833333 1.000000 170
 0 1 26.388889 1.000000 19
 1657439.260770 2
 0 1 18.055556 1.000000 13
 0 1 31.944444 1.000000 23
 1408468.019426 4
 1 0 18.055556 1.000000 72
 0 1 45.833333 1.000000 33
 0 1 51.388889 1.000000 37
 0 0 29.166667 1.000000 20
 375920.741677 4
 0 1 18.055556 1.000000 13
 1 0 12.500000 1.000000 68
 0 1 37.500000 1.000000 27
 0 0 15.277778 1.000000 10
 1389545.118077 4
 0 1 40.277778 1.000000 29
 0 1 29.166667 1.000000 21
 0 0 12.500000 1.000000 8
 0 1 1.388889 1.000000 1
 345661.043723 3
 0 1 29.166667 1.000000 21
 1 1 1.388889 1.000000 61
 0 0 20.833333 1.000000 14
 555241.881998 1
 0 1 26.388889 1.000000 19
 1832586.217314 2
 0 1 15.277778 1.000000 11
 0 1 70.833333 1.000000 51
 929818.754499 3
 0 0 45.833333 1.000000 32
 0 0 65.277778 1.000000 46
 0 1 12.500000 1.000000 9
 321907.787585 2
 0 1 73.611111 1.000000 53
 2 0 48.611111 1.000000 154
 813015.024202 3
 0 1 15.277778 1.000000 11
 1 0 6.944444 1.000000 64
 0 1 65.277778 1.000000 47
 1242318.804600 4
 0 1 73.611111 1.000000 53
 0 1 45.833333 1.000000 33
 0 0 20.833333 1.000000 14
 0 1 6.944444 1.000000 5
 386887.258378 6
 0 0 40.277778 1.000000 28
 0 1 56.944444 1.000000 41
 0 0 45.833333 1.000000 32
 0 1 12.500000 1.000000 9
 1 1 26.388889 1.000000 79
 0 1 65.277778 1.000000 47
 725329.343176 4
 0 0 26.388889 1.000000 18
 0 1 9.722222 1.000000 7
 0 1 12.500000 1.000000 9
 0 0 37.500000 1.000000 26
 180685.059605 5
 0 0 48.611111 1.000000 34
 0 1 12.500000 1.000000 9
 0 1 51.388889 1.000000 37
 0 1 15.277778 1.000000 11
 0 1 34.722222 1.000000 25
 642639.308033 3
 1 1 9.722222 1.000000 67
 0 0 51.388889 1.000000 36
 0 0 62.500000 1.000000 44
 313774.749690 4
 0 0 1.388889 1.000000 0
 0 0 26.388889 1.000000 18
 0 0 45.833333 1.000000 32
 0 1 51.388889 1.000000 37
 1548491.071327 4
 0 1 54.166667 1.000000 39
 3 1 73.611111 1.000000 233
 0 0 18.055556 1.000000 12
 0 0 34.722222 1.000000 24
 1827339.109959 2
 0 0 23.611111 1.000000 16
 0 1 15.277778 1.000000 11
 453042.801103 3
 0 0 26.388889 1.000000 18
 0 0 37.500000 1.000000 26
 0 1 62.500000 1.000000 45
 1649258.171250 6
 0 1 48.611111 1.000000 35
 0 1 37.500000 1.000000 27
 0 0 40.277778 1.000000 28
 0 1 1.388889 1.000000 1
 0 0 43.055556 1.000000 30
 0 0 48.611111 1.000000 34
 1749062.550175 3
 2 1 4.166667 1.000000 123
 1 0 37.500000 1.000000 86
 0 0 45.833333 1.000000 32
 937135.855750 2
 0 0 4.166667 1.000000 2
 0 0 1.388889 1.000000 0
 1919746.730253 6
 0 0 56.944444 1.000000 40
 0 0 65.277778 1.000000 46
 0 1 12.500000 1.000000 9
 0 1 1.388889 1.000000 1
 0 1 15.277778 1.000000 11
 0 1 62.500000 1.000000 45
 1525147.052615 5
 0 0 4.166667 1.000000 2
 0 1 62.500000 1.000000 45
 0 1 15.277778 1.000000 11
 0 0 15.277778 1.000000 10
 0 1 9.722222 1.000000 7
 728911.806889 1
 0 0 37.500000 1.000000 26
 1670095.763034 3
 0 0 23.611111 1.000000 16
 0 1 73.611111 1.000000 53
 1 1 4.166667 1.000000 63
 276939.637473 1
 0 0 48.611111 1.000000 34
 973237.497980 5
 0 1 9.722222 1.000000 7
 0 0 1.388889 1.000000 0
 2 0 12.500000 1.000000 128
 0 1 6.944444 1.000000 5
 0 1 65.277778 1.000000 47
 1098136.737933 4
 1 0 31.944444 1.000000 82
 0 1 54.166667 1.000000 39
 0 0 6.944444 1.000000 4
 1 0 37.500000 1.000000 86
 283534.847202 4
 0 1 56.944444 1.000000 41
 0 1 23.611111 1.000000 17
 0 0 1.388889 1.000000 0
 0 0 37.500000 1.000000 26
 563438.428027 2
 0 0 37.500000 1.000000 26
 0 0 18.055556 1.000000 12
 693178.407426 3
 0 0 37.500000 1.000000 26
 0 1 12.500000 1.000000 9
 0 0 1.388889 1.000000 0
 838972.522709 1
 1 0 70.833333 1.000000 110
 1896394.289181 2
 0 0 40.277778 1.000000 28
 0 0 26.388889 1.000000 18
 758530.138674 4
 0 0 62.500000 1.000000 44
 0 0 37.500000 1.000000 26
 1 0 51.388889 1.000000 96
 2 0 15.277778 1.000000 130
 1116066.685224 3
 0 0 45.833333 1.000000 32
 0 0 65.277778 1.000000 46
 0 1 45.833333 1.000000 33
 1169249.215447 2
 0 1 48.611111 1.000000 35
 0 0 43.055556 1.000000 30
 356444.354018 2
 0 1 12.500000 1.000000 9
 0 1 62.500000 1.000000 45
 455992.645927 4
 0 1 48.611111 1.000000 35
 0 0 51.388889 1.000000 36
 0 0 12.500000 1.000000 8
 2 1 15.277778 1.000000 131
 1080333.226435 1
 0 0 43.055556 1.000000 30
 1220211.765682 6
 0 0 12.500000 1.000000 8
 0 1 1.388889 1.000000 1
 0 0 34.722222 1.000000 24
 0 1 59.722222 1.000000 43
 0 1 48.611111 1.000000 35
 0 1 56.944444 1.000000 41
 383872.198678 2
 0 0 54.166667 1.000000 38
 0 1 45.833333 1.000000 33
 1745884.948422 5
 0 1 6.944444 1.000000 5
 1 0 6.944444 1.000000 64
 0 1 56.944444 1.000000 41
 0 0 18.055556 1.000000 12
 0 1 43.055556 1.000000 31
 850898.244703 6
 0 1 12.500000 1.000000 9
 0 0 9.722222 1.000000 6
 0 1 31.944444 1.000000 23
 0 0 29.166667 1.000000 20
 0 0 37.500000 1.000000 26
 0 1 1.388889 1.000000 1
 626051.191066 3
 0 0 37.500000 1.000000 26
 0 1 31.944444 1.000000 23
 0 0 20.833333 1.000000 14
 643232.323212 3
 0 0 48.611111 1.000000 34
 2 1 56.944444 1.000000 161
 0 0 43.055556 1.000000 30
 1024212.305725 5
 0 1 4.166667 1.000000 3
 0 0 62.500000 1.000000 44
 0 0 29.166667 1.000000 20
 0 1 40.277778 1.000000 29
 0 0 34.722222 1.000000 24
 248454.317529 4
 0 1 6.944444 1.000000 5
 0 1 4.166667 1.000000 3
 0 1 54.166667 1.000000 39
 0 1 26.388889 1.000000 19
 929119.744268 3
 0 1 1.388889 1.000000 1
 0 0 65.277778 1.000000 46
 0 0 37.500000 1.000000 26
 1552873.323352 2
 0 1 34.722222 1.000000 25
 0 0 1.388889 1.000000 0
 399187.014196 6
 1 0 1.388889 1.000000 60
 0 0 31.944444 1.000000 22
 0 0 12.500000 1.000000 8
 0 1 51.388889 1.000000 37
 0 0 45.833333 1.000000 32
 0 1 18.055556 1.000000 13
 952493.918460 1
 0 0 26.388889 1.000000 18
 708000.316838 4
 0 0 40.277778 1.000000 28
 0 0 43.055556 1.000000 30
 0 1 6.944444 1.000000 5
 0 1 65.277778 1.000000 47
 750837.203763 1
 0 0 62.500000 1.000000 44
 1171384.361243 3
 0 0 37.500000 1.000000 26
 0 1 29.166667 1.000000 21
 0 0 54.166667 1.000000 38
 876706.214378 4
 0 1 1.388889 1.000000 1
 0 1 45.833333 1.000000 33
 0 1 34.722222 1.000000 25
 0 1 37.500000 1.000000 27
 1086268.816072 5
 0 1 31.944444 1.000000 23
 0 1 56.944444 1.000000 41
 0 0 1.388889 1.000000 0
 0 0 20.833333 1.000000 14
 0 0 12.500000 1.000000 8
 1860785.169723 5
 0 1 15.277778 1.000000 11
 0 0 12.500000 1.000000 8
 0 0 70.833333 1.000000 50
 0 0 37.500000 1.000000 26
 0 0 26.388889 1.000000 18
 392977.220525 2
 0 1 62.500000 1.000000 45
 0 1 56.944444 1.000000 41
 1699002.291327 5
 0 1 37.500000 1.000000 27
 0 1 9.722222 1.000000 7
 0 1 12.500000 1.000000 9
 0 1 31.944444 1.000000 23
 0 1 62.500000 1.000000 45
 1414130.346018 6
 0 0 12.500000 1.000000 8
 3 0 65.277778 1.000000 226
 0 1 1.388889 1.000000 1
 0 0 34.722222 1.000000 24
 0 1 40.277778 1.000000 29
 0 1 9.722222 1.000000 7
 1649876.690810 2
 0 1 23.611111 1.000000 17
 0 0 73.611111 1.000000 52
 1855725.776579 5
 0 1 34.722222 1.000000 25
 0 1 51.388889 1.000000 37
 0 1 43.055556 1.000000 31
 0 1 1.388889 1.000000 1
 0 1 23.611111 1.000000 17
 654900.580931 6
 0 0 12.500000 1.000000 8
 0 0 31.944444 1.000000 22
 0 0 45.833333 1.000000 32
 0 1 20.833333 1.000000 15
 0 0 62.500000 1.000000 44
 0 1 54.166667 1.000000 39
 228712.758789 5
 0 1 26.388889 1.000000 19
 0 1 40.277778 1.000000 29
 0 1 56.944444 1.000000 41
 0 0 1.388889 1.000000 0
 0 1 59.722222 1.000000 43
 1048447.984740 2
 2 1 6.944444 1.000000 125
 0 1 37.500000 1.000000 27
 1553077.623990 3
 0 0 20.833333 1.000000 14
 0 1 62.500000 1.000000 45
 0 1 23.611111 1.000000 17
 1992885.222488 4
 2 0 54.166667 1.000000 158
 0 0 26.388889 1.000000 18
 2 1 20.833333 1.000000 135
 0 1 62.500000 1.000000 45
 210594.994151 6
 0 1 34.722222 1.000000 25
 0 1 1.388889 1.000000 1
 0 0 62.500000 1.000000 44
 0 1 59.722222 1.000000 43
 0 0 12.500000 1.000000 8
 0 1 31.944444 1.000000 23
 1651044.984744 6
 0 0 9.722222 1.000000 6
 0 1 45.833333 1.000000 33
 0 1 56.944444 1.000000 41
 0 1 81.944444 1.000000 59
 0 0 15.277778 1.000000 10
 0 1 4.166667 1.000000 3
 975880.395796 5
 0 1 43.055556 1.000000 31
 0 1 20.833333 1.000000 15
 0 1 37.500000 1.000000 27
 1 1 31.944444 1.000000 83
 0 0 54.166667 1.000000 38
 116720.283291 2
 0 0 9.722222 1.000000 6
 0 0 37.500000 1.000000 26
 325892.916399 6
 0 1 59.722222 1.000000 43
 3 1 68.055556 1.000000 229
 0 1 29.166667 1.000000 21
 0 0 4.166667 1.000000 2
 0 0 18.055556 1.000000 12
 0 1 45.833333 1.000000 33
 547144.941235 4
 2 1 4.166667 1.000000 123
 1 0 34.722222 1.000000 84
 1 0 31.944444 1.000000 82
 0 0 1.388889 1.000000 0
 1234323.546400 5
 0 1 68.055556 1.000000 49
 1 0 23.611111 1.000000 76
 1 0 6.944444 1.000000 64
 1 1 20.833333 1.000000 75
 0 0 37.500000 1.000000 26
 755765.501799 2
 0 1 59.722222 1.000000 43
 0 1 65.277778 1.000000 47
 66269.111217 5
 1 0 59.722222 1.000000 102
 0 0 20.833333 1.000000 14
 0 0 37.500000 1.000000 26
 3 1 65.277778 1.000000 227
 1 1 45.833333 1.000000 93
 1932066.050625 2
 0 1 18.055556 1.000000 13
 0 0 15.277778 1.000000 10
 1054603.836245 3
 1 1 51.388889 1.000000 97
 3 0 29.166667 1.000000 200
 0 0 20.833333 1.000000 14
 519713.769797 2
 0 0 45.833333 1.000000 32
 0 0 37.500000 1.000000 26
 1012165.191496 4
 3 0 6.944444 1.000000 184
 0 1 51.388889 1.000000 37
 0 1 23.611111 1.000000 17
 3 1 23.611111 1.000000 197
 1416927.996025 2
 0 1 18.055556 1.000000 13
 1 0 4.166667 1.000000 62
 452210.720690 1
 0 0 23.611111 1.000000 16
 767395.675447 5
 0 0 1.388889 1.000000 0
 0 1 9.722222 1.000000 7
 0 0 40.277778 1.000000 28
 3 0 4.166667 1.000000 182
 1 1 48.611111 1.000000 95
 1863289.298482 3
 0 1 40.277778 1.000000 29
 0 1 23.611111 1.000000 17
 0 1 26.388889 1.000000 19
 587712.369090 5
 2 1 76.388889 1.000000 175
 0 1 40.277778 1.000000 29
 0 0 20.833333 1.000000 14
 1 1 54.166667 1.000000 99
 0 0 48.611111 1.000000 34
 679024.608004 4
 0 0 56.944444 1.000000 40
 0 1 20.833333 1.000000 15
 2 1 29.166667 1.000000 141
 0 1 65.277778 1.000000 47
 983165.770817 4
 0 1 26.388889 1.000000 19
 1 0 48.611111 1.000000 94
 0 0 40.277778 1.000000 28
 3 0 12.500000 1.000000 188
 959854.082540 4
 2 1 20.833333 1.000000 135
 0 1 18.055556 1.000000 13
 0 1 34.722222 1.000000 25
 0 0 62.500000 1.000000 44
 769042.794411 5
 0 0 12.500000 1.000000 8
 0 1 54.166667 1.000000 39
 0 1 31.944444 1.000000 23
 1 1 40.277778 1.000000 89
 0 1 65.277778 1.000000 47
 1522797.080056 4
 0 0 37.500000 1.000000 26
 0 1 1.388889 1.000000 1
 0 0 51.388889 1.000000 36
 0 0 6.944444 1.000000 4
 525342.854171 6
 0 0 40.277778 1.000000 28
 0 0 70.833333 1.000000 50
 0 0 68.055556 1.000000 48
 0 0 9.722222 1.000000 6
 0 0 45.833333 1.000000 32
 0 1 29.166667 1.000000 21
 582254.429842 5
 0 1 26.388889 1.000000 19
 0 0 20.833333 1.000000 14
 0 0 43.055556 1.000000 30
 1 0 37.500000 1.000000 86
 0 1 70.833333 1.000000 51
 1971103.019422 5
 0 1 1.388889 1.000000 1
 0 1 40.277778 1.000000 29
 0 1 48.611111 1.000000 35
 1 1 59.722222 1.000000 103
 0 0 56.944444 1.000000 40
 895740.752153 2
 0 1 23.611111 1.000000 17
 0 1 6.944444 1.000000 5
 1203859.707529 6
 0 0 20.833333 1.000000 14
 3 1 34.722222 1.000000 205
 0 1 26.388889 1.000000 19
 0 0 34.722222 1.000000 24
 3 0 68.055556 1.000000 228
 0 1 45.833333 1.000000 33
 325225.390534 1
 0 1 34.722222 1.000000 25
 852088.458860 5
 0 0 45.833333 1.000000 32
 0 1 54.166667 1.000000 39
 0 0 48.611111 1.000000 34
 0 1 31.944444 1.000000 23
 0 1 34.722222 1.000000 25
 1986599.165754 4
 0 1 65.277778 1.000000 47
 0 1 56.944444 1.000000 41
 0 0 6.944444 1.000000 4
 0 1 12.500000 1.000000 9
 889480.100316 1
 0 1 45.833333 1.000000 33
 617237.425157 2
 0 0 65.277778 1.000000 46
 0 0 29.166667 1.000000 20
 323205.125799 5
 0 0 26.388889 1.000000 18
 2 0 20.833333 1.000000 134
 0 0 31.944444 1.000000 22
 0 1 4.166667 1.000000 3
 0 0 9.722222 1.000000 6
 1628158.015957 3
 1 1 48.611111 1.000000 95
 0 1 45.833333 1.000000 33
 0 0 59.722222 1.000000 42
 1928849.196550 3
 0 1 23.611111 1.000000 17
 0 1 59.722222 1.000000 43
 3 0 76.388889 1.000000 234
 878883.065823 6
 0 1 43.055556 1.000000 31
 0 0 12.500000 1.000000 8
 0 0 43.055556 1.000000 30
 0 1 18.055556 1.000000 13
 0 0 1.388889 1.000000 0
 1 1 18.055556 1.000000 73
 860219.912315 3
 0 0 20.833333 1.000000 14
 0 0 23.611111 1.000000 16
 1 0 65.277778 1.000000 106
 565906.694218 3
 0 0 59.722222 1.000000 42
 0 1 29.166667 1.000000 21
 0 1 9.722222 1.000000 7
 1839866.917506 4
 0 1 9.722222 1.000000 7
 2 0 43.055556 1.000000 150
 0 1 65.277778 1.000000 47
 0 1 59.722222 1.000000 43
 329312.849925 6
 1 1 6.944444 1.000000 65
 0 0 20.833333 1.000000 14
 0 0 1.388889 1.000000 0
 0 0 18.055556 1.000000 12
 0 1 29.166667 1.000000 21
 0 1 37.500000 1.000000 27
 361345.270258 6
 1 1 31.944444 1.000000 83
 0 0 40.277778 1.000000 28
 1 1 34.722222 1.000000 85
 3 1 45.833333 1.000000 213
 0 0 45.833333 1.000000 32
 0 1 51.388889 1.000000 37
 791120.512966 4
 0 1 31.944444 1.000000 23
 3 0 45.833333 1.000000 212
 0 1 6.944444 1.000000 5
 2 0 26.388889 1.000000 138
 248981.705294 6
 0 0 18.055556 1.000000 12
 0 0 54.166667 1.000000 38
 1 0 40.277778 1.000000 88
 0 0 31.944444 1.000000 22
 0 1 34.722222 1.000000 25
 0 1 20.833333 1.000000 15
 1199230.688940 1
 0 1 9.722222 1.000000 7
 1746874.096536 3
 0 0 23.611111 1.000000 16
 0 0 34.722222 1.000000 24
 0 0 12.500000 1.000000 8
 950793.522685 3
 0 1 29.166667 1.000000 21
 1 1 76.388889 1.000000 115
 0 1 48.611111 1.000000 35
 548090.264419 1
 0 1 26.388889 1.000000 19
 1236271.214372 6
 1 0 40.277778 1.000000 88
 0 0 73.611111 1.000000 52
 0 1 26.388889 1.000000 19
 1 0 23.611111 1.000000 76
 0 0 62.500000 1.000000 44
 0 1 15.277778 1.000000 11
 671170.821353 1
 0 0 6.944444 1.000000 4
 1123338.167185 2
 0 1 31.944444 1.000000 23
 0 0 18.055556 1.000000 12
 1486689.228754 4
 0 0 76.388889 1.000000 54
 1 1 40.277778 1.000000 89
 0 1 15.277778 1.000000 11
 0 0 40.277778 1.000000 28
 1637870.280090 3
 0 1 20.833333 1.000000 15
 0 0 34.722222 1.000000 24
 0 0 1.388889 1.000000 0
 1438045.583813 5
 0 1 12.500000 1.000000 9
 0 1 56.944444 1.000000 41
 0 0 59.722222 1.000000 42
 0 0 34.722222 1.000000 24
 1 0 15.277778 1.000000 70
 1001061.001886 2
 0 0 37.500000 1.000000 26
 0 0 29.166667 1.000000 20
 1251987.151621 1
 1 1 18.055556 1.000000 73
 1198915.494810 5
 0 1 51.388889 1.000000 37
 3 0 62.500000 1.000000 224
 0 1 31.944444 1.000000 23
 0 0 48.611111 1.000000 34
 0 1 18.055556 1.000000 13
 206493.409875 5
 0 1 45.833333 1.000000 33
 0 0 23.611111 1.000000 16
 0 0 34.722222 1.000000 24
 0 0 1.388889 1.000000 0
 0 1 1.388889 1.000000 1