 Numero de pedidos 
 150
 duedate num_referencias // pasillo lado altura peso
 1634464.524386 6
 0 0 29.166667 1.000000 20
 0 0 43.055556 1.000000 30
 0 1 34.722222 1.000000 25
 0 1 56.944444 1.000000 41
 0 0 73.611111 1.000000 52
 0 0 59.722222 1.000000 42
 267527.246041 4
 0 0 23.611111 1.000000 16
 0 0 37.500000 1.000000 26
 0 0 43.055556 1.000000 30
 0 1 1.388889 1.000000 1
 799716.661088 1
 0 1 48.611111 1.000000 35
 410291.772415 4
 0 0 62.500000 1.000000 44
 0 1 1.388889 1.000000 1
 0 1 6.944444 1.000000 5
 0 1 26.388889 1.000000 19
 1015597.108722 2
 0 0 37.500000 1.000000 26
 0 0 23.611111 1.000000 16
 1409798.631803 5
 0 1 56.944444 1.000000 41
 1 0 4.166667 1.000000 62
 0 1 51.388889 1.000000 37
 0 1 18.055556 1.000000 13
 0 1 9.722222 1.000000 7
 158422.710839 1
 0 1 4.166667 1.000000 3
 131480.195081 3
 0 0 43.055556 1.000000 30
 0 1 62.500000 1.000000 45
 3 0 81.944444 1.000000 238
 43966.539020 3
 0 0 1.388889 1.000000 0
 1 1 20.833333 1.000000 75
 0 0 20.833333 1.000000 14
 1417258.873013 1
 0 0 59.722222 1.000000 42
 451666.188842 6
 1 0 43.055556 1.000000 90
 0 0 56.944444 1.000000 40
 0 0 23.611111 1.000000 16
 0 0 54.166667 1.000000 38
 1 0 4.166667 1.000000 62
 2 0 26.388889 1.000000 138
 877892.267554 1
 0 0 15.277778 1.000000 10
 1112495.547157 6
 0 0 43.055556 1.000000 30
 0 0 54.166667 1.000000 38
 0 1 48.611111 1.000000 35
 3 1 45.833333 1.000000 213
 0 1 59.722222 1.000000 43
 0 1 23.611111 1.000000 17
 174568.126376 4
 1 1 40.277778 1.000000 89
 0 0 59.722222 1.000000 42
 0 0 6.944444 1.000000 4
 0 0 1.388889 1.000000 0
 1485538.619219 6
 0 0 31.944444 1.000000 22
 0 0 59.722222 1.000000 42
 1 0 81.944444 1.000000 118
 0 1 23.611111 1.000000 17
 0 0 37.500000 1.000000 26
 0 1 48.611111 1.000000 35
 1883034.462371 3
 0 1 34.722222 1.000000 25
 0 0 31.944444 1.000000 22
 0 1 54.166667 1.000000 39
 1593939.933010 1
 0 0 51.388889 1.000000 36
 1988141.658710 1
 0 0 23.611111 1.000000 16
 1131488.114601 2
 0 0 29.166667 1.000000 20
 0 1 62.500000 1.000000 45
 752391.001374 4
 0 1 6.944444 1.000000 5
 0 0 29.166667 1.000000 20
 2 1 12.500000 1.000000 129
 1 1 40.277778 1.000000 89
 1858398.500391 5
 2 0 40.277778 1.000000 148
 0 0 48.611111 1.000000 34
 0 1 31.944444 1.000000 23
 0 0 15.277778 1.000000 10
 0 0 65.277778 1.000000 46
 699306.438127 5
 0 1 62.500000 1.000000 45
 0 1 31.944444 1.000000 23
 2 1 59.722222 1.000000 163
 0 0 51.388889 1.000000 36
 2 1 9.722222 1.000000 127
 717286.635729 4
 0 1 12.500000 1.000000 9
 0 0 9.722222 1.000000 6
 1 1 12.500000 1.000000 69
 0 0 56.944444 1.000000 40
 1751964.528650 5
 0 0 62.500000 1.000000 44
 0 1 48.611111 1.000000 35
 1 0 20.833333 1.000000 74
 0 0 76.388889 1.000000 54
 0 0 59.722222 1.000000 42
 1349584.540962 1
 0 0 59.722222 1.000000 42
 1574805.244177 5
 0 0 62.500000 1.000000 44
 0 0 65.277778 1.000000 46
 0 1 43.055556 1.000000 31
 0 0 68.055556 1.000000 48
 1 1 43.055556 1.000000 91
 355410.521215 6
 0 1 45.833333 1.000000 33
 0 0 76.388889 1.000000 54
 0 0 40.277778 1.000000 28
 0 1 4.166667 1.000000 3
 3 1 43.055556 1.000000 211
 0 0 56.944444 1.000000 40
 437300.753443 4
 0 0 62.500000 1.000000 44
 0 1 20.833333 1.000000 15
 0 1 40.277778 1.000000 29
 0 1 48.611111 1.000000 35
 1056748.826381 6
 0 1 59.722222 1.000000 43
 0 1 9.722222 1.000000 7
 0 1 43.055556 1.000000 31
 0 0 26.388889 1.000000 18
 0 1 31.944444 1.000000 23
 0 1 4.166667 1.000000 3
 582478.138051 4
 1 0 18.055556 1.000000 72
 0 0 12.500000 1.000000 8
 1 0 31.944444 1.000000 82
 0 1 1.388889 1.000000 1
 1643074.297236 5
 0 1 45.833333 1.000000 33
 3 0 40.277778 1.000000 208
 0 1 59.722222 1.000000 43
 0 1 29.166667 1.000000 21
 0 0 29.166667 1.000000 20
 1597196.059486 3
 2 1 81.944444 1.000000 179
 0 0 18.055556 1.000000 12
 0 0 43.055556 1.000000 30
 85255.013241 6
 0 1 43.055556 1.000000 31
 0 0 62.500000 1.000000 44
 1 1 23.611111 1.000000 77
 0 0 18.055556 1.000000 12
 0 0 26.388889 1.000000 18
 0 0 40.277778 1.000000 28
 1293773.978918 1
 0 0 59.722222 1.000000 42
 404513.380995 1
 0 1 20.833333 1.000000 15
 1180467.747627 5
 0 0 1.388889 1.000000 0
 1 1 23.611111 1.000000 77
 0 0 12.500000 1.000000 8
 0 0 79.166667 1.000000 56
 0 0 48.611111 1.000000 34
 627418.407121 4
 0 1 18.055556 1.000000 13
 0 1 54.166667 1.000000 39
 0 1 20.833333 1.000000 15
 0 0 62.500000 1.000000 44
 1058801.516471 1
 0 1 59.722222 1.000000 43
 86687.330998 2
 0 1 18.055556 1.000000 13
 0 0 43.055556 1.000000 30
 648768.481430 3
 0 0 18.055556 1.000000 12
 0 0 9.722222 1.000000 6
 1 0 40.277778 1.000000 88
 1535297.942988 2
 0 1 9.722222 1.000000 7
 0 0 12.500000 1.000000 8
 1854793.040387 2
 0 1 9.722222 1.000000 7
 0 0 18.055556 1.000000 12
 726720.026474 6
 0 0 15.277778 1.000000 10
 0 1 56.944444 1.000000 41
 0 0 4.166667 1.000000 2
 0 0 12.500000 1.000000 8
 0 0 62.500000 1.000000 44
 0 1 40.277778 1.000000 29
 791487.377561 4
 0 0 40.277778 1.000000 28
 3 0 54.166667 1.000000 218
 0 1 15.277778 1.000000 11
 0 0 54.166667 1.000000 38
 1297010.684133 1
 0 0 79.166667 1.000000 56
 476142.694594 6
 0 0 23.611111 1.000000 16
 2 1 9.722222 1.000000 127
 1 1 15.277778 1.000000 71
 0 1 1.388889 1.000000 1
 3 1 51.388889 1.000000 217
 3 0 6.944444 1.000000 184
 135085.501752 6
 1 1 20.833333 1.000000 75
 0 1 54.166667 1.000000 39
 0 0 15.277778 1.000000 10
 1 1 23.611111 1.000000 77
 0 1 56.944444 1.000000 41
 2 1 48.611111 1.000000 155
 1783790.070891 3
 0 1 34.722222 1.000000 25
 0 1 65.277778 1.000000 47
 3 0 54.166667 1.000000 218
 1238742.691427 6
 0 0 48.611111 1.000000 34
 1 1 26.388889 1.000000 79
 0 0 54.166667 1.000000 38
 0 0 43.055556 1.000000 30
 1 1 18.055556 1.000000 73
 0 1 15.277778 1.000000 11
 1327739.159245 2
 0 1 4.166667 1.000000 3
 0 0 48.611111 1.000000 34
 1654760.143522 3
 0 1 6.944444 1.000000 5
 0 1 65.277778 1.000000 47
 1 0 4.166667 1.000000 62
 536538.514186 4
 0 1 45.833333 1.000000 33
 0 0 62.500000 1.000000 44
 0 0 18.055556 1.000000 12
 0 1 76.388889 1.000000 55
 192765.582163 5
 1 1 20.833333 1.000000 75
 0 1 54.166667 1.000000 39
 1 1 79.166667 1.000000 117
 0 1 9.722222 1.000000 7
 1 1 31.944444 1.000000 83
 1060192.126753 6
 0 0 62.500000 1.000000 44
 0 1 62.500000 1.000000 45
 2 0 18.055556 1.000000 132
 0 0 6.944444 1.000000 4
 0 1 34.722222 1.000000 25
 0 0 45.833333 1.000000 32
 1632364.468105 1
 1 1 62.500000 1.000000 105
 1906799.171933 4
 0 0 51.388889 1.000000 36
 0 0 40.277778 1.000000 28
 0 0 56.944444 1.000000 40
 2 0 6.944444 1.000000 124
 684865.471648 5
 0 0 18.055556 1.000000 12
 3 1 81.944444 1.000000 239
 0 1 54.166667 1.000000 39
 0 0 59.722222 1.000000 42
 0 0 62.500000 1.000000 44
 1795399.865860 5
 0 0 20.833333 1.000000 14
 2 0 29.166667 1.000000 140
 0 1 56.944444 1.000000 41
 0 1 20.833333 1.000000 15
 0 1 34.722222 1.000000 25
 1123324.903885 4
 0 1 4.166667 1.000000 3
 2 0 65.277778 1.000000 166
 0 0 23.611111 1.000000 16
 0 0 6.944444 1.000000 4
 492700.127630 4
 0 1 20.833333 1.000000 15
 0 1 62.500000 1.000000 45
 0 1 65.277778 1.000000 47
 1 1 29.166667 1.000000 81
 1434584.741422 6
 1 1 79.166667 1.000000 117
 0 0 12.500000 1.000000 8
 1 0 37.500000 1.000000 86
 0 0 40.277778 1.000000 28
 0 1 9.722222 1.000000 7
 0 1 48.611111 1.000000 35
 1604849.972988 4
 0 0 45.833333 1.000000 32
 0 1 20.833333 1.000000 15
 0 1 62.500000 1.000000 45
 0 0 62.500000 1.000000 44
 487412.562281 4
 0 1 23.611111 1.000000 17
 3 1 1.388889 1.000000 181
 0 1 34.722222 1.000000 25
 0 0 70.833333 1.000000 50
 1335946.079891 4
 1 0 9.722222 1.000000 66
 0 1 18.055556 1.000000 13
 0 0 59.722222 1.000000 42
 0 1 37.500000 1.000000 27
 887826.467439 5
 0 0 43.055556 1.000000 30
 0 1 9.722222 1.000000 7
 0 0 37.500000 1.000000 26
 0 0 40.277778 1.000000 28
 0 1 12.500000 1.000000 9
 1378749.447138 1
 0 0 62.500000 1.000000 44
 1589031.226909 5
 0 0 62.500000 1.000000 44
 0 0 48.611111 1.000000 34
 0 0 43.055556 1.000000 30
 3 1 48.611111 1.000000 215
 0 1 34.722222 1.000000 25
 329971.059901 6
 0 1 9.722222 1.000000 7
 0 0 26.388889 1.000000 18
 0 0 23.611111 1.000000 16
 0 1 26.388889 1.000000 19
 0 1 65.277778 1.000000 47
 0 1 31.944444 1.000000 23
 828242.741129 4
 0 1 45.833333 1.000000 33
 0 1 40.277778 1.000000 29
 2 1 37.500000 1.000000 147
 0 0 59.722222 1.000000 42
 1132727.670024 2
 0 0 56.944444 1.000000 40
 0 1 81.944444 1.000000 59
 279093.999173 1
 0 1 76.388889 1.000000 55
 310818.828135 2
 1 0 59.722222 1.000000 102
 1 1 59.722222 1.000000 103
 591372.840028 2
 0 0 37.500000 1.000000 26
 0 1 31.944444 1.000000 23
 998736.335653 1
 1 0 1.388889 1.000000 60
 1338991.816220 1
 1 0 18.055556 1.000000 72
 95801.530916 6
 1 1 43.055556 1.000000 91
 0 0 37.500000 1.000000 26
 0 1 29.166667 1.000000 21
 0 1 51.388889 1.000000 37
 1 0 1.388889 1.000000 60
 0 1 65.277778 1.000000 47
 100121.056987 3
 0 1 4.166667 1.000000 3
 0 0 59.722222 1.000000 42
 0 1 1.388889 1.000000 1
 502554.223827 4
 0 0 59.722222 1.000000 42
 0 1 45.833333 1.000000 33
 0 1 40.277778 1.000000 29
 0 0 40.277778 1.000000 28
 631630.862072 3
 0 0 4.166667 1.000000 2
 3 0 23.611111 1.000000 196
 0 0 29.166667 1.000000 20
 1279855.422359 2
 0 1 40.277778 1.000000 29
 0 0 40.277778 1.000000 28
 954828.351454 5
 0 1 45.833333 1.000000 33
 0 0 43.055556 1.000000 30
 0 1 51.388889 1.000000 37
 1 1 48.611111 1.000000 95
 0 0 40.277778 1.000000 28
 1769302.655481 4
 0 0 12.500000 1.000000 8
 0 1 29.166667 1.000000 21
 0 0 51.388889 1.000000 36
 0 1 48.611111 1.000000 35
 1883472.124805 5
 0 0 34.722222 1.000000 24
 0 1 15.277778 1.000000 11
 0 0 51.388889 1.000000 36
 0 0 48.611111 1.000000 34
 0 1 37.500000 1.000000 27
 1438972.392044 5
 0 1 48.611111 1.000000 35
 0 1 51.388889 1.000000 37
 0 0 40.277778 1.000000 28
 1 0 43.055556 1.000000 90
 0 1 15.277778 1.000000 11
 266890.936208 2
 0 0 29.166667 1.000000 20
 0 1 54.166667 1.000000 39
 821303.120955 4
 0 1 20.833333 1.000000 15
 0 0 1.388889 1.000000 0
 3 1 4.166667 1.000000 183
 0 1 4.166667 1.000000 3
 676119.001562 5
 0 0 6.944444 1.000000 4
 0 1 6.944444 1.000000 5
 0 0 23.611111 1.000000 16
 1 0 73.611111 1.000000 112
 0 1 65.277778 1.000000 47
 839809.662197 5
 0 0 6.944444 1.000000 4
 2 1 26.388889 1.000000 139
 2 0 18.055556 1.000000 132
 0 1 43.055556 1.000000 31
 0 0 43.055556 1.000000 30
 1041617.753022 3
 0 1 20.833333 1.000000 15
 1 0 1.388889 1.000000 60
 0 0 37.500000 1.000000 26
 1227758.643659 6
 0 0 6.944444 1.000000 4
 0 1 34.722222 1.000000 25
 2 0 59.722222 1.000000 162
 0 0 29.166667 1.000000 20
 0 0 43.055556 1.000000 30
 0 1 48.611111 1.000000 35
 859399.012429 1
 0 1 18.055556 1.000000 13
 346337.515836 3
 0 1 59.722222 1.000000 43
 3 0 62.500000 1.000000 224
 0 0 6.944444 1.000000 4
 903761.147831 6
 0 0 45.833333 1.000000 32
 0 0 18.055556 1.000000 12
 0 0 43.055556 1.000000 30
 0 0 6.944444 1.000000 4
 3 1 20.833333 1.000000 195
 0 1 34.722222 1.000000 25
 469953.100714 5
 0 1 15.277778 1.000000 11
 0 1 43.055556 1.000000 31
 0 1 9.722222 1.000000 7
 0 1 12.500000 1.000000 9
 0 1 18.055556 1.000000 13
 1262475.156347 6
 0 0 51.388889 1.000000 36
 0 0 18.055556 1.000000 12
 0 1 37.500000 1.000000 27
 0 1 31.944444 1.000000 23
 0 0 62.500000 1.000000 44
 0 1 56.944444 1.000000 41
 225570.770439 5
 0 0 45.833333 1.000000 32
 0 0 51.388889 1.000000 36
 0 1 6.944444 1.000000 5
 0 1 23.611111 1.000000 17
 0 0 65.277778 1.000000 46
 187017.332533 2
 0 1 65.277778 1.000000 47
 3 0 6.944444 1.000000 184
 1294551.484666 5
 1 0 20.833333 1.000000 74
 0 1 37.500000 1.000000 27
 0 0 6.944444 1.000000 4
 0 0 20.833333 1.000000 14
 0 1 68.055556 1.000000 49
 694373.516373 5
 0 0 79.166667 1.000000 56
 1 1 31.944444 1.000000 83
 0 0 29.166667 1.000000 20
 0 1 31.944444 1.000000 23
 0 1 4.166667 1.000000 3
 1096349.808525 2
 0 1 76.388889 1.000000 55
 0 1 12.500000 1.000000 9
 1634330.776983 2
 3 0 48.611111 1.000000 214
 0 1 59.722222 1.000000 43
 896663.162101 3
 0 0 31.944444 1.000000 22
 0 0 9.722222 1.000000 6
 0 0 15.277778 1.000000 10
 703711.560491 6
 0 0 18.055556 1.000000 12
 0 1 48.611111 1.000000 35
 0 1 1.388889 1.000000 1
 0 0 29.166667 1.000000 20
 0 1 20.833333 1.000000 15
 0 0 34.722222 1.000000 24
 1393969.311227 2
 0 0 6.944444 1.000000 4
 0 1 18.055556 1.000000 13
 1967226.892080 2
 0 1 9.722222 1.000000 7
 0 1 51.388889 1.000000 37
 1739737.064754 6
 0 1 18.055556 1.000000 13
 0 0 20.833333 1.000000 14
 0 1 43.055556 1.000000 31
 0 1 48.611111 1.000000 35
 0 0 65.277778 1.000000 46
 0 0 15.277778 1.000000 10
 561047.458984 2
 0 0 45.833333 1.000000 32
 0 1 59.722222 1.000000 43
 1637448.537814 6
 2 1 54.166667 1.000000 159
 0 1 23.611111 1.000000 17
 2 0 54.166667 1.000000 158
 0 0 26.388889 1.000000 18
 0 0 51.388889 1.000000 36
 0 0 18.055556 1.000000 12
 443744.744027 1
 2 0 23.611111 1.000000 136
 1221443.960211 1
 1 1 29.166667 1.000000 81
 200142.902192 6
 0 0 37.500000 1.000000 26
 0 1 59.722222 1.000000 43
 0 0 43.055556 1.000000 30
 0 1 9.722222 1.000000 7
 0 0 40.277778 1.000000 28
 0 1 40.277778 1.000000 29
 172209.909434 2
 0 0 9.722222 1.000000 6
 0 1 29.166667 1.000000 21
 927522.683948 5
 0 1 15.277778 1.000000 11
 1 1 18.055556 1.000000 73
 0 0 31.944444 1.000000 22
 0 0 18.055556 1.000000 12
 0 0 9.722222 1.000000 6
 821375.466725 4
 0 1 15.277778 1.000000 11
 0 0 54.166667 1.000000 38
 3 0 48.611111 1.000000 214
 0 0 48.611111 1.000000 34
 1605776.315744 2
 0 1 9.722222 1.000000 7
 0 1 23.611111 1.000000 17
 1548069.468694 4
 0 1 15.277778 1.000000 11
 0 1 29.166667 1.000000 21
 0 1 26.388889 1.000000 19
 3 0 6.944444 1.000000 184
 1078590.178545 5
 0 1 65.277778 1.000000 47
 0 0 15.277778 1.000000 10
 0 0 65.277778 1.000000 46
 0 0 29.166667 1.000000 20
 0 0 48.611111 1.000000 34
 1013427.320632 6
 0 0 23.611111 1.000000 16
 0 1 62.500000 1.000000 45
 0 1 45.833333 1.000000 33
 0 0 43.055556 1.000000 30
 0 0 9.722222 1.000000 6
 0 1 31.944444 1.000000 23
 1578894.717888 1
 2 0 12.500000 1.000000 128
 460308.259269 1
 0 1 23.611111 1.000000 17
 1673870.764558 1
 0 0 56.944444 1.000000 40
 892381.914506 3
 0 1 51.388889 1.000000 37
 0 1 65.277778 1.000000 47
 0 0 54.166667 1.000000 38
 1663154.453460 2
 3 1 40.277778 1.000000 209
 0 1 20.833333 1.000000 15
 846497.097130 4
 0 0 4.166667 1.000000 2
 0 0 29.166667 1.000000 20
 0 0 18.055556 1.000000 12
 0 0 43.055556 1.000000 30
 1609620.548007 5
 0 0 26.388889 1.000000 18
 0 1 6.944444 1.000000 5
 0 1 54.166667 1.000000 39
 0 1 40.277778 1.000000 29
 0 1 65.277778 1.000000 47
 1253766.031961 3
 0 0 15.277778 1.000000 10
 0 1 37.500000 1.000000 27
 1 0 34.722222 1.000000 84
 1745882.441246 1
 0 0 56.944444 1.000000 40
 195662.347318 6
 0 1 59.722222 1.000000 43
 0 0 37.500000 1.000000 26
 0 1 48.611111 1.000000 35
 0 1 29.166667 1.000000 21
 0 1 23.611111 1.000000 17
 0 1 18.055556 1.000000 13
 798702.899385 5
 0 1 59.722222 1.000000 43
 3 1 26.388889 1.000000 199
 1 1 37.500000 1.000000 87
 0 1 62.500000 1.000000 45
 0 1 43.055556 1.000000 31
 1660698.030414 6
 0 1 31.944444 1.000000 23
 0 1 6.944444 1.000000 5
 0 0 62.500000 1.000000 44
 0 0 81.944444 1.000000 58
 0 0 54.166667 1.000000 38
 0 1 18.055556 1.000000 13
 1335112.920671 3
 0 1 43.055556 1.000000 31
 3 0 70.833333 1.000000 230
 0 1 18.055556 1.000000 13
 1029739.424600 4
 0 0 59.722222 1.000000 42
 0 0 81.944444 1.000000 58
 0 1 20.833333 1.000000 15
 0 1 23.611111 1.000000 17
 1249042.565752 1
 0 0 43.055556 1.000000 30
 1612481.590236 4
 0 0 23.611111 1.000000 16
 2 1 81.944444 1.000000 179
 0 1 37.500000 1.000000 27
 0 0 62.500000 1.000000 44
 229782.074480 1
 0 1 6.944444 1.000000 5
 664535.575297 3
 2 0 1.388889 1.000000 120
 0 1 20.833333 1.000000 15
 0 1 9.722222 1.000000 7
 1461372.448402 3
 0 1 6.944444 1.000000 5
 0 1 26.388889 1.000000 19
 1 1 54.166667 1.000000 99
 1604141.129369 2
 0 1 45.833333 1.000000 33
 1 1 34.722222 1.000000 85
 1349644.367280 4
 0 1 54.166667 1.000000 39
 0 0 12.500000 1.000000 8
 0 1 1.388889 1.000000 1
 0 1 31.944444 1.000000 23
 1908936.237129 2
 0 0 65.277778 1.000000 46
 3 1 37.500000 1.000000 207
 468105.523562 1
 0 0 54.166667 1.000000 38
 1526481.808632 1
 0 0 45.833333 1.000000 32
 867267.789201 4
 0 0 4.166667 1.000000 2
 0 1 6.944444 1.000000 5
 0 1 20.833333 1.000000 15
 2 1 26.388889 1.000000 139
 944364.747659 5
 3 1 65.277778 1.000000 227
 0 1 48.611111 1.000000 35
 0 1 62.500000 1.000000 45
 0 1 40.277778 1.000000 29
 0 0 54.166667 1.000000 38
 121668.754649 6
 0 0 34.722222 1.000000 24
 0 1 43.055556 1.000000 31
 0 0 4.166667 1.000000 2
 0 0 37.500000 1.000000 26
 2 0 12.500000 1.000000 128
 0 1 1.388889 1.000000 1
 1925051.070044 2
 0 0 59.722222 1.000000 42
 0 0 34.722222 1.000000 24
 708481.949320 2
 1 0 9.722222 1.000000 66
 0 0 31.944444 1.000000 22
 526253.569744 2
 3 0 43.055556 1.000000 210
 1 0 81.944444 1.000000 118
 1270494.505163 4
 0 0 56.944444 1.000000 40
 0 1 40.277778 1.000000 29
 0 1 12.500000 1.000000 9
 0 1 26.388889 1.000000 19
 1698931.883210 3
 0 1 40.277778 1.000000 29
 1 0 1.388889 1.000000 60
 1 1 45.833333 1.000000 93