 Numero de pedidos 
 150
 duedate num_referencias // pasillo lado altura peso
 1518050.640374 3
 1 0 76.388889 1.000000 114
 2 1 20.833333 1.000000 15
 2 1 9.722222 1.000000 7
 514117.913951 2
 2 1 40.277778 1.000000 29
 1 0 54.166667 1.000000 98
 1238731.692526 4
 2 0 23.611111 1.000000 16
 3 0 23.611111 1.000000 136
 2 0 59.722222 1.000000 42
 2 0 54.166667 1.000000 38
 1010444.729184 1
 2 0 40.277778 1.000000 28
 1276990.116926 4
 2 1 68.055556 1.000000 49
 2 0 37.500000 1.000000 26
 2 1 56.944444 1.000000 41
 2 1 6.944444 1.000000 5
 1169315.812145 2
 2 0 37.500000 1.000000 26
 2 1 37.500000 1.000000 27
 195307.741144 6
 2 0 18.055556 1.000000 12
 2 1 37.500000 1.000000 27
 2 1 51.388889 1.000000 37
 2 1 26.388889 1.000000 19
 2 1 29.166667 1.000000 21
 2 1 34.722222 1.000000 25
 1091377.720242 5
 2 0 1.388889 1.000000 0
 2 0 6.944444 1.000000 4
 3 1 70.833333 1.000000 171
 0 0 31.944444 1.000000 202
 2 0 62.500000 1.000000 44
 678432.877901 4
 2 0 68.055556 1.000000 48
 2 0 4.166667 1.000000 2
 2 1 51.388889 1.000000 37
 2 0 43.055556 1.000000 30
 674931.397715 4
 2 1 70.833333 1.000000 51
 2 1 4.166667 1.000000 3
 2 0 29.166667 1.000000 20
 2 0 59.722222 1.000000 42
 1827486.902842 4
 2 1 12.500000 1.000000 9
 2 0 65.277778 1.000000 46
 2 1 9.722222 1.000000 7
 2 0 20.833333 1.000000 14
 284549.486006 5
 2 1 62.500000 1.000000 45
 2 0 65.277778 1.000000 46
 2 1 59.722222 1.000000 43
 2 1 51.388889 1.000000 37
 2 0 45.833333 1.000000 32
 112348.404970 1
 2 0 4.166667 1.000000 2
 1868705.081208 3
 3 1 45.833333 1.000000 153
 3 1 68.055556 1.000000 169
 2 0 48.611111 1.000000 34
 81796.730050 1
 1 1 15.277778 1.000000 71
 1568200.538758 3
 2 1 26.388889 1.000000 19
 2 0 9.722222 1.000000 6
 2 1 29.166667 1.000000 21
 1707679.821825 2
 2 0 9.722222 1.000000 6
 3 1 20.833333 1.000000 135
 1242152.922080 3
 2 0 40.277778 1.000000 28
 0 0 45.833333 1.000000 212
 2 0 34.722222 1.000000 24
 400617.018268 3
 2 0 51.388889 1.000000 36
 2 1 18.055556 1.000000 13
 2 0 15.277778 1.000000 10
 1388834.252837 2
 3 1 23.611111 1.000000 137
 2 0 43.055556 1.000000 30
 509739.403981 2
 2 1 65.277778 1.000000 47
 2 0 18.055556 1.000000 12
 1304549.306773 1
 2 1 23.611111 1.000000 17
 1423453.748665 4
 2 1 26.388889 1.000000 19
 1 0 4.166667 1.000000 62
 2 0 20.833333 1.000000 14
 2 1 51.388889 1.000000 37
 1694269.303872 1
 2 1 26.388889 1.000000 19
 884405.912368 3
 2 0 81.944444 1.000000 58
 2 1 43.055556 1.000000 31
 2 1 54.166667 1.000000 39
 433171.016142 5
 2 1 23.611111 1.000000 17
 2 1 18.055556 1.000000 13
 2 0 29.166667 1.000000 20
 2 0 34.722222 1.000000 24
 2 1 59.722222 1.000000 43
 1364384.174200 3
 2 0 31.944444 1.000000 22
 2 1 59.722222 1.000000 43
 2 0 59.722222 1.000000 42
 618791.313124 4
 2 0 12.500000 1.000000 8
 0 0 62.500000 1.000000 224
 2 0 65.277778 1.000000 46
 2 1 51.388889 1.000000 37
 1053811.676248 1
 2 1 40.277778 1.000000 29
 287229.838132 3
 2 1 34.722222 1.000000 25
 2 0 37.500000 1.000000 26
 2 0 12.500000 1.000000 8
 926707.531310 6
 2 0 12.500000 1.000000 8
 2 0 31.944444 1.000000 22
 2 0 40.277778 1.000000 28
 2 1 6.944444 1.000000 5
 2 0 26.388889 1.000000 18
 2 0 45.833333 1.000000 32
 1176972.085879 4
 2 1 51.388889 1.000000 37
 2 1 43.055556 1.000000 31
 2 0 45.833333 1.000000 32
 0 1 23.611111 1.000000 197
 904636.761111 4
 2 1 34.722222 1.000000 25
 2 1 40.277778 1.000000 29
 2 1 31.944444 1.000000 23
 2 0 18.055556 1.000000 12
 1269262.483134 2
 2 0 23.611111 1.000000 16
 1 0 43.055556 1.000000 90
 1609519.419451 6
 2 0 62.500000 1.000000 44
 2 0 43.055556 1.000000 30
 1 1 54.166667 1.000000 99
 2 1 1.388889 1.000000 1
 2 0 54.166667 1.000000 38
 2 0 26.388889 1.000000 18
 1939762.427313 4
 2 0 48.611111 1.000000 34
 1 0 73.611111 1.000000 112
 2 0 62.500000 1.000000 44
 0 0 18.055556 1.000000 192
 1056124.372471 3
 2 1 65.277778 1.000000 47
 2 0 15.277778 1.000000 10
 2 1 59.722222 1.000000 43
 1928765.838188 2
 2 0 79.166667 1.000000 56
 2 0 9.722222 1.000000 6
 1644720.350171 2
 2 0 34.722222 1.000000 24
 2 0 48.611111 1.000000 34
 1969876.200673 3
 2 1 9.722222 1.000000 7
 2 1 43.055556 1.000000 31
 2 0 37.500000 1.000000 26
 604311.488608 5
 2 0 62.500000 1.000000 44
 2 0 26.388889 1.000000 18
 2 0 12.500000 1.000000 8
 1 0 20.833333 1.000000 74
 2 0 23.611111 1.000000 16
 1698117.723585 6
 2 0 26.388889 1.000000 18
 3 1 37.500000 1.000000 147
 3 0 68.055556 1.000000 168
 2 0 23.611111 1.000000 16
 1 0 45.833333 1.000000 92
 3 0 4.166667 1.000000 122
 1561031.597294 3
 2 1 18.055556 1.000000 13
 2 1 9.722222 1.000000 7
 3 1 6.944444 1.000000 125
 1662601.597823 6
 2 1 56.944444 1.000000 41
 2 1 45.833333 1.000000 33
 2 0 59.722222 1.000000 42
 0 1 65.277778 1.000000 227
 1 0 12.500000 1.000000 68
 2 0 4.166667 1.000000 2
 1692723.072512 5
 2 1 20.833333 1.000000 15
 3 0 37.500000 1.000000 146
 2 0 4.166667 1.000000 2
 2 0 9.722222 1.000000 6
 2 1 45.833333 1.000000 33
 1075988.638641 1
 2 1 40.277778 1.000000 29
 1021374.337366 4
 1 0 23.611111 1.000000 76
 2 0 18.055556 1.000000 12
 2 0 29.166667 1.000000 20
 2 0 37.500000 1.000000 26
 109809.487886 2
 2 1 40.277778 1.000000 29
 2 1 62.500000 1.000000 45
 313077.517391 4
 2 0 37.500000 1.000000 26
 0 0 18.055556 1.000000 192
 2 0 1.388889 1.000000 0
 2 0 4.166667 1.000000 2
 1281254.760754 4
 3 1 6.944444 1.000000 125
 2 0 4.166667 1.000000 2
 2 0 29.166667 1.000000 20
 2 1 34.722222 1.000000 25
 336406.794235 5
 2 0 54.166667 1.000000 38
 2 0 23.611111 1.000000 16
 2 1 15.277778 1.000000 11
 2 1 48.611111 1.000000 35
 2 0 68.055556 1.000000 48
 1206908.050518 5
 2 1 6.944444 1.000000 5
 2 1 48.611111 1.000000 35
 2 0 29.166667 1.000000 20
 2 0 31.944444 1.000000 22
 1 0 37.500000 1.000000 86
 850169.410301 2
 2 1 34.722222 1.000000 25
 0 0 59.722222 1.000000 222
 1346822.544516 2
 2 0 40.277778 1.000000 28
 2 0 23.611111 1.000000 16
 1581097.022603 1
 1 0 18.055556 1.000000 72
 872897.399288 6
 2 0 9.722222 1.000000 6
 2 0 1.388889 1.000000 0
 2 0 6.944444 1.000000 4
 0 0 51.388889 1.000000 216
 2 0 15.277778 1.000000 10
 2 1 6.944444 1.000000 5
 55355.288114 1
 2 0 4.166667 1.000000 2
 1033496.714343 5
 2 0 4.166667 1.000000 2
 2 1 45.833333 1.000000 33
 2 1 37.500000 1.000000 27
 0 1 9.722222 1.000000 187
 2 1 54.166667 1.000000 39
 644744.098468 2
 2 0 59.722222 1.000000 42
 2 0 56.944444 1.000000 40
 1196056.737060 5
 2 1 59.722222 1.000000 43
 2 1 43.055556 1.000000 31
 2 1 26.388889 1.000000 19
 2 0 48.611111 1.000000 34
 2 1 65.277778 1.000000 47
 1699081.463152 2
 2 0 20.833333 1.000000 14
 2 0 29.166667 1.000000 20
 1895178.004771 4
 0 0 51.388889 1.000000 216
 2 1 54.166667 1.000000 39
 2 1 34.722222 1.000000 25
 0 1 81.944444 1.000000 239
 877036.342042 1
 2 0 51.388889 1.000000 36
 1100377.115766 4
 2 1 23.611111 1.000000 17
 2 1 59.722222 1.000000 43
 2 1 15.277778 1.000000 11
 2 0 34.722222 1.000000 24
 889835.475893 5
 2 0 6.944444 1.000000 4
 2 0 40.277778 1.000000 28
 2 0 9.722222 1.000000 6
 2 1 1.388889 1.000000 1
 2 0 37.500000 1.000000 26
 101819.197490 3
 0 0 4.166667 1.000000 182
 2 1 15.277778 1.000000 11
 2 1 45.833333 1.000000 33
 603910.252789 1
 2 0 51.388889 1.000000 36
 1470223.925090 4
 2 0 45.833333 1.000000 32
 2 0 31.944444 1.000000 22
 1 0 26.388889 1.000000 78
 2 0 18.055556 1.000000 12
 1685696.105494 2
 2 0 4.166667 1.000000 2
 1 0 59.722222 1.000000 102
 1737754.250680 6
 2 1 37.500000 1.000000 27
 2 1 48.611111 1.000000 35
 2 0 45.833333 1.000000 32
 2 1 34.722222 1.000000 25
 2 0 31.944444 1.000000 22
 2 1 62.500000 1.000000 45
 141636.338021 2
 1 0 29.166667 1.000000 80
 2 0 45.833333 1.000000 32
 1169790.469804 4
 1 0 31.944444 1.000000 82
 2 1 45.833333 1.000000 33
 2 0 9.722222 1.000000 6
 3 0 45.833333 1.000000 152
 1515641.206575 6
 2 1 65.277778 1.000000 47
 2 0 70.833333 1.000000 50
 2 0 6.944444 1.000000 4
 2 0 1.388889 1.000000 0
 1 0 6.944444 1.000000 64
 1 1 40.277778 1.000000 89
 1182043.872523 4
 2 1 43.055556 1.000000 31
 2 0 31.944444 1.000000 22
 2 0 40.277778 1.000000 28
 2 1 40.277778 1.000000 29
 939898.784971 1
 2 0 79.166667 1.000000 56
 799429.137166 4
 2 0 79.166667 1.000000 56
 2 0 65.277778 1.000000 46
 3 1 1.388889 1.000000 121
 2 0 1.388889 1.000000 0
 498912.433041 1
 2 0 18.055556 1.000000 12
 672382.589743 2
 2 1 23.611111 1.000000 17
 2 0 45.833333 1.000000 32
 1300839.528339 5
 2 0 62.500000 1.000000 44
 2 0 20.833333 1.000000 14
 2 0 29.166667 1.000000 20
 2 1 62.500000 1.000000 45
 1 1 15.277778 1.000000 71
 716707.394047 5
 2 1 29.166667 1.000000 21
 2 1 45.833333 1.000000 33
 2 0 37.500000 1.000000 26
 2 1 65.277778 1.000000 47
 2 0 34.722222 1.000000 24
 1113578.274918 5
 2 1 45.833333 1.000000 33
 1 0 81.944444 1.000000 118
 2 0 6.944444 1.000000 4
 2 0 37.500000 1.000000 26
 2 1 62.500000 1.000000 45
 1648337.374035 6
 2 0 31.944444 1.000000 22
 2 0 26.388889 1.000000 18
 2 0 4.166667 1.000000 2
 2 0 15.277778 1.000000 10
 2 1 4.166667 1.000000 3
 2 1 51.388889 1.000000 37
 1126663.129202 3
 2 0 37.500000 1.000000 26
 2 1 6.944444 1.000000 5
 2 0 6.944444 1.000000 4
 720566.828177 1
 2 0 23.611111 1.000000 16
 610337.490835 6
 2 0 40.277778 1.000000 28
 2 0 23.611111 1.000000 16
 2 1 4.166667 1.000000 3
 3 0 70.833333 1.000000 170
 2 1 34.722222 1.000000 25
 2 1 12.500000 1.000000 9
 897760.378000 4
 1 0 43.055556 1.000000 90
 2 1 43.055556 1.000000 31
 2 1 20.833333 1.000000 15
 1 1 37.500000 1.000000 87
 277944.818008 2
 2 1 34.722222 1.000000 25
 2 1 43.055556 1.000000 31
 274994.360765 3
 2 0 6.944444 1.000000 4
 2 1 20.833333 1.000000 15
 2 0 65.277778 1.000000 46
 330681.851213 1
 2 0 12.500000 1.000000 8
 1341225.135262 4
 2 0 62.500000 1.000000 44
 1 1 4.166667 1.000000 63
 2 1 40.277778 1.000000 29
 2 1 51.388889 1.000000 37
 88125.301082 1
 2 0 62.500000 1.000000 44
 1206266.046374 5
 2 0 65.277778 1.000000 46
 2 0 23.611111 1.000000 16
 2 0 37.500000 1.000000 26
 2 1 56.944444 1.000000 41
 2 0 29.166667 1.000000 20
 1529805.828747 5
 2 0 51.388889 1.000000 36
 2 0 48.611111 1.000000 34
 2 1 20.833333 1.000000 15
 2 1 4.166667 1.000000 3
 1 0 18.055556 1.000000 72
 597030.555679 1
 1 0 9.722222 1.000000 66
 1236037.114205 4
 2 1 43.055556 1.000000 31
 3 0 79.166667 1.000000 176
 2 1 54.166667 1.000000 39
 2 0 20.833333 1.000000 14
 1608258.179281 1
 2 1 31.944444 1.000000 23
 48694.782280 5
 1 0 6.944444 1.000000 64
 1 1 18.055556 1.000000 73
 3 1 76.388889 1.000000 175
 2 0 23.611111 1.000000 16
 2 1 20.833333 1.000000 15
 509474.681034 4
 2 0 40.277778 1.000000 28
 2 1 20.833333 1.000000 15
 2 1 59.722222 1.000000 43
 2 1 73.611111 1.000000 53
 1544135.816854 5
 2 0 31.944444 1.000000 22
 2 0 34.722222 1.000000 24
 2 0 12.500000 1.000000 8
 2 0 15.277778 1.000000 10
 2 0 54.166667 1.000000 38
 1075526.824442 6
 2 0 37.500000 1.000000 26
 2 0 43.055556 1.000000 30
 2 0 34.722222 1.000000 24
 3 0 59.722222 1.000000 162
 2 1 43.055556 1.000000 31
 2 0 62.500000 1.000000 44
 1660560.183181 4
 2 1 1.388889 1.000000 1
 2 1 51.388889 1.000000 37
 2 1 4.166667 1.000000 3
 2 1 31.944444 1.000000 23
 263469.932090 2
 2 1 54.166667 1.000000 39
 2 1 12.500000 1.000000 9
 431204.827740 2
 2 0 40.277778 1.000000 28
 3 0 48.611111 1.000000 154
 1125976.732432 4
 2 0 1.388889 1.000000 0
 2 1 34.722222 1.000000 25
 3 1 9.722222 1.000000 127
 1 0 9.722222 1.000000 66
 1661907.355516 2
 2 0 12.500000 1.000000 8
 1 1 4.166667 1.000000 63
 1264362.917684 6
 2 1 1.388889 1.000000 1
 2 1 37.500000 1.000000 27
 2 0 51.388889 1.000000 36
 2 1 18.055556 1.000000 13
 1 1 6.944444 1.000000 65
 2 0 65.277778 1.000000 46
 639207.398109 6
 2 1 54.166667 1.000000 39
 2 0 31.944444 1.000000 22
 2 1 76.388889 1.000000 55
 2 1 23.611111 1.000000 17
 1 0 31.944444 1.000000 82
 2 1 26.388889 1.000000 19
 423416.631996 2
 2 1 51.388889 1.000000 37
 2 0 26.388889 1.000000 18
 1193913.149738 5
 1 1 6.944444 1.000000 65
 2 1 1.388889 1.000000 1
 2 0 51.388889 1.000000 36
 2 0 37.500000 1.000000 26
 2 0 9.722222 1.000000 6
 1976534.631949 5
 2 1 26.388889 1.000000 19
 2 1 48.611111 1.000000 35
 2 0 37.500000 1.000000 26
 2 1 37.500000 1.000000 27
 2 1 9.722222 1.000000 7
 1156964.321061 5
 2 0 70.833333 1.000000 50
 2 1 34.722222 1.000000 25
 1 0 51.388889 1.000000 96
 2 0 45.833333 1.000000 32
 2 0 40.277778 1.000000 28
 1755696.275679 6
 2 0 18.055556 1.000000 12
 2 1 43.055556 1.000000 31
 2 0 4.166667 1.000000 2
 2 0 56.944444 1.000000 40
 2 1 12.500000 1.000000 9
 2 1 81.944444 1.000000 59
 320869.683363 1
 2 1 59.722222 1.000000 43
 1584500.052084 3
 2 0 9.722222 1.000000 6
 2 0 20.833333 1.000000 14
 2 1 29.166667 1.000000 21
 272804.297131 1
 2 1 12.500000 1.000000 9
 280329.280440 2
 2 0 51.388889 1.000000 36
 2 1 40.277778 1.000000 29
 1814256.552017 5
 2 0 65.277778 1.000000 46
 2 1 29.166667 1.000000 21
 1 1 34.722222 1.000000 85
 2 1 12.500000 1.000000 9
 2 1 34.722222 1.000000 25
 1281000.284646 2
 2 0 4.166667 1.000000 2
 2 1 20.833333 1.000000 15
 134498.371638 4
 2 1 29.166667 1.000000 21
 2 1 18.055556 1.000000 13
 1 1 62.500000 1.000000 105
 2 0 18.055556 1.000000 12
 1378442.091243 2
 2 0 20.833333 1.000000 14
 2 0 1.388889 1.000000 0
 1315838.704331 1
 2 0 37.500000 1.000000 26
 1929672.074248 2
 2 1 20.833333 1.000000 15
 2 1 59.722222 1.000000 43
 1181530.580438 6
 2 1 56.944444 1.000000 41
 2 1 45.833333 1.000000 33
 2 0 37.500000 1.000000 26
 2 0 62.500000 1.000000 44
 2 0 9.722222 1.000000 6
 2 0 15.277778 1.000000 10
 1590204.003095 4
 2 1 79.166667 1.000000 57
 2 0 51.388889 1.000000 36
 2 1 9.722222 1.000000 7
 2 1 4.166667 1.000000 3
 1374997.718453 6
 2 0 51.388889 1.000000 36
 2 0 29.166667 1.000000 20
 2 0 6.944444 1.000000 4
 2 1 59.722222 1.000000 43
 2 1 23.611111 1.000000 17
 2 1 9.722222 1.000000 7
 1134426.280565 4
 2 0 6.944444 1.000000 4
 2 1 4.166667 1.000000 3
 2 1 43.055556 1.000000 31
 1 0 4.166667 1.000000 62
 1834693.379847 5
 2 1 4.166667 1.000000 3
 2 1 29.166667 1.000000 21
 2 1 34.722222 1.000000 25
 2 0 43.055556 1.000000 30
 1 1 31.944444 1.000000 83
 1550855.054683 3
 2 0 6.944444 1.000000 4
 2 0 37.500000 1.000000 26
 2 1 23.611111 1.000000 17
 534616.202737 4
 1 1 12.500000 1.000000 69
 2 1 1.388889 1.000000 1
 2 1 20.833333 1.000000 15
 1 0 6.944444 1.000000 64
 1027707.441760 3
 2 1 29.166667 1.000000 21
 2 0 59.722222 1.000000 42
 2 0 65.277778 1.000000 46
 430334.661431 4
 2 1 9.722222 1.000000 7
 2 1 48.611111 1.000000 35
 2 0 1.388889 1.000000 0
 3 0 81.944444 1.000000 178
 361005.841308 1
 0 1 6.944444 1.000000 185
 1753878.237938 4
 1 1 23.611111 1.000000 77
 2 1 1.388889 1.000000 1
 2 0 76.388889 1.000000 54
 2 0 1.388889 1.000000 0
 1017082.312655 4
 2 1 48.611111 1.000000 35
 2 0 65.277778 1.000000 46
 2 1 29.166667 1.000000 21
 3 1 81.944444 1.000000 179
 680775.687620 3
 1 0 45.833333 1.000000 92
 2 1 20.833333 1.000000 15
 2 0 1.388889 1.000000 0
 273720.109199 4
 3 1 65.277778 1.000000 167
 2 1 54.166667 1.000000 39
 2 1 62.500000 1.000000 45
 2 1 56.944444 1.000000 41
 1962306.978983 1
 2 0 65.277778 1.000000 46
 1742665.270466 5
 2 0 59.722222 1.000000 42
 2 0 9.722222 1.000000 6
 2 1 18.055556 1.000000 13
 2 1 6.944444 1.000000 5
 2 0 51.388889 1.000000 36
 718461.104966 3
 2 1 23.611111 1.000000 17
 2 0 1.388889 1.000000 0
 2 0 6.944444 1.000000 4
 842081.318126 5
 2 0 6.944444 1.000000 4
 2 1 12.500000 1.000000 9
 1 1 34.722222 1.000000 85
 2 1 34.722222 1.000000 25
 2 0 76.388889 1.000000 54
 1255917.727675 6
 2 1 81.944444 1.000000 59
 2 1 29.166667 1.000000 21
 2 1 62.500000 1.000000 45
 1 0 6.944444 1.000000 64
 2 1 1.388889 1.000000 1
 2 0 51.388889 1.000000 36
 648580.605671 3
 2 1 31.944444 1.000000 23
 3 0 18.055556 1.000000 132
 2 0 6.944444 1.000000 4
 243509.166559 4
 2 1 26.388889 1.000000 19
 2 1 51.388889 1.000000 37
 2 0 31.944444 1.000000 22
 3 0 76.388889 1.000000 174
 377529.189707 1
 2 1 23.611111 1.000000 17
 547128.992783 2
 2 1 45.833333 1.000000 33
 2 0 65.277778 1.000000 46
 271355.919573 4
 2 0 48.611111 1.000000 34
 2 0 56.944444 1.000000 40
 2 1 23.611111 1.000000 17
 2 0 65.277778 1.000000 46
 1829051.250307 6
 2 1 62.500000 1.000000 45
 2 0 37.500000 1.000000 26
 2 1 65.277778 1.000000 47
 2 0 31.944444 1.000000 22
 2 1 1.388889 1.000000 1
 1 1 70.833333 1.000000 111
 1844338.192998 1
 2 1 48.611111 1.000000 35
 987223.438894 2
 2 1 51.388889 1.000000 37
 3 0 29.166667 1.000000 140
 1400223.043002 3
 2 1 45.833333 1.000000 33
 2 1 31.944444 1.000000 23
 2 0 48.611111 1.000000 34