 Numero de pedidos 
 150
 duedate num_referencias // pasillo lado altura peso
 1120549.178664 4
 0 0 48.611111 1.000000 34
 1 0 15.277778 1.000000 70
 0 0 40.277778 1.000000 28
 3 1 31.944444 1.000000 203
 1299829.777023 5
 2 0 9.722222 1.000000 126
 1 1 62.500000 1.000000 105
 0 0 18.055556 1.000000 12
 2 1 31.944444 1.000000 143
 3 1 29.166667 1.000000 201
 1922114.210148 1
 0 0 20.833333 1.000000 14
 78106.243274 1
 1 1 43.055556 1.000000 91
 1477341.029065 5
 3 1 34.722222 1.000000 205
 1 1 81.944444 1.000000 119
 0 0 18.055556 1.000000 12
 3 0 59.722222 1.000000 222
 3 1 79.166667 1.000000 237
 123152.186127 2
 1 0 59.722222 1.000000 102
 2 0 9.722222 1.000000 126
 321114.360765 1
 2 0 79.166667 1.000000 176
 1414609.204817 4
 0 0 34.722222 1.000000 24
 2 0 29.166667 1.000000 140
 3 1 29.166667 1.000000 201
 1 1 76.388889 1.000000 115
 1928350.249309 2
 3 1 12.500000 1.000000 189
 0 1 81.944444 1.000000 59
 312844.126389 4
 3 1 51.388889 1.000000 217
 3 1 29.166667 1.000000 201
 0 0 18.055556 1.000000 12
 0 1 31.944444 1.000000 23
 659870.437672 4
 2 1 45.833333 1.000000 153
 1 0 15.277778 1.000000 70
 2 0 9.722222 1.000000 126
 0 1 12.500000 1.000000 9
 1949222.318190 3
 1 1 76.388889 1.000000 115
 3 1 23.611111 1.000000 197
 0 0 15.277778 1.000000 10
 487017.545573 4
 3 1 73.611111 1.000000 233
 3 0 34.722222 1.000000 204
 1 1 62.500000 1.000000 105
 0 0 15.277778 1.000000 10
 1693089.560165 2
 1 1 73.611111 1.000000 113
 3 1 12.500000 1.000000 189
 1486808.871351 2
 1 0 15.277778 1.000000 70
 0 1 31.944444 1.000000 23
 1430177.553627 3
 1 1 43.055556 1.000000 91
 2 1 76.388889 1.000000 175
 0 1 81.944444 1.000000 59
 1574938.744239 5
 1 1 23.611111 1.000000 77
 3 1 12.500000 1.000000 189
 2 1 68.055556 1.000000 169
 1 0 73.611111 1.000000 112
 2 0 29.166667 1.000000 140
 418663.055030 1
 0 0 18.055556 1.000000 12
 1916701.781581 1
 2 0 48.611111 1.000000 154
 1370709.877541 5
 2 1 45.833333 1.000000 153
 3 1 59.722222 1.000000 223
 1 0 6.944444 1.000000 64
 0 0 73.611111 1.000000 52
 3 1 12.500000 1.000000 189
 1645065.342917 6
 3 0 59.722222 1.000000 222
 3 1 79.166667 1.000000 237
 1 1 23.611111 1.000000 77
 0 0 40.277778 1.000000 28
 0 0 15.277778 1.000000 10
 2 0 9.722222 1.000000 126
 721657.256354 3
 3 1 23.611111 1.000000 197
 0 0 18.055556 1.000000 12
 3 1 29.166667 1.000000 201
 1661371.123726 2
 1 0 81.944444 1.000000 118
 3 1 4.166667 1.000000 183
 1775964.442741 2
 0 1 81.944444 1.000000 59
 0 1 79.166667 1.000000 57
 1778441.082006 6
 2 1 43.055556 1.000000 151
 1 0 15.277778 1.000000 70
 0 1 1.388889 1.000000 1
 0 1 70.833333 1.000000 51
 3 1 62.500000 1.000000 225
 1 0 68.055556 1.000000 108
 431359.705884 1
 3 0 62.500000 1.000000 224
 1208068.153918 6
 0 0 81.944444 1.000000 58
 0 1 31.944444 1.000000 23
 1 0 56.944444 1.000000 100
 1 0 59.722222 1.000000 102
 1 1 43.055556 1.000000 91
 1 1 62.500000 1.000000 105
 1106906.867841 2
 0 1 29.166667 1.000000 21
 2 0 48.611111 1.000000 154
 953125.840050 5
 0 1 73.611111 1.000000 53
 2 1 23.611111 1.000000 137
 3 0 1.388889 1.000000 180
 0 0 81.944444 1.000000 58
 2 0 45.833333 1.000000 152
 1796390.487978 1
 0 0 15.277778 1.000000 10
 112934.770246 1
 1 1 65.277778 1.000000 107
 1825866.791469 3
 0 0 18.055556 1.000000 12
 1 1 59.722222 1.000000 103
 1 0 15.277778 1.000000 70
 1281032.035519 5
 1 0 73.611111 1.000000 112
 2 0 56.944444 1.000000 160
 1 1 43.055556 1.000000 91
 1 0 12.500000 1.000000 68
 3 0 59.722222 1.000000 222
 1970183.263593 6
 2 0 9.722222 1.000000 126
 1 1 76.388889 1.000000 115
 1 0 76.388889 1.000000 114
 1 1 62.500000 1.000000 105
 0 0 18.055556 1.000000 12
 0 0 48.611111 1.000000 34
 439189.223032 2
 1 1 23.611111 1.000000 77
 3 1 31.944444 1.000000 203
 1614099.708281 1
 0 0 48.611111 1.000000 34
 647382.087804 6
 0 0 81.944444 1.000000 58
 3 1 23.611111 1.000000 197
 2 1 31.944444 1.000000 143
 0 0 40.277778 1.000000 28
 2 0 73.611111 1.000000 172
 2 1 6.944444 1.000000 125
 1370599.999880 2
 3 1 43.055556 1.000000 211
 2 0 9.722222 1.000000 126
 525436.943101 6
 1 1 23.611111 1.000000 77
 1 0 59.722222 1.000000 102
 0 1 9.722222 1.000000 7
 3 1 81.944444 1.000000 239
 3 1 29.166667 1.000000 201
 1 0 81.944444 1.000000 118
 776376.535937 4
 3 0 59.722222 1.000000 222
 0 0 48.611111 1.000000 34
 1 0 23.611111 1.000000 76
 0 0 40.277778 1.000000 28
 1546664.738090 3
 1 1 76.388889 1.000000 115
 2 0 73.611111 1.000000 172
 3 0 59.722222 1.000000 222
 1451517.130105 4
 1 1 76.388889 1.000000 115
 1 0 59.722222 1.000000 102
 2 1 6.944444 1.000000 125
 3 1 23.611111 1.000000 197
 194062.294268 5
 0 0 40.277778 1.000000 28
 0 0 48.611111 1.000000 34
 1 0 76.388889 1.000000 114
 0 1 29.166667 1.000000 21
 3 0 59.722222 1.000000 222
 1414886.692732 1
 0 1 70.833333 1.000000 51
 1076273.481062 4
 0 0 43.055556 1.000000 30
 2 0 68.055556 1.000000 168
 0 1 81.944444 1.000000 59
 2 0 59.722222 1.000000 162
 1995031.410081 1
 0 1 31.944444 1.000000 23
 1405412.328320 3
 1 1 26.388889 1.000000 79
 1 0 15.277778 1.000000 70
 3 0 59.722222 1.000000 222
 1789941.334273 3
 1 0 73.611111 1.000000 112
 0 1 31.944444 1.000000 23
 3 0 56.944444 1.000000 220
 1694075.285669 5
 0 1 31.944444 1.000000 23
 1 1 43.055556 1.000000 91
 1 0 65.277778 1.000000 106
 0 0 73.611111 1.000000 52
 2 0 18.055556 1.000000 132
 1063961.297061 5
 1 1 73.611111 1.000000 113
 3 1 23.611111 1.000000 197
 3 0 76.388889 1.000000 234
 1 1 62.500000 1.000000 105
 1 0 40.277778 1.000000 88
 1473746.989627 3
 3 1 12.500000 1.000000 189
 1 0 81.944444 1.000000 118
 1 0 65.277778 1.000000 106
 1977958.123934 3
 1 0 12.500000 1.000000 68
 1 1 68.055556 1.000000 109
 1 0 81.944444 1.000000 118
 569952.588514 6
 1 1 62.500000 1.000000 105
 0 1 20.833333 1.000000 15
 0 1 12.500000 1.000000 9
 0 1 9.722222 1.000000 7
 2 0 43.055556 1.000000 150
 2 1 31.944444 1.000000 143
 638800.466153 3
 2 1 54.166667 1.000000 159
 2 0 9.722222 1.000000 126
 1 1 43.055556 1.000000 91
 337944.662561 5
 3 0 59.722222 1.000000 222
 1 0 6.944444 1.000000 64
 2 1 54.166667 1.000000 159
 0 1 12.500000 1.000000 9
 1 0 76.388889 1.000000 114
 465049.922813 6
 0 0 48.611111 1.000000 34
 3 1 12.500000 1.000000 189
 0 0 73.611111 1.000000 52
 3 1 23.611111 1.000000 197
 0 0 9.722222 1.000000 6
 0 1 45.833333 1.000000 33
 1024094.812527 5
 2 1 6.944444 1.000000 125
 1 1 26.388889 1.000000 79
 0 0 18.055556 1.000000 12
 1 1 62.500000 1.000000 105
 0 1 1.388889 1.000000 1
 1968269.555219 4
 0 1 9.722222 1.000000 7
 2 1 6.944444 1.000000 125
 0 1 29.166667 1.000000 21
 0 1 70.833333 1.000000 51
 1029505.516100 6
 1 0 76.388889 1.000000 114
 2 1 6.944444 1.000000 125
 0 1 81.944444 1.000000 59
 0 1 31.944444 1.000000 23
 0 0 48.611111 1.000000 34
 2 1 31.944444 1.000000 143
 1447083.523407 1
 3 1 76.388889 1.000000 235
 1158232.505023 5
 1 0 59.722222 1.000000 102
 1 1 51.388889 1.000000 97
 1 0 15.277778 1.000000 70
 2 0 29.166667 1.000000 140
 0 0 73.611111 1.000000 52
 1176168.619402 6
 0 1 1.388889 1.000000 1
 1 0 34.722222 1.000000 84
 2 0 34.722222 1.000000 144
 2 1 43.055556 1.000000 151
 0 1 70.833333 1.000000 51
 2 0 59.722222 1.000000 162
 1671518.575061 4
 1 0 15.277778 1.000000 70
 2 1 43.055556 1.000000 151
 2 0 9.722222 1.000000 126
 3 1 51.388889 1.000000 217
 1658449.658276 2
 0 1 76.388889 1.000000 55
 2 0 9.722222 1.000000 126
 455419.053834 2
 0 0 18.055556 1.000000 12
 1 1 59.722222 1.000000 103
 871007.840853 2
 3 1 29.166667 1.000000 201
 0 1 4.166667 1.000000 3
 1605825.146812 6
 1 0 15.277778 1.000000 70
 1 1 15.277778 1.000000 71
 1 0 65.277778 1.000000 106
 1 0 12.500000 1.000000 68
 1 1 76.388889 1.000000 115
 1 0 76.388889 1.000000 114
 636162.290627 6
 1 1 62.500000 1.000000 105
 0 1 81.944444 1.000000 59
 0 1 70.833333 1.000000 51
 2 0 20.833333 1.000000 134
 3 0 56.944444 1.000000 220
 1 0 65.277778 1.000000 106
 489332.188577 1
 0 1 70.833333 1.000000 51
 532025.694592 1
 0 1 45.833333 1.000000 33
 834255.219937 1
 3 1 23.611111 1.000000 197
 341372.766542 5
 2 0 9.722222 1.000000 126
 3 1 73.611111 1.000000 233
 3 0 59.722222 1.000000 222
 1 1 45.833333 1.000000 93
 2 0 73.611111 1.000000 172
 1310757.988780 2
 3 1 12.500000 1.000000 189
 0 0 73.611111 1.000000 52
 259414.497381 5
 1 1 59.722222 1.000000 103
 0 1 12.500000 1.000000 9
 0 0 81.944444 1.000000 58
 2 1 45.833333 1.000000 153
 3 0 59.722222 1.000000 222
 1701852.336480 3
 2 1 45.833333 1.000000 153
 1 1 43.055556 1.000000 91
 1 0 12.500000 1.000000 68
 588480.087998 3
 2 1 9.722222 1.000000 127
 1 1 65.277778 1.000000 107
 0 1 12.500000 1.000000 9
 1988668.315405 2
 1 0 76.388889 1.000000 114
 0 0 15.277778 1.000000 10
 692533.186028 5
 3 0 65.277778 1.000000 226
 1 1 76.388889 1.000000 115
 2 1 43.055556 1.000000 151
 3 1 73.611111 1.000000 233
 0 0 18.055556 1.000000 12
 204030.660020 3
 2 0 73.611111 1.000000 172
 1 0 73.611111 1.000000 112
 1 0 6.944444 1.000000 64
 1652840.841232 4
 2 0 68.055556 1.000000 168
 0 0 40.277778 1.000000 28
 0 1 1.388889 1.000000 1
 2 1 6.944444 1.000000 125
 744451.889500 1
 3 0 12.500000 1.000000 188
 1855098.622001 5
 1 1 76.388889 1.000000 115
 3 1 12.500000 1.000000 189
 1 0 59.722222 1.000000 102
 1 0 65.277778 1.000000 106
 2 1 6.944444 1.000000 125
 1569370.654435 3
 3 1 12.500000 1.000000 189
 2 1 45.833333 1.000000 153
 3 1 29.166667 1.000000 201
 1904707.703211 3
 1 0 12.500000 1.000000 68
 2 0 34.722222 1.000000 144
 1 0 59.722222 1.000000 102
 1616672.730081 6
 1 0 26.388889 1.000000 78
 3 1 12.500000 1.000000 189
 1 1 68.055556 1.000000 109
 2 0 20.833333 1.000000 134
 0 0 48.611111 1.000000 34
 0 1 76.388889 1.000000 55
 581167.561180 6
 1 0 76.388889 1.000000 114
 0 1 12.500000 1.000000 9
 1 1 76.388889 1.000000 115
 0 1 70.833333 1.000000 51
 0 0 73.611111 1.000000 52
 2 1 31.944444 1.000000 143
 914921.952893 4
 2 0 65.277778 1.000000 166
 0 1 12.500000 1.000000 9
 0 0 48.611111 1.000000 34
 0 1 29.166667 1.000000 21
 1459145.110258 3
 0 1 29.166667 1.000000 21
 1 1 6.944444 1.000000 65
 3 1 68.055556 1.000000 229
 1547383.735453 2
 2 1 6.944444 1.000000 125
 3 1 12.500000 1.000000 189
 1290755.786845 5
 1 0 12.500000 1.000000 68
 0 1 4.166667 1.000000 3
 2 0 4.166667 1.000000 122
 0 1 12.500000 1.000000 9
 0 0 51.388889 1.000000 36
 567198.727842 2
 0 1 29.166667 1.000000 21
 1 1 59.722222 1.000000 103
 1679665.520619 5
 0 0 18.055556 1.000000 12
 1 0 65.277778 1.000000 106
 3 0 59.722222 1.000000 222
 1 0 15.277778 1.000000 70
 0 0 81.944444 1.000000 58
 1653692.433263 1
 2 0 9.722222 1.000000 126
 1655390.837535 3
 0 1 12.500000 1.000000 9
 1 0 59.722222 1.000000 102
 2 0 73.611111 1.000000 172
 1785011.582312 6
 1 0 59.722222 1.000000 102
 0 0 18.055556 1.000000 12
 0 1 29.166667 1.000000 21
 2 1 43.055556 1.000000 151
 1 0 76.388889 1.000000 114
 2 0 73.611111 1.000000 172
 1741385.372049 3
 0 0 15.277778 1.000000 10
 1 0 65.277778 1.000000 106
 0 1 70.833333 1.000000 51
 734467.558868 3
 3 1 23.611111 1.000000 197
 0 0 31.944444 1.000000 22
 1 0 59.722222 1.000000 102
 1893523.680984 1
 1 0 59.722222 1.000000 102
 513301.340245 6
 2 1 45.833333 1.000000 153
 2 1 31.944444 1.000000 143
 1 0 59.722222 1.000000 102
 2 1 6.944444 1.000000 125
 1 1 76.388889 1.000000 115
 3 0 59.722222 1.000000 222
 1977829.479416 4
 3 1 12.500000 1.000000 189
 1 0 76.388889 1.000000 114
 1 1 62.500000 1.000000 105
 1 1 12.500000 1.000000 69
 77524.581122 6
 1 1 81.944444 1.000000 119
 3 0 59.722222 1.000000 222
 3 1 79.166667 1.000000 237
 1 0 59.722222 1.000000 102
 0 1 70.833333 1.000000 51
 2 1 31.944444 1.000000 143
 1156055.030206 5
 1 0 59.722222 1.000000 102
 2 1 45.833333 1.000000 153
 0 0 40.277778 1.000000 28
 1 1 54.166667 1.000000 99
 1 0 15.277778 1.000000 70
 1715211.291665 2
 1 1 59.722222 1.000000 103
 3 1 23.611111 1.000000 197
 500638.447283 6
 2 1 65.277778 1.000000 167
 1 0 76.388889 1.000000 114
 0 1 29.166667 1.000000 21
 0 0 54.166667 1.000000 38
 0 0 15.277778 1.000000 10
 1 0 73.611111 1.000000 112
 1095276.407607 6
 0 0 20.833333 1.000000 14
 1 1 29.166667 1.000000 81
 1 0 76.388889 1.000000 114
 0 0 40.277778 1.000000 28
 0 1 76.388889 1.000000 55
 1 0 6.944444 1.000000 64
 522489.317955 6
 2 1 76.388889 1.000000 175
 2 1 45.833333 1.000000 153
 3 1 12.500000 1.000000 189
 3 0 23.611111 1.000000 196
 1 0 65.277778 1.000000 106
 2 0 73.611111 1.000000 172
 1149106.978545 3
 0 1 31.944444 1.000000 23
 1 0 81.944444 1.000000 118
 1 0 59.722222 1.000000 102
 972272.364726 4
 2 1 45.833333 1.000000 153
 3 1 29.166667 1.000000 201
 1 1 59.722222 1.000000 103
 3 0 34.722222 1.000000 204
 1041913.441011 2
 1 0 65.277778 1.000000 106
 2 1 45.833333 1.000000 153
 365947.266652 3
 0 1 12.500000 1.000000 9
 3 1 23.611111 1.000000 197
 2 0 51.388889 1.000000 156
 468456.439706 6
 1 1 62.500000 1.000000 105
 0 1 29.166667 1.000000 21
 2 1 31.944444 1.000000 143
 3 1 12.500000 1.000000 189
 2 0 12.500000 1.000000 128
 2 1 45.833333 1.000000 153
 1611543.160645 1
 3 1 79.166667 1.000000 237
 1217465.543364 6
 1 0 12.500000 1.000000 68
 2 0 9.722222 1.000000 126
 0 1 12.500000 1.000000 9
 2 0 65.277778 1.000000 166
 0 1 29.166667 1.000000 21
 3 1 79.166667 1.000000 237
 1110645.234655 5
 0 1 4.166667 1.000000 3
 1 0 62.500000 1.000000 104
 1 0 76.388889 1.000000 114
 1 1 76.388889 1.000000 115
 3 0 34.722222 1.000000 204
 1969822.691125 5
 1 0 6.944444 1.000000 64
 0 1 70.833333 1.000000 51
 3 1 73.611111 1.000000 233
 1 0 76.388889 1.000000 114
 1 0 59.722222 1.000000 102
 1001322.703809 2
 1 0 15.277778 1.000000 70
 2 0 81.944444 1.000000 178
 247846.283935 3
 1 0 12.500000 1.000000 68
 3 1 12.500000 1.000000 189
 3 1 23.611111 1.000000 197
 1288246.552464 2
 2 1 45.833333 1.000000 153
 3 1 76.388889 1.000000 235
 720585.308448 5
 1 0 76.388889 1.000000 114
 2 0 9.722222 1.000000 126
 1 1 43.055556 1.000000 91
 0 1 12.500000 1.000000 9
 0 0 48.611111 1.000000 34
 1349520.763582 1
 1 0 34.722222 1.000000 84
 403587.902563 1
 0 0 18.055556 1.000000 12
 1229730.169508 5
 0 0 81.944444 1.000000 58
 2 1 48.611111 1.000000 155
 0 0 40.277778 1.000000 28
 1 1 76.388889 1.000000 115
 0 0 18.055556 1.000000 12
 1554457.174220 6
 1 0 12.500000 1.000000 68
 2 1 23.611111 1.000000 137
 0 1 81.944444 1.000000 59
 2 1 70.833333 1.000000 171
 3 1 29.166667 1.000000 201
 0 1 56.944444 1.000000 41
 1627725.590573 3
 2 0 9.722222 1.000000 126
 3 1 15.277778 1.000000 191
 1 1 43.055556 1.000000 91
 1620920.333872 5
 3 1 48.611111 1.000000 215
 3 1 23.611111 1.000000 197
 1 0 65.277778 1.000000 106
 0 1 70.833333 1.000000 51
 3 1 34.722222 1.000000 205
 119669.462759 3
 0 1 70.833333 1.000000 51
 0 0 15.277778 1.000000 10
 3 1 4.166667 1.000000 183
 1930514.761103 1
 0 1 29.166667 1.000000 21
 1280639.659241 1
 0 1 76.388889 1.000000 55
 1423416.096300 3
 0 1 81.944444 1.000000 59
 2 0 76.388889 1.000000 174
 3 1 23.611111 1.000000 197
 792841.669839 5
 3 0 1.388889 1.000000 180
 3 1 12.500000 1.000000 189
 1 1 70.833333 1.000000 111
 2 0 37.500000 1.000000 146
 0 0 43.055556 1.000000 30
 585422.867213 4
 2 1 45.833333 1.000000 153
 2 1 6.944444 1.000000 125
 0 1 1.388889 1.000000 1
 1 0 6.944444 1.000000 64
 546316.369225 1
 1 1 59.722222 1.000000 103
 1589725.990365 4
 1 0 15.277778 1.000000 70
 1 0 76.388889 1.000000 114
 1 1 34.722222 1.000000 85
 1 0 65.277778 1.000000 106
 970162.193035 6
 3 0 81.944444 1.000000 238
 1 0 15.277778 1.000000 70
 1 1 43.055556 1.000000 91
 3 1 43.055556 1.000000 211
 3 1 81.944444 1.000000 239
 3 0 56.944444 1.000000 220
 1047905.625109 1
 0 0 73.611111 1.000000 52
 1781048.346339 5
 0 0 18.055556 1.000000 12
 0 1 79.166667 1.000000 57
 3 1 12.500000 1.000000 189
 1 0 6.944444 1.000000 64
 2 0 54.166667 1.000000 158
 433226.867669 3
 1 1 43.055556 1.000000 91
 1 1 62.500000 1.000000 105
 3 0 59.722222 1.000000 222
 1998263.134713 6
 3 0 18.055556 1.000000 192
 3 1 12.500000 1.000000 189
 1 1 23.611111 1.000000 77
 1 0 59.722222 1.000000 102
 0 0 51.388889 1.000000 36
 0 1 29.166667 1.000000 21
 1865690.243293 1
 1 0 65.277778 1.000000 106
 1031170.072123 2
 0 0 18.055556 1.000000 12
 1 0 59.722222 1.000000 102
 1164298.556356 2
 1 1 59.722222 1.000000 103
 0 0 73.611111 1.000000 52
 136972.969201 6
 2 1 76.388889 1.000000 175
 0 0 59.722222 1.000000 42
 0 0 62.500000 1.000000 44
 3 1 79.166667 1.000000 237
 2 1 62.500000 1.000000 165
 2 0 68.055556 1.000000 168
 1501297.845645 4
 0 0 40.277778 1.000000 28
 2 1 45.833333 1.000000 153
 1 0 12.500000 1.000000 68
 3 1 79.166667 1.000000 237
 131870.731363 4
 2 1 43.055556 1.000000 151
 3 1 23.611111 1.000000 197
 1 0 73.611111 1.000000 112
 1 0 76.388889 1.000000 114
 237579.148932 5
 0 0 73.611111 1.000000 52
 0 0 6.944444 1.000000 4
 3 0 59.722222 1.000000 222
 3 1 23.611111 1.000000 197
 1 0 76.388889 1.000000 114
 1771821.149165 2
 2 0 9.722222 1.000000 126
 2 1 79.166667 1.000000 177
 653772.540546 3
 0 0 73.611111 1.000000 52
 1 1 31.944444 1.000000 83
 1 0 59.722222 1.000000 102
 1780070.341332 1
 3 1 20.833333 1.000000 195
 225248.251923 1
 2 1 45.833333 1.000000 153
 1408766.942010 4
 3 0 29.166667 1.000000 200
 1 0 65.277778 1.000000 106
 1 0 73.611111 1.000000 112
 0 0 40.277778 1.000000 28