 Numero de pedidos 
 150
 duedate num_referencias // pasillo lado altura peso
 1700293.023447 6
 0 0 48.611111 1.000000 34
 1 0 31.944444 1.000000 82
 0 0 79.166667 1.000000 56
 1 1 45.833333 1.000000 93
 0 1 29.166667 1.000000 21
 3 0 62.500000 1.000000 224
 131072.600508 1
 3 0 29.166667 1.000000 200
 945483.553384 6
 3 0 65.277778 1.000000 226
 3 1 51.388889 1.000000 217
 0 1 12.500000 1.000000 9
 2 1 54.166667 1.000000 159
 2 0 62.500000 1.000000 164
 0 1 31.944444 1.000000 23
 727603.924297 4
 0 0 79.166667 1.000000 56
 0 1 29.166667 1.000000 21
 1 1 34.722222 1.000000 85
 2 0 70.833333 1.000000 170
 1529062.592000 2
 2 0 70.833333 1.000000 170
 2 0 76.388889 1.000000 174
 1971859.986769 5
 3 0 12.500000 1.000000 188
 1 1 43.055556 1.000000 91
 1 1 15.277778 1.000000 71
 3 1 20.833333 1.000000 195
 1 1 37.500000 1.000000 87
 1195701.579617 5
 0 1 48.611111 1.000000 35
 0 0 18.055556 1.000000 12
 0 0 4.166667 1.000000 2
 1 0 9.722222 1.000000 66
 0 0 20.833333 1.000000 14
 1112061.168604 1
 2 0 23.611111 1.000000 136
 864540.676002 6
 2 0 29.166667 1.000000 140
 3 0 54.166667 1.000000 218
 2 0 70.833333 1.000000 170
 0 1 31.944444 1.000000 23
 2 0 43.055556 1.000000 150
 2 1 70.833333 1.000000 171
 1684211.676439 3
 1 1 37.500000 1.000000 87
 2 0 62.500000 1.000000 164
 0 0 29.166667 1.000000 20
 1830918.176617 1
 1 0 9.722222 1.000000 66
 798504.465557 1
 3 0 12.500000 1.000000 188
 1095808.103297 2
 0 0 4.166667 1.000000 2
 3 0 51.388889 1.000000 216
 514985.932687 4
 2 0 62.500000 1.000000 164
 2 1 54.166667 1.000000 159
 0 0 48.611111 1.000000 34
 1 0 20.833333 1.000000 74
 1007208.201944 1
 1 0 54.166667 1.000000 98
 519103.431645 5
 0 1 20.833333 1.000000 15
 2 1 34.722222 1.000000 145
 0 1 29.166667 1.000000 21
 2 1 51.388889 1.000000 157
 2 0 29.166667 1.000000 140
 1110778.479162 2
 0 0 4.166667 1.000000 2
 3 0 81.944444 1.000000 238
 405137.091971 6
 1 0 9.722222 1.000000 66
 2 1 54.166667 1.000000 159
 0 1 18.055556 1.000000 13
 2 0 48.611111 1.000000 154
 2 1 70.833333 1.000000 171
 2 0 23.611111 1.000000 136
 1653531.332358 1
 1 0 56.944444 1.000000 100
 1917005.878238 1
 0 0 6.944444 1.000000 4
 229877.139996 2
 2 1 70.833333 1.000000 171
 3 1 51.388889 1.000000 217
 359706.975240 2
 2 1 73.611111 1.000000 173
 1 0 37.500000 1.000000 86
 557990.836929 3
 2 1 51.388889 1.000000 157
 1 0 70.833333 1.000000 110
 2 1 76.388889 1.000000 175
 761123.074592 5
 1 1 76.388889 1.000000 115
 0 1 29.166667 1.000000 21
 0 0 70.833333 1.000000 50
 1 0 9.722222 1.000000 66
 1 1 79.166667 1.000000 117
 1094931.170258 4
 2 1 73.611111 1.000000 173
 1 0 65.277778 1.000000 106
 0 0 20.833333 1.000000 14
 0 0 6.944444 1.000000 4
 1276538.906431 1
 1 1 34.722222 1.000000 85
 252306.046678 2
 2 1 76.388889 1.000000 175
 3 0 56.944444 1.000000 220
 1519544.251151 4
 1 1 37.500000 1.000000 87
 1 1 20.833333 1.000000 75
 1 0 54.166667 1.000000 98
 3 0 34.722222 1.000000 204
 950445.479709 1
 0 1 56.944444 1.000000 41
 621704.778793 1
 2 0 70.833333 1.000000 170
 554079.438445 1
 0 0 4.166667 1.000000 2
 1060586.713581 2
 1 0 20.833333 1.000000 74
 3 0 31.944444 1.000000 202
 1364796.485586 4
 1 0 31.944444 1.000000 82
 0 0 48.611111 1.000000 34
 1 1 45.833333 1.000000 93
 0 0 59.722222 1.000000 42
 1260360.981571 1
 0 1 26.388889 1.000000 19
 379074.914520 4
 0 0 65.277778 1.000000 46
 0 1 43.055556 1.000000 31
 1 1 79.166667 1.000000 117
 3 0 51.388889 1.000000 216
 348740.324373 4
 0 0 48.611111 1.000000 34
 0 0 29.166667 1.000000 20
 2 0 29.166667 1.000000 140
 2 0 48.611111 1.000000 154
 563539.092021 3
 2 1 51.388889 1.000000 157
 0 1 26.388889 1.000000 19
 0 1 20.833333 1.000000 15
 99823.048925 3
 1 1 79.166667 1.000000 117
 3 1 51.388889 1.000000 217
 3 1 1.388889 1.000000 181
 641012.979374 6
 1 0 31.944444 1.000000 82
 3 0 43.055556 1.000000 210
 2 0 23.611111 1.000000 136
 0 0 48.611111 1.000000 34
 3 0 31.944444 1.000000 202
 1 0 51.388889 1.000000 96
 1240848.149956 5
 0 1 76.388889 1.000000 55
 0 0 4.166667 1.000000 2
 1 1 37.500000 1.000000 87
 2 0 70.833333 1.000000 170
 0 1 29.166667 1.000000 21
 809916.551379 2
 3 1 51.388889 1.000000 217
 0 0 79.166667 1.000000 56
 1279867.808558 1
 1 0 4.166667 1.000000 62
 1149501.217636 6
 3 0 51.388889 1.000000 216
 3 0 81.944444 1.000000 238
 1 0 37.500000 1.000000 86
 2 0 70.833333 1.000000 170
 1 1 4.166667 1.000000 63
 2 1 34.722222 1.000000 145
 477545.708417 6
 3 0 31.944444 1.000000 202
 1 1 9.722222 1.000000 67
 1 1 6.944444 1.000000 65
 1 0 56.944444 1.000000 100
 2 0 79.166667 1.000000 176
 3 0 65.277778 1.000000 226
 893902.735493 6
 1 1 59.722222 1.000000 103
 2 0 29.166667 1.000000 140
 3 1 51.388889 1.000000 217
 2 0 70.833333 1.000000 170
 0 1 26.388889 1.000000 19
 1 0 31.944444 1.000000 82
 1190194.727159 2
 3 0 81.944444 1.000000 238
 3 0 37.500000 1.000000 206
 1672780.929633 6
 0 1 15.277778 1.000000 11
 0 0 23.611111 1.000000 16
 1 0 1.388889 1.000000 60
 1 0 54.166667 1.000000 98
 3 0 37.500000 1.000000 206
 0 0 29.166667 1.000000 20
 820490.376009 1
 3 1 18.055556 1.000000 193
 1025218.459193 5
 3 0 81.944444 1.000000 238
 0 1 76.388889 1.000000 55
 1 1 9.722222 1.000000 67
 1 1 45.833333 1.000000 93
 2 1 29.166667 1.000000 141
 1940004.215119 2
 2 1 76.388889 1.000000 175
 0 1 31.944444 1.000000 23
 1966904.493127 4
 1 1 59.722222 1.000000 103
 3 0 81.944444 1.000000 238
 3 1 23.611111 1.000000 197
 2 0 62.500000 1.000000 164
 1455129.157871 2
 1 0 4.166667 1.000000 62
 2 1 62.500000 1.000000 165
 1236658.723241 5
 2 0 29.166667 1.000000 140
 0 1 29.166667 1.000000 21
 1 0 59.722222 1.000000 102
 3 0 31.944444 1.000000 202
 0 1 12.500000 1.000000 9
 255530.620336 3
 2 1 29.166667 1.000000 141
 2 1 73.611111 1.000000 173
 0 0 59.722222 1.000000 42
 806624.766778 2
 0 1 26.388889 1.000000 19
 1 0 37.500000 1.000000 86
 1125058.321918 5
 3 0 43.055556 1.000000 210
 1 0 23.611111 1.000000 76
 2 1 79.166667 1.000000 177
 0 0 79.166667 1.000000 56
 3 0 54.166667 1.000000 218
 983287.283528 3
 1 1 79.166667 1.000000 117
 0 1 15.277778 1.000000 11
 1 0 9.722222 1.000000 66
 1773180.050558 5
 2 1 34.722222 1.000000 145
 1 1 79.166667 1.000000 117
 3 0 43.055556 1.000000 210
 0 1 26.388889 1.000000 19
 3 1 18.055556 1.000000 193
 463211.764685 1
 3 1 65.277778 1.000000 227
 249249.794264 1
 0 0 29.166667 1.000000 20
 1177915.015974 2
 1 1 9.722222 1.000000 67
 2 1 76.388889 1.000000 175
 1118106.626774 4
 0 0 79.166667 1.000000 56
 1 0 54.166667 1.000000 98
 1 1 37.500000 1.000000 87
 1 1 34.722222 1.000000 85
 46601.832251 5
 0 0 4.166667 1.000000 2
 0 1 12.500000 1.000000 9
 1 1 37.500000 1.000000 87
 0 0 65.277778 1.000000 46
 3 0 12.500000 1.000000 188
 489054.833003 4
 3 0 43.055556 1.000000 210
 3 0 12.500000 1.000000 188
 2 0 43.055556 1.000000 150
 0 0 6.944444 1.000000 4
 1527141.853127 4
 1 0 9.722222 1.000000 66
 2 0 15.277778 1.000000 130
 1 1 18.055556 1.000000 73
 3 0 43.055556 1.000000 210
 140435.428890 2
 0 1 29.166667 1.000000 21
 1 0 23.611111 1.000000 76
 1064031.630337 2
 3 0 51.388889 1.000000 216
 0 1 48.611111 1.000000 35
 363391.506673 1
 2 1 54.166667 1.000000 159
 92077.783668 1
 1 0 26.388889 1.000000 78
 989113.541296 4
 1 0 59.722222 1.000000 102
 2 0 29.166667 1.000000 140
 0 0 79.166667 1.000000 56
 1 0 31.944444 1.000000 82
 626935.781626 4
 1 0 62.500000 1.000000 104
 2 0 20.833333 1.000000 134
 1 1 59.722222 1.000000 103
 0 1 76.388889 1.000000 55
 1061682.690951 6
 2 1 34.722222 1.000000 145
 3 1 6.944444 1.000000 185
 2 1 51.388889 1.000000 157
 2 0 70.833333 1.000000 170
 0 0 6.944444 1.000000 4
 0 1 31.944444 1.000000 23
 1925343.862961 6
 2 1 12.500000 1.000000 129
 2 1 51.388889 1.000000 157
 3 1 1.388889 1.000000 181
 0 1 15.277778 1.000000 11
 2 0 70.833333 1.000000 170
 0 1 48.611111 1.000000 35
 1340457.151672 5
 2 0 18.055556 1.000000 132
 0 1 29.166667 1.000000 21
 3 0 34.722222 1.000000 204
 3 0 54.166667 1.000000 218
 0 0 37.500000 1.000000 26
 452402.813105 3
 0 1 12.500000 1.000000 9
 2 0 65.277778 1.000000 166
 3 0 73.611111 1.000000 232
 1480163.645875 3
 0 0 18.055556 1.000000 12
 3 0 31.944444 1.000000 202
 1 0 31.944444 1.000000 82
 1309227.742380 3
 1 0 20.833333 1.000000 74
 1 0 4.166667 1.000000 62
 1 0 73.611111 1.000000 112
 1926527.440905 4
 2 0 37.500000 1.000000 146
 3 0 43.055556 1.000000 210
 0 0 79.166667 1.000000 56
 3 0 54.166667 1.000000 218
 1894940.251994 6
 3 0 81.944444 1.000000 238
 3 0 6.944444 1.000000 184
 2 1 15.277778 1.000000 131
 0 0 59.722222 1.000000 42
 3 0 43.055556 1.000000 210
 1 0 37.500000 1.000000 86
 1002236.528025 1
 0 0 1.388889 1.000000 0
 970790.933879 2
 2 1 34.722222 1.000000 145
 2 0 29.166667 1.000000 140
 1334280.105538 4
 1 0 37.500000 1.000000 86
 2 0 29.166667 1.000000 140
 0 1 26.388889 1.000000 19
 3 0 31.944444 1.000000 202
 367554.796509 3
 0 1 65.277778 1.000000 47
 1 0 4.166667 1.000000 62
 3 0 81.944444 1.000000 238
 945091.165241 5
 0 1 15.277778 1.000000 11
 1 0 9.722222 1.000000 66
 1 0 20.833333 1.000000 74
 3 0 37.500000 1.000000 206
 1 1 20.833333 1.000000 75
 749253.915115 1
 0 0 59.722222 1.000000 42
 1956309.677398 6
 0 1 37.500000 1.000000 27
 2 1 70.833333 1.000000 171
 2 0 81.944444 1.000000 178
 2 1 54.166667 1.000000 159
 0 0 29.166667 1.000000 20
 1 1 59.722222 1.000000 103
 1244103.078062 3
 2 0 70.833333 1.000000 170
 0 1 12.500000 1.000000 9
 2 0 29.166667 1.000000 140
 1437162.875234 2
 0 0 20.833333 1.000000 14
 0 0 29.166667 1.000000 20
 1035212.170517 5
 3 0 37.500000 1.000000 206
 1 0 54.166667 1.000000 98
 1 0 20.833333 1.000000 74
 3 0 65.277778 1.000000 226
 0 1 31.944444 1.000000 23
 1794536.765644 6
 3 0 54.166667 1.000000 218
 0 0 31.944444 1.000000 22
 3 0 65.277778 1.000000 226
 0 0 48.611111 1.000000 34
 2 0 23.611111 1.000000 136
 3 0 43.055556 1.000000 210
 1074843.389371 1
 0 0 18.055556 1.000000 12
 328540.858686 5
 1 0 37.500000 1.000000 86
 3 0 12.500000 1.000000 188
 0 0 15.277778 1.000000 10
 2 1 70.833333 1.000000 171
 3 0 81.944444 1.000000 238
 1544064.418461 2
 0 0 18.055556 1.000000 12
 1 0 23.611111 1.000000 76
 1196868.731769 3
 1 1 37.500000 1.000000 87
 1 1 48.611111 1.000000 95
 0 0 23.611111 1.000000 16
 1106820.772303 1
 2 0 62.500000 1.000000 164
 774582.907341 6
 0 0 29.166667 1.000000 20
 1 0 9.722222 1.000000 66
 0 1 43.055556 1.000000 31
 2 1 34.722222 1.000000 145
 1 1 65.277778 1.000000 107
 2 1 51.388889 1.000000 157
 1942225.325025 1
 1 0 23.611111 1.000000 76
 820483.960668 4
 3 0 73.611111 1.000000 232
 1 0 9.722222 1.000000 66
 0 1 43.055556 1.000000 31
 2 0 54.166667 1.000000 158
 1850157.256895 4
 2 1 34.722222 1.000000 145
 3 0 51.388889 1.000000 216
 0 0 23.611111 1.000000 16
 2 1 23.611111 1.000000 137
 270520.726866 1
 3 1 73.611111 1.000000 233
 1841227.920838 5
 0 0 20.833333 1.000000 14
 1 0 54.166667 1.000000 98
 2 1 70.833333 1.000000 171
 0 0 23.611111 1.000000 16
 0 1 48.611111 1.000000 35
 1964543.217739 4
 3 1 18.055556 1.000000 193
 0 1 26.388889 1.000000 19
 1 0 23.611111 1.000000 76
 1 1 26.388889 1.000000 79
 1322182.209809 6
 3 1 51.388889 1.000000 217
 3 0 51.388889 1.000000 216
 3 0 12.500000 1.000000 188
 0 0 59.722222 1.000000 42
 0 0 1.388889 1.000000 0
 3 0 37.500000 1.000000 206
 299279.259657 5
 1 1 9.722222 1.000000 67
 2 0 29.166667 1.000000 140
 0 0 65.277778 1.000000 46
 3 1 1.388889 1.000000 181
 0 0 43.055556 1.000000 30
 792189.567626 2
 1 0 73.611111 1.000000 112
 1 1 59.722222 1.000000 103
 610246.774317 1
 1 1 45.833333 1.000000 93
 766607.562344 6
 2 0 23.611111 1.000000 136
 2 1 18.055556 1.000000 133
 1 1 34.722222 1.000000 85
 1 0 56.944444 1.000000 100
 2 0 43.055556 1.000000 150
 3 0 59.722222 1.000000 222
 138368.515344 4
 3 0 12.500000 1.000000 188
 0 1 20.833333 1.000000 15
 0 0 6.944444 1.000000 4
 3 0 18.055556 1.000000 192
 1785437.208109 4
 1 0 9.722222 1.000000 66
 2 0 70.833333 1.000000 170
 1 0 26.388889 1.000000 78
 2 1 76.388889 1.000000 175
 174531.768213 1
 0 1 31.944444 1.000000 23
 1604454.815725 4
 3 0 43.055556 1.000000 210
 3 0 54.166667 1.000000 218
 0 0 70.833333 1.000000 50
 0 0 18.055556 1.000000 12
 341190.069421 2
 1 0 59.722222 1.000000 102
 1 0 81.944444 1.000000 118
 695972.664028 5
 0 1 12.500000 1.000000 9
 2 0 65.277778 1.000000 166
 1 0 54.166667 1.000000 98
 1 0 20.833333 1.000000 74
 2 1 45.833333 1.000000 153
 1488613.772657 6
 0 1 20.833333 1.000000 15
 0 1 43.055556 1.000000 31
 1 0 37.500000 1.000000 86
 1 1 34.722222 1.000000 85
 1 0 23.611111 1.000000 76
 0 0 6.944444 1.000000 4
 296130.824935 6
 3 1 51.388889 1.000000 217
 1 1 59.722222 1.000000 103
 3 0 54.166667 1.000000 218
 0 1 48.611111 1.000000 35
 3 0 6.944444 1.000000 184
 1 0 54.166667 1.000000 98
 1790019.511259 2
 1 0 31.944444 1.000000 82
 1 1 4.166667 1.000000 63
 1437792.355361 3
 0 1 12.500000 1.000000 9
 3 0 43.055556 1.000000 210
 0 0 6.944444 1.000000 4
 430979.107037 1
 3 0 43.055556 1.000000 210
 1373992.657482 4
 1 1 79.166667 1.000000 117
 2 1 76.388889 1.000000 175
 1 1 48.611111 1.000000 95
 2 1 54.166667 1.000000 159
 326311.901420 6
 0 0 1.388889 1.000000 0
 0 0 70.833333 1.000000 50
 1 1 79.166667 1.000000 117
 0 0 48.611111 1.000000 34
 1 1 45.833333 1.000000 93
 1 0 54.166667 1.000000 98
 805156.139231 1
 3 1 1.388889 1.000000 181
 1833125.448224 2
 3 0 12.500000 1.000000 188
 2 1 76.388889 1.000000 175
 875234.032793 1
 1 1 18.055556 1.000000 73
 1386367.764578 1
 0 0 6.944444 1.000000 4
 1784849.047561 1
 3 0 54.166667 1.000000 218
 737104.673841 1
 0 0 6.944444 1.000000 4
 82192.903143 5
 1 1 45.833333 1.000000 93
 0 0 31.944444 1.000000 22
 3 0 51.388889 1.000000 216
 1 0 59.722222 1.000000 102
 0 0 59.722222 1.000000 42
 541477.110172 5
 0 0 73.611111 1.000000 52
 1 1 9.722222 1.000000 67
 3 0 65.277778 1.000000 226
 0 0 31.944444 1.000000 22
 2 0 70.833333 1.000000 170
 1323743.026053 1
 1 1 45.833333 1.000000 93
 56451.407865 1
 0 1 20.833333 1.000000 15
 653038.194372 1
 3 0 6.944444 1.000000 184
 1801704.605483 5
 0 0 48.611111 1.000000 34
 0 0 51.388889 1.000000 36
 3 0 81.944444 1.000000 238
 1 1 79.166667 1.000000 117
 2 1 51.388889 1.000000 157
 1578345.447322 4
 3 0 81.944444 1.000000 238
 3 0 6.944444 1.000000 184
 0 0 70.833333 1.000000 50
 2 0 29.166667 1.000000 140
 680180.614311 2
 3 1 18.055556 1.000000 193
 2 1 54.166667 1.000000 159
 312566.517998 4
 2 0 23.611111 1.000000 136
 2 0 62.500000 1.000000 164
 2 1 70.833333 1.000000 171
 0 0 79.166667 1.000000 56
 800490.657520 2
 0 1 12.500000 1.000000 9
 3 0 51.388889 1.000000 216
 1165072.903263 2
 1 1 34.722222 1.000000 85
 1 0 23.611111 1.000000 76
 1892354.968121 4
 0 1 20.833333 1.000000 15
 3 0 54.166667 1.000000 218
 2 0 29.166667 1.000000 140
 2 0 23.611111 1.000000 136
 656490.995910 6
 3 1 18.055556 1.000000 193
 1 0 73.611111 1.000000 112
 2 0 29.166667 1.000000 140
 3 0 54.166667 1.000000 218
 0 0 51.388889 1.000000 36
 2 1 54.166667 1.000000 159
 1496005.093444 3
 0 1 48.611111 1.000000 35
 3 0 81.944444 1.000000 238
 2 0 70.833333 1.000000 170
 955902.035309 2
 1 0 37.500000 1.000000 86
 1 1 1.388889 1.000000 61
 483504.190298 6
 1 0 73.611111 1.000000 112
 0 1 43.055556 1.000000 31
 0 0 48.611111 1.000000 34
 1 1 37.500000 1.000000 87
 2 1 70.833333 1.000000 171
 1 0 23.611111 1.000000 76
 1986848.465049 1
 1 1 79.166667 1.000000 117
 930013.200757 2
 0 1 45.833333 1.000000 33
 0 1 29.166667 1.000000 21
 1497148.775615 6
 1 0 9.722222 1.000000 66
 2 0 43.055556 1.000000 150
 2 1 54.166667 1.000000 159
 1 0 37.500000 1.000000 86
 1 1 59.722222 1.000000 103
 3 1 18.055556 1.000000 193
 1941986.320029 1
 2 0 23.611111 1.000000 136
 1984787.295100 4
 0 0 4.166667 1.000000 2
 2 0 23.611111 1.000000 136
 2 1 54.166667 1.000000 159
 1 0 9.722222 1.000000 66
 1195328.317022 4
 0 1 48.611111 1.000000 35
 1 0 29.166667 1.000000 80
 2 0 43.055556 1.000000 150
 1 1 37.500000 1.000000 87
 1867438.217917 6
 1 0 73.611111 1.000000 112
 1 1 79.166667 1.000000 117
 1 1 9.722222 1.000000 67
 0 1 15.277778 1.000000 11
 1 1 26.388889 1.000000 79
 1 0 59.722222 1.000000 102
 1318276.094924 2
 1 1 34.722222 1.000000 85
 2 0 40.277778 1.000000 148