 Numero de pedidos 
 50
 duedate num_referencias // pasillo lado altura peso
 1610911.452626 5
 0 1 26.388889 1.000000 19
 0 1 18.055556 1.000000 13
 0 1 12.500000 1.000000 9
 0 0 20.833333 1.000000 14
 0 1 54.166667 1.000000 39
 1657566.526205 4
 0 0 6.944444 1.000000 4
 0 0 65.277778 1.000000 46
 0 0 26.388889 1.000000 18
 0 0 31.944444 1.000000 22
 423844.173543 4
 0 1 48.611111 1.000000 35
 0 0 51.388889 1.000000 36
 0 1 31.944444 1.000000 23
 0 0 65.277778 1.000000 46
 1778781.478414 3
 2 1 73.611111 1.000000 173
 0 1 37.500000 1.000000 27
 0 0 20.833333 1.000000 14
 311510.627154 1
 0 1 12.500000 1.000000 9
 771481.630714 2
 0 1 43.055556 1.000000 31
 0 0 18.055556 1.000000 12
 1814967.384401 3
 0 0 51.388889 1.000000 36
 0 0 20.833333 1.000000 14
 0 1 34.722222 1.000000 25
 1635615.593007 3
 0 1 26.388889 1.000000 19
 0 0 29.166667 1.000000 20
 0 0 51.388889 1.000000 36
 342837.638344 3
 3 1 31.944444 1.000000 203
 0 0 48.611111 1.000000 34
 0 0 54.166667 1.000000 38
 57814.372581 5
 1 0 29.166667 1.000000 80
 0 1 26.388889 1.000000 19
 1 1 12.500000 1.000000 69
 0 0 48.611111 1.000000 34
 0 1 9.722222 1.000000 7
 1650693.732729 5
 0 0 62.500000 1.000000 44
 0 0 26.388889 1.000000 18
 0 1 65.277778 1.000000 47
 2 1 4.166667 1.000000 123
 0 0 20.833333 1.000000 14
 95243.211880 5
 0 1 23.611111 1.000000 17
 3 0 40.277778 1.000000 208
 1 1 40.277778 1.000000 89
 0 0 29.166667 1.000000 20
 0 1 43.055556 1.000000 31
 191355.375383 5
 0 1 1.388889 1.000000 1
 0 0 1.388889 1.000000 0
 0 1 48.611111 1.000000 35
 0 0 37.500000 1.000000 26
 0 0 9.722222 1.000000 6
 988730.514678 6
 0 1 59.722222 1.000000 43
 0 0 76.388889 1.000000 54
 0 0 6.944444 1.000000 4
 0 1 51.388889 1.000000 37
 0 1 4.166667 1.000000 3
 0 0 54.166667 1.000000 38
 1007448.021978 3
 3 1 62.500000 1.000000 225
 0 0 12.500000 1.000000 8
 0 0 15.277778 1.000000 10
 262759.928435 6
 0 0 18.055556 1.000000 12
 0 1 9.722222 1.000000 7
 0 1 40.277778 1.000000 29
 0 1 54.166667 1.000000 39
 0 1 12.500000 1.000000 9
 0 0 23.611111 1.000000 16
 931760.322010 1
 0 1 23.611111 1.000000 17
 1808104.247250 6
 2 1 59.722222 1.000000 163
 0 0 65.277778 1.000000 46
 0 1 56.944444 1.000000 41
 0 0 54.166667 1.000000 38
 0 1 23.611111 1.000000 17
 0 1 15.277778 1.000000 11
 659819.798553 3
 0 0 65.277778 1.000000 46
 0 1 65.277778 1.000000 47
 0 0 34.722222 1.000000 24
 1731467.205496 6
 0 0 31.944444 1.000000 22
 0 1 51.388889 1.000000 37
 0 1 29.166667 1.000000 21
 0 1 54.166667 1.000000 39
 0 1 43.055556 1.000000 31
 0 0 9.722222 1.000000 6
 1887889.308449 2
 0 0 34.722222 1.000000 24
 0 1 54.166667 1.000000 39
 688520.878949 4
 1 1 68.055556 1.000000 109
 0 1 40.277778 1.000000 29
 0 1 31.944444 1.000000 23
 0 0 23.611111 1.000000 16
 602680.301668 1
 1 1 20.833333 1.000000 75
 320924.403146 6
 0 1 34.722222 1.000000 25
 1 1 6.944444 1.000000 65
 0 0 43.055556 1.000000 30
 0 1 48.611111 1.000000 35
 0 0 65.277778 1.000000 46
 0 0 6.944444 1.000000 4
 48938.709446 6
 2 0 9.722222 1.000000 126
 0 1 34.722222 1.000000 25
 0 0 23.611111 1.000000 16
 0 1 29.166667 1.000000 21
 1 0 40.277778 1.000000 88
 0 1 40.277778 1.000000 29
 96422.600549 4
 1 0 15.277778 1.000000 70
 0 1 56.944444 1.000000 41
 0 0 43.055556 1.000000 30
 1 0 40.277778 1.000000 88
 1219281.224524 5
 0 1 68.055556 1.000000 49
 0 0 56.944444 1.000000 40
 0 0 4.166667 1.000000 2
 3 1 40.277778 1.000000 209
 0 0 43.055556 1.000000 30
 1138517.393478 3
 0 0 4.166667 1.000000 2
 0 1 6.944444 1.000000 5
 2 0 9.722222 1.000000 126
 453651.427950 5
 0 1 37.500000 1.000000 27
 0 1 48.611111 1.000000 35
 0 0 65.277778 1.000000 46
 0 1 54.166667 1.000000 39
 0 1 15.277778 1.000000 11
 309273.457448 1
 0 0 62.500000 1.000000 44
 861618.635553 1
 0 1 4.166667 1.000000 3
 620805.488350 3
 0 1 15.277778 1.000000 11
 0 1 43.055556 1.000000 31
 0 1 26.388889 1.000000 19
 1022302.036389 3
 0 0 18.055556 1.000000 12
 0 1 12.500000 1.000000 9
 0 0 23.611111 1.000000 16
 122166.628559 2
 0 0 65.277778 1.000000 46
 0 1 62.500000 1.000000 45
 1141749.851006 4
 0 1 18.055556 1.000000 13
 1 0 4.166667 1.000000 62
 0 1 20.833333 1.000000 15
 0 0 12.500000 1.000000 8
 178623.345689 4
 0 1 20.833333 1.000000 15
 0 1 18.055556 1.000000 13
 0 0 45.833333 1.000000 32
 0 1 54.166667 1.000000 39
 130771.826976 5
 0 0 37.500000 1.000000 26
 0 1 1.388889 1.000000 1
 1 0 12.500000 1.000000 68
 0 1 29.166667 1.000000 21
 0 1 56.944444 1.000000 41
 1947326.084295 3
 0 1 20.833333 1.000000 15
 0 0 26.388889 1.000000 18
 0 0 43.055556 1.000000 30
 1905417.745200 2
 0 1 48.611111 1.000000 35
 0 1 4.166667 1.000000 3
 184307.955757 6
 0 1 20.833333 1.000000 15
 0 0 51.388889 1.000000 36
 0 1 37.500000 1.000000 27
 0 1 6.944444 1.000000 5
 0 0 4.166667 1.000000 2
 0 0 37.500000 1.000000 26
 415118.906300 3
 0 1 31.944444 1.000000 23
 0 0 68.055556 1.000000 48
 0 1 9.722222 1.000000 7
 341729.728385 4
 0 0 29.166667 1.000000 20
 3 1 79.166667 1.000000 237
 0 0 56.944444 1.000000 40
 1 1 6.944444 1.000000 65
 1996184.315046 2
 0 0 54.166667 1.000000 38
 0 0 15.277778 1.000000 10
 802621.018962 2
 0 0 9.722222 1.000000 6
 0 0 4.166667 1.000000 2
 664007.288527 3
 0 1 59.722222 1.000000 43
 1 0 40.277778 1.000000 88
 2 1 81.944444 1.000000 179
 84407.714533 6
 0 0 37.500000 1.000000 26
 0 1 40.277778 1.000000 29
 0 1 81.944444 1.000000 59
 0 0 23.611111 1.000000 16
 1 1 6.944444 1.000000 65
 0 0 15.277778 1.000000 10
 1860195.664773 5
 1 0 31.944444 1.000000 82
 0 1 31.944444 1.000000 23
 0 0 45.833333 1.000000 32
 1 0 43.055556 1.000000 90
 1 1 59.722222 1.000000 103
 1435432.733780 2
 1 0 26.388889 1.000000 78
 0 1 9.722222 1.000000 7
 977117.505193 6
 0 0 12.500000 1.000000 8
 0 0 20.833333 1.000000 14
 0 1 59.722222 1.000000 43
 3 0 56.944444 1.000000 220
 0 1 12.500000 1.000000 9
 0 1 20.833333 1.000000 15
 581729.722666 5
 0 0 51.388889 1.000000 36
 0 1 59.722222 1.000000 43
 0 1 45.833333 1.000000 33
 0 1 18.055556 1.000000 13
 1 0 56.944444 1.000000 100