 Numero de pedidos 
 50
 duedate num_referencias // pasillo lado altura peso
 1433272.400309 2
 3 0 9.722222 1.000000 186
 1 1 23.611111 1.000000 77
 362110.446394 2
 2 0 59.722222 1.000000 162
 2 1 40.277778 1.000000 149
 1190779.797319 1
 2 0 51.388889 1.000000 156
 351784.744594 6
 1 1 68.055556 1.000000 109
 1 1 1.388889 1.000000 61
 2 1 56.944444 1.000000 161
 0 0 81.944444 1.000000 58
 2 0 6.944444 1.000000 124
 3 1 70.833333 1.000000 231
 403632.770704 4
 3 1 31.944444 1.000000 203
 0 0 43.055556 1.000000 30
 3 0 18.055556 1.000000 192
 1 1 56.944444 1.000000 101
 49153.800890 1
 0 1 54.166667 1.000000 39
 65808.473484 3
 0 1 34.722222 1.000000 25
 0 0 81.944444 1.000000 58
 1 0 6.944444 1.000000 64
 1693581.372860 2
 2 0 45.833333 1.000000 152
 2 0 40.277778 1.000000 148
 1600303.577129 3
 1 1 23.611111 1.000000 77
 1 1 54.166667 1.000000 99
 2 0 40.277778 1.000000 148
 1105087.786887 4
 0 1 76.388889 1.000000 55
 2 0 15.277778 1.000000 130
 1 1 40.277778 1.000000 89
 3 0 70.833333 1.000000 230
 967862.447970 1
 0 0 12.500000 1.000000 8
 427948.578050 3
 0 1 76.388889 1.000000 55
 1 1 23.611111 1.000000 77
 0 0 12.500000 1.000000 8
 1543964.635219 4
 1 1 1.388889 1.000000 61
 3 1 40.277778 1.000000 209
 2 1 79.166667 1.000000 177
 2 1 18.055556 1.000000 133
 1660796.584255 3
 3 1 18.055556 1.000000 193
 1 1 4.166667 1.000000 63
 1 1 1.388889 1.000000 61
 515639.835650 2
 0 0 51.388889 1.000000 36
 1 1 68.055556 1.000000 109
 49534.067516 4
 0 0 68.055556 1.000000 48
 3 1 9.722222 1.000000 187
 1 0 37.500000 1.000000 86
 1 1 9.722222 1.000000 67
 135564.397059 5
 3 1 20.833333 1.000000 195
 3 1 31.944444 1.000000 203
 1 1 54.166667 1.000000 99
 1 0 56.944444 1.000000 100
 1 1 43.055556 1.000000 91
 614826.219815 3
 1 1 31.944444 1.000000 83
 2 0 40.277778 1.000000 148
 0 1 65.277778 1.000000 47
 374031.384035 1
 1 0 37.500000 1.000000 86
 859109.224109 2
 1 1 29.166667 1.000000 81
 2 0 4.166667 1.000000 122
 1718263.505398 6
 3 0 76.388889 1.000000 234
 1 1 54.166667 1.000000 99
 3 0 54.166667 1.000000 218
 2 1 18.055556 1.000000 133
 0 1 65.277778 1.000000 47
 1 0 29.166667 1.000000 80
 735031.116779 1
 1 1 54.166667 1.000000 99
 1855021.088466 6
 1 1 1.388889 1.000000 61
 3 1 6.944444 1.000000 185
 1 1 51.388889 1.000000 97
 1 1 29.166667 1.000000 81
 3 1 20.833333 1.000000 195
 3 0 51.388889 1.000000 216
 1304569.240969 5
 0 0 81.944444 1.000000 58
 1 0 37.500000 1.000000 86
 1 0 73.611111 1.000000 112
 1 1 9.722222 1.000000 67
 0 1 73.611111 1.000000 53
 1260442.185058 5
 1 1 48.611111 1.000000 95
 0 1 65.277778 1.000000 47
 2 0 15.277778 1.000000 130
 1 1 12.500000 1.000000 69
 2 1 40.277778 1.000000 149
 474230.730382 2
 3 0 9.722222 1.000000 186
 2 1 23.611111 1.000000 137
 1448079.552338 4
 3 0 9.722222 1.000000 186
 2 1 18.055556 1.000000 133
 0 1 65.277778 1.000000 47
 0 1 34.722222 1.000000 25
 598362.013213 2
 1 0 34.722222 1.000000 84
 1 1 12.500000 1.000000 69
 634363.051688 6
 2 0 48.611111 1.000000 154
 0 1 73.611111 1.000000 53
 2 0 56.944444 1.000000 160
 1 1 54.166667 1.000000 99
 0 1 26.388889 1.000000 19
 0 0 81.944444 1.000000 58
 1741836.692068 4
 3 0 76.388889 1.000000 234
 0 0 51.388889 1.000000 36
 0 0 81.944444 1.000000 58
 0 0 20.833333 1.000000 14
 1229165.095607 2
 3 0 76.388889 1.000000 234
 2 1 12.500000 1.000000 129
 643798.199372 1
 0 1 34.722222 1.000000 25
 1193434.205145 4
 0 1 76.388889 1.000000 55
 1 0 6.944444 1.000000 64
 1 1 31.944444 1.000000 83
 2 1 20.833333 1.000000 135
 983538.985953 5
 1 1 68.055556 1.000000 109
 3 0 9.722222 1.000000 186
 1 0 20.833333 1.000000 74
 0 1 34.722222 1.000000 25
 0 0 34.722222 1.000000 24
 518145.665675 6
 3 1 6.944444 1.000000 185
 1 1 48.611111 1.000000 95
 0 1 34.722222 1.000000 25
 3 0 45.833333 1.000000 212
 3 0 9.722222 1.000000 186
 2 1 4.166667 1.000000 123
 609685.929851 1
 2 0 40.277778 1.000000 148
 926324.688143 1
 0 1 76.388889 1.000000 55
 458111.343113 2
 2 0 40.277778 1.000000 148
 0 1 12.500000 1.000000 9
 475519.971156 2
 3 1 18.055556 1.000000 193
 0 1 1.388889 1.000000 1
 296839.987997 4
 1 0 37.500000 1.000000 86
 0 0 51.388889 1.000000 36
 1 1 70.833333 1.000000 111
 3 1 31.944444 1.000000 203
 1002710.372472 3
 1 0 12.500000 1.000000 68
 3 1 6.944444 1.000000 185
 1 0 76.388889 1.000000 114
 1898792.697610 2
 1 0 76.388889 1.000000 114
 2 1 43.055556 1.000000 151
 136701.871984 1
 1 1 43.055556 1.000000 91
 447456.067655 2
 0 1 29.166667 1.000000 21
 1 1 65.277778 1.000000 107
 1327401.954535 6
 0 1 81.944444 1.000000 59
 1 1 20.833333 1.000000 75
 1 0 20.833333 1.000000 74
 3 0 51.388889 1.000000 216
 1 0 18.055556 1.000000 72
 0 1 29.166667 1.000000 21
 1750393.690090 3
 1 1 48.611111 1.000000 95
 1 0 6.944444 1.000000 64
 1 0 37.500000 1.000000 86
 776167.256542 4
 2 0 59.722222 1.000000 162
 2 1 43.055556 1.000000 151
 1 0 48.611111 1.000000 94
 1 1 29.166667 1.000000 81
 857243.260693 4
 1 1 9.722222 1.000000 67
 1 1 12.500000 1.000000 69
 3 0 54.166667 1.000000 218
 0 0 81.944444 1.000000 58
 357935.555278 6
 0 1 26.388889 1.000000 19
 1 0 34.722222 1.000000 84
 0 1 34.722222 1.000000 25
 0 1 76.388889 1.000000 55
 2 0 43.055556 1.000000 150
 3 1 4.166667 1.000000 183
 383189.243685 2
 1 1 40.277778 1.000000 89
 2 0 40.277778 1.000000 148