 Numero de pedidos 
 50
 duedate num_referencias // pasillo lado altura peso
 1024770.799999 5
 1 0 79.166667 1.000000 116
 2 0 20.833333 1.000000 14
 2 1 65.277778 1.000000 47
 3 1 76.388889 1.000000 175
 0 1 76.388889 1.000000 235
 657520.433170 3
 2 1 62.500000 1.000000 45
 0 0 31.944444 1.000000 202
 2 0 62.500000 1.000000 44
 562161.098850 2
 2 1 65.277778 1.000000 47
 1 0 40.277778 1.000000 88
 1255777.162433 4
 2 1 45.833333 1.000000 33
 2 1 15.277778 1.000000 11
 2 1 29.166667 1.000000 21
 3 0 1.388889 1.000000 120
 126652.760006 2
 1 1 6.944444 1.000000 65
 2 0 12.500000 1.000000 8
 1879192.548357 1
 2 0 56.944444 1.000000 40
 135967.861682 1
 0 1 45.833333 1.000000 213
 1264666.163709 6
 2 1 1.388889 1.000000 1
 2 1 6.944444 1.000000 5
 2 1 29.166667 1.000000 21
 2 0 43.055556 1.000000 30
 2 1 45.833333 1.000000 33
 2 1 59.722222 1.000000 43
 295666.303679 4
 2 1 23.611111 1.000000 17
 2 0 15.277778 1.000000 10
 2 0 34.722222 1.000000 24
 2 1 40.277778 1.000000 29
 192689.277117 3
 2 1 6.944444 1.000000 5
 2 1 1.388889 1.000000 1
 2 0 9.722222 1.000000 6
 893121.881063 2
 2 0 56.944444 1.000000 40
 2 1 20.833333 1.000000 15
 1660530.985119 4
 2 0 29.166667 1.000000 20
 2 1 12.500000 1.000000 9
 0 0 76.388889 1.000000 234
 2 1 15.277778 1.000000 11
 213724.175549 1
 3 1 37.500000 1.000000 147
 1065518.916131 5
 3 1 65.277778 1.000000 167
 3 1 15.277778 1.000000 131
 0 1 37.500000 1.000000 207
 2 1 70.833333 1.000000 51
 2 0 9.722222 1.000000 6
 1668250.281433 5
 2 0 43.055556 1.000000 30
 2 1 48.611111 1.000000 35
 2 1 51.388889 1.000000 37
 2 0 9.722222 1.000000 6
 3 1 26.388889 1.000000 139
 562038.980109 2
 2 1 31.944444 1.000000 23
 1 1 12.500000 1.000000 69
 1733912.193372 3
 2 0 18.055556 1.000000 12
 3 1 15.277778 1.000000 131
 2 1 6.944444 1.000000 5
 1326856.099277 2
 2 0 56.944444 1.000000 40
 2 1 59.722222 1.000000 43
 430496.379319 5
 2 0 18.055556 1.000000 12
 2 0 15.277778 1.000000 10
 2 1 65.277778 1.000000 47
 2 0 31.944444 1.000000 22
 2 1 54.166667 1.000000 39
 1901698.578774 4
 2 1 9.722222 1.000000 7
 2 1 40.277778 1.000000 29
 2 1 12.500000 1.000000 9
 2 0 29.166667 1.000000 20
 1442091.473547 1
 0 1 1.388889 1.000000 181
 470924.226731 6
 2 1 56.944444 1.000000 41
 2 1 1.388889 1.000000 1
 2 1 54.166667 1.000000 39
 2 1 26.388889 1.000000 19
 2 0 51.388889 1.000000 36
 2 0 29.166667 1.000000 20
 685847.671407 2
 2 1 56.944444 1.000000 41
 2 1 40.277778 1.000000 29
 1116820.121350 1
 2 0 54.166667 1.000000 38
 1626593.484127 5
 2 1 9.722222 1.000000 7
 2 0 48.611111 1.000000 34
 2 0 31.944444 1.000000 22
 3 1 79.166667 1.000000 177
 2 1 18.055556 1.000000 13
 1210619.407916 1
 2 0 34.722222 1.000000 24
 695247.800767 1
 2 1 48.611111 1.000000 35
 878380.899503 5
 2 1 56.944444 1.000000 41
 2 1 65.277778 1.000000 47
 2 0 20.833333 1.000000 14
 2 1 20.833333 1.000000 15
 2 0 6.944444 1.000000 4
 423974.562224 1
 2 0 12.500000 1.000000 8
 1033887.243324 4
 0 1 29.166667 1.000000 201
 2 1 31.944444 1.000000 23
 2 0 4.166667 1.000000 2
 2 0 15.277778 1.000000 10
 735844.190296 4
 2 0 6.944444 1.000000 4
 2 0 23.611111 1.000000 16
 2 1 40.277778 1.000000 29
 2 1 23.611111 1.000000 17
 238984.944652 6
 2 0 23.611111 1.000000 16
 1 1 40.277778 1.000000 89
 2 0 54.166667 1.000000 38
 0 1 12.500000 1.000000 189
 2 1 34.722222 1.000000 25
 2 1 37.500000 1.000000 27
 427907.773232 2
 2 1 12.500000 1.000000 9
 1 0 9.722222 1.000000 66
 1952757.318054 2
 2 1 43.055556 1.000000 31
 3 1 54.166667 1.000000 159
 1013804.438456 6
 2 1 34.722222 1.000000 25
 2 0 40.277778 1.000000 28
 1 0 1.388889 1.000000 60
 2 0 51.388889 1.000000 36
 2 0 62.500000 1.000000 44
 2 0 65.277778 1.000000 46
 70127.217374 3
 0 1 70.833333 1.000000 231
 1 0 23.611111 1.000000 76
 2 1 26.388889 1.000000 19
 669361.039861 3
 2 0 31.944444 1.000000 22
 2 0 45.833333 1.000000 32
 2 1 54.166667 1.000000 39
 1605580.620917 5
 2 1 15.277778 1.000000 11
 2 1 65.277778 1.000000 47
 2 1 51.388889 1.000000 37
 1 0 26.388889 1.000000 78
 2 1 20.833333 1.000000 15
 483187.888154 6
 2 0 31.944444 1.000000 22
 2 1 26.388889 1.000000 19
 2 1 40.277778 1.000000 29
 1 1 62.500000 1.000000 105
 2 0 48.611111 1.000000 34
 3 0 29.166667 1.000000 140
 1060193.159012 3
 2 1 56.944444 1.000000 41
 2 0 6.944444 1.000000 4
 2 1 1.388889 1.000000 1
 1180071.712351 1
 2 0 4.166667 1.000000 2
 1384065.614559 1
 2 0 59.722222 1.000000 42
 1944831.356306 3
 2 1 37.500000 1.000000 27
 2 1 65.277778 1.000000 47
 2 1 54.166667 1.000000 39
 1395549.630875 6
 2 0 54.166667 1.000000 38
 2 1 62.500000 1.000000 45
 2 0 51.388889 1.000000 36
 1 1 4.166667 1.000000 63
 1 1 40.277778 1.000000 89
 2 0 37.500000 1.000000 26
 1393148.909674 6
 2 1 1.388889 1.000000 1
 1 1 20.833333 1.000000 75
 2 1 18.055556 1.000000 13
 2 1 45.833333 1.000000 33
 2 1 15.277778 1.000000 11
 2 0 59.722222 1.000000 42
 1394137.072989 2
 2 1 65.277778 1.000000 47
 2 0 62.500000 1.000000 44
 1632656.474278 5
 2 1 31.944444 1.000000 23
 2 0 37.500000 1.000000 26
 2 1 51.388889 1.000000 37
 2 1 59.722222 1.000000 43
 2 0 43.055556 1.000000 30
 1783050.550643 1
 1 1 54.166667 1.000000 99
 1872443.827704 4
 2 1 15.277778 1.000000 11
 2 0 40.277778 1.000000 28
 2 0 9.722222 1.000000 6
 3 1 59.722222 1.000000 163
 549144.521537 2
 2 0 31.944444 1.000000 22
 2 0 4.166667 1.000000 2