Numero de pedidos
50
duedate num_referencias // pasillo lado altura peso
924653.8 17
5 0 36.947500000000005 1.0 278
20 0 62.4975 1.0 1048
13 0 21.617500000000007 1.0 666
17 0 8.842500000000001 1.0 856
23 0 11.3975 1.0 1158
22 0 42.057500000000005 1.0 1132
4 1 29.2825 1.0 223
6 0 62.4975 1.0 348
5 0 49.7225 1.0 288
24 0 59.94250000000001 1.0 1246
9 1 57.3875 1.0 495
24 0 1.177500000000002 1.0 1200
1 0 21.617500000000007 1.0 66
7 1 39.5025 1.0 381
13 0 47.167500000000004 1.0 686
12 0 59.94250000000001 1.0 646
13 0 34.3925 1.0 676
630960.3 23
20 1 39.5025 1.0 1031
15 0 3.7325000000000017 1.0 752
17 0 39.5025 1.0 880
0 1 3.7325000000000017 1.0 3
16 1 3.7325000000000017 1.0 803
16 0 52.2775 1.0 840
9 0 3.7325000000000017 1.0 452
13 0 47.167500000000004 1.0 686
0 1 52.2775 1.0 41
3 0 24.1725 1.0 168
17 1 42.057500000000005 1.0 883
18 1 47.167500000000004 1.0 937
3 1 3.7325000000000017 1.0 153
22 1 19.0625 1.0 1115
11 1 26.727500000000006 1.0 571
12 0 19.0625 1.0 614
21 0 39.5025 1.0 1080
0 1 24.1725 1.0 19
3 0 8.842500000000001 1.0 156
11 0 52.2775 1.0 590
22 0 36.947500000000005 1.0 1128
23 1 8.842500000000001 1.0 1157
17 1 1.177500000000002 1.0 851
1183636.8 14
4 0 8.842500000000001 1.0 206
22 0 34.3925 1.0 1126
8 0 21.617500000000007 1.0 416
22 0 36.947500000000005 1.0 1128
17 1 36.947500000000005 1.0 879
24 0 59.94250000000001 1.0 1246
24 0 42.057500000000005 1.0 1232
8 1 42.057500000000005 1.0 433
13 0 21.617500000000007 1.0 666
23 0 6.287500000000001 1.0 1154
0 0 24.1725 1.0 18
20 1 1.177500000000002 1.0 1001
18 1 34.3925 1.0 927
13 0 3.7325000000000017 1.0 652
858834.6 18
14 1 24.1725 1.0 719
13 0 52.2775 1.0 690
20 1 39.5025 1.0 1031
12 0 26.727500000000006 1.0 620
17 0 31.837500000000006 1.0 874
23 0 47.167500000000004 1.0 1186
1 0 13.9525 1.0 60
21 1 34.3925 1.0 1077
10 0 8.842500000000001 1.0 506
5 0 16.507500000000007 1.0 262
20 1 8.842500000000001 1.0 1007
22 1 1.177500000000002 1.0 1101
0 0 1.177500000000002 1.0 0
12 0 1.177500000000002 1.0 600
22 1 62.4975 1.0 1149
9 1 49.7225 1.0 489
10 1 6.287500000000001 1.0 505
11 0 52.2775 1.0 590
1697759.9 15
13 1 42.057500000000005 1.0 683
11 1 26.727500000000006 1.0 571
20 0 24.1725 1.0 1018
15 0 21.617500000000007 1.0 766
23 0 11.3975 1.0 1158
10 0 47.167500000000004 1.0 536
9 1 39.5025 1.0 481
18 0 44.6125 1.0 934
10 0 54.83250000000001 1.0 542
9 0 62.4975 1.0 498
10 1 6.287500000000001 1.0 505
7 0 19.0625 1.0 364
19 1 8.842500000000001 1.0 957
11 1 6.287500000000001 1.0 555
3 0 44.6125 1.0 184
1005032.75 10
5 1 3.7325000000000017 1.0 253
17 0 8.842500000000001 1.0 856
23 1 36.947500000000005 1.0 1179
16 1 6.287500000000001 1.0 805
22 0 42.057500000000005 1.0 1132
7 1 39.5025 1.0 381
1 1 34.3925 1.0 77
23 0 11.3975 1.0 1158
15 0 26.727500000000006 1.0 770
5 1 44.6125 1.0 285
1908535.5 8
17 0 1.177500000000002 1.0 850
21 1 11.3975 1.0 1059
9 0 57.3875 1.0 494
24 0 54.83250000000001 1.0 1242
21 0 16.507500000000007 1.0 1062
12 1 21.617500000000007 1.0 617
3 1 42.057500000000005 1.0 183
22 0 31.837500000000006 1.0 1124
191163.1 18
5 0 8.842500000000001 1.0 256
20 1 24.1725 1.0 1019
0 1 24.1725 1.0 19
9 1 8.842500000000001 1.0 457
7 0 21.617500000000007 1.0 366
2 1 6.287500000000001 1.0 105
12 0 1.177500000000002 1.0 600
21 0 24.1725 1.0 1068
21 0 29.2825 1.0 1072
1 0 49.7225 1.0 88
24 1 1.177500000000002 1.0 1201
20 0 8.842500000000001 1.0 1006
3 0 24.1725 1.0 168
18 1 42.057500000000005 1.0 933
1 1 34.3925 1.0 77
5 0 16.507500000000007 1.0 262
14 0 49.7225 1.0 738
24 1 8.842500000000001 1.0 1207
1375335.5 9
4 1 47.167500000000004 1.0 237
14 1 54.83250000000001 1.0 743
12 1 34.3925 1.0 627
11 1 6.287500000000001 1.0 555
20 1 31.837500000000006 1.0 1025
3 0 8.842500000000001 1.0 156
1 1 3.7325000000000017 1.0 53
5 0 49.7225 1.0 288
7 0 19.0625 1.0 364
1191703.6 15
0 1 6.287500000000001 1.0 5
3 1 42.057500000000005 1.0 183
10 0 21.617500000000007 1.0 516
9 1 29.2825 1.0 473
9 0 62.4975 1.0 498
18 1 34.3925 1.0 927
7 1 13.9525 1.0 361
12 0 39.5025 1.0 630
20 0 62.4975 1.0 1048
14 1 54.83250000000001 1.0 743
21 0 6.287500000000001 1.0 1054
18 0 24.1725 1.0 918
1 1 13.9525 1.0 61
4 0 47.167500000000004 1.0 236
22 1 57.3875 1.0 1145
862783.8 22
23 1 8.842500000000001 1.0 1157
5 1 52.2775 1.0 291
21 0 42.057500000000005 1.0 1082
12 0 8.842500000000001 1.0 606
12 1 3.7325000000000017 1.0 603
15 0 13.9525 1.0 760
1 1 59.94250000000001 1.0 97
18 0 19.0625 1.0 914
7 1 31.837500000000006 1.0 375
5 0 24.1725 1.0 268
3 0 8.842500000000001 1.0 156
0 0 24.1725 1.0 18
20 1 52.2775 1.0 1041
11 1 36.947500000000005 1.0 579
20 1 13.9525 1.0 1011
0 1 6.287500000000001 1.0 5
16 1 6.287500000000001 1.0 805
13 1 42.057500000000005 1.0 683
13 1 34.3925 1.0 677
24 1 1.177500000000002 1.0 1201
2 1 62.4975 1.0 149
21 0 24.1725 1.0 1068
790300.8 12
18 0 24.1725 1.0 918
15 1 39.5025 1.0 781
18 0 62.4975 1.0 948
13 1 16.507500000000007 1.0 663
9 0 16.507500000000007 1.0 462
15 1 19.0625 1.0 765
10 1 36.947500000000005 1.0 529
11 1 21.617500000000007 1.0 567
24 0 24.1725 1.0 1218
13 0 21.617500000000007 1.0 666
9 0 6.287500000000001 1.0 454
16 1 39.5025 1.0 831
77420.2 21
10 1 11.3975 1.0 509
4 1 36.947500000000005 1.0 229
17 0 29.2825 1.0 872
3 0 24.1725 1.0 168
5 1 57.3875 1.0 295
14 0 34.3925 1.0 726
10 0 26.727500000000006 1.0 520
18 0 54.83250000000001 1.0 942
7 0 26.727500000000006 1.0 370
24 0 1.177500000000002 1.0 1200
6 0 49.7225 1.0 338
1 1 21.617500000000007 1.0 67
13 0 21.617500000000007 1.0 666
4 0 8.842500000000001 1.0 206
24 1 24.1725 1.0 1219
15 1 36.947500000000005 1.0 779
23 0 47.167500000000004 1.0 1186
2 0 36.947500000000005 1.0 128
19 0 26.727500000000006 1.0 970
11 1 6.287500000000001 1.0 555
21 1 11.3975 1.0 1059
1819609.0 22
1 0 36.947500000000005 1.0 78
20 1 26.727500000000006 1.0 1021
16 0 47.167500000000004 1.0 836
15 1 6.287500000000001 1.0 755
15 0 11.3975 1.0 758
3 1 3.7325000000000017 1.0 153
19 0 26.727500000000006 1.0 970
11 1 21.617500000000007 1.0 567
23 1 36.947500000000005 1.0 1179
16 0 19.0625 1.0 814
7 0 57.3875 1.0 394
5 0 59.94250000000001 1.0 296
13 0 21.617500000000007 1.0 666
5 1 3.7325000000000017 1.0 253
12 0 19.0625 1.0 614
20 0 42.057500000000005 1.0 1032
1 0 57.3875 1.0 94
14 0 8.842500000000001 1.0 706
8 1 42.057500000000005 1.0 433
7 1 8.842500000000001 1.0 357
3 0 59.94250000000001 1.0 196
21 0 11.3975 1.0 1058
1266201.2 7
17 1 11.3975 1.0 859
11 0 59.94250000000001 1.0 596
2 0 21.617500000000007 1.0 116
10 0 1.177500000000002 1.0 500
5 0 11.3975 1.0 258
16 1 57.3875 1.0 845
19 0 13.9525 1.0 960
162443.42 18
9 1 57.3875 1.0 495
1 1 59.94250000000001 1.0 97
13 1 26.727500000000006 1.0 671
18 1 57.3875 1.0 945
14 1 29.2825 1.0 723
8 1 54.83250000000001 1.0 443
4 1 8.842500000000001 1.0 207
19 0 3.7325000000000017 1.0 952
3 0 44.6125 1.0 184
12 1 52.2775 1.0 641
16 0 42.057500000000005 1.0 832
24 0 44.6125 1.0 1234
6 0 49.7225 1.0 338
12 1 34.3925 1.0 627
7 0 44.6125 1.0 384
7 0 29.2825 1.0 372
24 0 62.4975 1.0 1248
9 0 62.4975 1.0 498
1155995.1 24
10 0 24.1725 1.0 518
20 0 62.4975 1.0 1048
12 0 47.167500000000004 1.0 636
19 0 11.3975 1.0 958
12 0 44.6125 1.0 634
10 0 26.727500000000006 1.0 520
5 0 11.3975 1.0 258
13 0 34.3925 1.0 676
20 0 11.3975 1.0 1008
17 1 39.5025 1.0 881
15 1 6.287500000000001 1.0 755
18 0 44.6125 1.0 934
18 0 62.4975 1.0 948
10 1 44.6125 1.0 535
12 1 1.177500000000002 1.0 601
11 1 36.947500000000005 1.0 579
1 1 62.4975 1.0 99
12 0 19.0625 1.0 614
7 0 57.3875 1.0 394
22 1 19.0625 1.0 1115
9 1 44.6125 1.0 485
24 0 21.617500000000007 1.0 1216
18 1 47.167500000000004 1.0 937
15 0 21.617500000000007 1.0 766
1542512.9 18
12 1 57.3875 1.0 645
13 1 8.842500000000001 1.0 657
12 0 8.842500000000001 1.0 606
7 1 24.1725 1.0 369
0 0 16.507500000000007 1.0 12
23 1 21.617500000000007 1.0 1167
0 0 31.837500000000006 1.0 24
3 0 11.3975 1.0 158
13 0 11.3975 1.0 658
5 1 3.7325000000000017 1.0 253
6 0 36.947500000000005 1.0 328
3 0 47.167500000000004 1.0 186
7 0 19.0625 1.0 364
9 0 49.7225 1.0 488
2 1 3.7325000000000017 1.0 103
8 0 16.507500000000007 1.0 412
22 0 31.837500000000006 1.0 1124
2 1 8.842500000000001 1.0 107
254739.98 5
11 1 6.287500000000001 1.0 555
0 0 44.6125 1.0 34
10 0 57.3875 1.0 544
0 1 24.1725 1.0 19
3 0 8.842500000000001 1.0 156
1625814.9 12
14 0 19.0625 1.0 714
13 1 8.842500000000001 1.0 657
9 0 59.94250000000001 1.0 496
17 0 13.9525 1.0 860
18 0 24.1725 1.0 918
13 0 11.3975 1.0 658
22 1 8.842500000000001 1.0 1107
1 0 21.617500000000007 1.0 66
10 1 11.3975 1.0 509
15 1 52.2775 1.0 791
2 1 16.507500000000007 1.0 113
0 0 8.842500000000001 1.0 6
1994258.2 12
15 1 47.167500000000004 1.0 787
10 1 8.842500000000001 1.0 507
15 0 6.287500000000001 1.0 754
18 1 34.3925 1.0 927
24 0 54.83250000000001 1.0 1242
21 0 42.057500000000005 1.0 1082
9 0 3.7325000000000017 1.0 452
4 1 36.947500000000005 1.0 229
2 0 62.4975 1.0 148
11 1 6.287500000000001 1.0 555
5 0 8.842500000000001 1.0 256
1 0 31.837500000000006 1.0 74
1611380.0 20
13 1 8.842500000000001 1.0 657
7 0 44.6125 1.0 384
7 1 26.727500000000006 1.0 371
13 1 6.287500000000001 1.0 655
13 0 19.0625 1.0 664
23 1 8.842500000000001 1.0 1157
9 0 24.1725 1.0 468
24 0 11.3975 1.0 1208
19 0 11.3975 1.0 958
4 1 8.842500000000001 1.0 207
15 1 34.3925 1.0 777
23 0 59.94250000000001 1.0 1196
22 1 1.177500000000002 1.0 1101
8 1 36.947500000000005 1.0 429
7 0 26.727500000000006 1.0 370
5 0 13.9525 1.0 260
21 0 42.057500000000005 1.0 1082
15 1 39.5025 1.0 781
14 0 34.3925 1.0 726
4 0 62.4975 1.0 248
315022.5 16
23 0 11.3975 1.0 1158
21 0 42.057500000000005 1.0 1082
17 1 44.6125 1.0 885
23 1 36.947500000000005 1.0 1179
20 1 39.5025 1.0 1031
5 0 49.7225 1.0 288
1 0 54.83250000000001 1.0 92
0 0 11.3975 1.0 8
13 1 42.057500000000005 1.0 683
24 0 21.617500000000007 1.0 1216
3 1 42.057500000000005 1.0 183
1 1 3.7325000000000017 1.0 53
7 0 21.617500000000007 1.0 366
17 0 3.7325000000000017 1.0 852
22 0 42.057500000000005 1.0 1132
24 0 3.7325000000000017 1.0 1202
969867.5 11
13 1 8.842500000000001 1.0 657
5 1 57.3875 1.0 295
1 0 57.3875 1.0 94
7 1 39.5025 1.0 381
12 1 21.617500000000007 1.0 617
15 0 13.9525 1.0 760
23 0 6.287500000000001 1.0 1154
21 0 24.1725 1.0 1068
24 0 44.6125 1.0 1234
10 0 8.842500000000001 1.0 506
7 1 52.2775 1.0 391
1771092.9 17
10 0 8.842500000000001 1.0 506
20 1 26.727500000000006 1.0 1021
5 0 59.94250000000001 1.0 296
13 0 39.5025 1.0 680
24 1 34.3925 1.0 1227
10 1 44.6125 1.0 535
7 0 44.6125 1.0 384
3 0 6.287500000000001 1.0 154
24 0 44.6125 1.0 1234
24 1 24.1725 1.0 1219
18 1 34.3925 1.0 927
3 1 3.7325000000000017 1.0 153
20 0 36.947500000000005 1.0 1028
21 1 21.617500000000007 1.0 1067
5 1 52.2775 1.0 291
4 0 16.507500000000007 1.0 212
1 1 42.057500000000005 1.0 83
1943635.9 7
7 1 1.177500000000002 1.0 351
13 1 34.3925 1.0 677
2 1 57.3875 1.0 145
3 0 24.1725 1.0 168
4 0 44.6125 1.0 234
17 1 29.2825 1.0 873
20 0 13.9525 1.0 1010
1631666.9 18
5 0 24.1725 1.0 268
24 0 11.3975 1.0 1208
7 0 26.727500000000006 1.0 370
18 0 54.83250000000001 1.0 942
12 0 26.727500000000006 1.0 620
18 0 49.7225 1.0 938
6 1 57.3875 1.0 345
19 0 16.507500000000007 1.0 962
1 0 57.3875 1.0 94
22 1 1.177500000000002 1.0 1101
13 0 47.167500000000004 1.0 686
18 1 47.167500000000004 1.0 937
4 0 16.507500000000007 1.0 212
8 1 6.287500000000001 1.0 405
22 0 36.947500000000005 1.0 1128
15 1 62.4975 1.0 799
16 0 36.947500000000005 1.0 828
10 0 24.1725 1.0 518
694816.56 15
18 0 19.0625 1.0 914
13 1 34.3925 1.0 677
20 0 24.1725 1.0 1018
20 0 57.3875 1.0 1044
16 1 6.287500000000001 1.0 805
0 0 31.837500000000006 1.0 24
15 1 52.2775 1.0 791
1 0 49.7225 1.0 88
18 1 47.167500000000004 1.0 937
6 0 36.947500000000005 1.0 328
13 0 52.2775 1.0 690
4 1 47.167500000000004 1.0 237
16 0 36.947500000000005 1.0 828
14 0 49.7225 1.0 738
19 0 11.3975 1.0 958
310922.16 6
12 0 19.0625 1.0 614
0 0 11.3975 1.0 8
17 0 3.7325000000000017 1.0 852
15 0 29.2825 1.0 772
7 1 1.177500000000002 1.0 351
15 1 52.2775 1.0 791
1206342.9 8
6 1 29.2825 1.0 323
11 0 59.94250000000001 1.0 596
9 0 16.507500000000007 1.0 462
15 1 52.2775 1.0 791
23 0 31.837500000000006 1.0 1174
23 0 39.5025 1.0 1180
12 0 39.5025 1.0 630
14 1 31.837500000000006 1.0 725
983028.9 12
0 1 6.287500000000001 1.0 5
7 0 57.3875 1.0 394
14 0 62.4975 1.0 748
19 0 16.507500000000007 1.0 962
17 0 8.842500000000001 1.0 856
23 1 19.0625 1.0 1165
7 0 42.057500000000005 1.0 382
2 1 16.507500000000007 1.0 113
22 1 54.83250000000001 1.0 1143
18 0 24.1725 1.0 918
18 0 62.4975 1.0 948
8 1 36.947500000000005 1.0 429
1147300.9 14
8 0 11.3975 1.0 408
2 1 57.3875 1.0 145
22 1 54.83250000000001 1.0 1143
9 0 3.7325000000000017 1.0 452
8 0 52.2775 1.0 440
10 1 6.287500000000001 1.0 505
12 1 3.7325000000000017 1.0 603
12 0 19.0625 1.0 614
10 0 24.1725 1.0 518
21 1 31.837500000000006 1.0 1075
22 1 44.6125 1.0 1135
5 1 52.2775 1.0 291
5 0 24.1725 1.0 268
24 0 44.6125 1.0 1234
148034.9 7
13 1 26.727500000000006 1.0 671
24 1 34.3925 1.0 1227
6 0 19.0625 1.0 314
16 0 13.9525 1.0 810
9 0 3.7325000000000017 1.0 452
11 1 62.4975 1.0 599
5 1 57.3875 1.0 295
346296.53 12
5 0 24.1725 1.0 268
6 0 34.3925 1.0 326
14 1 21.617500000000007 1.0 717
23 1 57.3875 1.0 1195
10 1 6.287500000000001 1.0 505
1 0 21.617500000000007 1.0 66
0 0 13.9525 1.0 10
10 0 24.1725 1.0 518
22 1 11.3975 1.0 1109
12 0 21.617500000000007 1.0 616
18 1 6.287500000000001 1.0 905
9 0 47.167500000000004 1.0 486
1998811.2 14
5 0 11.3975 1.0 258
1 1 49.7225 1.0 89
0 0 31.837500000000006 1.0 24
11 0 8.842500000000001 1.0 556
10 1 44.6125 1.0 535
15 0 29.2825 1.0 772
12 1 1.177500000000002 1.0 601
13 1 26.727500000000006 1.0 671
24 1 1.177500000000002 1.0 1201
1 1 13.9525 1.0 61
23 1 36.947500000000005 1.0 1179
1 0 13.9525 1.0 60
9 1 16.507500000000007 1.0 463
7 1 26.727500000000006 1.0 371
926880.56 21
18 0 36.947500000000005 1.0 928
12 0 13.9525 1.0 610
18 1 47.167500000000004 1.0 937
16 1 34.3925 1.0 827
19 0 11.3975 1.0 958
14 1 57.3875 1.0 745
24 0 8.842500000000001 1.0 1206
15 1 36.947500000000005 1.0 779
22 1 8.842500000000001 1.0 1107
8 1 8.842500000000001 1.0 407
1 1 49.7225 1.0 89
3 0 42.057500000000005 1.0 182
15 1 47.167500000000004 1.0 787
5 0 11.3975 1.0 258
12 0 26.727500000000006 1.0 620
15 0 21.617500000000007 1.0 766
3 0 8.842500000000001 1.0 156
22 0 42.057500000000005 1.0 1132
0 1 47.167500000000004 1.0 37
21 0 21.617500000000007 1.0 1066
24 1 44.6125 1.0 1235
1410761.5 5
22 1 8.842500000000001 1.0 1107
0 0 8.842500000000001 1.0 6
7 0 26.727500000000006 1.0 370
13 1 59.94250000000001 1.0 697
20 0 24.1725 1.0 1018
103302.95 10
13 1 42.057500000000005 1.0 683
8 1 36.947500000000005 1.0 429
8 1 6.287500000000001 1.0 405
16 0 19.0625 1.0 814
17 0 13.9525 1.0 860
2 1 57.3875 1.0 145
14 0 49.7225 1.0 738
0 0 31.837500000000006 1.0 24
22 1 62.4975 1.0 1149
2 1 21.617500000000007 1.0 117
1137408.8 21
20 0 57.3875 1.0 1044
24 0 26.727500000000006 1.0 1220
1 0 11.3975 1.0 58
10 0 24.1725 1.0 518
12 1 47.167500000000004 1.0 637
15 0 13.9525 1.0 760
19 0 13.9525 1.0 960
7 0 44.6125 1.0 384
15 1 39.5025 1.0 781
22 0 42.057500000000005 1.0 1132
0 1 24.1725 1.0 19
24 1 1.177500000000002 1.0 1201
9 0 57.3875 1.0 494
17 0 1.177500000000002 1.0 850
22 0 31.837500000000006 1.0 1124
11 0 52.2775 1.0 590
1 0 31.837500000000006 1.0 74
11 0 3.7325000000000017 1.0 552
22 0 36.947500000000005 1.0 1128
17 0 13.9525 1.0 860
24 0 21.617500000000007 1.0 1216
601975.75 10
20 1 52.2775 1.0 1041
6 0 36.947500000000005 1.0 328
24 0 21.617500000000007 1.0 1216
7 1 26.727500000000006 1.0 371
16 0 16.507500000000007 1.0 812
7 1 24.1725 1.0 369
18 1 6.287500000000001 1.0 905
22 0 3.7325000000000017 1.0 1102
5 1 13.9525 1.0 261
21 0 47.167500000000004 1.0 1086
1887074.6 23
22 1 44.6125 1.0 1135
3 1 39.5025 1.0 181
7 0 19.0625 1.0 364
5 0 13.9525 1.0 260
20 0 24.1725 1.0 1018
1 1 34.3925 1.0 77
18 1 34.3925 1.0 927
0 1 24.1725 1.0 19
15 0 13.9525 1.0 760
17 1 39.5025 1.0 881
13 1 26.727500000000006 1.0 671
7 1 47.167500000000004 1.0 387
9 1 44.6125 1.0 485
13 0 11.3975 1.0 658
6 1 11.3975 1.0 309
22 1 8.842500000000001 1.0 1107
8 1 36.947500000000005 1.0 429
7 1 1.177500000000002 1.0 351
20 1 52.2775 1.0 1041
16 0 6.287500000000001 1.0 804
16 1 34.3925 1.0 827
7 0 44.6125 1.0 384
23 0 47.167500000000004 1.0 1186
845898.4 18
12 1 47.167500000000004 1.0 637
16 0 59.94250000000001 1.0 846
3 1 42.057500000000005 1.0 183
9 0 49.7225 1.0 488
5 0 24.1725 1.0 268
10 0 26.727500000000006 1.0 520
10 0 8.842500000000001 1.0 506
24 1 34.3925 1.0 1227
19 0 11.3975 1.0 958
13 0 11.3975 1.0 658
8 0 11.3975 1.0 408
1 1 24.1725 1.0 69
10 1 13.9525 1.0 511
22 1 24.1725 1.0 1119
20 1 24.1725 1.0 1019
14 1 49.7225 1.0 739
6 1 8.842500000000001 1.0 307
7 1 13.9525 1.0 361
317886.12 16
22 1 54.83250000000001 1.0 1143
17 1 24.1725 1.0 869
1 1 34.3925 1.0 77
19 0 3.7325000000000017 1.0 952
11 1 21.617500000000007 1.0 567
23 0 59.94250000000001 1.0 1196
19 0 34.3925 1.0 976
3 0 8.842500000000001 1.0 156
23 0 21.617500000000007 1.0 1166
16 0 13.9525 1.0 810
13 1 34.3925 1.0 677
16 1 34.3925 1.0 827
10 1 44.6125 1.0 535
3 0 54.83250000000001 1.0 192
22 0 59.94250000000001 1.0 1146
9 1 57.3875 1.0 495
79360.22 22
7 1 24.1725 1.0 369
3 1 3.7325000000000017 1.0 153
20 0 34.3925 1.0 1026
23 0 11.3975 1.0 1158
9 1 57.3875 1.0 495
24 0 62.4975 1.0 1248
24 0 24.1725 1.0 1218
18 1 36.947500000000005 1.0 929
19 0 34.3925 1.0 976
5 0 52.2775 1.0 290
20 1 26.727500000000006 1.0 1021
17 0 16.507500000000007 1.0 862
21 1 11.3975 1.0 1059
13 0 8.842500000000001 1.0 656
23 1 36.947500000000005 1.0 1179
13 0 21.617500000000007 1.0 666
14 1 8.842500000000001 1.0 707
13 0 52.2775 1.0 690
18 0 36.947500000000005 1.0 928
21 0 24.1725 1.0 1068
21 1 59.94250000000001 1.0 1097
17 0 3.7325000000000017 1.0 852
399709.44 15
18 0 24.1725 1.0 918
2 1 16.507500000000007 1.0 113
4 1 29.2825 1.0 223
12 1 57.3875 1.0 645
7 0 36.947500000000005 1.0 378
24 0 26.727500000000006 1.0 1220
20 1 19.0625 1.0 1015
12 0 1.177500000000002 1.0 600
3 0 24.1725 1.0 168
7 1 13.9525 1.0 361
8 1 54.83250000000001 1.0 443
12 1 3.7325000000000017 1.0 603
19 0 52.2775 1.0 990
6 0 49.7225 1.0 338
14 0 49.7225 1.0 738
629720.7 15
19 0 16.507500000000007 1.0 962
10 1 11.3975 1.0 509
5 1 3.7325000000000017 1.0 253
17 1 29.2825 1.0 873
22 1 19.0625 1.0 1115
14 1 16.507500000000007 1.0 713
12 1 13.9525 1.0 611
2 0 44.6125 1.0 134
1 0 49.7225 1.0 88
20 0 42.057500000000005 1.0 1032
23 0 42.057500000000005 1.0 1182
23 0 1.177500000000002 1.0 1150
3 1 6.287500000000001 1.0 155
1 1 39.5025 1.0 81
22 1 62.4975 1.0 1149
628743.0 22
6 0 8.842500000000001 1.0 306
1 0 52.2775 1.0 90
18 1 47.167500000000004 1.0 937
17 1 39.5025 1.0 881
5 0 11.3975 1.0 258
20 0 11.3975 1.0 1008
11 0 52.2775 1.0 590
0 0 16.507500000000007 1.0 12
7 0 6.287500000000001 1.0 354
14 1 16.507500000000007 1.0 713
15 0 11.3975 1.0 758
0 0 11.3975 1.0 8
9 0 1.177500000000002 1.0 450
7 1 8.842500000000001 1.0 357
12 1 3.7325000000000017 1.0 603
1 1 62.4975 1.0 99
15 1 36.947500000000005 1.0 779
6 1 19.0625 1.0 315
10 1 13.9525 1.0 511
22 1 54.83250000000001 1.0 1143
15 1 47.167500000000004 1.0 787
22 0 36.947500000000005 1.0 1128
1890335.4 14
5 0 24.1725 1.0 268
13 1 26.727500000000006 1.0 671
17 0 3.7325000000000017 1.0 852
21 0 11.3975 1.0 1058
11 0 8.842500000000001 1.0 556
16 0 16.507500000000007 1.0 812
6 0 62.4975 1.0 348
7 0 26.727500000000006 1.0 370
9 1 8.842500000000001 1.0 457
6 1 59.94250000000001 1.0 347
22 0 31.837500000000006 1.0 1124
17 1 19.0625 1.0 865
18 0 36.947500000000005 1.0 928
13 1 16.507500000000007 1.0 663
1420973.2 17
23 1 19.0625 1.0 1165
15 1 52.2775 1.0 791
12 0 19.0625 1.0 614
7 0 57.3875 1.0 394
7 0 26.727500000000006 1.0 370
20 0 62.4975 1.0 1048
16 1 39.5025 1.0 831
20 0 57.3875 1.0 1044
13 1 16.507500000000007 1.0 663
21 0 11.3975 1.0 1058
1 0 21.617500000000007 1.0 66
24 0 34.3925 1.0 1226
9 0 3.7325000000000017 1.0 452
11 0 8.842500000000001 1.0 556
14 0 34.3925 1.0 726
18 0 11.3975 1.0 908
14 1 31.837500000000006 1.0 725
1679439.6 21
20 1 39.5025 1.0 1031
5 0 13.9525 1.0 260
6 0 8.842500000000001 1.0 306
17 0 29.2825 1.0 872
11 1 1.177500000000002 1.0 551
10 0 24.1725 1.0 518
17 0 13.9525 1.0 860
6 1 29.2825 1.0 323
17 0 3.7325000000000017 1.0 852
4 0 39.5025 1.0 230
9 1 57.3875 1.0 495
4 1 47.167500000000004 1.0 237
23 0 1.177500000000002 1.0 1150
14 0 57.3875 1.0 744
4 0 57.3875 1.0 244
20 1 31.837500000000006 1.0 1025
12 1 1.177500000000002 1.0 601
22 1 1.177500000000002 1.0 1101
21 0 59.94250000000001 1.0 1096
13 0 19.0625 1.0 664
10 0 8.842500000000001 1.0 506
