Numero de pedidos
50
duedate num_referencias // pasillo lado altura peso
1442973.9 10
10 0 3.7325000000000017 1.0 152
11 0 54.83250000000001 1.0 92
12 0 11.3975 1.0 8
14 0 36.947500000000005 1.0 228
13 0 3.7325000000000017 1.0 102
13 1 16.507500000000007 1.0 113
8 1 13.9525 1.0 361
14 0 44.6125 1.0 234
11 0 36.947500000000005 1.0 78
11 1 34.3925 1.0 77
1644789.6 15
11 0 59.94250000000001 1.0 96
3 0 57.3875 1.0 894
10 1 6.287500000000001 1.0 155
13 1 13.9525 1.0 111
10 0 54.83250000000001 1.0 192
14 1 34.3925 1.0 227
11 1 52.2775 1.0 91
12 1 57.3875 1.0 45
10 1 24.1725 1.0 169
12 1 13.9525 1.0 11
12 1 16.507500000000007 1.0 13
12 1 26.727500000000006 1.0 21
17 0 3.7325000000000017 1.0 502
10 1 54.83250000000001 1.0 193
10 1 36.947500000000005 1.0 179
1364602.5 6
13 1 8.842500000000001 1.0 107
10 0 62.4975 1.0 198
2 1 52.2775 1.0 991
5 1 52.2775 1.0 691
14 1 8.842500000000001 1.0 207
10 0 49.7225 1.0 188
1436850.9 14
5 1 42.057500000000005 1.0 683
11 0 29.2825 1.0 72
5 1 57.3875 1.0 695
13 0 39.5025 1.0 130
10 0 3.7325000000000017 1.0 152
12 0 34.3925 1.0 26
11 1 6.287500000000001 1.0 55
2 1 62.4975 1.0 999
10 0 6.287500000000001 1.0 154
13 1 8.842500000000001 1.0 107
14 0 6.287500000000001 1.0 204
13 1 54.83250000000001 1.0 143
10 1 54.83250000000001 1.0 193
15 0 31.837500000000006 1.0 324
299912.72 24
16 1 62.4975 1.0 449
14 0 59.94250000000001 1.0 246
13 0 16.507500000000007 1.0 112
10 1 24.1725 1.0 169
12 1 3.7325000000000017 1.0 3
8 1 6.287500000000001 1.0 355
12 0 47.167500000000004 1.0 36
13 1 42.057500000000005 1.0 133
12 0 11.3975 1.0 8
14 0 44.6125 1.0 234
13 0 36.947500000000005 1.0 128
12 1 57.3875 1.0 45
14 0 42.057500000000005 1.0 232
6 0 62.4975 1.0 598
17 0 6.287500000000001 1.0 504
10 1 31.837500000000006 1.0 175
7 1 8.842500000000001 1.0 457
12 1 44.6125 1.0 35
12 0 62.4975 1.0 48
10 1 8.842500000000001 1.0 157
10 0 1.177500000000002 1.0 150
21 1 8.842500000000001 1.0 907
12 1 54.83250000000001 1.0 43
11 0 36.947500000000005 1.0 78
1590394.5 20
11 1 49.7225 1.0 89
14 0 1.177500000000002 1.0 200
11 1 44.6125 1.0 85
10 1 59.94250000000001 1.0 197
10 0 29.2825 1.0 172
15 0 11.3975 1.0 308
10 1 34.3925 1.0 177
24 1 42.057500000000005 1.0 1233
14 1 57.3875 1.0 245
0 1 19.0625 1.0 1165
3 1 29.2825 1.0 873
7 0 49.7225 1.0 488
8 0 54.83250000000001 1.0 392
10 1 8.842500000000001 1.0 157
14 1 6.287500000000001 1.0 205
10 1 13.9525 1.0 161
12 0 1.177500000000002 1.0 0
14 0 16.507500000000007 1.0 212
10 0 26.727500000000006 1.0 170
15 0 39.5025 1.0 330
116544.48 17
12 0 62.4975 1.0 48
14 0 3.7325000000000017 1.0 202
11 0 62.4975 1.0 98
10 0 19.0625 1.0 164
12 1 3.7325000000000017 1.0 3
8 1 11.3975 1.0 359
13 1 54.83250000000001 1.0 143
11 0 54.83250000000001 1.0 92
13 1 62.4975 1.0 149
14 0 59.94250000000001 1.0 246
0 0 59.94250000000001 1.0 1196
10 1 24.1725 1.0 169
13 0 42.057500000000005 1.0 132
12 1 44.6125 1.0 35
17 1 16.507500000000007 1.0 513
10 0 3.7325000000000017 1.0 152
12 0 21.617500000000007 1.0 16
700738.75 12
12 1 62.4975 1.0 49
14 0 8.842500000000001 1.0 206
13 1 24.1725 1.0 119
13 1 42.057500000000005 1.0 133
9 1 62.4975 1.0 299
13 0 59.94250000000001 1.0 146
10 0 8.842500000000001 1.0 156
14 0 52.2775 1.0 240
11 0 24.1725 1.0 68
14 0 36.947500000000005 1.0 228
11 1 24.1725 1.0 69
15 1 39.5025 1.0 331
177859.2 21
10 1 47.167500000000004 1.0 187
10 0 59.94250000000001 1.0 196
7 1 44.6125 1.0 485
14 1 24.1725 1.0 219
11 0 34.3925 1.0 76
11 0 49.7225 1.0 88
11 1 54.83250000000001 1.0 93
10 1 16.507500000000007 1.0 163
13 0 21.617500000000007 1.0 116
8 0 57.3875 1.0 394
15 1 57.3875 1.0 345
14 1 21.617500000000007 1.0 217
12 1 49.7225 1.0 39
12 1 21.617500000000007 1.0 17
11 0 57.3875 1.0 94
7 1 57.3875 1.0 495
13 0 54.83250000000001 1.0 142
17 1 57.3875 1.0 545
13 0 13.9525 1.0 110
13 1 42.057500000000005 1.0 133
11 1 52.2775 1.0 91
1394121.4 7
11 0 16.507500000000007 1.0 62
22 1 1.177500000000002 1.0 1001
8 1 52.2775 1.0 391
10 1 54.83250000000001 1.0 193
12 0 8.842500000000001 1.0 6
12 1 49.7225 1.0 39
18 0 47.167500000000004 1.0 636
909109.7 16
11 1 29.2825 1.0 73
10 1 19.0625 1.0 165
13 1 26.727500000000006 1.0 121
22 1 47.167500000000004 1.0 1037
11 0 57.3875 1.0 94
10 1 34.3925 1.0 177
13 1 34.3925 1.0 127
8 1 11.3975 1.0 359
2 0 44.6125 1.0 984
13 1 59.94250000000001 1.0 147
7 1 34.3925 1.0 477
12 0 11.3975 1.0 8
14 1 13.9525 1.0 211
11 1 1.177500000000002 1.0 51
11 0 16.507500000000007 1.0 62
13 1 29.2825 1.0 123
956861.5 17
11 0 13.9525 1.0 60
14 1 44.6125 1.0 235
9 0 31.837500000000006 1.0 274
11 0 26.727500000000006 1.0 70
11 0 11.3975 1.0 58
12 0 44.6125 1.0 34
10 1 34.3925 1.0 177
12 1 8.842500000000001 1.0 7
9 1 36.947500000000005 1.0 279
12 0 34.3925 1.0 26
13 0 6.287500000000001 1.0 104
13 0 39.5025 1.0 130
10 0 24.1725 1.0 168
11 0 36.947500000000005 1.0 78
5 0 59.94250000000001 1.0 696
12 0 16.507500000000007 1.0 12
11 0 47.167500000000004 1.0 86
1968154.1 6
11 0 34.3925 1.0 76
11 1 11.3975 1.0 59
1 0 44.6125 1.0 1084
13 1 16.507500000000007 1.0 113
14 0 19.0625 1.0 214
11 1 42.057500000000005 1.0 83
505941.44 23
12 0 21.617500000000007 1.0 16
12 0 49.7225 1.0 38
10 0 19.0625 1.0 164
12 0 26.727500000000006 1.0 20
13 0 24.1725 1.0 118
14 1 47.167500000000004 1.0 237
13 1 44.6125 1.0 135
11 1 44.6125 1.0 85
12 0 62.4975 1.0 48
13 1 59.94250000000001 1.0 147
11 0 34.3925 1.0 76
14 0 29.2825 1.0 222
10 0 29.2825 1.0 172
14 1 49.7225 1.0 239
12 1 39.5025 1.0 31
5 1 31.837500000000006 1.0 675
14 0 42.057500000000005 1.0 232
13 0 21.617500000000007 1.0 116
3 1 44.6125 1.0 885
14 1 29.2825 1.0 223
11 1 26.727500000000006 1.0 71
12 1 42.057500000000005 1.0 33
12 1 34.3925 1.0 27
811282.94 13
11 0 13.9525 1.0 60
12 1 19.0625 1.0 15
12 0 31.837500000000006 1.0 24
13 1 36.947500000000005 1.0 129
10 1 52.2775 1.0 191
10 1 36.947500000000005 1.0 179
2 1 49.7225 1.0 989
13 0 13.9525 1.0 110
10 1 44.6125 1.0 185
12 0 44.6125 1.0 34
12 1 59.94250000000001 1.0 47
12 1 21.617500000000007 1.0 17
11 1 19.0625 1.0 65
1355894.4 20
3 1 59.94250000000001 1.0 897
12 0 47.167500000000004 1.0 36
11 0 26.727500000000006 1.0 70
11 1 3.7325000000000017 1.0 53
13 0 13.9525 1.0 110
11 1 26.727500000000006 1.0 71
12 1 29.2825 1.0 23
11 0 42.057500000000005 1.0 82
14 1 42.057500000000005 1.0 233
12 1 6.287500000000001 1.0 5
14 1 44.6125 1.0 235
12 1 26.727500000000006 1.0 21
13 1 8.842500000000001 1.0 107
11 0 13.9525 1.0 60
13 1 1.177500000000002 1.0 101
13 0 8.842500000000001 1.0 106
13 1 36.947500000000005 1.0 129
10 1 16.507500000000007 1.0 163
11 1 54.83250000000001 1.0 93
18 1 52.2775 1.0 641
1119418.0 20
14 1 8.842500000000001 1.0 207
12 0 39.5025 1.0 30
10 0 3.7325000000000017 1.0 152
11 1 36.947500000000005 1.0 79
14 1 31.837500000000006 1.0 225
14 0 21.617500000000007 1.0 216
10 0 29.2825 1.0 172
12 1 8.842500000000001 1.0 7
11 1 47.167500000000004 1.0 87
12 0 34.3925 1.0 26
13 0 59.94250000000001 1.0 146
9 1 6.287500000000001 1.0 255
13 1 19.0625 1.0 115
12 0 24.1725 1.0 18
14 0 47.167500000000004 1.0 236
10 0 42.057500000000005 1.0 182
14 0 6.287500000000001 1.0 204
13 0 54.83250000000001 1.0 142
10 1 31.837500000000006 1.0 175
10 1 57.3875 1.0 195
138895.16 5
13 1 57.3875 1.0 145
13 0 21.617500000000007 1.0 116
10 1 19.0625 1.0 165
14 0 47.167500000000004 1.0 236
16 0 44.6125 1.0 434
1399271.2 5
15 1 26.727500000000006 1.0 321
14 0 47.167500000000004 1.0 236
10 1 62.4975 1.0 199
9 1 3.7325000000000017 1.0 253
13 1 39.5025 1.0 131
1821857.5 20
12 1 31.837500000000006 1.0 25
13 1 34.3925 1.0 127
14 0 16.507500000000007 1.0 212
13 1 21.617500000000007 1.0 117
14 0 3.7325000000000017 1.0 202
11 0 24.1725 1.0 68
10 1 31.837500000000006 1.0 175
10 1 59.94250000000001 1.0 197
11 0 26.727500000000006 1.0 70
14 0 1.177500000000002 1.0 200
11 0 29.2825 1.0 72
13 0 6.287500000000001 1.0 104
10 0 6.287500000000001 1.0 154
13 0 26.727500000000006 1.0 120
15 1 47.167500000000004 1.0 337
7 0 13.9525 1.0 460
11 0 19.0625 1.0 64
13 0 8.842500000000001 1.0 106
14 0 62.4975 1.0 248
12 1 42.057500000000005 1.0 33
841497.06 13
14 1 62.4975 1.0 249
12 1 29.2825 1.0 23
10 0 11.3975 1.0 158
11 0 24.1725 1.0 68
13 0 49.7225 1.0 138
12 0 42.057500000000005 1.0 32
11 1 24.1725 1.0 69
10 0 36.947500000000005 1.0 178
14 1 19.0625 1.0 215
4 1 1.177500000000002 1.0 751
13 0 13.9525 1.0 110
12 0 54.83250000000001 1.0 42
2 0 11.3975 1.0 958
1987712.9 21
10 1 59.94250000000001 1.0 197
17 1 36.947500000000005 1.0 529
12 1 11.3975 1.0 9
13 1 44.6125 1.0 135
12 0 62.4975 1.0 48
14 0 49.7225 1.0 238
7 0 62.4975 1.0 498
11 1 21.617500000000007 1.0 67
12 1 57.3875 1.0 45
14 0 34.3925 1.0 226
7 1 36.947500000000005 1.0 479
14 1 34.3925 1.0 227
15 0 42.057500000000005 1.0 332
11 0 57.3875 1.0 94
14 1 1.177500000000002 1.0 201
11 1 57.3875 1.0 95
13 0 44.6125 1.0 134
14 0 54.83250000000001 1.0 242
10 0 11.3975 1.0 158
11 1 47.167500000000004 1.0 87
12 1 3.7325000000000017 1.0 3
1793813.5 17
12 1 3.7325000000000017 1.0 3
11 1 16.507500000000007 1.0 63
11 1 47.167500000000004 1.0 87
12 1 11.3975 1.0 9
12 0 26.727500000000006 1.0 20
14 1 42.057500000000005 1.0 233
11 1 49.7225 1.0 89
11 0 8.842500000000001 1.0 56
15 1 8.842500000000001 1.0 307
11 1 21.617500000000007 1.0 67
10 1 44.6125 1.0 185
14 1 11.3975 1.0 209
12 0 54.83250000000001 1.0 42
12 1 1.177500000000002 1.0 1
12 1 42.057500000000005 1.0 33
21 0 6.287500000000001 1.0 904
10 1 62.4975 1.0 199
1715178.5 24
12 1 57.3875 1.0 45
11 1 47.167500000000004 1.0 87
11 1 34.3925 1.0 77
11 1 3.7325000000000017 1.0 53
10 1 49.7225 1.0 189
11 0 8.842500000000001 1.0 56
14 0 19.0625 1.0 214
11 0 21.617500000000007 1.0 66
12 1 21.617500000000007 1.0 17
11 1 19.0625 1.0 65
12 0 13.9525 1.0 10
14 1 3.7325000000000017 1.0 203
11 0 54.83250000000001 1.0 92
12 1 47.167500000000004 1.0 37
13 0 21.617500000000007 1.0 116
15 1 26.727500000000006 1.0 321
14 0 26.727500000000006 1.0 220
14 0 62.4975 1.0 248
8 0 54.83250000000001 1.0 392
0 1 42.057500000000005 1.0 1183
13 1 29.2825 1.0 123
14 1 24.1725 1.0 219
7 0 49.7225 1.0 488
11 0 1.177500000000002 1.0 50
1794834.0 18
13 1 47.167500000000004 1.0 137
6 1 54.83250000000001 1.0 593
13 0 57.3875 1.0 144
13 1 8.842500000000001 1.0 107
14 0 29.2825 1.0 222
10 1 1.177500000000002 1.0 151
14 0 39.5025 1.0 230
12 0 11.3975 1.0 8
11 1 57.3875 1.0 95
9 0 49.7225 1.0 288
13 0 36.947500000000005 1.0 128
14 1 21.617500000000007 1.0 217
10 0 54.83250000000001 1.0 192
12 1 29.2825 1.0 23
12 1 26.727500000000006 1.0 21
13 1 6.287500000000001 1.0 105
10 1 29.2825 1.0 173
16 1 57.3875 1.0 445
1938701.4 19
11 0 34.3925 1.0 76
13 0 54.83250000000001 1.0 142
12 0 62.4975 1.0 48
10 1 29.2825 1.0 173
13 0 6.287500000000001 1.0 104
14 0 8.842500000000001 1.0 206
11 1 16.507500000000007 1.0 63
24 1 34.3925 1.0 1227
12 1 19.0625 1.0 15
10 0 44.6125 1.0 184
17 0 16.507500000000007 1.0 512
12 0 34.3925 1.0 26
14 1 11.3975 1.0 209
11 1 6.287500000000001 1.0 55
10 1 62.4975 1.0 199
6 1 36.947500000000005 1.0 579
12 0 8.842500000000001 1.0 6
13 1 39.5025 1.0 131
12 0 59.94250000000001 1.0 46
1437222.8 12
13 0 44.6125 1.0 134
14 0 1.177500000000002 1.0 200
11 0 3.7325000000000017 1.0 52
13 0 8.842500000000001 1.0 106
12 0 59.94250000000001 1.0 46
23 1 21.617500000000007 1.0 1117
12 0 6.287500000000001 1.0 4
11 0 13.9525 1.0 60
10 1 16.507500000000007 1.0 163
12 1 13.9525 1.0 11
11 1 29.2825 1.0 73
12 1 52.2775 1.0 41
903438.5 8
3 0 29.2825 1.0 872
9 1 11.3975 1.0 259
11 1 8.842500000000001 1.0 57
13 1 16.507500000000007 1.0 113
10 0 57.3875 1.0 194
10 1 62.4975 1.0 199
4 0 59.94250000000001 1.0 796
13 0 13.9525 1.0 110
1185271.2 24
0 1 49.7225 1.0 1189
13 1 11.3975 1.0 109
12 0 39.5025 1.0 30
15 0 62.4975 1.0 348
13 0 31.837500000000006 1.0 124
9 1 52.2775 1.0 291
16 0 29.2825 1.0 422
9 1 49.7225 1.0 289
12 0 36.947500000000005 1.0 28
10 0 3.7325000000000017 1.0 152
14 1 49.7225 1.0 239
10 1 42.057500000000005 1.0 183
12 0 54.83250000000001 1.0 42
18 1 1.177500000000002 1.0 601
11 1 54.83250000000001 1.0 93
10 1 1.177500000000002 1.0 151
15 1 31.837500000000006 1.0 325
7 1 11.3975 1.0 459
2 1 31.837500000000006 1.0 975
11 0 13.9525 1.0 60
13 0 24.1725 1.0 118
12 1 52.2775 1.0 41
7 0 29.2825 1.0 472
6 0 16.507500000000007 1.0 562
1376384.5 19
11 0 31.837500000000006 1.0 74
11 0 34.3925 1.0 76
7 0 24.1725 1.0 468
24 1 39.5025 1.0 1231
10 0 1.177500000000002 1.0 150
11 1 36.947500000000005 1.0 79
13 1 52.2775 1.0 141
12 0 24.1725 1.0 18
10 1 59.94250000000001 1.0 197
13 1 39.5025 1.0 131
9 0 1.177500000000002 1.0 250
17 1 21.617500000000007 1.0 517
10 1 16.507500000000007 1.0 163
10 1 19.0625 1.0 165
7 0 49.7225 1.0 488
23 1 49.7225 1.0 1139
11 1 47.167500000000004 1.0 87
10 0 31.837500000000006 1.0 174
10 0 8.842500000000001 1.0 156
641131.56 14
11 1 47.167500000000004 1.0 87
14 0 13.9525 1.0 210
11 1 52.2775 1.0 91
11 1 19.0625 1.0 65
14 0 47.167500000000004 1.0 236
14 1 52.2775 1.0 241
13 0 62.4975 1.0 148
0 0 36.947500000000005 1.0 1178
12 1 42.057500000000005 1.0 33
11 0 54.83250000000001 1.0 92
14 1 8.842500000000001 1.0 207
8 0 57.3875 1.0 394
12 1 44.6125 1.0 35
15 0 26.727500000000006 1.0 320
1177910.6 19
14 0 13.9525 1.0 210
11 1 8.842500000000001 1.0 57
10 1 6.287500000000001 1.0 155
11 1 29.2825 1.0 73
14 1 54.83250000000001 1.0 243
12 0 1.177500000000002 1.0 0
5 1 31.837500000000006 1.0 675
15 1 13.9525 1.0 311
8 0 26.727500000000006 1.0 370
17 0 49.7225 1.0 538
5 0 36.947500000000005 1.0 678
12 1 44.6125 1.0 35
13 0 44.6125 1.0 134
11 1 59.94250000000001 1.0 97
12 1 31.837500000000006 1.0 25
3 0 26.727500000000006 1.0 870
11 1 36.947500000000005 1.0 79
13 0 13.9525 1.0 110
11 0 3.7325000000000017 1.0 52
1454641.1 16
11 0 39.5025 1.0 80
14 0 16.507500000000007 1.0 212
13 1 62.4975 1.0 149
13 1 42.057500000000005 1.0 133
19 1 26.727500000000006 1.0 721
7 0 52.2775 1.0 490
11 1 42.057500000000005 1.0 83
12 0 42.057500000000005 1.0 32
14 1 44.6125 1.0 235
14 1 49.7225 1.0 239
13 0 49.7225 1.0 138
14 0 11.3975 1.0 208
14 0 57.3875 1.0 244
10 0 62.4975 1.0 198
13 0 59.94250000000001 1.0 146
10 1 26.727500000000006 1.0 171
897663.9 15
14 1 34.3925 1.0 227
14 0 62.4975 1.0 248
12 1 19.0625 1.0 15
11 1 39.5025 1.0 81
12 1 3.7325000000000017 1.0 3
13 0 19.0625 1.0 114
11 0 19.0625 1.0 64
0 0 24.1725 1.0 1168
14 0 57.3875 1.0 244
13 0 34.3925 1.0 126
12 1 52.2775 1.0 41
14 0 44.6125 1.0 234
15 1 29.2825 1.0 323
13 1 6.287500000000001 1.0 105
19 1 54.83250000000001 1.0 743
1640269.8 14
14 0 1.177500000000002 1.0 200
15 0 26.727500000000006 1.0 320
13 1 26.727500000000006 1.0 121
13 0 29.2825 1.0 122
14 0 39.5025 1.0 230
12 1 6.287500000000001 1.0 5
11 1 1.177500000000002 1.0 51
10 0 16.507500000000007 1.0 162
14 0 42.057500000000005 1.0 232
10 0 11.3975 1.0 158
11 0 39.5025 1.0 80
4 0 21.617500000000007 1.0 766
11 1 6.287500000000001 1.0 55
13 0 11.3975 1.0 108
1491562.2 11
14 1 1.177500000000002 1.0 201
15 1 47.167500000000004 1.0 337
16 0 19.0625 1.0 414
10 0 34.3925 1.0 176
13 1 3.7325000000000017 1.0 103
12 0 24.1725 1.0 18
17 0 16.507500000000007 1.0 512
14 1 11.3975 1.0 209
10 0 59.94250000000001 1.0 196
11 1 44.6125 1.0 85
8 0 16.507500000000007 1.0 362
517691.6 7
17 1 39.5025 1.0 531
10 1 8.842500000000001 1.0 157
11 0 19.0625 1.0 64
13 1 34.3925 1.0 127
10 1 54.83250000000001 1.0 193
12 1 34.3925 1.0 27
14 0 57.3875 1.0 244
1236186.2 9
13 1 8.842500000000001 1.0 107
14 1 6.287500000000001 1.0 205
11 0 54.83250000000001 1.0 92
12 1 6.287500000000001 1.0 5
11 0 62.4975 1.0 98
14 0 19.0625 1.0 214
14 0 21.617500000000007 1.0 216
12 0 42.057500000000005 1.0 32
15 0 13.9525 1.0 310
1683601.0 10
13 0 19.0625 1.0 114
13 1 62.4975 1.0 149
13 0 11.3975 1.0 108
13 0 44.6125 1.0 134
10 0 52.2775 1.0 190
16 1 42.057500000000005 1.0 433
16 1 36.947500000000005 1.0 429
11 1 8.842500000000001 1.0 57
19 0 34.3925 1.0 726
12 0 1.177500000000002 1.0 0
1292322.8 22
11 0 54.83250000000001 1.0 92
11 0 47.167500000000004 1.0 86
11 1 49.7225 1.0 89
9 0 11.3975 1.0 258
14 1 39.5025 1.0 231
10 0 34.3925 1.0 176
12 1 1.177500000000002 1.0 1
12 1 21.617500000000007 1.0 17
12 0 3.7325000000000017 1.0 2
13 0 49.7225 1.0 138
12 0 59.94250000000001 1.0 46
14 0 52.2775 1.0 240
10 1 31.837500000000006 1.0 175
14 1 21.617500000000007 1.0 217
6 0 16.507500000000007 1.0 562
10 0 44.6125 1.0 184
10 0 21.617500000000007 1.0 166
14 0 57.3875 1.0 244
13 0 44.6125 1.0 134
15 1 16.507500000000007 1.0 313
14 1 42.057500000000005 1.0 233
7 1 34.3925 1.0 477
918604.75 18
10 0 1.177500000000002 1.0 150
15 1 11.3975 1.0 309
10 1 54.83250000000001 1.0 193
11 0 19.0625 1.0 64
11 0 11.3975 1.0 58
13 1 54.83250000000001 1.0 143
10 1 11.3975 1.0 159
10 0 49.7225 1.0 188
8 1 44.6125 1.0 385
12 0 47.167500000000004 1.0 36
12 0 24.1725 1.0 18
8 1 59.94250000000001 1.0 397
6 0 44.6125 1.0 584
4 1 31.837500000000006 1.0 775
23 0 57.3875 1.0 1144
15 0 31.837500000000006 1.0 324
11 0 54.83250000000001 1.0 92
8 1 49.7225 1.0 389
1454046.6 5
12 0 13.9525 1.0 10
14 1 24.1725 1.0 219
7 0 21.617500000000007 1.0 466
14 1 16.507500000000007 1.0 213
9 1 11.3975 1.0 259
937185.1 13
10 0 31.837500000000006 1.0 174
14 0 24.1725 1.0 218
14 1 39.5025 1.0 231
11 0 49.7225 1.0 88
13 0 44.6125 1.0 134
11 0 57.3875 1.0 94
10 0 21.617500000000007 1.0 166
14 1 49.7225 1.0 239
10 0 59.94250000000001 1.0 196
12 0 8.842500000000001 1.0 6
11 1 8.842500000000001 1.0 57
10 1 29.2825 1.0 173
12 0 49.7225 1.0 38
1278590.6 12
10 1 44.6125 1.0 185
15 0 42.057500000000005 1.0 332
7 1 1.177500000000002 1.0 451
21 1 26.727500000000006 1.0 921
7 0 42.057500000000005 1.0 482
14 1 11.3975 1.0 209
11 1 6.287500000000001 1.0 55
13 0 44.6125 1.0 134
7 1 3.7325000000000017 1.0 453
14 0 59.94250000000001 1.0 246
13 1 3.7325000000000017 1.0 103
10 1 8.842500000000001 1.0 157
1233933.1 23
14 0 36.947500000000005 1.0 228
12 1 1.177500000000002 1.0 1
12 0 49.7225 1.0 38
24 1 13.9525 1.0 1211
12 1 6.287500000000001 1.0 5
12 0 42.057500000000005 1.0 32
16 0 42.057500000000005 1.0 432
11 0 36.947500000000005 1.0 78
12 0 52.2775 1.0 40
10 0 8.842500000000001 1.0 156
13 1 54.83250000000001 1.0 143
10 1 31.837500000000006 1.0 175
13 0 34.3925 1.0 126
10 1 21.617500000000007 1.0 167
8 0 62.4975 1.0 398
24 0 13.9525 1.0 1210
11 1 3.7325000000000017 1.0 53
6 1 39.5025 1.0 581
17 1 49.7225 1.0 539
16 1 19.0625 1.0 415
10 1 29.2825 1.0 173
11 0 34.3925 1.0 76
11 1 31.837500000000006 1.0 75
444312.7 24
12 1 59.94250000000001 1.0 47
10 1 3.7325000000000017 1.0 153
24 1 49.7225 1.0 1239
14 1 1.177500000000002 1.0 201
12 0 57.3875 1.0 44
24 0 36.947500000000005 1.0 1228
14 0 47.167500000000004 1.0 236
11 1 34.3925 1.0 77
10 1 34.3925 1.0 177
13 1 39.5025 1.0 131
11 0 39.5025 1.0 80
11 1 54.83250000000001 1.0 93
10 1 8.842500000000001 1.0 157
16 1 62.4975 1.0 449
13 0 62.4975 1.0 148
5 0 34.3925 1.0 676
12 1 11.3975 1.0 9
14 0 29.2825 1.0 222
12 0 49.7225 1.0 38
14 1 31.837500000000006 1.0 225
21 1 42.057500000000005 1.0 933
11 1 62.4975 1.0 99
11 0 8.842500000000001 1.0 56
12 1 42.057500000000005 1.0 33
641381.9 24
14 1 1.177500000000002 1.0 201
11 0 52.2775 1.0 90
10 0 26.727500000000006 1.0 170
13 0 16.507500000000007 1.0 112
11 1 31.837500000000006 1.0 75
14 1 47.167500000000004 1.0 237
10 1 29.2825 1.0 173
14 0 57.3875 1.0 244
11 0 34.3925 1.0 76
14 0 44.6125 1.0 234
12 1 36.947500000000005 1.0 29
13 1 39.5025 1.0 131
14 0 49.7225 1.0 238
6 0 1.177500000000002 1.0 550
6 1 52.2775 1.0 591
14 1 8.842500000000001 1.0 207
14 0 42.057500000000005 1.0 232
13 0 24.1725 1.0 118
22 0 16.507500000000007 1.0 1012
14 1 59.94250000000001 1.0 247
13 1 49.7225 1.0 139
14 0 47.167500000000004 1.0 236
13 0 19.0625 1.0 114
10 1 39.5025 1.0 181
1437080.6 21
12 1 59.94250000000001 1.0 47
9 0 49.7225 1.0 288
14 1 42.057500000000005 1.0 233
13 1 36.947500000000005 1.0 129
10 0 36.947500000000005 1.0 178
11 0 24.1725 1.0 68
14 0 31.837500000000006 1.0 224
18 1 44.6125 1.0 635
11 0 16.507500000000007 1.0 62
13 0 57.3875 1.0 144
13 0 39.5025 1.0 130
12 0 34.3925 1.0 26
12 1 31.837500000000006 1.0 25
12 0 62.4975 1.0 48
14 1 59.94250000000001 1.0 247
10 0 59.94250000000001 1.0 196
8 0 3.7325000000000017 1.0 352
22 0 34.3925 1.0 1026
10 1 57.3875 1.0 195
11 1 19.0625 1.0 65
13 1 19.0625 1.0 115
1237047.6 24
10 0 59.94250000000001 1.0 196
12 0 24.1725 1.0 18
8 1 31.837500000000006 1.0 375
11 0 24.1725 1.0 68
12 1 24.1725 1.0 19
14 1 62.4975 1.0 249
10 1 34.3925 1.0 177
15 1 54.83250000000001 1.0 343
11 1 57.3875 1.0 95
12 1 54.83250000000001 1.0 43
13 1 42.057500000000005 1.0 133
12 0 52.2775 1.0 40
7 1 19.0625 1.0 465
12 1 31.837500000000006 1.0 25
11 0 44.6125 1.0 84
13 1 11.3975 1.0 109
11 1 13.9525 1.0 61
1 0 21.617500000000007 1.0 1066
11 1 16.507500000000007 1.0 63
20 0 16.507500000000007 1.0 812
12 0 31.837500000000006 1.0 24
9 0 13.9525 1.0 260
13 0 47.167500000000004 1.0 136
12 0 54.83250000000001 1.0 42
1630610.9 18
12 0 21.617500000000007 1.0 16
11 0 47.167500000000004 1.0 86
12 1 36.947500000000005 1.0 29
10 1 16.507500000000007 1.0 163
10 0 49.7225 1.0 188
19 0 39.5025 1.0 730
10 0 21.617500000000007 1.0 166
13 1 3.7325000000000017 1.0 103
10 0 62.4975 1.0 198
10 1 49.7225 1.0 189
12 1 24.1725 1.0 19
16 0 29.2825 1.0 422
12 0 24.1725 1.0 18
13 0 19.0625 1.0 114
13 1 34.3925 1.0 127
23 0 11.3975 1.0 1108
12 0 42.057500000000005 1.0 32
23 0 6.287500000000001 1.0 1104
