Numero de pedidos
50
duedate num_referencias // pasillo lado altura peso
1114683.6 22
0 0 34.3925 1.0 26
4 0 16.507500000000007 1.0 212
3 1 6.287500000000001 1.0 155
3 1 24.1725 1.0 169
1 0 19.0625 1.0 64
3 1 59.94250000000001 1.0 197
3 1 8.842500000000001 1.0 157
3 0 62.4975 1.0 198
1 1 19.0625 1.0 65
9 0 49.7225 1.0 488
0 1 31.837500000000006 1.0 25
22 1 3.7325000000000017 1.0 1103
2 1 3.7325000000000017 1.0 103
2 1 31.837500000000006 1.0 125
0 1 13.9525 1.0 11
8 0 24.1725 1.0 418
4 0 1.177500000000002 1.0 200
4 1 42.057500000000005 1.0 233
1 1 49.7225 1.0 89
1 1 59.94250000000001 1.0 97
1 0 57.3875 1.0 94
17 0 24.1725 1.0 868
968073.56 13
20 1 3.7325000000000017 1.0 1003
2 0 52.2775 1.0 140
1 1 54.83250000000001 1.0 93
21 0 24.1725 1.0 1068
21 1 6.287500000000001 1.0 1055
3 1 16.507500000000007 1.0 163
3 1 31.837500000000006 1.0 175
3 1 44.6125 1.0 185
3 0 34.3925 1.0 176
11 1 62.4975 1.0 599
9 1 47.167500000000004 1.0 487
3 1 47.167500000000004 1.0 187
4 1 42.057500000000005 1.0 233
231177.78 9
7 0 44.6125 1.0 384
3 0 47.167500000000004 1.0 186
1 1 52.2775 1.0 91
2 0 59.94250000000001 1.0 146
1 0 39.5025 1.0 80
3 1 62.4975 1.0 199
5 0 29.2825 1.0 272
9 0 59.94250000000001 1.0 496
19 0 21.617500000000007 1.0 966
470508.16 11
8 0 34.3925 1.0 426
4 1 8.842500000000001 1.0 207
1 1 3.7325000000000017 1.0 53
0 1 24.1725 1.0 19
3 1 62.4975 1.0 199
0 0 3.7325000000000017 1.0 2
2 1 11.3975 1.0 109
1 0 31.837500000000006 1.0 74
0 1 59.94250000000001 1.0 47
4 0 36.947500000000005 1.0 228
6 0 13.9525 1.0 310
223120.22 17
1 0 13.9525 1.0 60
4 1 24.1725 1.0 219
1 0 54.83250000000001 1.0 92
2 0 6.287500000000001 1.0 104
2 1 1.177500000000002 1.0 101
2 0 31.837500000000006 1.0 124
0 0 21.617500000000007 1.0 16
2 1 3.7325000000000017 1.0 103
0 0 57.3875 1.0 44
3 1 8.842500000000001 1.0 157
1 1 42.057500000000005 1.0 83
17 1 29.2825 1.0 873
1 1 3.7325000000000017 1.0 53
3 0 39.5025 1.0 180
0 0 3.7325000000000017 1.0 2
2 1 62.4975 1.0 149
0 0 13.9525 1.0 10
775697.7 10
1 0 11.3975 1.0 58
4 0 16.507500000000007 1.0 212
0 0 34.3925 1.0 26
0 1 19.0625 1.0 15
23 1 31.837500000000006 1.0 1175
3 1 6.287500000000001 1.0 155
3 0 54.83250000000001 1.0 192
1 1 47.167500000000004 1.0 87
2 1 19.0625 1.0 115
8 0 16.507500000000007 1.0 412
788461.5 17
2 1 49.7225 1.0 139
1 1 6.287500000000001 1.0 55
2 1 16.507500000000007 1.0 113
2 1 34.3925 1.0 127
4 0 36.947500000000005 1.0 228
17 1 8.842500000000001 1.0 857
1 0 19.0625 1.0 64
0 0 13.9525 1.0 10
2 0 54.83250000000001 1.0 142
3 0 1.177500000000002 1.0 150
1 1 39.5025 1.0 81
15 1 52.2775 1.0 791
0 1 21.617500000000007 1.0 17
2 0 34.3925 1.0 126
3 1 1.177500000000002 1.0 151
4 0 16.507500000000007 1.0 212
0 0 39.5025 1.0 30
1366803.5 6
3 0 31.837500000000006 1.0 174
3 1 11.3975 1.0 159
4 0 19.0625 1.0 214
4 0 36.947500000000005 1.0 228
3 1 39.5025 1.0 181
2 0 19.0625 1.0 114
1860352.4 11
3 0 21.617500000000007 1.0 166
7 1 13.9525 1.0 361
8 1 1.177500000000002 1.0 401
4 1 1.177500000000002 1.0 201
3 1 39.5025 1.0 181
3 1 44.6125 1.0 185
15 1 39.5025 1.0 781
0 0 8.842500000000001 1.0 6
1 1 42.057500000000005 1.0 83
2 0 8.842500000000001 1.0 106
4 0 59.94250000000001 1.0 246
1560075.6 15
3 1 6.287500000000001 1.0 155
1 1 21.617500000000007 1.0 67
2 0 11.3975 1.0 108
2 1 16.507500000000007 1.0 113
0 0 26.727500000000006 1.0 20
4 0 19.0625 1.0 214
3 1 13.9525 1.0 161
0 1 34.3925 1.0 27
0 0 19.0625 1.0 14
4 1 44.6125 1.0 235
6 1 8.842500000000001 1.0 307
9 0 6.287500000000001 1.0 454
4 0 29.2825 1.0 222
0 0 13.9525 1.0 10
1 1 39.5025 1.0 81
539261.94 17
1 0 57.3875 1.0 94
0 1 49.7225 1.0 39
1 1 34.3925 1.0 77
4 0 24.1725 1.0 218
1 0 24.1725 1.0 68
4 1 29.2825 1.0 223
3 0 13.9525 1.0 160
2 0 42.057500000000005 1.0 132
13 0 21.617500000000007 1.0 666
7 0 19.0625 1.0 364
4 0 42.057500000000005 1.0 232
0 1 1.177500000000002 1.0 1
4 1 31.837500000000006 1.0 225
5 0 29.2825 1.0 272
4 1 47.167500000000004 1.0 237
1 0 59.94250000000001 1.0 96
1 1 54.83250000000001 1.0 93
1225303.2 8
1 0 42.057500000000005 1.0 82
9 1 3.7325000000000017 1.0 453
12 1 6.287500000000001 1.0 605
4 1 19.0625 1.0 215
4 1 47.167500000000004 1.0 237
0 1 34.3925 1.0 27
1 0 52.2775 1.0 90
2 1 29.2825 1.0 123
1725018.9 24
2 0 54.83250000000001 1.0 142
1 0 24.1725 1.0 68
4 0 13.9525 1.0 210
1 1 62.4975 1.0 99
4 0 8.842500000000001 1.0 206
0 1 24.1725 1.0 19
20 1 62.4975 1.0 1049
8 1 47.167500000000004 1.0 437
8 0 8.842500000000001 1.0 406
1 1 42.057500000000005 1.0 83
22 0 3.7325000000000017 1.0 1102
2 1 47.167500000000004 1.0 137
4 0 1.177500000000002 1.0 200
0 1 62.4975 1.0 49
17 0 13.9525 1.0 860
4 0 31.837500000000006 1.0 224
2 1 49.7225 1.0 139
3 0 11.3975 1.0 158
12 1 39.5025 1.0 631
2 0 26.727500000000006 1.0 120
2 0 57.3875 1.0 144
0 1 3.7325000000000017 1.0 3
3 0 8.842500000000001 1.0 156
7 1 6.287500000000001 1.0 355
1336009.9 5
3 0 39.5025 1.0 180
0 0 39.5025 1.0 30
21 1 21.617500000000007 1.0 1067
2 1 57.3875 1.0 145
20 0 59.94250000000001 1.0 1046
301003.3 10
2 0 19.0625 1.0 114
4 0 47.167500000000004 1.0 236
3 1 8.842500000000001 1.0 157
1 1 1.177500000000002 1.0 51
19 1 39.5025 1.0 981
4 1 54.83250000000001 1.0 243
22 0 36.947500000000005 1.0 1128
4 1 26.727500000000006 1.0 221
2 0 36.947500000000005 1.0 128
1 0 49.7225 1.0 88
47959.76 7
3 0 52.2775 1.0 190
2 0 54.83250000000001 1.0 142
1 0 36.947500000000005 1.0 78
5 1 21.617500000000007 1.0 267
4 1 59.94250000000001 1.0 247
0 0 44.6125 1.0 34
3 1 62.4975 1.0 199
126515.086 10
0 1 29.2825 1.0 23
0 1 36.947500000000005 1.0 29
2 1 3.7325000000000017 1.0 103
9 1 19.0625 1.0 465
3 0 13.9525 1.0 160
4 0 34.3925 1.0 226
3 0 42.057500000000005 1.0 182
2 0 47.167500000000004 1.0 136
1 0 62.4975 1.0 98
4 0 42.057500000000005 1.0 232
1050035.9 22
2 1 52.2775 1.0 141
21 1 31.837500000000006 1.0 1075
1 1 42.057500000000005 1.0 83
2 1 29.2825 1.0 123
2 0 34.3925 1.0 126
0 1 29.2825 1.0 23
3 0 6.287500000000001 1.0 154
3 1 39.5025 1.0 181
2 1 36.947500000000005 1.0 129
6 1 54.83250000000001 1.0 343
10 0 11.3975 1.0 508
0 1 44.6125 1.0 35
0 1 26.727500000000006 1.0 21
1 0 49.7225 1.0 88
6 0 19.0625 1.0 314
3 0 11.3975 1.0 158
0 1 59.94250000000001 1.0 47
4 1 49.7225 1.0 239
3 1 11.3975 1.0 159
2 1 34.3925 1.0 127
0 1 16.507500000000007 1.0 13
1 0 59.94250000000001 1.0 96
717696.6 6
2 1 1.177500000000002 1.0 101
3 1 44.6125 1.0 185
1 0 44.6125 1.0 84
8 1 47.167500000000004 1.0 437
9 0 39.5025 1.0 480
8 0 34.3925 1.0 426
791161.3 9
2 0 24.1725 1.0 118
10 0 34.3925 1.0 526
1 0 47.167500000000004 1.0 86
3 0 26.727500000000006 1.0 170
0 1 52.2775 1.0 41
1 1 62.4975 1.0 99
7 0 36.947500000000005 1.0 378
3 1 26.727500000000006 1.0 171
16 0 34.3925 1.0 826
1644887.5 9
3 0 31.837500000000006 1.0 174
2 1 57.3875 1.0 145
2 1 49.7225 1.0 139
2 1 6.287500000000001 1.0 105
4 1 34.3925 1.0 227
3 1 57.3875 1.0 195
1 1 21.617500000000007 1.0 67
19 1 36.947500000000005 1.0 979
1 1 1.177500000000002 1.0 51
298902.66 23
5 0 8.842500000000001 1.0 256
0 1 36.947500000000005 1.0 29
8 0 44.6125 1.0 434
4 1 59.94250000000001 1.0 247
6 1 16.507500000000007 1.0 313
3 1 39.5025 1.0 181
1 1 47.167500000000004 1.0 87
2 0 26.727500000000006 1.0 120
4 1 42.057500000000005 1.0 233
3 0 26.727500000000006 1.0 170
1 1 62.4975 1.0 99
2 1 59.94250000000001 1.0 147
2 1 26.727500000000006 1.0 121
1 0 24.1725 1.0 68
2 1 47.167500000000004 1.0 137
3 0 44.6125 1.0 184
3 1 19.0625 1.0 165
3 1 21.617500000000007 1.0 167
19 1 1.177500000000002 1.0 951
17 0 24.1725 1.0 868
4 1 52.2775 1.0 241
2 0 6.287500000000001 1.0 104
0 0 1.177500000000002 1.0 0
1276506.8 6
0 1 19.0625 1.0 15
2 0 44.6125 1.0 134
1 0 59.94250000000001 1.0 96
9 0 39.5025 1.0 480
19 1 21.617500000000007 1.0 967
2 1 13.9525 1.0 111
1804990.5 5
4 0 42.057500000000005 1.0 232
1 1 57.3875 1.0 95
0 0 26.727500000000006 1.0 20
3 1 1.177500000000002 1.0 151
19 0 24.1725 1.0 968
142060.58 20
4 1 42.057500000000005 1.0 233
8 0 21.617500000000007 1.0 416
4 0 31.837500000000006 1.0 224
4 1 31.837500000000006 1.0 225
3 0 16.507500000000007 1.0 162
24 0 8.842500000000001 1.0 1206
3 0 19.0625 1.0 164
4 0 13.9525 1.0 210
4 0 42.057500000000005 1.0 232
2 0 39.5025 1.0 130
11 0 11.3975 1.0 558
0 0 52.2775 1.0 40
3 1 39.5025 1.0 181
9 1 21.617500000000007 1.0 467
0 0 6.287500000000001 1.0 4
4 1 49.7225 1.0 239
4 0 29.2825 1.0 222
1 1 31.837500000000006 1.0 75
2 0 62.4975 1.0 148
13 1 21.617500000000007 1.0 667
654302.2 8
0 1 3.7325000000000017 1.0 3
0 1 8.842500000000001 1.0 7
2 0 11.3975 1.0 108
0 1 47.167500000000004 1.0 37
3 1 1.177500000000002 1.0 151
0 0 3.7325000000000017 1.0 2
1 1 8.842500000000001 1.0 57
1 1 13.9525 1.0 61
459338.4 17
3 1 24.1725 1.0 169
3 0 59.94250000000001 1.0 196
2 1 1.177500000000002 1.0 101
3 0 19.0625 1.0 164
22 0 47.167500000000004 1.0 1136
8 0 52.2775 1.0 440
3 0 49.7225 1.0 188
1 1 19.0625 1.0 65
3 0 44.6125 1.0 184
2 1 57.3875 1.0 145
19 0 1.177500000000002 1.0 950
20 1 21.617500000000007 1.0 1017
0 1 1.177500000000002 1.0 1
2 0 26.727500000000006 1.0 120
2 0 3.7325000000000017 1.0 102
3 0 3.7325000000000017 1.0 152
2 0 29.2825 1.0 122
229862.33 21
1 0 57.3875 1.0 94
3 1 47.167500000000004 1.0 187
1 1 6.287500000000001 1.0 55
0 0 1.177500000000002 1.0 0
2 1 59.94250000000001 1.0 147
4 1 16.507500000000007 1.0 213
3 1 21.617500000000007 1.0 167
0 0 57.3875 1.0 44
16 0 31.837500000000006 1.0 824
0 1 49.7225 1.0 39
7 1 47.167500000000004 1.0 387
2 1 8.842500000000001 1.0 107
0 0 16.507500000000007 1.0 12
7 1 42.057500000000005 1.0 383
9 0 44.6125 1.0 484
0 1 62.4975 1.0 49
2 0 44.6125 1.0 134
4 1 6.287500000000001 1.0 205
3 1 54.83250000000001 1.0 193
0 0 13.9525 1.0 10
12 1 19.0625 1.0 615
1926506.2 6
7 0 31.837500000000006 1.0 374
0 0 26.727500000000006 1.0 20
1 0 13.9525 1.0 60
0 1 8.842500000000001 1.0 7
4 0 39.5025 1.0 230
2 1 62.4975 1.0 149
1345145.5 20
19 1 16.507500000000007 1.0 963
1 0 6.287500000000001 1.0 54
0 0 57.3875 1.0 44
8 1 13.9525 1.0 411
5 1 44.6125 1.0 285
0 1 21.617500000000007 1.0 17
13 0 42.057500000000005 1.0 682
17 0 13.9525 1.0 860
3 1 19.0625 1.0 165
3 1 13.9525 1.0 161
3 0 59.94250000000001 1.0 196
0 1 26.727500000000006 1.0 21
1 1 24.1725 1.0 69
2 1 21.617500000000007 1.0 117
6 0 62.4975 1.0 348
13 1 59.94250000000001 1.0 697
0 0 11.3975 1.0 8
2 1 16.507500000000007 1.0 113
1 1 29.2825 1.0 73
7 1 8.842500000000001 1.0 357
1520038.6 17
5 0 3.7325000000000017 1.0 252
8 1 44.6125 1.0 435
3 0 13.9525 1.0 160
4 0 39.5025 1.0 230
2 0 34.3925 1.0 126
1 1 21.617500000000007 1.0 67
3 1 24.1725 1.0 169
3 1 19.0625 1.0 165
4 0 6.287500000000001 1.0 204
2 1 8.842500000000001 1.0 107
4 0 21.617500000000007 1.0 216
3 1 42.057500000000005 1.0 183
3 0 8.842500000000001 1.0 156
1 1 26.727500000000006 1.0 71
0 1 3.7325000000000017 1.0 3
4 0 57.3875 1.0 244
0 1 57.3875 1.0 45
1918070.0 11
2 0 62.4975 1.0 148
0 0 29.2825 1.0 22
4 1 31.837500000000006 1.0 225
0 0 11.3975 1.0 8
4 0 52.2775 1.0 240
0 1 54.83250000000001 1.0 43
8 1 42.057500000000005 1.0 433
1 1 1.177500000000002 1.0 51
16 0 34.3925 1.0 826
4 0 13.9525 1.0 210
10 1 42.057500000000005 1.0 533
507755.1 14
0 0 1.177500000000002 1.0 0
4 1 34.3925 1.0 227
2 0 44.6125 1.0 134
5 0 3.7325000000000017 1.0 252
3 0 16.507500000000007 1.0 162
2 0 1.177500000000002 1.0 100
3 0 1.177500000000002 1.0 150
0 0 8.842500000000001 1.0 6
1 1 13.9525 1.0 61
2 1 62.4975 1.0 149
3 1 44.6125 1.0 185
1 1 42.057500000000005 1.0 83
3 1 1.177500000000002 1.0 151
13 0 1.177500000000002 1.0 650
1172257.9 24
2 1 49.7225 1.0 139
0 0 49.7225 1.0 38
0 1 47.167500000000004 1.0 37
3 1 16.507500000000007 1.0 163
2 1 13.9525 1.0 111
14 0 21.617500000000007 1.0 716
5 1 24.1725 1.0 269
2 1 36.947500000000005 1.0 129
2 1 44.6125 1.0 135
5 0 8.842500000000001 1.0 256
4 0 31.837500000000006 1.0 224
2 0 49.7225 1.0 138
21 1 54.83250000000001 1.0 1093
0 1 6.287500000000001 1.0 5
3 1 54.83250000000001 1.0 193
2 0 3.7325000000000017 1.0 102
3 1 6.287500000000001 1.0 155
4 1 54.83250000000001 1.0 243
3 0 39.5025 1.0 180
0 1 16.507500000000007 1.0 13
4 0 36.947500000000005 1.0 228
12 1 42.057500000000005 1.0 633
9 1 13.9525 1.0 461
2 0 19.0625 1.0 114
1651857.4 7
7 0 24.1725 1.0 368
0 1 16.507500000000007 1.0 13
2 1 42.057500000000005 1.0 133
3 1 1.177500000000002 1.0 151
3 0 3.7325000000000017 1.0 152
17 0 24.1725 1.0 868
4 0 52.2775 1.0 240
194597.23 18
4 1 49.7225 1.0 239
4 1 3.7325000000000017 1.0 203
2 1 21.617500000000007 1.0 117
11 1 54.83250000000001 1.0 593
0 1 62.4975 1.0 49
1 1 62.4975 1.0 99
1 0 29.2825 1.0 72
17 0 31.837500000000006 1.0 874
5 1 62.4975 1.0 299
1 1 6.287500000000001 1.0 55
4 0 34.3925 1.0 226
4 0 19.0625 1.0 214
7 1 54.83250000000001 1.0 393
23 0 49.7225 1.0 1188
0 1 49.7225 1.0 39
0 0 29.2825 1.0 22
1 1 59.94250000000001 1.0 97
3 1 42.057500000000005 1.0 183
811685.06 18
9 1 42.057500000000005 1.0 483
0 1 31.837500000000006 1.0 25
4 1 62.4975 1.0 249
2 0 11.3975 1.0 108
2 1 34.3925 1.0 127
6 1 1.177500000000002 1.0 301
22 0 11.3975 1.0 1108
3 1 8.842500000000001 1.0 157
3 0 39.5025 1.0 180
0 1 29.2825 1.0 23
1 1 16.507500000000007 1.0 63
4 1 19.0625 1.0 215
1 1 3.7325000000000017 1.0 53
5 1 44.6125 1.0 285
0 0 8.842500000000001 1.0 6
1 1 42.057500000000005 1.0 83
0 0 24.1725 1.0 18
4 0 59.94250000000001 1.0 246
1504084.1 8
1 0 26.727500000000006 1.0 70
4 0 8.842500000000001 1.0 206
3 1 62.4975 1.0 199
0 0 52.2775 1.0 40
0 1 16.507500000000007 1.0 13
3 0 1.177500000000002 1.0 150
0 1 6.287500000000001 1.0 5
0 1 19.0625 1.0 15
1281560.9 15
0 0 44.6125 1.0 34
7 1 52.2775 1.0 391
8 1 1.177500000000002 1.0 401
4 0 3.7325000000000017 1.0 202
2 0 39.5025 1.0 130
6 1 16.507500000000007 1.0 313
3 1 19.0625 1.0 165
2 1 57.3875 1.0 145
1 1 47.167500000000004 1.0 87
9 0 62.4975 1.0 498
2 1 8.842500000000001 1.0 107
17 0 16.507500000000007 1.0 862
1 0 16.507500000000007 1.0 62
2 0 1.177500000000002 1.0 100
2 1 29.2825 1.0 123
713827.6 12
15 1 49.7225 1.0 789
0 1 34.3925 1.0 27
4 1 36.947500000000005 1.0 229
7 1 21.617500000000007 1.0 367
3 1 29.2825 1.0 173
23 1 47.167500000000004 1.0 1187
0 0 3.7325000000000017 1.0 2
1 0 8.842500000000001 1.0 56
4 0 21.617500000000007 1.0 216
2 0 42.057500000000005 1.0 132
1 0 6.287500000000001 1.0 54
3 0 29.2825 1.0 172
438304.97 6
2 1 47.167500000000004 1.0 137
3 1 13.9525 1.0 161
19 1 21.617500000000007 1.0 967
0 0 34.3925 1.0 26
4 1 52.2775 1.0 241
2 0 3.7325000000000017 1.0 102
702154.9 14
3 1 49.7225 1.0 189
2 0 59.94250000000001 1.0 146
4 1 39.5025 1.0 231
2 1 16.507500000000007 1.0 113
2 0 16.507500000000007 1.0 112
0 0 19.0625 1.0 14
3 1 47.167500000000004 1.0 187
12 1 42.057500000000005 1.0 633
4 1 11.3975 1.0 209
22 0 52.2775 1.0 1140
1 0 11.3975 1.0 58
15 0 13.9525 1.0 760
0 0 49.7225 1.0 38
0 1 47.167500000000004 1.0 37
706646.4 24
4 0 21.617500000000007 1.0 216
3 0 31.837500000000006 1.0 174
0 0 21.617500000000007 1.0 16
1 0 24.1725 1.0 68
3 1 42.057500000000005 1.0 183
11 1 21.617500000000007 1.0 567
3 0 42.057500000000005 1.0 182
16 0 3.7325000000000017 1.0 802
3 1 62.4975 1.0 199
12 0 6.287500000000001 1.0 604
9 1 59.94250000000001 1.0 497
4 0 47.167500000000004 1.0 236
3 1 11.3975 1.0 159
1 0 57.3875 1.0 94
10 1 19.0625 1.0 515
3 0 1.177500000000002 1.0 150
1 0 1.177500000000002 1.0 50
0 1 47.167500000000004 1.0 37
4 1 8.842500000000001 1.0 207
0 0 24.1725 1.0 18
9 1 13.9525 1.0 461
17 1 13.9525 1.0 861
9 0 42.057500000000005 1.0 482
1 0 47.167500000000004 1.0 86
1223679.0 14
1 0 21.617500000000007 1.0 66
1 1 8.842500000000001 1.0 57
4 1 19.0625 1.0 215
2 1 34.3925 1.0 127
1 0 42.057500000000005 1.0 82
3 1 34.3925 1.0 177
0 1 54.83250000000001 1.0 43
4 1 31.837500000000006 1.0 225
1 0 19.0625 1.0 64
3 1 19.0625 1.0 165
8 0 57.3875 1.0 444
21 1 1.177500000000002 1.0 1051
5 0 3.7325000000000017 1.0 252
7 1 36.947500000000005 1.0 379
1840822.6 5
15 0 39.5025 1.0 780
0 0 8.842500000000001 1.0 6
3 1 59.94250000000001 1.0 197
17 0 19.0625 1.0 864
9 1 29.2825 1.0 473
1424387.9 6
2 0 47.167500000000004 1.0 136
24 1 13.9525 1.0 1211
0 0 13.9525 1.0 10
0 1 49.7225 1.0 39
22 0 62.4975 1.0 1148
4 1 8.842500000000001 1.0 207
1710984.4 7
2 0 21.617500000000007 1.0 116
0 0 11.3975 1.0 8
1 0 16.507500000000007 1.0 62
1 0 19.0625 1.0 64
2 0 57.3875 1.0 144
3 0 29.2825 1.0 172
1 1 62.4975 1.0 99
1554848.8 18
3 0 8.842500000000001 1.0 156
2 1 16.507500000000007 1.0 113
3 1 24.1725 1.0 169
2 1 59.94250000000001 1.0 147
4 0 57.3875 1.0 244
1 0 6.287500000000001 1.0 54
9 1 62.4975 1.0 499
4 0 47.167500000000004 1.0 236
16 0 57.3875 1.0 844
0 1 3.7325000000000017 1.0 3
2 0 42.057500000000005 1.0 132
2 0 49.7225 1.0 138
1 1 39.5025 1.0 81
0 1 54.83250000000001 1.0 43
6 1 34.3925 1.0 327
2 1 42.057500000000005 1.0 133
3 0 24.1725 1.0 168
4 1 36.947500000000005 1.0 229
1518215.9 21
22 1 34.3925 1.0 1127
2 0 11.3975 1.0 108
3 1 59.94250000000001 1.0 197
0 0 36.947500000000005 1.0 28
15 1 52.2775 1.0 791
1 1 34.3925 1.0 77
4 0 36.947500000000005 1.0 228
3 1 26.727500000000006 1.0 171
1 0 62.4975 1.0 98
23 0 21.617500000000007 1.0 1166
3 0 49.7225 1.0 188
7 1 31.837500000000006 1.0 375
2 0 3.7325000000000017 1.0 102
2 1 11.3975 1.0 109
3 0 16.507500000000007 1.0 162
0 1 47.167500000000004 1.0 37
2 1 42.057500000000005 1.0 133
5 0 36.947500000000005 1.0 278
3 0 26.727500000000006 1.0 170
16 1 52.2775 1.0 841
2 1 39.5025 1.0 131
760592.9 19
0 0 26.727500000000006 1.0 20
0 0 42.057500000000005 1.0 32
2 0 11.3975 1.0 108
3 0 13.9525 1.0 160
2 0 13.9525 1.0 110
1 1 16.507500000000007 1.0 63
4 0 44.6125 1.0 234
6 0 44.6125 1.0 334
2 0 1.177500000000002 1.0 100
20 0 49.7225 1.0 1038
9 0 42.057500000000005 1.0 482
2 1 49.7225 1.0 139
0 0 31.837500000000006 1.0 24
4 0 59.94250000000001 1.0 246
0 1 29.2825 1.0 23
4 0 49.7225 1.0 238
0 1 3.7325000000000017 1.0 3
12 1 31.837500000000006 1.0 625
0 0 44.6125 1.0 34
