 Numero de pedidos 
 50
 duedate num_referencias // pasillo lado altura peso
 1692259.270461 6
 1 1 73.611111 1.000000 113
 3 1 51.388889 1.000000 217
 3 1 76.388889 1.000000 235
 0 0 51.388889 1.000000 36
 2 0 73.611111 1.000000 172
 0 0 62.500000 1.000000 44
 756141.435856 1
 3 1 37.500000 1.000000 207
 1292659.616197 6
 0 0 43.055556 1.000000 30
 2 0 29.166667 1.000000 140
 3 1 81.944444 1.000000 239
 1 0 4.166667 1.000000 62
 2 0 51.388889 1.000000 156
 2 1 70.833333 1.000000 171
 437445.465977 4
 2 0 51.388889 1.000000 156
 1 1 43.055556 1.000000 91
 2 0 29.166667 1.000000 140
 2 1 1.388889 1.000000 121
 1005786.944239 1
 3 1 1.388889 1.000000 181
 1114945.698155 4
 3 1 29.166667 1.000000 201
 2 0 51.388889 1.000000 156
 1 0 4.166667 1.000000 62
 2 1 54.166667 1.000000 159
 1787699.267952 4
 3 0 9.722222 1.000000 186
 0 1 23.611111 1.000000 17
 2 1 26.388889 1.000000 139
 0 1 4.166667 1.000000 3
 411754.849857 4
 0 1 51.388889 1.000000 37
 2 1 70.833333 1.000000 171
 3 0 26.388889 1.000000 198
 3 1 6.944444 1.000000 185
 540202.173172 5
 0 0 43.055556 1.000000 30
 2 0 56.944444 1.000000 160
 3 1 29.166667 1.000000 201
 0 1 23.611111 1.000000 17
 3 0 48.611111 1.000000 214
 1417005.518608 2
 3 1 76.388889 1.000000 235
 3 0 62.500000 1.000000 224
 1543243.357028 5
 0 1 70.833333 1.000000 51
 2 0 73.611111 1.000000 172
 1 1 73.611111 1.000000 113
 0 1 59.722222 1.000000 43
 0 0 43.055556 1.000000 30
 424210.090760 2
 3 1 29.166667 1.000000 201
 3 0 20.833333 1.000000 194
 1775811.235744 4
 1 1 4.166667 1.000000 63
 3 0 45.833333 1.000000 212
 2 0 45.833333 1.000000 152
 3 1 37.500000 1.000000 207
 1393902.237189 4
 2 0 45.833333 1.000000 152
 0 1 51.388889 1.000000 37
 1 1 15.277778 1.000000 71
 0 1 48.611111 1.000000 35
 571607.635157 5
 3 1 76.388889 1.000000 235
 0 1 56.944444 1.000000 41
 3 1 15.277778 1.000000 191
 2 0 45.833333 1.000000 152
 0 0 51.388889 1.000000 36
 1351274.758350 4
 3 1 79.166667 1.000000 237
 3 0 40.277778 1.000000 208
 1 1 70.833333 1.000000 111
 2 0 31.944444 1.000000 142
 1912265.086319 2
 2 1 56.944444 1.000000 161
 0 1 12.500000 1.000000 9
 132084.938405 5
 0 1 56.944444 1.000000 41
 1 1 43.055556 1.000000 91
 3 1 29.166667 1.000000 201
 3 1 48.611111 1.000000 215
 3 1 81.944444 1.000000 239
 1265136.268840 4
 3 0 43.055556 1.000000 210
 3 1 1.388889 1.000000 181
 0 1 51.388889 1.000000 37
 3 1 81.944444 1.000000 239
 1399444.743208 4
 0 1 59.722222 1.000000 43
 2 1 31.944444 1.000000 143
 3 1 81.944444 1.000000 239
 3 1 79.166667 1.000000 237
 779513.682434 2
 2 1 26.388889 1.000000 139
 2 1 31.944444 1.000000 143
 824481.835284 2
 0 1 12.500000 1.000000 9
 2 0 73.611111 1.000000 172
 1437701.555787 6
 3 0 62.500000 1.000000 224
 0 1 51.388889 1.000000 37
 3 0 20.833333 1.000000 194
 2 1 12.500000 1.000000 129
 0 0 65.277778 1.000000 46
 1 1 73.611111 1.000000 113
 358746.398165 2
 0 1 37.500000 1.000000 27
 2 1 70.833333 1.000000 171
 1749578.824951 2
 3 0 23.611111 1.000000 196
 2 0 51.388889 1.000000 156
 1983194.275286 4
 1 0 26.388889 1.000000 78
 1 1 4.166667 1.000000 63
 3 1 29.166667 1.000000 201
 1 0 45.833333 1.000000 92
 1086695.155598 6
 1 0 15.277778 1.000000 70
 1 0 6.944444 1.000000 64
 3 1 15.277778 1.000000 191
 0 0 81.944444 1.000000 58
 1 1 18.055556 1.000000 73
 0 0 45.833333 1.000000 32
 1984530.208681 3
 1 1 34.722222 1.000000 85
 3 1 1.388889 1.000000 181
 1 1 23.611111 1.000000 77
 605194.679091 3
 0 0 9.722222 1.000000 6
 2 0 48.611111 1.000000 154
 3 1 37.500000 1.000000 207
 589792.748555 4
 3 1 56.944444 1.000000 221
 2 1 40.277778 1.000000 149
 0 0 23.611111 1.000000 16
 1 0 6.944444 1.000000 64
 1346330.508211 3
 0 1 59.722222 1.000000 43
 3 1 9.722222 1.000000 187
 1 0 4.166667 1.000000 62
 1023156.450476 5
 3 1 81.944444 1.000000 239
 0 0 65.277778 1.000000 46
 2 1 54.166667 1.000000 159
 3 1 68.055556 1.000000 229
 0 1 12.500000 1.000000 9
 474193.816387 4
 3 0 9.722222 1.000000 186
 2 0 65.277778 1.000000 166
 3 1 29.166667 1.000000 201
 1 1 43.055556 1.000000 91
 1358230.309635 2
 3 0 34.722222 1.000000 204
 2 1 26.388889 1.000000 139
 393374.151156 5
 0 0 43.055556 1.000000 30
 2 0 73.611111 1.000000 172
 1 0 29.166667 1.000000 80
 2 0 51.388889 1.000000 156
 1 1 76.388889 1.000000 115
 1017952.614044 2
 3 1 81.944444 1.000000 239
 2 0 56.944444 1.000000 160
 402228.163314 6
 0 1 26.388889 1.000000 19
 0 0 51.388889 1.000000 36
 1 1 18.055556 1.000000 73
 0 1 37.500000 1.000000 27
 3 0 26.388889 1.000000 198
 0 0 76.388889 1.000000 54
 1906979.495132 1
 3 1 6.944444 1.000000 185
 1045268.354064 3
 3 1 29.166667 1.000000 201
 2 1 18.055556 1.000000 133
 0 0 51.388889 1.000000 36
 666174.050116 2
 3 0 26.388889 1.000000 198
 3 1 76.388889 1.000000 235
 1523872.882279 3
 1 1 23.611111 1.000000 77
 3 1 15.277778 1.000000 191
 3 1 4.166667 1.000000 183
 1785988.698353 2
 1 0 6.944444 1.000000 64
 3 0 62.500000 1.000000 224
 1718464.910965 6
 0 1 81.944444 1.000000 59
 2 0 73.611111 1.000000 172
 0 1 23.611111 1.000000 17
 0 0 68.055556 1.000000 48
 0 1 12.500000 1.000000 9
 3 1 56.944444 1.000000 221
 1862515.904430 6
 3 1 6.944444 1.000000 185
 2 1 76.388889 1.000000 175
 3 0 26.388889 1.000000 198
 2 1 54.166667 1.000000 159
 2 0 56.944444 1.000000 160
 3 1 18.055556 1.000000 193
 1430213.980242 1
 1 1 73.611111 1.000000 113
 1192077.404778 1
 2 0 29.166667 1.000000 140
 782076.840728 1
 0 0 43.055556 1.000000 30
 1681669.440792 2
 3 1 4.166667 1.000000 183
 3 0 31.944444 1.000000 202
 1703351.143237 2
 2 0 56.944444 1.000000 160
 2 0 9.722222 1.000000 126
 720278.335884 2
 1 0 29.166667 1.000000 80
 3 0 59.722222 1.000000 222