 Numero de pedidos 
 50
 duedate num_referencias // pasillo lado altura peso
 1865875.933145 2
 9 1 12.083333 1.000000 389
 2 1 2.083333 1.000000 85
 298273.746901 9
 1 0 8.750000 1.000000 60
 8 0 7.916667 1.000000 338
 6 0 15.416667 1.000000 276
 1 0 1.250000 1.000000 42
 7 0 9.583333 1.000000 302
 7 1 4.583333 1.000000 291
 4 0 8.750000 1.000000 180
 9 1 12.083333 1.000000 389
 0 0 6.250000 1.000000 14
 1726113.131980 7
 3 1 7.916667 1.000000 139
 5 0 6.250000 1.000000 214
 7 0 9.583333 1.000000 302
 0 0 2.083333 1.000000 4
 0 1 14.583333 1.000000 35
 4 0 1.250000 1.000000 162
 9 0 12.916667 1.000000 390
 1478351.541571 5
 4 0 8.750000 1.000000 180
 1 1 11.250000 1.000000 67
 2 0 15.416667 1.000000 116
 6 0 9.583333 1.000000 262
 6 1 7.083333 1.000000 257
 294675.380371 8
 6 1 15.416667 1.000000 277
 1 1 15.416667 1.000000 77
 6 1 12.916667 1.000000 271
 4 0 11.250000 1.000000 186
 0 1 14.583333 1.000000 35
 1 0 12.916667 1.000000 70
 5 1 11.250000 1.000000 227
 0 1 12.083333 1.000000 29
 404438.039756 8
 6 1 2.083333 1.000000 245
 2 0 15.416667 1.000000 116
 6 0 9.583333 1.000000 262
 6 0 5.416667 1.000000 252
 6 0 15.416667 1.000000 276
 5 0 14.583333 1.000000 234
 5 1 14.583333 1.000000 235
 2 1 7.916667 1.000000 99
 825049.889137 2
 6 0 15.416667 1.000000 276
 3 0 4.583333 1.000000 130
 1311281.974014 8
 2 0 12.916667 1.000000 110
 8 0 2.083333 1.000000 324
 4 1 1.250000 1.000000 163
 0 0 12.916667 1.000000 30
 1 0 7.083333 1.000000 56
 0 0 2.083333 1.000000 4
 7 0 9.583333 1.000000 302
 6 1 15.416667 1.000000 277
 1758692.014515 3
 5 0 9.583333 1.000000 222
 0 0 2.083333 1.000000 4
 4 1 5.416667 1.000000 173
 234377.160852 8
 2 1 4.583333 1.000000 91
 4 0 11.250000 1.000000 186
 9 0 8.750000 1.000000 380
 5 1 7.916667 1.000000 219
 6 1 12.916667 1.000000 271
 3 1 3.750000 1.000000 129
 0 1 14.583333 1.000000 35
 7 1 4.583333 1.000000 291
 591587.199490 8
 4 1 10.416667 1.000000 185
 5 1 5.416667 1.000000 213
 5 1 9.583333 1.000000 223
 3 0 13.750000 1.000000 152
 0 0 1.250000 1.000000 2
 3 0 0.416667 1.000000 120
 7 1 2.083333 1.000000 285
 9 0 8.750000 1.000000 380
 1961242.270582 8
 8 1 4.583333 1.000000 331
 5 1 5.416667 1.000000 213
 2 0 5.416667 1.000000 92
 8 1 15.416667 1.000000 357
 8 0 7.916667 1.000000 338
 3 0 2.083333 1.000000 124
 9 0 8.750000 1.000000 380
 6 1 15.416667 1.000000 277
 171976.591447 7
 4 1 5.416667 1.000000 173
 8 1 7.916667 1.000000 339
 4 0 11.250000 1.000000 186
 9 0 0.416667 1.000000 360
 2 1 0.416667 1.000000 81
 3 1 3.750000 1.000000 129
 0 0 3.750000 1.000000 8
 1331263.541715 7
 9 0 7.916667 1.000000 378
 8 1 7.916667 1.000000 339
 9 1 5.416667 1.000000 373
 1 0 12.916667 1.000000 70
 0 0 12.916667 1.000000 30
 8 0 12.083333 1.000000 348
 3 0 6.250000 1.000000 134
 1830531.676277 6
 6 0 9.583333 1.000000 262
 4 1 5.416667 1.000000 173
 4 1 10.416667 1.000000 185
 8 1 15.416667 1.000000 357
 3 0 13.750000 1.000000 152
 3 1 3.750000 1.000000 129
 1898686.227043 8
 6 0 9.583333 1.000000 262
 1 1 7.083333 1.000000 57
 5 1 0.416667 1.000000 201
 8 0 7.916667 1.000000 338
 4 0 8.750000 1.000000 180
 1 1 3.750000 1.000000 49
 7 1 6.250000 1.000000 295
 8 1 0.416667 1.000000 321
 1036977.223510 3
 4 1 10.416667 1.000000 185
 5 0 14.583333 1.000000 234
 4 1 5.416667 1.000000 173
 778422.588901 2
 6 1 1.250000 1.000000 243
 6 1 7.083333 1.000000 257
 1946994.991911 9
 2 1 16.250000 1.000000 119
 4 0 8.750000 1.000000 180
 9 0 12.916667 1.000000 390
 7 1 11.250000 1.000000 307
 0 0 7.916667 1.000000 18
 6 1 1.250000 1.000000 243
 3 1 3.750000 1.000000 129
 9 0 8.750000 1.000000 380
 8 1 6.250000 1.000000 335
 1821842.993545 5
 1 1 7.083333 1.000000 57
 3 0 6.250000 1.000000 134
 6 0 2.083333 1.000000 244
 3 1 2.916667 1.000000 127
 3 0 4.583333 1.000000 130
 1560606.341139 4
 8 1 16.250000 1.000000 359
 2 0 7.083333 1.000000 96
 1 0 12.916667 1.000000 70
 3 0 4.583333 1.000000 130
 1804151.429704 3
 6 0 15.416667 1.000000 276
 6 1 1.250000 1.000000 243
 7 1 11.250000 1.000000 307
 339210.536489 6
 8 0 4.583333 1.000000 330
 0 0 12.916667 1.000000 30
 6 1 1.250000 1.000000 243
 8 1 6.250000 1.000000 335
 5 0 13.750000 1.000000 232
 8 1 16.250000 1.000000 359
 1998124.357442 7
 6 0 15.416667 1.000000 276
 3 1 13.750000 1.000000 153
 4 0 2.083333 1.000000 164
 1 0 2.916667 1.000000 46
 8 1 7.916667 1.000000 339
 0 0 12.916667 1.000000 30
 2 0 15.416667 1.000000 116
 721515.263655 9
 4 1 9.583333 1.000000 183
 0 0 5.416667 1.000000 12
 6 1 15.416667 1.000000 277
 6 1 13.750000 1.000000 273
 8 0 14.583333 1.000000 354
 4 1 10.416667 1.000000 185
 7 1 11.250000 1.000000 307
 5 0 14.583333 1.000000 234
 7 1 4.583333 1.000000 291
 1678245.992473 9
 1 0 12.916667 1.000000 70
 3 0 13.750000 1.000000 152
 1 1 7.083333 1.000000 57
 4 0 3.750000 1.000000 168
 3 1 3.750000 1.000000 129
 7 0 16.250000 1.000000 318
 7 0 7.916667 1.000000 298
 5 1 5.416667 1.000000 213
 0 0 12.916667 1.000000 30
 807187.421120 9
 8 1 16.250000 1.000000 359
 6 1 14.583333 1.000000 275
 0 1 10.416667 1.000000 25
 9 0 7.083333 1.000000 376
 2 1 8.750000 1.000000 101
 5 1 10.416667 1.000000 225
 7 0 13.750000 1.000000 312
 4 1 9.583333 1.000000 183
 2 1 15.416667 1.000000 117
 650631.616400 7
 3 0 2.916667 1.000000 126
 4 0 11.250000 1.000000 186
 1 1 7.083333 1.000000 57
 2 0 15.416667 1.000000 116
 8 0 12.083333 1.000000 348
 0 1 3.750000 1.000000 9
 3 0 2.083333 1.000000 124
 1649839.199991 3
 3 1 12.916667 1.000000 151
 4 1 5.416667 1.000000 173
 3 0 2.083333 1.000000 124
 1507387.605173 4
 2 0 15.416667 1.000000 116
 7 1 11.250000 1.000000 307
 2 1 8.750000 1.000000 101
 4 0 10.416667 1.000000 184
 710821.302659 8
 0 0 12.916667 1.000000 30
 4 0 11.250000 1.000000 186
 1 0 15.416667 1.000000 76
 0 0 4.583333 1.000000 10
 1 1 7.083333 1.000000 57
 3 0 13.750000 1.000000 152
 4 0 1.250000 1.000000 162
 7 1 4.583333 1.000000 291
 1823179.032813 4
 6 1 1.250000 1.000000 243
 2 1 8.750000 1.000000 101
 6 0 9.583333 1.000000 262
 9 0 7.916667 1.000000 378
 1585537.376863 8
 7 0 13.750000 1.000000 312
 7 1 11.250000 1.000000 307
 8 0 2.083333 1.000000 324
 8 1 16.250000 1.000000 359
 4 0 8.750000 1.000000 180
 9 0 12.916667 1.000000 390
 3 0 13.750000 1.000000 152
 9 0 8.750000 1.000000 380
 808107.963692 9
 4 1 9.583333 1.000000 183
 4 0 16.250000 1.000000 198
 5 1 2.083333 1.000000 205
 8 1 7.916667 1.000000 339
 8 0 7.916667 1.000000 338
 0 0 5.416667 1.000000 12
 1 0 7.083333 1.000000 56
 7 1 11.250000 1.000000 307
 1 0 1.250000 1.000000 42
 1862906.969163 6
 1 0 6.250000 1.000000 54
 6 1 7.083333 1.000000 257
 2 1 16.250000 1.000000 119
 0 1 5.416667 1.000000 13
 1 0 7.083333 1.000000 56
 6 1 2.083333 1.000000 245
 1938170.086545 5
 7 1 4.583333 1.000000 291
 4 0 2.083333 1.000000 164
 6 1 5.416667 1.000000 253
 4 0 8.750000 1.000000 180
 8 0 2.083333 1.000000 324
 681155.392938 8
 6 0 1.250000 1.000000 242
 9 0 7.916667 1.000000 378
 7 1 16.250000 1.000000 319
 9 1 12.083333 1.000000 389
 6 1 2.916667 1.000000 247
 9 1 7.916667 1.000000 379
 0 1 5.416667 1.000000 13
 1 0 7.083333 1.000000 56
 547826.205002 9
 9 0 8.750000 1.000000 380
 9 0 7.083333 1.000000 376
 6 1 7.083333 1.000000 257
 6 0 15.416667 1.000000 276
 7 1 4.583333 1.000000 291
 8 1 6.250000 1.000000 335
 6 1 15.416667 1.000000 277
 1 1 7.083333 1.000000 57
 2 0 11.250000 1.000000 106
 746682.805413 6
 8 1 16.250000 1.000000 359
 1 1 11.250000 1.000000 67
 2 0 1.250000 1.000000 82
 7 0 10.416667 1.000000 304
 0 1 5.416667 1.000000 13
 2 1 8.750000 1.000000 101
 1182989.877492 8
 1 0 7.083333 1.000000 56
 6 0 9.583333 1.000000 262
 1 1 1.250000 1.000000 43
 2 0 15.416667 1.000000 116
 4 0 3.750000 1.000000 168
 9 0 7.916667 1.000000 378
 0 1 5.416667 1.000000 13
 1 1 15.416667 1.000000 77
 1448952.829116 3
 6 1 7.083333 1.000000 257
 0 0 4.583333 1.000000 10
 0 0 7.916667 1.000000 18
 1913665.608481 8
 9 0 7.916667 1.000000 378
 5 1 7.916667 1.000000 219
 4 1 12.083333 1.000000 189
 9 0 1.250000 1.000000 362
 4 1 10.416667 1.000000 185
 7 0 13.750000 1.000000 312
 7 1 16.250000 1.000000 319
 2 1 16.250000 1.000000 119
 698505.375692 7
 8 1 16.250000 1.000000 359
 7 0 9.583333 1.000000 302
 4 1 9.583333 1.000000 183
 6 1 2.916667 1.000000 247
 6 0 9.583333 1.000000 262
 2 1 16.250000 1.000000 119
 0 0 2.083333 1.000000 4
 446415.029115 7
 0 0 2.083333 1.000000 4
 7 1 16.250000 1.000000 319
 2 1 7.083333 1.000000 97
 8 1 15.416667 1.000000 357
 0 0 13.750000 1.000000 32
 8 1 2.083333 1.000000 325
 5 1 2.083333 1.000000 205
 346668.777068 2
 4 1 10.416667 1.000000 185
 9 0 8.750000 1.000000 380
 1642937.880197 7
 0 0 3.750000 1.000000 8
 2 1 15.416667 1.000000 117
 6 1 2.083333 1.000000 245
 3 1 13.750000 1.000000 153
 1 1 11.250000 1.000000 67
 5 0 9.583333 1.000000 222
 0 1 3.750000 1.000000 9
 760192.550775 3
 7 0 9.583333 1.000000 302
 8 0 13.750000 1.000000 352
 4 1 5.416667 1.000000 173
 868043.595510 7
 7 1 16.250000 1.000000 319
 4 1 5.416667 1.000000 173
 0 0 2.083333 1.000000 4
 7 1 13.750000 1.000000 313
 3 1 6.250000 1.000000 135
 9 0 7.083333 1.000000 376
 3 1 13.750000 1.000000 153
 1384436.298788 5
 5 0 9.583333 1.000000 222
 6 1 2.083333 1.000000 245
 2 1 7.916667 1.000000 99
 6 0 15.416667 1.000000 276
 0 1 5.416667 1.000000 13
 1984721.358281 6
 8 0 6.250000 1.000000 334
 6 1 2.916667 1.000000 247
 7 0 8.750000 1.000000 300
 4 1 2.916667 1.000000 167
 1 0 15.416667 1.000000 76
 0 0 11.250000 1.000000 26