 Numero de pedidos 
 50
 duedate num_referencias // pasillo lado altura peso
 1077816.053423 2
 3 1 0.416667 1.000000 121
 3 1 12.083333 1.000000 149
 1146863.058539 4
 7 1 8.750000 1.000000 301
 2 1 14.583333 1.000000 115
 5 0 2.083333 1.000000 204
 6 1 12.083333 1.000000 269
 1349586.400124 4
 8 0 16.250000 1.000000 358
 9 0 0.416667 1.000000 360
 8 0 5.416667 1.000000 332
 2 1 14.583333 1.000000 115
 1462055.161531 7
 5 1 7.083333 1.000000 217
 1 0 15.416667 1.000000 76
 0 0 7.083333 1.000000 16
 9 1 2.916667 1.000000 367
 7 0 13.750000 1.000000 312
 4 1 4.583333 1.000000 171
 8 1 12.083333 1.000000 349
 885235.228224 2
 2 1 15.416667 1.000000 117
 8 0 5.416667 1.000000 332
 476231.352070 9
 5 1 5.416667 1.000000 213
 7 1 6.250000 1.000000 295
 7 1 3.750000 1.000000 289
 9 0 7.083333 1.000000 376
 7 1 12.916667 1.000000 311
 1 1 1.250000 1.000000 43
 6 1 12.083333 1.000000 269
 0 1 5.416667 1.000000 13
 6 0 8.750000 1.000000 260
 757708.217482 7
 5 0 3.750000 1.000000 208
 2 1 14.583333 1.000000 115
 1 1 2.916667 1.000000 47
 2 1 8.750000 1.000000 101
 8 0 9.583333 1.000000 342
 2 1 15.416667 1.000000 117
 2 0 8.750000 1.000000 100
 522559.039724 4
 4 0 14.583333 1.000000 194
 4 1 9.583333 1.000000 183
 3 0 7.916667 1.000000 138
 1 0 2.083333 1.000000 44
 1743328.105986 9
 4 0 4.583333 1.000000 170
 6 1 9.583333 1.000000 263
 6 1 0.416667 1.000000 241
 2 0 3.750000 1.000000 88
 0 1 14.583333 1.000000 35
 2 1 15.416667 1.000000 117
 9 1 7.916667 1.000000 379
 4 1 14.583333 1.000000 195
 3 0 16.250000 1.000000 158
 467038.782587 2
 8 0 5.416667 1.000000 332
 4 1 7.916667 1.000000 179
 83870.907744 8
 6 0 1.250000 1.000000 242
 9 1 7.083333 1.000000 377
 8 0 11.250000 1.000000 346
 9 0 12.916667 1.000000 390
 5 1 1.250000 1.000000 203
 5 1 3.750000 1.000000 209
 2 0 2.916667 1.000000 86
 0 0 0.416667 1.000000 0
 668936.390648 3
 3 0 2.916667 1.000000 126
 0 1 3.750000 1.000000 9
 9 1 13.750000 1.000000 393
 713483.518601 3
 7 1 3.750000 1.000000 289
 4 0 14.583333 1.000000 194
 7 1 12.916667 1.000000 311
 1094257.301155 2
 0 1 1.250000 1.000000 3
 1 0 0.416667 1.000000 40
 1213732.337846 4
 1 1 5.416667 1.000000 53
 2 0 11.250000 1.000000 106
 7 1 7.916667 1.000000 299
 0 0 2.916667 1.000000 6
 1752484.604806 8
 3 1 7.083333 1.000000 137
 6 0 16.250000 1.000000 278
 4 1 7.916667 1.000000 179
 0 0 15.416667 1.000000 36
 4 0 14.583333 1.000000 194
 2 1 15.416667 1.000000 117
 2 1 5.416667 1.000000 93
 7 1 7.916667 1.000000 299
 151222.688421 6
 6 1 12.083333 1.000000 269
 9 1 7.916667 1.000000 379
 8 0 12.916667 1.000000 350
 2 0 2.916667 1.000000 86
 2 0 6.250000 1.000000 94
 7 1 12.916667 1.000000 311
 1286240.613408 7
 1 0 15.416667 1.000000 76
 3 0 16.250000 1.000000 158
 9 0 1.250000 1.000000 362
 7 0 12.083333 1.000000 308
 8 0 11.250000 1.000000 346
 7 1 3.750000 1.000000 289
 3 0 7.916667 1.000000 138
 746215.348014 6
 1 1 4.583333 1.000000 51
 2 1 12.083333 1.000000 109
 7 1 12.916667 1.000000 311
 7 0 8.750000 1.000000 300
 1 1 15.416667 1.000000 77
 9 1 0.416667 1.000000 361
 1237813.308480 8
 3 1 12.083333 1.000000 149
 0 0 6.250000 1.000000 14
 2 0 12.916667 1.000000 110
 7 0 15.416667 1.000000 316
 2 1 15.416667 1.000000 117
 4 1 7.916667 1.000000 179
 1 1 5.416667 1.000000 53
 9 0 2.083333 1.000000 364
 1928432.535254 3
 4 0 5.416667 1.000000 172
 0 0 7.916667 1.000000 18
 8 0 2.916667 1.000000 326
 415480.748329 4
 3 1 11.250000 1.000000 147
 9 1 2.916667 1.000000 367
 4 0 8.750000 1.000000 180
 9 1 13.750000 1.000000 393
 1678960.329610 7
 1 0 16.250000 1.000000 78
 2 0 12.916667 1.000000 110
 3 1 0.416667 1.000000 121
 1 1 5.416667 1.000000 53
 3 0 3.750000 1.000000 128
 8 0 16.250000 1.000000 358
 9 1 7.083333 1.000000 377
 1367811.410207 2
 9 0 2.083333 1.000000 364
 5 0 2.083333 1.000000 204
 1283323.791755 9
 2 0 12.916667 1.000000 110
 9 1 11.250000 1.000000 387
 8 1 2.916667 1.000000 327
 5 0 13.750000 1.000000 232
 2 0 6.250000 1.000000 94
 0 1 3.750000 1.000000 9
 0 0 7.916667 1.000000 18
 7 1 12.916667 1.000000 311
 3 0 0.416667 1.000000 120
 1903631.461069 6
 1 1 4.583333 1.000000 51
 1 0 9.583333 1.000000 62
 4 0 12.083333 1.000000 188
 2 1 12.916667 1.000000 111
 3 1 0.416667 1.000000 121
 6 0 1.250000 1.000000 242
 1529647.671287 7
 8 0 12.916667 1.000000 350
 9 1 2.916667 1.000000 367
 6 1 0.416667 1.000000 241
 2 1 12.916667 1.000000 111
 7 1 6.250000 1.000000 295
 3 0 6.250000 1.000000 134
 3 1 7.083333 1.000000 137
 1269004.449336 7
 4 0 14.583333 1.000000 194
 0 0 15.416667 1.000000 36
 4 0 16.250000 1.000000 198
 6 0 16.250000 1.000000 278
 3 0 5.416667 1.000000 132
 0 1 12.083333 1.000000 29
 9 1 2.916667 1.000000 367
 1928386.560012 7
 9 0 6.250000 1.000000 374
 6 1 1.250000 1.000000 243
 2 1 12.083333 1.000000 109
 3 1 7.083333 1.000000 137
 2 1 8.750000 1.000000 101
 2 0 6.250000 1.000000 94
 2 0 12.083333 1.000000 108
 507596.562331 9
 1 1 7.083333 1.000000 57
 7 1 12.916667 1.000000 311
 0 0 7.916667 1.000000 18
 7 1 6.250000 1.000000 295
 9 1 12.916667 1.000000 391
 0 1 14.583333 1.000000 35
 4 0 8.750000 1.000000 180
 3 0 7.916667 1.000000 138
 3 0 2.916667 1.000000 126
 536093.384985 7
 9 1 2.916667 1.000000 367
 7 1 7.916667 1.000000 299
 2 1 15.416667 1.000000 117
 1 1 5.416667 1.000000 53
 4 0 0.416667 1.000000 160
 4 1 7.916667 1.000000 179
 4 1 4.583333 1.000000 171
 130869.316613 2
 3 0 16.250000 1.000000 158
 5 0 3.750000 1.000000 208
 396653.488407 3
 2 0 3.750000 1.000000 88
 3 1 0.416667 1.000000 121
 1 0 16.250000 1.000000 78
 1344546.895542 4
 4 1 1.250000 1.000000 163
 6 0 1.250000 1.000000 242
 1 0 2.916667 1.000000 46
 8 0 12.916667 1.000000 350
 430263.720299 5
 4 1 5.416667 1.000000 173
 0 0 15.416667 1.000000 36
 3 1 0.416667 1.000000 121
 6 1 0.416667 1.000000 241
 3 1 12.083333 1.000000 149
 287194.193698 6
 8 1 9.583333 1.000000 343
 8 1 1.250000 1.000000 323
 5 0 3.750000 1.000000 208
 2 0 6.250000 1.000000 94
 1 1 1.250000 1.000000 43
 3 1 0.416667 1.000000 121
 776222.370610 7
 2 0 4.583333 1.000000 90
 8 0 12.916667 1.000000 350
 8 0 9.583333 1.000000 342
 1 0 2.083333 1.000000 44
 7 1 3.750000 1.000000 289
 2 1 9.583333 1.000000 103
 9 0 2.083333 1.000000 364
 937357.894637 2
 0 0 7.083333 1.000000 16
 8 0 13.750000 1.000000 352
 449793.560919 8
 8 0 11.250000 1.000000 346
 6 1 9.583333 1.000000 263
 4 1 7.083333 1.000000 177
 1 1 5.416667 1.000000 53
 2 1 8.750000 1.000000 101
 5 0 6.250000 1.000000 214
 0 1 2.916667 1.000000 7
 7 1 1.250000 1.000000 283
 519263.435490 9
 6 0 1.250000 1.000000 242
 0 1 15.416667 1.000000 37
 3 0 2.916667 1.000000 126
 6 0 16.250000 1.000000 278
 2 1 12.083333 1.000000 109
 7 0 12.083333 1.000000 308
 3 1 12.083333 1.000000 149
 7 0 13.750000 1.000000 312
 5 1 5.416667 1.000000 213
 636657.596210 7
 8 1 12.916667 1.000000 351
 5 1 5.416667 1.000000 213
 8 0 16.250000 1.000000 358
 7 1 1.250000 1.000000 283
 8 1 2.083333 1.000000 325
 9 1 0.416667 1.000000 361
 5 0 2.083333 1.000000 204
 1377252.733194 4
 1 0 3.750000 1.000000 48
 9 1 11.250000 1.000000 387
 0 0 2.916667 1.000000 6
 1 1 1.250000 1.000000 43
 704883.475092 9
 2 1 15.416667 1.000000 117
 0 0 7.083333 1.000000 16
 7 1 4.583333 1.000000 291
 8 1 0.416667 1.000000 321
 7 1 12.916667 1.000000 311
 7 0 13.750000 1.000000 312
 4 0 10.416667 1.000000 184
 5 0 13.750000 1.000000 232
 3 0 9.583333 1.000000 142
 142518.835767 5
 1 1 2.916667 1.000000 47
 9 1 2.916667 1.000000 367
 8 0 5.416667 1.000000 332
 1 1 1.250000 1.000000 43
 9 1 0.416667 1.000000 361
 380590.341473 2
 0 1 5.416667 1.000000 13
 0 1 3.750000 1.000000 9
 1074657.862892 6
 9 1 13.750000 1.000000 393
 1 1 15.416667 1.000000 77
 8 1 4.583333 1.000000 331
 2 0 2.916667 1.000000 86
 1 0 15.416667 1.000000 76
 6 1 15.416667 1.000000 277
 170154.776056 3
 6 1 15.416667 1.000000 277
 2 1 12.083333 1.000000 109
 8 1 1.250000 1.000000 323
 1175062.126860 2
 8 0 2.916667 1.000000 326
 8 1 1.250000 1.000000 323
 235131.090747 3
 5 1 2.916667 1.000000 207
 9 1 2.916667 1.000000 367
 0 0 6.250000 1.000000 14
 1366340.503658 3
 8 1 1.250000 1.000000 323
 6 0 16.250000 1.000000 278
 4 0 10.416667 1.000000 184