 Numero de pedidos 
 150
 duedate num_referencias // pasillo lado altura peso
 1744794.071198 32
 7 1 52.500000 1.637237 245
 7 1 57.500000 1.644386 247
 6 0 47.500000 2.811648 210
 7 0 7.500000 1.671115 226
 5 0 22.500000 2.356828 168
 0 0 52.500000 2.742797 20
 6 1 32.500000 2.611849 205
 2 0 7.500000 2.902662 66
 1 1 57.500000 2.189641 55
 1 0 7.500000 1.444123 34
 8 0 7.500000 2.027524 258
 2 0 52.500000 2.124653 84
 4 0 77.500000 1.763121 158
 11 1 27.500000 1.892974 363
 9 0 22.500000 1.618784 296
 7 0 47.500000 2.442038 242
 5 0 57.500000 2.384913 182
 4 1 7.500000 1.644987 131
 0 1 17.500000 1.036717 7
 0 1 42.500000 1.704987 17
 11 1 42.500000 2.335880 369
 4 0 62.500000 1.463402 152
 8 1 47.500000 1.404020 275
 9 1 37.500000 1.007386 303
 7 1 77.500000 2.585650 255
 10 0 47.500000 1.982610 338
 1 1 17.500000 1.984474 39
 2 0 12.500000 1.003936 68
 0 1 62.500000 1.851916 25
 4 0 42.500000 1.815616 144
 10 1 37.500000 2.776055 335
 11 0 52.500000 1.741730 372
 355344.749594 22
 6 0 47.500000 2.811648 210
 1 1 57.500000 2.189641 55
 0 0 32.500000 1.323920 12
 6 0 32.500000 2.000762 204
 1 0 27.500000 1.759350 42
 10 0 72.500000 1.108768 348
 6 0 22.500000 2.643164 200
 4 0 52.500000 2.938903 148
 4 0 17.500000 1.600832 134
 4 1 7.500000 1.644987 131
 1 0 7.500000 1.444123 34
 5 0 2.500000 2.186230 160
 10 0 27.500000 2.461127 330
 10 1 37.500000 2.776055 335
 9 0 37.500000 1.317748 302
 7 0 77.500000 1.184451 254
 8 0 67.500000 1.134473 282
 7 1 62.500000 2.018160 249
 6 0 2.500000 2.939037 192
 0 1 42.500000 1.704987 17
 8 1 37.500000 1.673175 271
 1 0 47.500000 1.108323 50
 422351.909905 3
 6 0 77.500000 1.574657 222
 8 1 37.500000 1.673175 271
 6 1 17.500000 2.407167 199
 1636013.499310 24
 4 0 57.500000 1.039886 150
 2 0 12.500000 1.003936 68
 11 0 27.500000 1.595835 362
 1 1 42.500000 2.977329 49
 7 1 12.500000 1.718883 229
 1 1 17.500000 1.984474 39
 9 1 17.500000 1.201881 295
 0 1 47.500000 2.311133 19
 2 1 57.500000 2.632433 87
 10 0 62.500000 2.959314 344
 11 1 57.500000 2.258176 375
 11 1 12.500000 2.799496 357
 7 1 27.500000 1.957122 235
 6 1 32.500000 2.611849 205
 4 0 62.500000 1.463402 152
 9 0 57.500000 2.353156 310
 3 0 2.500000 1.161265 96
 11 1 27.500000 1.892974 363
 6 0 47.500000 2.811648 210
 0 0 72.500000 2.579465 28
 3 1 37.500000 2.322187 111
 9 0 37.500000 1.317748 302
 6 0 57.500000 2.584177 214
 7 0 47.500000 2.442038 242
 865023.190149 29
 9 1 12.500000 1.349042 293
 6 0 22.500000 2.643164 200
 1 1 17.500000 1.984474 39
 7 1 12.500000 1.718883 229
 7 1 2.500000 1.837407 225
 1 0 7.500000 1.444123 34
 2 0 52.500000 2.124653 84
 7 1 77.500000 2.585650 255
 6 1 12.500000 2.832808 197
 8 0 42.500000 1.589635 272
 6 1 32.500000 2.611849 205
 7 0 77.500000 1.184451 254
 1 0 37.500000 1.892976 46
 7 0 47.500000 2.442038 242
 7 1 62.500000 2.018160 249
 10 1 37.500000 2.776055 335
 9 0 12.500000 1.431372 292
 2 0 77.500000 1.691391 94
 4 1 62.500000 1.915341 153
 9 0 2.500000 1.248598 288
 8 1 12.500000 1.960562 261
 8 0 67.500000 1.134473 282
 0 1 77.500000 2.646348 31
 3 0 57.500000 2.385031 118
 5 1 42.500000 1.657120 177
 7 0 12.500000 2.301523 228
 1 0 27.500000 1.759350 42
 10 1 42.500000 2.118009 337
 3 0 47.500000 2.704936 114
 1588014.601165 21
 7 1 2.500000 1.837407 225
 5 1 42.500000 1.657120 177
 1 1 17.500000 1.984474 39
 7 1 27.500000 1.957122 235
 11 0 22.500000 2.860934 360
 10 1 57.500000 2.768797 343
 4 0 42.500000 1.815616 144
 9 0 52.500000 2.043632 308
 6 0 47.500000 2.811648 210
 7 1 52.500000 1.637237 245
 4 0 12.500000 2.225217 132
 3 1 67.500000 2.680416 123
 8 0 32.500000 2.015754 268
 9 1 52.500000 2.097582 309
 5 0 72.500000 1.491732 188
 2 0 12.500000 1.003936 68
 9 0 37.500000 1.317748 302
 7 1 22.500000 1.538683 233
 1 0 27.500000 1.759350 42
 1 1 57.500000 2.189641 55
 11 1 42.500000 2.335880 369
 79842.099119 8
 11 0 27.500000 1.595835 362
 5 1 27.500000 1.940168 171
 7 1 27.500000 1.957122 235
 5 0 57.500000 2.384913 182
 3 1 37.500000 2.322187 111
 8 1 47.500000 1.404020 275
 9 0 2.500000 1.248598 288
 4 0 62.500000 1.463402 152
 669295.160542 23
 10 1 37.500000 2.776055 335
 3 1 17.500000 2.048521 103
 9 0 52.500000 2.043632 308
 8 1 57.500000 2.917552 279
 0 1 47.500000 2.311133 19
 9 0 37.500000 1.317748 302
 4 0 57.500000 1.039886 150
 11 1 72.500000 2.016381 381
 11 0 52.500000 1.741730 372
 2 1 12.500000 1.114490 69
 4 0 77.500000 1.763121 158
 1 0 27.500000 1.759350 42
 3 1 52.500000 1.128650 117
 4 0 42.500000 1.815616 144
 7 0 77.500000 1.184451 254
 10 1 72.500000 1.011312 349
 2 1 57.500000 2.632433 87
 7 1 27.500000 1.957122 235
 3 1 32.500000 2.723258 109
 3 0 72.500000 1.164512 124
 7 0 47.500000 2.442038 242
 0 1 62.500000 1.851916 25
 5 0 57.500000 2.384913 182
 568572.135628 8
 10 1 42.500000 2.118009 337
 1 1 7.500000 2.319234 35
 10 1 37.500000 2.776055 335
 10 0 62.500000 2.959314 344
 9 1 12.500000 1.349042 293
 11 1 12.500000 2.799496 357
 7 1 77.500000 2.585650 255
 6 1 17.500000 2.407167 199
 825850.049828 18
 8 1 47.500000 1.404020 275
 3 1 7.500000 1.356681 99
 3 1 62.500000 2.932294 121
 7 1 57.500000 1.644386 247
 9 1 12.500000 1.349042 293
 3 0 2.500000 1.161265 96
 11 1 72.500000 2.016381 381
 4 0 42.500000 1.815616 144
 9 1 62.500000 1.602871 313
 11 0 67.500000 2.536390 378
 7 1 52.500000 1.637237 245
 5 0 37.500000 1.251055 174
 0 0 62.500000 2.512730 24
 3 0 57.500000 2.385031 118
 2 1 12.500000 1.114490 69
 0 1 27.500000 1.424851 11
 10 1 37.500000 2.776055 335
 6 1 12.500000 2.832808 197
 1661857.597149 24
 9 1 77.500000 1.324863 319
 8 1 67.500000 2.339925 283
 7 0 77.500000 1.184451 254
 9 1 22.500000 1.646787 297
 9 0 22.500000 1.618784 296
 4 0 62.500000 1.463402 152
 6 0 62.500000 1.225979 216
 4 1 7.500000 1.644987 131
 6 1 62.500000 2.126351 217
 2 0 12.500000 1.003936 68
 4 1 62.500000 1.915341 153
 7 1 72.500000 1.484590 253
 4 0 72.500000 1.155317 156
 8 0 72.500000 1.983864 284
 10 1 72.500000 1.011312 349
 9 1 37.500000 1.007386 303
 7 0 27.500000 1.085719 234
 3 0 7.500000 2.082526 98
 4 0 37.500000 2.850169 142
 1 1 17.500000 1.984474 39
 0 1 77.500000 2.646348 31
 2 1 57.500000 2.632433 87
 0 1 42.500000 1.704987 17
 1 0 27.500000 1.759350 42
 917180.298975 16
 10 0 72.500000 1.108768 348
 3 0 57.500000 2.385031 118
 6 0 47.500000 2.811648 210
 10 1 72.500000 1.011312 349
 9 1 72.500000 2.839369 317
 11 1 27.500000 1.892974 363
 8 0 42.500000 1.589635 272
 8 1 47.500000 1.404020 275
 3 1 62.500000 2.932294 121
 8 1 57.500000 2.917552 279
 0 0 72.500000 2.579465 28
 11 0 42.500000 2.960627 368
 6 0 62.500000 1.225979 216
 8 1 12.500000 1.960562 261
 1 0 27.500000 1.759350 42
 9 0 52.500000 2.043632 308
 1250938.680997 29
 11 1 27.500000 1.892974 363
 4 1 7.500000 1.644987 131
 6 0 62.500000 1.225979 216
 5 0 72.500000 1.491732 188
 3 0 2.500000 1.161265 96
 8 1 57.500000 2.917552 279
 6 0 77.500000 1.574657 222
 2 0 62.500000 2.128643 88
 5 1 42.500000 1.657120 177
 2 0 52.500000 2.124653 84
 7 1 27.500000 1.957122 235
 11 1 32.500000 2.158059 365
 1 1 17.500000 1.984474 39
 2 0 7.500000 2.902662 66
 1 1 2.500000 2.226779 33
 4 0 57.500000 1.039886 150
 6 0 72.500000 1.655625 220
 4 1 42.500000 2.403359 145
 11 1 42.500000 2.335880 369
 7 1 2.500000 1.837407 225
 6 0 52.500000 2.325068 212
 3 1 62.500000 2.932294 121
 7 1 12.500000 1.718883 229
 1 1 72.500000 1.208164 61
 9 1 12.500000 1.349042 293
 8 1 12.500000 1.960562 261
 0 1 77.500000 2.646348 31
 1 0 77.500000 1.608626 62
 10 1 72.500000 1.011312 349
 1958252.971730 28
 8 1 37.500000 1.673175 271
 7 0 77.500000 1.184451 254
 2 0 62.500000 2.128643 88
 4 0 57.500000 1.039886 150
 9 1 12.500000 1.349042 293
 6 0 17.500000 1.071416 198
 1 1 37.500000 1.472533 47
 8 0 67.500000 1.134473 282
 8 1 12.500000 1.960562 261
 7 1 27.500000 1.957122 235
 10 1 72.500000 1.011312 349
 8 0 12.500000 2.658862 260
 4 0 62.500000 1.463402 152
 8 1 47.500000 1.404020 275
 5 1 42.500000 1.657120 177
 4 1 7.500000 1.644987 131
 3 0 2.500000 1.161265 96
 1 0 37.500000 1.892976 46
 0 0 72.500000 2.579465 28
 10 1 37.500000 2.776055 335
 0 0 32.500000 1.323920 12
 8 0 42.500000 1.589635 272
 6 1 57.500000 2.827113 215
 4 1 57.500000 2.928025 151
 0 1 47.500000 2.311133 19
 1 1 57.500000 2.189641 55
 10 0 12.500000 1.653436 324
 6 1 67.500000 2.923147 219
 514510.064793 1
 5 0 57.500000 2.384913 182
 825424.863950 33
 6 1 32.500000 2.611849 205
 11 1 72.500000 2.016381 381
 2 1 12.500000 1.114490 69
 11 0 27.500000 1.595835 362
 6 1 67.500000 2.923147 219
 7 1 2.500000 1.837407 225
 8 0 42.500000 1.589635 272
 10 1 42.500000 2.118009 337
 11 1 42.500000 2.335880 369
 3 0 57.500000 2.385031 118
 7 0 77.500000 1.184451 254
 6 0 62.500000 1.225979 216
 6 0 17.500000 1.071416 198
 7 1 12.500000 1.718883 229
 8 1 12.500000 1.960562 261
 6 0 47.500000 2.811648 210
 11 0 62.500000 1.215582 376
 8 0 67.500000 1.134473 282
 10 1 57.500000 2.768797 343
 0 0 77.500000 2.603741 30
 1 0 37.500000 1.892976 46
 2 0 77.500000 1.691391 94
 8 1 47.500000 1.404020 275
 8 0 27.500000 2.102326 266
 3 0 2.500000 1.161265 96
 4 1 62.500000 1.915341 153
 9 0 67.500000 2.514397 314
 2 0 37.500000 2.157848 78
 2 0 52.500000 2.124653 84
 7 1 57.500000 1.644386 247
 7 1 42.500000 1.474119 241
 10 0 57.500000 1.005202 342
 9 0 77.500000 2.161258 318
 95090.415597 1
 7 1 37.500000 2.591411 239
 183145.672839 15
 10 1 57.500000 2.768797 343
 5 0 72.500000 1.491732 188
 11 1 57.500000 2.258176 375
 5 0 22.500000 2.356828 168
 8 1 12.500000 1.960562 261
 9 1 72.500000 2.839369 317
 11 0 42.500000 2.960627 368
 5 1 22.500000 1.610064 169
 1 1 2.500000 2.226779 33
 0 0 7.500000 1.319788 2
 6 0 47.500000 2.811648 210
 3 1 62.500000 2.932294 121
 11 0 67.500000 2.536390 378
 0 0 17.500000 1.863129 6
 7 1 62.500000 2.018160 249
 1898394.800433 17
 9 0 12.500000 1.431372 292
 0 1 47.500000 2.311133 19
 6 1 17.500000 2.407167 199
 4 1 52.500000 2.168713 149
 8 0 42.500000 1.589635 272
 1 0 27.500000 1.759350 42
 8 1 47.500000 1.404020 275
 8 0 12.500000 2.658862 260
 6 1 32.500000 2.611849 205
 4 1 42.500000 2.403359 145
 10 0 72.500000 1.108768 348
 4 1 77.500000 1.062934 159
 0 1 62.500000 1.851916 25
 3 0 7.500000 2.082526 98
 7 1 57.500000 1.644386 247
 3 0 57.500000 2.385031 118
 11 0 42.500000 2.960627 368
 232656.967786 26
 4 1 57.500000 2.928025 151
 4 1 42.500000 2.403359 145
 1 1 17.500000 1.984474 39
 10 1 72.500000 1.011312 349
 3 0 62.500000 2.279238 120
 0 0 57.500000 2.231308 22
 3 0 7.500000 2.082526 98
 8 0 67.500000 1.134473 282
 4 1 62.500000 1.915341 153
 0 0 37.500000 1.370665 14
 9 1 37.500000 1.007386 303
 3 0 57.500000 2.385031 118
 0 1 62.500000 1.851916 25
 5 0 22.500000 2.356828 168
 10 1 37.500000 2.776055 335
 0 1 77.500000 2.646348 31
 10 0 62.500000 2.959314 344
 1 1 7.500000 2.319234 35
 1 0 37.500000 1.892976 46
 8 0 17.500000 1.533810 262
 11 1 42.500000 2.335880 369
 9 0 52.500000 2.043632 308
 7 1 52.500000 1.637237 245
 7 1 27.500000 1.957122 235
 7 1 2.500000 1.837407 225
 11 0 52.500000 1.741730 372
 66798.424770 2
 0 1 77.500000 2.646348 31
 9 0 57.500000 2.353156 310
 1309853.640175 28
 0 1 47.500000 2.311133 19
 3 1 47.500000 2.826806 115
 4 0 52.500000 2.938903 148
 3 1 37.500000 2.322187 111
 10 1 57.500000 2.768797 343
 9 0 2.500000 1.248598 288
 9 0 12.500000 1.431372 292
 11 1 27.500000 1.892974 363
 0 1 7.500000 1.556114 3
 0 1 77.500000 2.646348 31
 4 0 37.500000 2.850169 142
 0 0 72.500000 2.579465 28
 1 0 27.500000 1.759350 42
 11 1 42.500000 2.335880 369
 6 1 27.500000 2.105642 203
 6 0 77.500000 1.574657 222
 2 1 37.500000 1.078141 79
 6 0 57.500000 2.584177 214
 6 1 12.500000 2.832808 197
 11 0 47.500000 2.727211 370
 1 1 7.500000 2.319234 35
 6 1 17.500000 2.407167 199
 1 1 42.500000 2.977329 49
 3 1 27.500000 2.246130 107
 3 0 52.500000 2.190584 116
 2 1 12.500000 1.114490 69
 9 0 37.500000 1.317748 302
 5 0 22.500000 2.356828 168
 762090.192047 35
 10 0 72.500000 1.108768 348
 6 1 67.500000 2.923147 219
 11 1 37.500000 1.538809 367
 1 0 27.500000 1.759350 42
 6 0 47.500000 2.811648 210
 10 1 37.500000 2.776055 335
 9 1 37.500000 1.007386 303
 0 0 32.500000 1.323920 12
 9 0 37.500000 1.317748 302
 7 0 77.500000 1.184451 254
 2 0 12.500000 1.003936 68
 3 1 62.500000 2.932294 121
 1 0 37.500000 1.892976 46
 4 1 22.500000 1.680177 137
 0 1 7.500000 1.556114 3
 6 0 62.500000 1.225979 216
 9 1 42.500000 2.514343 305
 9 1 12.500000 1.349042 293
 11 0 52.500000 1.741730 372
 10 1 42.500000 2.118009 337
 6 1 17.500000 2.407167 199
 4 0 57.500000 1.039886 150
 8 0 27.500000 2.102326 266
 11 0 27.500000 1.595835 362
 1 1 52.500000 1.539485 53
 11 0 67.500000 2.536390 378
 10 0 27.500000 2.461127 330
 2 0 7.500000 2.902662 66
 4 1 62.500000 1.915341 153
 1 0 2.500000 2.302113 32
 11 0 42.500000 2.960627 368
 8 1 47.500000 1.404020 275
 4 0 67.500000 1.534709 154
 4 0 42.500000 1.815616 144
 0 1 47.500000 2.311133 19
 1078931.256737 33
 11 0 52.500000 1.741730 372
 2 0 32.500000 2.617705 76
 8 0 42.500000 1.589635 272
 4 0 17.500000 1.600832 134
 2 0 77.500000 1.691391 94
 9 0 2.500000 1.248598 288
 10 0 42.500000 1.537300 336
 0 0 32.500000 1.323920 12
 1 1 7.500000 2.319234 35
 8 1 12.500000 1.960562 261
 11 1 27.500000 1.892974 363
 7 1 62.500000 2.018160 249
 9 0 37.500000 1.317748 302
 3 0 2.500000 1.161265 96
 4 1 7.500000 1.644987 131
 8 1 67.500000 2.339925 283
 2 1 57.500000 2.632433 87
 3 1 77.500000 2.800739 127
 10 0 12.500000 1.653436 324
 5 1 42.500000 1.657120 177
 9 0 7.500000 2.550303 290
 3 0 57.500000 2.385031 118
 6 1 52.500000 1.128744 213
 10 0 2.500000 1.477467 320
 3 0 7.500000 2.082526 98
 2 0 12.500000 1.003936 68
 10 0 72.500000 1.108768 348
 0 1 47.500000 2.311133 19
 6 1 32.500000 2.611849 205
 7 1 77.500000 2.585650 255
 4 0 62.500000 1.463402 152
 4 1 42.500000 2.403359 145
 6 0 47.500000 2.811648 210
 1400684.618075 30
 11 1 27.500000 1.892974 363
 5 0 22.500000 2.356828 168
 1 1 17.500000 1.984474 39
 4 1 12.500000 2.860286 133
 4 1 52.500000 2.168713 149
 6 1 67.500000 2.923147 219
 2 1 12.500000 1.114490 69
 4 1 57.500000 2.928025 151
 7 0 77.500000 1.184451 254
 9 0 12.500000 1.431372 292
 8 1 57.500000 2.917552 279
 6 1 17.500000 2.407167 199
 0 0 32.500000 1.323920 12
 1 1 7.500000 2.319234 35
 4 0 12.500000 2.225217 132
 6 1 12.500000 2.832808 197
 11 0 22.500000 2.860934 360
 6 0 47.500000 2.811648 210
 9 0 2.500000 1.248598 288
 6 1 57.500000 2.827113 215
 8 0 42.500000 1.589635 272
 1 0 27.500000 1.759350 42
 7 0 52.500000 1.992876 244
 7 1 27.500000 1.957122 235
 10 0 72.500000 1.108768 348
 1 0 7.500000 1.444123 34
 9 0 67.500000 2.514397 314
 11 0 52.500000 1.741730 372
 11 0 27.500000 1.595835 362
 7 1 7.500000 1.913764 227
 381139.346446 31
 8 1 67.500000 2.339925 283
 10 1 72.500000 1.011312 349
 8 1 47.500000 1.404020 275
 4 0 57.500000 1.039886 150
 6 1 32.500000 2.611849 205
 6 0 7.500000 2.472757 194
 8 1 37.500000 1.673175 271
 7 1 57.500000 1.644386 247
 0 0 72.500000 2.579465 28
 9 0 12.500000 1.431372 292
 6 1 57.500000 2.827113 215
 2 0 62.500000 2.128643 88
 4 0 42.500000 1.815616 144
 9 1 37.500000 1.007386 303
 1 1 57.500000 2.189641 55
 3 1 37.500000 2.322187 111
 5 1 42.500000 1.657120 177
 4 1 7.500000 1.644987 131
 0 1 27.500000 1.424851 11
 6 1 12.500000 2.832808 197
 11 0 27.500000 1.595835 362
 3 1 7.500000 1.356681 99
 0 1 22.500000 1.355671 9
 11 0 67.500000 2.536390 378
 5 0 7.500000 1.651547 162
 5 0 22.500000 2.356828 168
 0 1 77.500000 2.646348 31
 6 1 17.500000 2.407167 199
 6 0 17.500000 1.071416 198
 10 1 37.500000 2.776055 335
 6 0 47.500000 2.811648 210
 310892.662513 10
 6 0 62.500000 1.225979 216
 8 1 37.500000 1.673175 271
 11 1 22.500000 1.025563 361
 0 0 32.500000 1.323920 12
 10 0 62.500000 2.959314 344
 5 1 17.500000 1.446984 167
 2 1 57.500000 2.632433 87
 10 1 42.500000 2.118009 337
 7 1 27.500000 1.957122 235
 2 1 12.500000 1.114490 69
 615769.778758 32
 7 1 27.500000 1.957122 235
 6 1 17.500000 2.407167 199
 6 1 32.500000 2.611849 205
 10 0 12.500000 1.653436 324
 11 1 72.500000 2.016381 381
 6 1 7.500000 1.074789 195
 3 0 42.500000 1.588320 112
 5 1 42.500000 1.657120 177
 1 0 7.500000 1.444123 34
 4 0 57.500000 1.039886 150
 8 1 37.500000 1.673175 271
 7 0 77.500000 1.184451 254
 3 1 37.500000 2.322187 111
 7 0 12.500000 2.301523 228
 0 1 77.500000 2.646348 31
 2 0 77.500000 1.691391 94
 11 0 67.500000 2.536390 378
 4 1 62.500000 1.915341 153
 9 0 52.500000 2.043632 308
 7 0 7.500000 1.671115 226
 4 0 42.500000 1.815616 144
 9 1 72.500000 2.839369 317
 2 0 52.500000 2.124653 84
 8 1 12.500000 1.960562 261
 3 0 57.500000 2.385031 118
 11 1 27.500000 1.892974 363
 6 0 47.500000 2.811648 210
 10 1 37.500000 2.776055 335
 4 0 62.500000 1.463402 152
 11 0 32.500000 1.908342 364
 7 1 12.500000 1.718883 229
 11 0 52.500000 1.741730 372
 1821391.869756 8
 3 0 7.500000 2.082526 98
 2 1 72.500000 2.245907 93
 0 0 72.500000 2.579465 28
 10 0 62.500000 2.959314 344
 7 0 47.500000 2.442038 242
 1 1 17.500000 1.984474 39
 10 0 12.500000 1.653436 324
 3 1 37.500000 2.322187 111
 1615932.727929 16
 8 0 12.500000 2.658862 260
 1 0 7.500000 1.444123 34
 0 1 47.500000 2.311133 19
 6 1 12.500000 2.832808 197
 2 0 12.500000 1.003936 68
 3 0 67.500000 1.546114 122
 3 1 62.500000 2.932294 121
 2 1 47.500000 1.728078 83
 5 1 42.500000 1.657120 177
 8 1 67.500000 2.339925 283
 9 1 67.500000 2.328602 315
 3 0 62.500000 2.279238 120
 10 0 77.500000 1.634196 350
 11 1 22.500000 1.025563 361
 10 0 7.500000 1.102126 322
 0 0 12.500000 2.684607 4
 329042.503857 22
 7 1 27.500000 1.957122 235
 7 1 2.500000 1.837407 225
 11 0 52.500000 1.741730 372
 8 1 67.500000 2.339925 283
 9 0 12.500000 1.431372 292
 3 1 37.500000 2.322187 111
 2 0 7.500000 2.902662 66
 5 0 32.500000 1.511989 172
 6 1 12.500000 2.832808 197
 1 1 22.500000 1.109804 41
 6 1 32.500000 2.611849 205
 6 0 17.500000 1.071416 198
 4 0 12.500000 2.225217 132
 5 1 42.500000 1.657120 177
 9 0 37.500000 1.317748 302
 1 0 7.500000 1.444123 34
 3 0 7.500000 2.082526 98
 6 1 57.500000 2.827113 215
 1 1 17.500000 1.984474 39
 10 1 72.500000 1.011312 349
 10 0 72.500000 1.108768 348
 10 1 67.500000 2.410710 347
 1768478.790246 19
 8 1 67.500000 2.339925 283
 4 1 62.500000 1.915341 153
 5 0 57.500000 2.384913 182
 9 1 12.500000 1.349042 293
 7 1 47.500000 1.191673 243
 6 1 32.500000 2.611849 205
 7 1 2.500000 1.837407 225
 3 0 7.500000 2.082526 98
 0 0 72.500000 2.579465 28
 9 0 52.500000 2.043632 308
 10 0 62.500000 2.959314 344
 11 1 72.500000 2.016381 381
 6 0 17.500000 1.071416 198
 2 0 7.500000 2.902662 66
 4 1 42.500000 2.403359 145
 7 1 52.500000 1.637237 245
 7 0 17.500000 2.431387 230
 4 1 7.500000 1.644987 131
 7 1 57.500000 1.644386 247
 946006.539215 25
 7 1 52.500000 1.637237 245
 1 1 7.500000 2.319234 35
 4 1 57.500000 2.928025 151
 10 0 42.500000 1.537300 336
 0 1 77.500000 2.646348 31
 3 0 2.500000 1.161265 96
 2 0 7.500000 2.902662 66
 5 1 42.500000 1.657120 177
 7 1 72.500000 1.484590 253
 7 0 62.500000 2.081302 248
 1 0 7.500000 1.444123 34
 11 1 72.500000 2.016381 381
 11 1 27.500000 1.892974 363
 0 1 62.500000 1.851916 25
 2 0 52.500000 2.124653 84
 8 0 17.500000 1.533810 262
 3 1 52.500000 1.128650 117
 11 0 52.500000 1.741730 372
 1 1 17.500000 1.984474 39
 6 0 47.500000 2.811648 210
 6 0 62.500000 1.225979 216
 8 1 47.500000 1.404020 275
 11 1 12.500000 2.799496 357
 0 1 47.500000 2.311133 19
 6 0 77.500000 1.574657 222
 200480.528567 1
 11 0 77.500000 1.691837 382
 1586674.282265 5
 0 0 77.500000 2.603741 30
 0 0 72.500000 2.579465 28
 1 0 7.500000 1.444123 34
 8 0 42.500000 1.589635 272
 7 1 57.500000 1.644386 247
 484761.400914 26
 5 1 17.500000 1.446984 167
 4 1 57.500000 2.928025 151
 7 0 47.500000 2.442038 242
 8 1 12.500000 1.960562 261
 1 0 47.500000 1.108323 50
 3 1 52.500000 1.128650 117
 6 0 17.500000 1.071416 198
 6 1 32.500000 2.611849 205
 2 0 52.500000 2.124653 84
 11 0 52.500000 1.741730 372
 5 1 72.500000 2.124086 189
 8 0 67.500000 1.134473 282
 9 1 72.500000 2.839369 317
 11 1 57.500000 2.258176 375
 1 0 7.500000 1.444123 34
 6 0 62.500000 1.225979 216
 3 0 52.500000 2.190584 116
 4 0 17.500000 1.600832 134
 8 1 47.500000 1.404020 275
 4 1 62.500000 1.915341 153
 6 1 57.500000 2.827113 215
 7 0 32.500000 1.372901 236
 5 1 42.500000 1.657120 177
 9 0 12.500000 1.431372 292
 9 0 2.500000 1.248598 288
 7 1 52.500000 1.637237 245
 468820.192008 30
 4 1 57.500000 2.928025 151
 5 1 52.500000 2.504075 181
 2 1 7.500000 1.914203 67
 7 1 57.500000 1.644386 247
 9 0 37.500000 1.317748 302
 2 0 52.500000 2.124653 84
 10 0 62.500000 2.959314 344
 0 0 32.500000 1.323920 12
 6 1 17.500000 2.407167 199
 0 1 67.500000 1.061579 27
 8 1 47.500000 1.404020 275
 2 0 12.500000 1.003936 68
 1 0 2.500000 2.302113 32
 0 1 62.500000 1.851916 25
 2 1 57.500000 2.632433 87
 5 1 42.500000 1.657120 177
 6 0 17.500000 1.071416 198
 7 1 2.500000 1.837407 225
 10 1 57.500000 2.768797 343
 7 1 27.500000 1.957122 235
 7 1 77.500000 2.585650 255
 1 1 57.500000 2.189641 55
 4 1 17.500000 1.291808 135
 4 0 42.500000 1.815616 144
 6 1 32.500000 2.611849 205
 9 1 37.500000 1.007386 303
 8 1 37.500000 1.673175 271
 6 1 12.500000 2.832808 197
 7 0 47.500000 2.442038 242
 11 1 57.500000 2.258176 375
 1593611.305819 5
 7 1 12.500000 1.718883 229
 8 0 7.500000 2.027524 258
 7 0 77.500000 1.184451 254
 10 0 72.500000 1.108768 348
 4 1 57.500000 2.928025 151
 500355.825452 8
 11 1 12.500000 2.799496 357
 7 1 77.500000 2.585650 255
 3 1 62.500000 2.932294 121
 2 1 42.500000 2.090768 81
 8 1 47.500000 1.404020 275
 8 1 67.500000 2.339925 283
 3 0 52.500000 2.190584 116
 10 0 72.500000 1.108768 348
 183238.897446 20
 4 0 42.500000 1.815616 144
 7 1 27.500000 1.957122 235
 10 0 7.500000 1.102126 322
 6 0 62.500000 1.225979 216
 10 1 57.500000 2.768797 343
 0 0 77.500000 2.603741 30
 7 1 2.500000 1.837407 225
 10 1 72.500000 1.011312 349
 3 0 2.500000 1.161265 96
 1 1 7.500000 2.319234 35
 4 1 62.500000 1.915341 153
 1 0 37.500000 1.892976 46
 3 1 52.500000 1.128650 117
 11 1 72.500000 2.016381 381
 3 0 7.500000 2.082526 98
 0 0 32.500000 1.323920 12
 2 0 57.500000 2.387286 86
 7 1 62.500000 2.018160 249
 7 0 77.500000 1.184451 254
 8 0 42.500000 1.589635 272
 982597.578234 10
 10 1 72.500000 1.011312 349
 3 1 62.500000 2.932294 121
 7 0 77.500000 1.184451 254
 2 0 52.500000 2.124653 84
 11 0 52.500000 1.741730 372
 7 1 62.500000 2.018160 249
 7 1 57.500000 1.644386 247
 9 1 12.500000 1.349042 293
 0 0 77.500000 2.603741 30
 9 0 52.500000 2.043632 308
 1098535.820701 28
 3 0 57.500000 2.385031 118
 0 1 62.500000 1.851916 25
 1 0 37.500000 1.892976 46
 6 1 67.500000 2.923147 219
 6 1 17.500000 2.407167 199
 9 1 12.500000 1.349042 293
 11 1 7.500000 2.316111 355
 3 0 52.500000 2.190584 116
 11 1 42.500000 2.335880 369
 8 1 47.500000 1.404020 275
 11 0 42.500000 2.960627 368
 2 0 57.500000 2.387286 86
 7 0 77.500000 1.184451 254
 6 1 12.500000 2.832808 197
 9 0 52.500000 2.043632 308
 7 1 77.500000 2.585650 255
 2 0 52.500000 2.124653 84
 11 0 7.500000 1.481266 354
 9 0 12.500000 1.431372 292
 5 0 22.500000 2.356828 168
 0 1 47.500000 2.311133 19
 4 0 57.500000 1.039886 150
 6 1 57.500000 2.827113 215
 10 1 37.500000 2.776055 335
 4 0 42.500000 1.815616 144
 7 0 47.500000 2.442038 242
 4 0 17.500000 1.600832 134
 5 1 2.500000 2.809511 161
 1888049.875427 34
 6 1 17.500000 2.407167 199
 10 0 12.500000 1.653436 324
 3 1 52.500000 1.128650 117
 10 1 42.500000 2.118009 337
 8 1 37.500000 1.673175 271
 10 0 62.500000 2.959314 344
 0 0 52.500000 2.742797 20
 2 0 57.500000 2.387286 86
 11 0 27.500000 1.595835 362
 2 0 7.500000 2.902662 66
 11 1 72.500000 2.016381 381
 8 1 67.500000 2.339925 283
 9 1 12.500000 1.349042 293
 8 0 42.500000 1.589635 272
 1 1 57.500000 2.189641 55
 6 1 37.500000 1.058892 207
 8 1 12.500000 1.960562 261
 0 0 32.500000 1.323920 12
 5 0 42.500000 2.554158 176
 6 0 47.500000 2.811648 210
 10 1 57.500000 2.768797 343
 11 0 52.500000 1.741730 372
 0 1 62.500000 1.851916 25
 3 0 7.500000 2.082526 98
 6 1 12.500000 2.832808 197
 10 0 27.500000 2.461127 330
 5 0 22.500000 2.356828 168
 3 0 57.500000 2.385031 118
 2 1 77.500000 1.296730 95
 4 1 62.500000 1.915341 153
 0 0 17.500000 1.863129 6
 11 0 42.500000 2.960627 368
 11 1 27.500000 1.892974 363
 7 0 77.500000 1.184451 254
 525677.953291 1
 3 1 27.500000 2.246130 107
 1549573.480557 25
 9 0 12.500000 1.431372 292
 8 1 47.500000 1.404020 275
 11 0 52.500000 1.741730 372
 11 1 27.500000 1.892974 363
 0 1 62.500000 1.851916 25
 11 0 67.500000 2.536390 378
 8 1 12.500000 1.960562 261
 2 1 72.500000 2.245907 93
 6 1 12.500000 2.832808 197
 9 1 72.500000 2.839369 317
 2 1 2.500000 1.384814 65
 11 1 77.500000 1.575099 383
 8 1 37.500000 1.673175 271
 1 0 72.500000 1.075115 60
 6 1 32.500000 2.611849 205
 11 1 12.500000 2.799496 357
 3 1 17.500000 2.048521 103
 9 1 22.500000 1.646787 297
 4 1 57.500000 2.928025 151
 2 0 52.500000 2.124653 84
 0 0 57.500000 2.231308 22
 4 1 42.500000 2.403359 145
 7 0 77.500000 1.184451 254
 7 1 72.500000 1.484590 253
 6 0 17.500000 1.071416 198
 1523999.756167 21
 3 1 37.500000 2.322187 111
 0 0 22.500000 1.286842 8
 4 0 62.500000 1.463402 152
 3 1 52.500000 1.128650 117
 11 0 52.500000 1.741730 372
 3 0 2.500000 1.161265 96
 10 1 57.500000 2.768797 343
 2 1 42.500000 2.090768 81
 11 1 72.500000 2.016381 381
 11 1 27.500000 1.892974 363
 8 0 67.500000 1.134473 282
 6 1 12.500000 2.832808 197
 9 0 52.500000 2.043632 308
 6 1 32.500000 2.611849 205
 2 1 12.500000 1.114490 69
 11 0 32.500000 1.908342 364
 1 1 17.500000 1.984474 39
 4 0 42.500000 1.815616 144
 9 0 12.500000 1.431372 292
 9 1 12.500000 1.349042 293
 4 0 72.500000 1.155317 156
 1919131.070170 11
 6 1 57.500000 2.827113 215
 0 0 72.500000 2.579465 28
 11 1 57.500000 2.258176 375
 11 1 72.500000 2.016381 381
 3 1 52.500000 1.128650 117
 5 1 17.500000 1.446984 167
 11 1 42.500000 2.335880 369
 4 0 62.500000 1.463402 152
 7 0 47.500000 2.442038 242
 5 0 22.500000 2.356828 168
 7 1 57.500000 1.644386 247
 1629948.721188 20
 1 1 17.500000 1.984474 39
 10 0 42.500000 1.537300 336
 3 1 62.500000 2.932294 121
 8 1 72.500000 1.555534 285
 6 0 47.500000 2.811648 210
 3 0 57.500000 2.385031 118
 5 0 57.500000 2.384913 182
 8 1 12.500000 1.960562 261
 9 1 37.500000 1.007386 303
 1 0 17.500000 1.638098 38
 10 1 57.500000 2.768797 343
 4 0 57.500000 1.039886 150
 8 0 67.500000 1.134473 282
 3 0 62.500000 2.279238 120
 2 0 52.500000 2.124653 84
 7 0 47.500000 2.442038 242
 8 1 47.500000 1.404020 275
 8 1 52.500000 2.298454 277
 11 1 77.500000 1.575099 383
 3 0 7.500000 2.082526 98
 914839.181395 29
 1 1 57.500000 2.189641 55
 1 0 47.500000 1.108323 50
 4 1 52.500000 2.168713 149
 10 1 42.500000 2.118009 337
 4 0 12.500000 2.225217 132
 1 0 7.500000 1.444123 34
 10 0 37.500000 1.377052 334
 2 0 77.500000 1.691391 94
 8 1 57.500000 2.917552 279
 2 1 42.500000 2.090768 81
 7 0 47.500000 2.442038 242
 1 0 52.500000 2.954021 52
 6 1 17.500000 2.407167 199
 5 0 22.500000 2.356828 168
 2 1 57.500000 2.632433 87
 2 1 77.500000 1.296730 95
 3 0 47.500000 2.704936 114
 9 0 12.500000 1.431372 292
 1 0 37.500000 1.892976 46
 6 0 52.500000 2.325068 212
 2 0 7.500000 2.902662 66
 3 0 2.500000 1.161265 96
 4 0 62.500000 1.463402 152
 0 1 62.500000 1.851916 25
 2 0 27.500000 1.826996 74
 3 0 7.500000 2.082526 98
 10 1 27.500000 1.820606 331
 9 0 42.500000 1.150531 304
 1 1 7.500000 2.319234 35
 1399426.035676 27
 10 0 12.500000 1.653436 324
 11 1 57.500000 2.258176 375
 9 0 67.500000 2.514397 314
 6 1 32.500000 2.611849 205
 4 1 62.500000 1.915341 153
 3 0 52.500000 2.190584 116
 4 1 7.500000 1.644987 131
 9 1 12.500000 1.349042 293
 1 0 7.500000 1.444123 34
 7 1 77.500000 2.585650 255
 4 1 57.500000 2.928025 151
 0 0 32.500000 1.323920 12
 7 0 77.500000 1.184451 254
 4 0 57.500000 1.039886 150
 10 1 37.500000 2.776055 335
 11 0 67.500000 2.536390 378
 3 1 37.500000 2.322187 111
 8 1 57.500000 2.917552 279
 6 1 47.500000 2.051514 211
 10 0 62.500000 2.959314 344
 11 1 27.500000 1.892974 363
 6 0 77.500000 1.574657 222
 11 1 12.500000 2.799496 357
 7 1 52.500000 1.637237 245
 3 0 12.500000 1.396895 100
 2 0 77.500000 1.691391 94
 8 1 67.500000 2.339925 283
 524628.284296 3
 7 1 52.500000 1.637237 245
 4 0 57.500000 1.039886 150
 6 1 17.500000 2.407167 199
 919043.926801 25
 7 1 52.500000 1.637237 245
 11 0 42.500000 2.960627 368
 6 0 17.500000 1.071416 198
 2 0 7.500000 2.902662 66
 8 0 67.500000 1.134473 282
 3 1 2.500000 2.693331 97
 3 0 52.500000 2.190584 116
 0 1 22.500000 1.355671 9
 10 1 42.500000 2.118009 337
 4 0 12.500000 2.225217 132
 0 1 62.500000 1.851916 25
 11 1 12.500000 2.799496 357
 5 0 17.500000 2.467278 166
 1 0 27.500000 1.759350 42
 10 0 62.500000 2.959314 344
 7 1 57.500000 1.644386 247
 2 1 62.500000 2.738536 89
 2 0 12.500000 1.003936 68
 6 1 32.500000 2.611849 205
 9 1 72.500000 2.839369 317
 11 1 72.500000 2.016381 381
 2 1 57.500000 2.632433 87
 1 0 37.500000 1.892976 46
 0 1 77.500000 2.646348 31
 6 0 62.500000 1.225979 216
 1425074.908726 29
 5 0 22.500000 2.356828 168
 3 0 7.500000 2.082526 98
 6 1 17.500000 2.407167 199
 11 1 77.500000 1.575099 383
 4 1 42.500000 2.403359 145
 3 0 57.500000 2.385031 118
 7 0 77.500000 1.184451 254
 8 1 37.500000 1.673175 271
 8 1 67.500000 2.339925 283
 0 0 32.500000 1.323920 12
 5 1 42.500000 1.657120 177
 7 1 62.500000 2.018160 249
 6 0 47.500000 2.811648 210
 2 1 42.500000 2.090768 81
 7 1 2.500000 1.837407 225
 4 1 62.500000 1.915341 153
 3 1 52.500000 1.128650 117
 3 0 52.500000 2.190584 116
 4 0 42.500000 1.815616 144
 11 0 22.500000 2.860934 360
 3 1 37.500000 2.322187 111
 2 1 37.500000 1.078141 79
 7 1 12.500000 1.718883 229
 4 1 7.500000 1.644987 131
 4 1 57.500000 2.928025 151
 1 0 27.500000 1.759350 42
 2 0 32.500000 2.617705 76
 10 1 37.500000 2.776055 335
 11 1 27.500000 1.892974 363
 966147.164295 1
 1 1 17.500000 1.984474 39
 965014.150629 25
 11 1 12.500000 2.799496 357
 10 1 67.500000 2.410710 347
 7 1 77.500000 2.585650 255
 4 0 42.500000 1.815616 144
 3 1 27.500000 2.246130 107
 2 0 12.500000 1.003936 68
 10 1 42.500000 2.118009 337
 1 0 27.500000 1.759350 42
 10 1 57.500000 2.768797 343
 10 0 12.500000 1.653436 324
 11 0 27.500000 1.595835 362
 3 1 52.500000 1.128650 117
 11 0 42.500000 2.960627 368
 8 0 37.500000 1.695334 270
 4 0 62.500000 1.463402 152
 11 0 32.500000 1.908342 364
 1 1 17.500000 1.984474 39
 1 1 72.500000 1.208164 61
 4 1 7.500000 1.644987 131
 1 1 32.500000 1.277601 45
 4 1 42.500000 2.403359 145
 0 0 32.500000 1.323920 12
 7 1 12.500000 1.718883 229
 4 0 17.500000 1.600832 134
 6 1 12.500000 2.832808 197
 1047532.852631 35
 0 1 62.500000 1.851916 25
 3 1 52.500000 1.128650 117
 11 0 42.500000 2.960627 368
 9 0 52.500000 2.043632 308
 3 0 62.500000 2.279238 120
 11 1 42.500000 2.335880 369
 11 0 52.500000 1.741730 372
 11 1 72.500000 2.016381 381
 6 1 47.500000 2.051514 211
 4 1 57.500000 2.928025 151
 6 1 57.500000 2.827113 215
 11 1 2.500000 1.913518 353
 8 0 27.500000 2.102326 266
 8 1 47.500000 1.404020 275
 7 0 7.500000 1.671115 226
 0 0 72.500000 2.579465 28
 9 1 37.500000 1.007386 303
 1 0 22.500000 2.416986 40
 10 1 57.500000 2.768797 343
 6 0 62.500000 1.225979 216
 7 1 62.500000 2.018160 249
 2 0 7.500000 2.902662 66
 9 0 67.500000 2.514397 314
 11 1 12.500000 2.799496 357
 1 1 57.500000 2.189641 55
 2 0 12.500000 1.003936 68
 11 0 67.500000 2.536390 378
 4 1 42.500000 2.403359 145
 2 1 37.500000 1.078141 79
 3 0 2.500000 1.161265 96
 6 1 17.500000 2.407167 199
 4 1 7.500000 1.644987 131
 7 1 27.500000 1.957122 235
 8 1 12.500000 1.960562 261
 1 1 17.500000 1.984474 39
 1822578.172098 21
 9 0 52.500000 2.043632 308
 8 1 27.500000 1.243539 267
 7 1 52.500000 1.637237 245
 4 0 42.500000 1.815616 144
 0 0 77.500000 2.603741 30
 2 0 57.500000 2.387286 86
 0 0 32.500000 1.323920 12
 5 1 42.500000 1.657120 177
 7 0 77.500000 1.184451 254
 10 0 17.500000 1.455613 326
 2 0 47.500000 1.006115 82
 11 0 42.500000 2.960627 368
 4 0 12.500000 2.225217 132
 6 0 47.500000 2.811648 210
 0 1 77.500000 2.646348 31
 11 1 27.500000 1.892974 363
 11 1 37.500000 1.538809 367
 11 0 52.500000 1.741730 372
 1 0 37.500000 1.892976 46
 0 1 62.500000 1.851916 25
 7 1 32.500000 2.350090 237
 1465399.138660 22
 6 1 57.500000 2.827113 215
 3 1 62.500000 2.932294 121
 9 0 67.500000 2.514397 314
 1 1 17.500000 1.984474 39
 6 1 67.500000 2.923147 219
 1 0 27.500000 1.759350 42
 6 1 12.500000 2.832808 197
 4 0 62.500000 1.463402 152
 7 1 77.500000 2.585650 255
 2 0 47.500000 1.006115 82
 2 1 57.500000 2.632433 87
 8 1 77.500000 1.034807 287
 5 0 57.500000 2.384913 182
 9 1 12.500000 1.349042 293
 7 0 47.500000 2.442038 242
 3 0 7.500000 2.082526 98
 3 0 2.500000 1.161265 96
 10 1 37.500000 2.776055 335
 9 1 37.500000 1.007386 303
 8 1 57.500000 2.917552 279
 0 1 62.500000 1.851916 25
 1 0 7.500000 1.444123 34
 1017338.050109 28
 2 1 12.500000 1.114490 69
 11 1 72.500000 2.016381 381
 1 0 27.500000 1.759350 42
 11 1 12.500000 2.799496 357
 8 1 67.500000 2.339925 283
 10 0 72.500000 1.108768 348
 4 0 62.500000 1.463402 152
 2 0 57.500000 2.387286 86
 7 1 57.500000 1.644386 247
 3 0 7.500000 2.082526 98
 4 0 57.500000 1.039886 150
 2 0 77.500000 1.691391 94
 5 0 22.500000 2.356828 168
 4 0 12.500000 2.225217 132
 8 1 37.500000 1.673175 271
 8 1 12.500000 1.960562 261
 4 0 42.500000 1.815616 144
 2 0 52.500000 2.124653 84
 10 0 62.500000 2.959314 344
 1 0 37.500000 1.892976 46
 3 0 62.500000 2.279238 120
 3 0 57.500000 2.385031 118
 6 1 32.500000 2.611849 205
 0 1 47.500000 2.311133 19
 11 0 42.500000 2.960627 368
 9 0 52.500000 2.043632 308
 8 0 67.500000 1.134473 282
 3 0 17.500000 2.485311 102
 461721.609375 24
 10 1 37.500000 2.776055 335
 4 0 12.500000 2.225217 132
 6 1 27.500000 2.105642 203
 6 1 67.500000 2.923147 219
 7 1 27.500000 1.957122 235
 6 1 32.500000 2.611849 205
 8 1 37.500000 1.673175 271
 8 1 67.500000 2.339925 283
 6 1 57.500000 2.827113 215
 2 1 77.500000 1.296730 95
 6 0 17.500000 1.071416 198
 10 1 42.500000 2.118009 337
 6 0 77.500000 1.574657 222
 11 0 67.500000 2.536390 378
 3 1 37.500000 2.322187 111
 11 1 12.500000 2.799496 357
 8 0 17.500000 1.533810 262
 8 1 12.500000 1.960562 261
 0 1 52.500000 1.147742 21
 6 1 17.500000 2.407167 199
 10 0 12.500000 1.653436 324
 10 0 62.500000 2.959314 344
 2 0 12.500000 1.003936 68
 11 1 42.500000 2.335880 369
 1776971.412160 10
 6 1 17.500000 2.407167 199
 7 1 27.500000 1.957122 235
 5 1 42.500000 1.657120 177
 10 1 37.500000 2.776055 335
 9 1 77.500000 1.324863 319
 9 0 37.500000 1.317748 302
 11 0 7.500000 1.481266 354
 11 1 42.500000 2.335880 369
 6 1 67.500000 2.923147 219
 4 1 7.500000 1.644987 131
 715764.875578 19
 0 0 72.500000 2.579465 28
 6 0 7.500000 2.472757 194
 1 0 27.500000 1.759350 42
 4 0 62.500000 1.463402 152
 7 1 62.500000 2.018160 249
 6 0 47.500000 2.811648 210
 6 0 17.500000 1.071416 198
 5 0 57.500000 2.384913 182
 2 0 57.500000 2.387286 86
 11 0 27.500000 1.595835 362
 6 0 42.500000 1.589489 208
 4 1 52.500000 2.168713 149
 9 0 12.500000 1.431372 292
 4 0 17.500000 1.600832 134
 6 1 12.500000 2.832808 197
 2 0 7.500000 2.902662 66
 4 1 67.500000 1.654883 155
 2 0 12.500000 1.003936 68
 7 0 47.500000 2.442038 242
 1534251.616287 24
 9 0 37.500000 1.317748 302
 11 1 57.500000 2.258176 375
 8 1 57.500000 2.917552 279
 9 0 47.500000 1.003736 306
 8 1 47.500000 1.404020 275
 2 0 77.500000 1.691391 94
 5 1 42.500000 1.657120 177
 0 1 32.500000 2.550822 13
 0 1 62.500000 1.851916 25
 8 1 12.500000 1.960562 261
 7 1 47.500000 1.191673 243
 8 1 67.500000 2.339925 283
 11 0 42.500000 2.960627 368
 8 0 67.500000 1.134473 282
 7 0 77.500000 1.184451 254
 7 1 62.500000 2.018160 249
 1 1 17.500000 1.984474 39
 7 0 47.500000 2.442038 242
 6 0 7.500000 2.472757 194
 4 0 42.500000 1.815616 144
 11 1 27.500000 1.892974 363
 11 0 67.500000 2.536390 378
 7 1 77.500000 2.585650 255
 2 0 7.500000 2.902662 66
 619368.639970 8
 1 0 7.500000 1.444123 34
 1 0 27.500000 1.759350 42
 3 0 7.500000 2.082526 98
 0 1 47.500000 2.311133 19
 2 0 52.500000 2.124653 84
 7 1 52.500000 1.637237 245
 10 0 12.500000 1.653436 324
 9 0 2.500000 1.248598 288
 1758290.062229 4
 8 0 67.500000 1.134473 282
 10 1 57.500000 2.768797 343
 10 0 77.500000 1.634196 350
 8 0 47.500000 1.162221 274
 1462442.525282 12
 9 0 47.500000 1.003736 306
 4 0 12.500000 2.225217 132
 10 1 17.500000 1.777202 327
 6 0 17.500000 1.071416 198
 7 0 77.500000 1.184451 254
 2 0 57.500000 2.387286 86
 10 1 57.500000 2.768797 343
 7 1 52.500000 1.637237 245
 9 1 12.500000 1.349042 293
 4 1 42.500000 2.403359 145
 11 1 42.500000 2.335880 369
 0 1 62.500000 1.851916 25
 637158.730271 16
 6 1 32.500000 2.611849 205
 1 0 7.500000 1.444123 34
 1 0 77.500000 1.608626 62
 10 0 12.500000 1.653436 324
 10 1 47.500000 1.027425 339
 2 0 77.500000 1.691391 94
 11 1 27.500000 1.892974 363
 2 0 7.500000 2.902662 66
 3 1 32.500000 2.723258 109
 4 0 17.500000 1.600832 134
 11 0 27.500000 1.595835 362
 8 1 47.500000 1.404020 275
 5 0 22.500000 2.356828 168
 8 1 57.500000 2.917552 279
 6 0 17.500000 1.071416 198
 9 1 7.500000 2.293442 291
 305790.839040 23
 4 0 62.500000 1.463402 152
 1 1 7.500000 2.319234 35
 11 0 67.500000 2.536390 378
 4 0 22.500000 2.441730 136
 1 0 7.500000 1.444123 34
 9 1 47.500000 1.491652 307
 7 1 27.500000 1.957122 235
 2 0 57.500000 2.387286 86
 9 0 52.500000 2.043632 308
 1 0 27.500000 1.759350 42
 8 1 47.500000 1.404020 275
 9 0 2.500000 1.248598 288
 2 0 77.500000 1.691391 94
 4 1 42.500000 2.403359 145
 6 0 47.500000 2.811648 210
 3 0 62.500000 2.279238 120
 6 1 32.500000 2.611849 205
 0 1 77.500000 2.646348 31
 8 1 12.500000 1.960562 261
 11 0 52.500000 1.741730 372
 5 1 72.500000 2.124086 189
 2 0 12.500000 1.003936 68
 6 1 57.500000 2.827113 215
 759636.483360 6
 4 0 17.500000 1.600832 134
 7 1 62.500000 2.018160 249
 9 1 27.500000 2.941496 299
 0 0 72.500000 2.579465 28
 0 0 77.500000 2.603741 30
 7 1 52.500000 1.637237 245
 1946575.678320 31
 0 0 32.500000 1.323920 12
 4 0 12.500000 2.225217 132
 8 1 37.500000 1.673175 271
 4 0 42.500000 1.815616 144
 6 1 57.500000 2.827113 215
 3 1 22.500000 1.817312 105
 3 1 62.500000 2.932294 121
 9 0 17.500000 2.848085 294
 6 0 17.500000 1.071416 198
 4 1 62.500000 1.915341 153
 3 1 37.500000 2.322187 111
 2 1 42.500000 2.090768 81
 6 1 32.500000 2.611849 205
 8 1 57.500000 2.917552 279
 0 1 47.500000 2.311133 19
 1 0 47.500000 1.108323 50
 10 1 42.500000 2.118009 337
 11 1 27.500000 1.892974 363
 7 1 2.500000 1.837407 225
 7 1 52.500000 1.637237 245
 9 1 12.500000 1.349042 293
 11 0 7.500000 1.481266 354
 0 0 7.500000 1.319788 2
 8 1 67.500000 2.339925 283
 11 0 52.500000 1.741730 372
 7 0 47.500000 2.442038 242
 0 1 62.500000 1.851916 25
 1 1 7.500000 2.319234 35
 10 0 62.500000 2.959314 344
 7 1 12.500000 1.718883 229
 4 1 42.500000 2.403359 145
 870768.481731 32
 8 0 67.500000 1.134473 282
 8 0 42.500000 1.589635 272
 3 0 52.500000 2.190584 116
 10 1 42.500000 2.118009 337
 7 1 2.500000 1.837407 225
 4 1 7.500000 1.644987 131
 10 1 37.500000 2.776055 335
 10 0 62.500000 2.959314 344
 5 0 7.500000 1.651547 162
 5 1 42.500000 1.657120 177
 2 0 57.500000 2.387286 86
 2 0 52.500000 2.124653 84
 4 0 2.500000 2.737695 128
 4 0 17.500000 1.600832 134
 1 1 17.500000 1.984474 39
 6 1 67.500000 2.923147 219
 4 0 42.500000 1.815616 144
 1 1 7.500000 2.319234 35
 1 1 57.500000 2.189641 55
 6 1 72.500000 2.475453 221
 0 0 77.500000 2.603741 30
 11 1 12.500000 2.799496 357
 3 1 62.500000 2.932294 121
 11 1 72.500000 2.016381 381
 9 1 72.500000 2.839369 317
 9 0 2.500000 1.248598 288
 11 0 52.500000 1.741730 372
 7 0 77.500000 1.184451 254
 2 0 12.500000 1.003936 68
 10 1 72.500000 1.011312 349
 9 0 67.500000 2.514397 314
 6 0 47.500000 2.811648 210
 738271.354129 30
 11 0 52.500000 1.741730 372
 10 0 12.500000 1.653436 324
 3 0 12.500000 1.396895 100
 2 0 7.500000 2.902662 66
 0 1 7.500000 1.556114 3
 3 0 57.500000 2.385031 118
 2 1 12.500000 1.114490 69
 1 0 7.500000 1.444123 34
 5 0 67.500000 2.847375 186
 1 1 17.500000 1.984474 39
 10 1 52.500000 1.828556 341
 8 1 12.500000 1.960562 261
 5 0 17.500000 2.467278 166
 4 0 57.500000 1.039886 150
 2 0 77.500000 1.691391 94
 1 1 62.500000 1.131191 57
 6 1 17.500000 2.407167 199
 1 1 7.500000 2.319234 35
 9 1 17.500000 1.201881 295
 6 1 67.500000 2.923147 219
 3 0 52.500000 2.190584 116
 8 0 42.500000 1.589635 272
 2 0 52.500000 2.124653 84
 0 1 47.500000 2.311133 19
 2 0 57.500000 2.387286 86
 7 1 67.500000 2.476403 251
 7 1 37.500000 2.591411 239
 7 1 62.500000 2.018160 249
 10 1 72.500000 1.011312 349
 9 1 12.500000 1.349042 293
 67081.025609 24
 7 1 27.500000 1.957122 235
 0 1 62.500000 1.851916 25
 3 1 62.500000 2.932294 121
 0 1 47.500000 2.311133 19
 6 1 67.500000 2.923147 219
 0 0 72.500000 2.579465 28
 10 1 37.500000 2.776055 335
 3 1 37.500000 2.322187 111
 10 1 42.500000 2.118009 337
 1 0 62.500000 2.632247 56
 8 1 37.500000 1.673175 271
 1 1 17.500000 1.984474 39
 0 1 77.500000 2.646348 31
 6 1 57.500000 2.827113 215
 10 0 12.500000 1.653436 324
 7 0 12.500000 2.301523 228
 6 1 12.500000 2.832808 197
 6 1 17.500000 2.407167 199
 6 0 22.500000 2.643164 200
 11 1 72.500000 2.016381 381
 8 0 27.500000 2.102326 266
 4 0 12.500000 2.225217 132
 7 1 12.500000 1.718883 229
 10 1 72.500000 1.011312 349
 212167.660842 8
 9 0 7.500000 2.550303 290
 3 0 52.500000 2.190584 116
 4 0 17.500000 1.600832 134
 1 0 37.500000 1.892976 46
 11 0 67.500000 2.536390 378
 10 0 42.500000 1.537300 336
 9 0 42.500000 1.150531 304
 4 0 62.500000 1.463402 152
 1186033.984658 12
 9 1 12.500000 1.349042 293
 3 1 37.500000 2.322187 111
 1 1 72.500000 1.208164 61
 2 1 57.500000 2.632433 87
 1 1 57.500000 2.189641 55
 11 0 32.500000 1.908342 364
 11 1 12.500000 2.799496 357
 8 0 42.500000 1.589635 272
 4 1 7.500000 1.644987 131
 9 1 37.500000 1.007386 303
 2 0 62.500000 2.128643 88
 7 0 47.500000 2.442038 242
 1058822.294911 9
 1 0 27.500000 1.759350 42
 9 0 12.500000 1.431372 292
 4 1 57.500000 2.928025 151
 4 0 57.500000 1.039886 150
 2 1 37.500000 1.078141 79
 6 1 57.500000 2.827113 215
 2 0 12.500000 1.003936 68
 11 1 57.500000 2.258176 375
 4 0 62.500000 1.463402 152
 1241685.670950 15
 9 1 37.500000 1.007386 303
 7 1 12.500000 1.718883 229
 10 1 72.500000 1.011312 349
 11 1 27.500000 1.892974 363
 10 0 42.500000 1.537300 336
 8 0 67.500000 1.134473 282
 1 0 7.500000 1.444123 34
 7 1 57.500000 1.644386 247
 8 1 72.500000 1.555534 285
 5 0 22.500000 2.356828 168
 5 1 57.500000 1.012442 183
 3 0 32.500000 2.627623 108
 3 0 52.500000 2.190584 116
 10 0 62.500000 2.959314 344
 6 0 77.500000 1.574657 222
 1881419.085153 16
 5 0 12.500000 1.176519 164
 11 0 52.500000 1.741730 372
 8 1 12.500000 1.960562 261
 9 0 2.500000 1.248598 288
 10 0 72.500000 1.108768 348
 2 0 12.500000 1.003936 68
 6 1 67.500000 2.923147 219
 4 1 57.500000 2.928025 151
 10 1 27.500000 1.820606 331
 7 0 47.500000 2.442038 242
 4 0 62.500000 1.463402 152
 7 1 52.500000 1.637237 245
 8 0 67.500000 1.134473 282
 2 0 77.500000 1.691391 94
 11 0 27.500000 1.595835 362
 3 0 52.500000 2.190584 116
 1191976.395786 6
 2 1 57.500000 2.632433 87
 5 0 22.500000 2.356828 168
 0 0 32.500000 1.323920 12
 0 1 22.500000 1.355671 9
 4 1 7.500000 1.644987 131
 1 0 7.500000 1.444123 34
 1921715.719719 7
 7 0 77.500000 1.184451 254
 4 1 52.500000 2.168713 149
 7 1 57.500000 1.644386 247
 11 1 77.500000 1.575099 383
 8 1 17.500000 2.424029 263
 9 1 37.500000 1.007386 303
 4 1 62.500000 1.915341 153
 1154919.244682 25
 7 1 12.500000 1.718883 229
 6 1 67.500000 2.923147 219
 7 1 2.500000 1.837407 225
 1 1 57.500000 2.189641 55
 4 0 57.500000 1.039886 150
 8 1 12.500000 1.960562 261
 9 1 72.500000 2.839369 317
 11 1 57.500000 2.258176 375
 1 0 7.500000 1.444123 34
 6 1 32.500000 2.611849 205
 5 1 2.500000 2.809511 161
 0 0 72.500000 2.579465 28
 2 1 12.500000 1.114490 69
 8 0 22.500000 1.527153 264
 2 0 12.500000 1.003936 68
 2 0 67.500000 2.148181 90
 3 1 62.500000 2.932294 121
 9 1 37.500000 1.007386 303
 3 0 52.500000 2.190584 116
 2 0 7.500000 2.902662 66
 0 0 62.500000 2.512730 24
 5 1 42.500000 1.657120 177
 4 0 17.500000 1.600832 134
 6 1 57.500000 2.827113 215
 4 1 62.500000 1.915341 153
 856415.315706 16
 8 1 37.500000 1.673175 271
 10 1 22.500000 2.557868 329
 10 1 37.500000 2.776055 335
 11 0 27.500000 1.595835 362
 10 1 2.500000 1.732006 321
 10 0 62.500000 2.959314 344
 7 1 27.500000 1.957122 235
 3 0 7.500000 2.082526 98
 3 0 57.500000 2.385031 118
 7 1 77.500000 2.585650 255
 8 0 27.500000 2.102326 266
 6 1 72.500000 2.475453 221
 11 0 32.500000 1.908342 364
 2 0 7.500000 2.902662 66
 0 1 62.500000 1.851916 25
 0 0 32.500000 1.323920 12
 1431600.489780 27
 4 0 62.500000 1.463402 152
 9 1 72.500000 2.839369 317
 0 0 77.500000 2.603741 30
 11 1 42.500000 2.335880 369
 4 0 57.500000 1.039886 150
 7 0 42.500000 1.867919 240
 4 1 57.500000 2.928025 151
 9 1 12.500000 1.349042 293
 8 1 67.500000 2.339925 283
 7 1 12.500000 1.718883 229
 0 1 7.500000 1.556114 3
 9 0 12.500000 1.431372 292
 10 0 12.500000 1.653436 324
 10 1 72.500000 1.011312 349
 1 1 7.500000 2.319234 35
 3 1 37.500000 2.322187 111
 11 0 42.500000 2.960627 368
 6 1 67.500000 2.923147 219
 5 0 7.500000 1.651547 162
 2 0 57.500000 2.387286 86
 0 0 32.500000 1.323920 12
 1 0 27.500000 1.759350 42
 3 0 52.500000 2.190584 116
 5 0 22.500000 2.356828 168
 6 0 77.500000 1.574657 222
 3 1 52.500000 1.128650 117
 2 0 77.500000 1.691391 94
 779161.572484 35
 0 1 37.500000 2.822795 15
 3 1 67.500000 2.680416 123
 11 0 42.500000 2.960627 368
 4 1 42.500000 2.403359 145
 3 1 52.500000 1.128650 117
 3 0 52.500000 2.190584 116
 7 1 2.500000 1.837407 225
 8 0 42.500000 1.589635 272
 6 1 67.500000 2.923147 219
 2 1 57.500000 2.632433 87
 3 0 7.500000 2.082526 98
 8 0 62.500000 1.444210 280
 8 1 67.500000 2.339925 283
 11 1 27.500000 1.892974 363
 4 0 72.500000 1.155317 156
 7 1 77.500000 2.585650 255
 11 1 57.500000 2.258176 375
 4 1 7.500000 1.644987 131
 10 0 12.500000 1.653436 324
 0 0 72.500000 2.579465 28
 2 0 7.500000 2.902662 66
 9 0 47.500000 1.003736 306
 9 0 57.500000 2.353156 310
 6 0 42.500000 1.589489 208
 5 0 2.500000 2.186230 160
 11 1 72.500000 2.016381 381
 10 0 67.500000 1.879927 346
 9 1 42.500000 2.514343 305
 3 1 62.500000 2.932294 121
 9 0 37.500000 1.317748 302
 1 0 22.500000 2.416986 40
 4 0 62.500000 1.463402 152
 8 1 12.500000 1.960562 261
 6 0 77.500000 1.574657 222
 8 1 47.500000 1.404020 275
 638623.776398 11
 2 1 12.500000 1.114490 69
 4 0 12.500000 2.225217 132
 10 0 72.500000 1.108768 348
 7 1 62.500000 2.018160 249
 10 1 72.500000 1.011312 349
 5 0 22.500000 2.356828 168
 8 1 47.500000 1.404020 275
 1 0 17.500000 1.638098 38
 9 1 37.500000 1.007386 303
 9 1 12.500000 1.349042 293
 11 0 22.500000 2.860934 360
 1255333.592117 7
 9 0 47.500000 1.003736 306
 3 1 62.500000 2.932294 121
 2 0 77.500000 1.691391 94
 5 1 72.500000 2.124086 189
 4 1 7.500000 1.644987 131
 4 0 57.500000 1.039886 150
 10 1 72.500000 1.011312 349
 1371179.105570 17
 8 1 12.500000 1.960562 261
 0 1 62.500000 1.851916 25
 9 0 37.500000 1.317748 302
 7 1 77.500000 2.585650 255
 6 0 77.500000 1.574657 222
 3 0 57.500000 2.385031 118
 11 1 12.500000 2.799496 357
 2 0 7.500000 2.902662 66
 8 0 42.500000 1.589635 272
 8 1 57.500000 2.917552 279
 0 1 47.500000 2.311133 19
 9 1 62.500000 1.602871 313
 0 1 77.500000 2.646348 31
 6 0 62.500000 1.225979 216
 1 0 12.500000 2.821238 36
 0 0 72.500000 2.579465 28
 11 1 57.500000 2.258176 375
 1949527.547504 31
 7 0 77.500000 1.184451 254
 7 1 72.500000 1.484590 253
 10 1 72.500000 1.011312 349
 11 0 67.500000 2.536390 378
 6 1 32.500000 2.611849 205
 3 1 47.500000 2.826806 115
 4 0 17.500000 1.600832 134
 11 1 27.500000 1.892974 363
 11 1 72.500000 2.016381 381
 3 0 7.500000 2.082526 98
 11 0 52.500000 1.741730 372
 4 1 57.500000 2.928025 151
 4 0 42.500000 1.815616 144
 10 0 62.500000 2.959314 344
 8 1 47.500000 1.404020 275
 1 0 27.500000 1.759350 42
 1 1 57.500000 2.189641 55
 2 0 7.500000 2.902662 66
 11 0 27.500000 1.595835 362
 8 1 37.500000 1.673175 271
 11 0 77.500000 1.691837 382
 1 1 2.500000 2.226779 33
 10 1 37.500000 2.776055 335
 7 1 57.500000 1.644386 247
 1 1 7.500000 2.319234 35
 7 1 2.500000 1.837407 225
 11 0 42.500000 2.960627 368
 4 0 62.500000 1.463402 152
 3 0 2.500000 1.161265 96
 7 0 47.500000 2.442038 242
 6 1 67.500000 2.923147 219
 1773439.175940 7
 10 0 12.500000 1.653436 324
 8 0 67.500000 1.134473 282
 11 1 72.500000 2.016381 381
 1 1 17.500000 1.984474 39
 1 0 37.500000 1.892976 46
 8 0 62.500000 1.444210 280
 10 1 72.500000 1.011312 349
 769966.077809 9
 6 1 27.500000 2.105642 203
 4 0 57.500000 1.039886 150
 11 1 12.500000 2.799496 357
 2 0 57.500000 2.387286 86
 11 0 42.500000 2.960627 368
 9 1 72.500000 2.839369 317
 10 0 72.500000 1.108768 348
 5 0 22.500000 2.356828 168
 1 0 27.500000 1.759350 42
 790708.908919 17
 0 0 77.500000 2.603741 30
 2 0 77.500000 1.691391 94
 0 0 72.500000 2.579465 28
 8 1 37.500000 1.673175 271
 4 1 42.500000 2.403359 145
 3 0 2.500000 1.161265 96
 0 0 32.500000 1.323920 12
 8 1 67.500000 2.339925 283
 10 0 72.500000 1.108768 348
 11 0 27.500000 1.595835 362
 1 1 17.500000 1.984474 39
 8 1 47.500000 1.404020 275
 0 1 77.500000 2.646348 31
 10 0 12.500000 1.653436 324
 4 0 12.500000 2.225217 132
 3 1 62.500000 2.932294 121
 1 1 7.500000 2.319234 35
 1453312.226317 12
 3 0 52.500000 2.190584 116
 9 1 12.500000 1.349042 293
 1 0 27.500000 1.759350 42
 6 1 57.500000 2.827113 215
 8 1 37.500000 1.673175 271
 0 1 27.500000 1.424851 11
 2 0 12.500000 1.003936 68
 1 0 37.500000 1.892976 46
 2 1 42.500000 2.090768 81
 9 0 52.500000 2.043632 308
 3 0 2.500000 1.161265 96
 4 1 57.500000 2.928025 151
 803517.842388 6
 4 1 12.500000 2.860286 133
 11 1 57.500000 2.258176 375
 0 0 67.500000 1.945139 26
 3 0 2.500000 1.161265 96
 8 1 47.500000 1.404020 275
 1 1 17.500000 1.984474 39
 1084367.642665 6
 1 0 2.500000 2.302113 32
 4 0 42.500000 1.815616 144
 11 0 52.500000 1.741730 372
 2 1 62.500000 2.738536 89
 3 0 12.500000 1.396895 100
 11 1 72.500000 2.016381 381
 1549466.884951 16
 10 0 7.500000 1.102126 322
 0 0 32.500000 1.323920 12
 3 0 17.500000 2.485311 102
 7 0 77.500000 1.184451 254
 2 1 37.500000 1.078141 79
 9 0 12.500000 1.431372 292
 2 0 12.500000 1.003936 68
 3 0 62.500000 2.279238 120
 11 1 27.500000 1.892974 363
 8 1 67.500000 2.339925 283
 1 0 7.500000 1.444123 34
 3 0 52.500000 2.190584 116
 10 1 42.500000 2.118009 337
 3 1 52.500000 1.128650 117
 4 1 17.500000 1.291808 135
 7 1 77.500000 2.585650 255
 423748.235490 24
 11 1 27.500000 1.892974 363
 3 0 2.500000 1.161265 96
 9 0 52.500000 2.043632 308
 10 0 62.500000 2.959314 344
 4 0 17.500000 1.600832 134
 3 0 57.500000 2.385031 118
 10 1 72.500000 1.011312 349
 8 1 57.500000 2.917552 279
 4 0 62.500000 1.463402 152
 8 1 7.500000 1.982436 259
 0 0 77.500000 2.603741 30
 7 1 27.500000 1.957122 235
 1 1 7.500000 2.319234 35
 11 0 62.500000 1.215582 376
 8 0 62.500000 1.444210 280
 0 0 72.500000 2.579465 28
 1 1 57.500000 2.189641 55
 9 1 17.500000 1.201881 295
 7 1 62.500000 2.018160 249
 10 0 2.500000 1.477467 320
 7 1 12.500000 1.718883 229
 3 0 7.500000 2.082526 98
 6 0 17.500000 1.071416 198
 11 1 12.500000 2.799496 357
 613364.167331 23
 1 1 17.500000 1.984474 39
 0 1 12.500000 2.706624 5
 10 1 72.500000 1.011312 349
 0 0 72.500000 2.579465 28
 4 0 57.500000 1.039886 150
 11 1 72.500000 2.016381 381
 4 0 17.500000 1.600832 134
 11 1 57.500000 2.258176 375
 7 1 77.500000 2.585650 255
 11 0 32.500000 1.908342 364
 0 1 62.500000 1.851916 25
 9 0 37.500000 1.317748 302
 6 1 32.500000 2.611849 205
 4 0 62.500000 1.463402 152
 11 0 2.500000 1.364690 352
 11 0 42.500000 2.960627 368
 3 1 37.500000 2.322187 111
 1 0 7.500000 1.444123 34
 4 1 57.500000 2.928025 151
 6 0 47.500000 2.811648 210
 3 0 2.500000 1.161265 96
 6 1 17.500000 2.407167 199
 11 0 67.500000 2.536390 378
 294621.045745 21
 11 0 27.500000 1.595835 362
 9 0 37.500000 1.317748 302
 8 1 47.500000 1.404020 275
 11 1 12.500000 2.799496 357
 11 0 67.500000 2.536390 378
 4 0 42.500000 1.815616 144
 10 1 72.500000 1.011312 349
 2 1 57.500000 2.632433 87
 11 1 72.500000 2.016381 381
 0 1 77.500000 2.646348 31
 10 1 57.500000 2.768797 343
 6 1 17.500000 2.407167 199
 4 0 12.500000 2.225217 132
 10 0 72.500000 1.108768 348
 7 0 47.500000 2.442038 242
 10 0 62.500000 2.959314 344
 11 0 52.500000 1.741730 372
 11 0 32.500000 1.908342 364
 6 0 62.500000 1.225979 216
 1 1 17.500000 1.984474 39
 4 0 32.500000 1.855807 140
 977534.711369 14
 7 0 77.500000 1.184451 254
 4 0 12.500000 2.225217 132
 8 0 42.500000 1.589635 272
 11 0 27.500000 1.595835 362
 2 0 57.500000 2.387286 86
 6 1 17.500000 2.407167 199
 11 1 72.500000 2.016381 381
 7 1 12.500000 1.718883 229
 9 0 37.500000 1.317748 302
 8 0 52.500000 1.731196 276
 0 1 77.500000 2.646348 31
 1 1 12.500000 1.682081 37
 7 1 27.500000 1.957122 235
 0 1 62.500000 1.851916 25
 120128.702242 13
 4 1 62.500000 1.915341 153
 0 1 62.500000 1.851916 25
 7 0 77.500000 1.184451 254
 4 1 7.500000 1.644987 131
 3 1 42.500000 2.401378 113
 8 1 17.500000 2.424029 263
 5 0 72.500000 1.491732 188
 6 1 57.500000 2.827113 215
 10 1 37.500000 2.776055 335
 0 0 17.500000 1.863129 6
 1 0 37.500000 1.892976 46
 3 1 37.500000 2.322187 111
 11 0 22.500000 2.860934 360
 1157852.225619 4
 8 0 67.500000 1.134473 282
 5 1 42.500000 1.657120 177
 4 0 57.500000 1.039886 150
 4 0 12.500000 2.225217 132
 1417015.789178 21
 11 1 72.500000 2.016381 381
 4 0 32.500000 1.855807 140
 10 1 42.500000 2.118009 337
 11 0 57.500000 2.501962 374
 1 0 27.500000 1.759350 42
 9 0 37.500000 1.317748 302
 8 0 32.500000 2.015754 268
 9 0 12.500000 1.431372 292
 2 0 57.500000 2.387286 86
 8 1 12.500000 1.960562 261
 6 1 12.500000 2.832808 197
 11 1 57.500000 2.258176 375
 3 1 62.500000 2.932294 121
 0 1 62.500000 1.851916 25
 8 0 67.500000 1.134473 282
 7 1 2.500000 1.837407 225
 3 0 62.500000 2.279238 120
 6 0 17.500000 1.071416 198
 3 0 57.500000 2.385031 118
 6 1 57.500000 2.827113 215
 2 0 47.500000 1.006115 82
 1924914.108126 32
 4 0 17.500000 1.600832 134
 6 0 62.500000 1.225979 216
 0 0 77.500000 2.603741 30
 11 1 32.500000 2.158059 365
 11 1 57.500000 2.258176 375
 8 1 67.500000 2.339925 283
 7 0 47.500000 2.442038 242
 4 0 57.500000 1.039886 150
 2 1 47.500000 1.728078 83
 4 0 22.500000 2.441730 136
 9 1 37.500000 1.007386 303
 4 1 42.500000 2.403359 145
 11 0 52.500000 1.741730 372
 6 1 57.500000 2.827113 215
 11 1 72.500000 2.016381 381
 4 1 7.500000 1.644987 131
 10 1 57.500000 2.768797 343
 5 1 42.500000 1.657120 177
 2 0 52.500000 2.124653 84
 0 0 32.500000 1.323920 12
 9 0 12.500000 1.431372 292
 3 0 2.500000 1.161265 96
 7 1 12.500000 1.718883 229
 10 0 72.500000 1.108768 348
 5 0 2.500000 2.186230 160
 3 1 32.500000 2.723258 109
 7 1 2.500000 1.837407 225
 5 0 22.500000 2.356828 168
 7 0 22.500000 2.385606 232
 3 1 22.500000 1.817312 105
 10 1 42.500000 2.118009 337
 2 0 7.500000 2.902662 66
 796481.778527 5
 3 0 57.500000 2.385031 118
 3 1 37.500000 2.322187 111
 11 0 42.500000 2.960627 368
 8 1 57.500000 2.917552 279
 10 1 57.500000 2.768797 343
 1673349.785746 30
 8 1 57.500000 2.917552 279
 6 1 57.500000 2.827113 215
 3 1 37.500000 2.322187 111
 7 1 57.500000 1.644386 247
 1 0 42.500000 1.581844 48
 6 0 52.500000 2.325068 212
 1 0 7.500000 1.444123 34
 6 0 77.500000 1.574657 222
 8 1 47.500000 1.404020 275
 4 0 42.500000 1.815616 144
 4 1 62.500000 1.915341 153
 3 0 7.500000 2.082526 98
 8 1 37.500000 1.673175 271
 8 1 12.500000 1.960562 261
 0 0 17.500000 1.863129 6
 9 1 72.500000 2.839369 317
 5 0 57.500000 2.384913 182
 7 1 77.500000 2.585650 255
 1 0 37.500000 1.892976 46
 8 0 67.500000 1.134473 282
 5 0 22.500000 2.356828 168
 0 1 72.500000 1.182251 29
 7 1 27.500000 1.957122 235
 8 1 67.500000 2.339925 283
 1 1 17.500000 1.984474 39
 8 0 42.500000 1.589635 272
 6 0 62.500000 1.225979 216
 4 0 57.500000 1.039886 150
 11 1 42.500000 2.335880 369
 9 0 52.500000 2.043632 308
 1912633.718808 35
 5 0 2.500000 2.186230 160
 3 0 62.500000 2.279238 120
 9 0 57.500000 2.353156 310
 10 0 2.500000 1.477467 320
 10 0 12.500000 1.653436 324
 2 0 57.500000 2.387286 86
 9 1 12.500000 1.349042 293
 11 1 42.500000 2.335880 369
 8 1 47.500000 1.404020 275
 6 1 12.500000 2.832808 197
 11 0 67.500000 2.536390 378
 6 0 62.500000 1.225979 216
 9 1 22.500000 1.646787 297
 2 0 7.500000 2.902662 66
 6 1 32.500000 2.611849 205
 4 1 62.500000 1.915341 153
 7 1 77.500000 2.585650 255
 2 0 77.500000 1.691391 94
 8 1 57.500000 2.917552 279
 8 0 67.500000 1.134473 282
 10 1 72.500000 1.011312 349
 5 1 42.500000 1.657120 177
 7 1 2.500000 1.837407 225
 1 0 32.500000 2.299191 44
 4 1 77.500000 1.062934 159
 9 0 2.500000 1.248598 288
 10 1 37.500000 2.776055 335
 5 0 57.500000 2.384913 182
 8 1 67.500000 2.339925 283
 2 0 12.500000 1.003936 68
 10 0 62.500000 2.959314 344
 3 0 2.500000 1.161265 96
 1 0 27.500000 1.759350 42
 0 1 62.500000 1.851916 25
 2 0 52.500000 2.124653 84
 765957.358538 30
 11 0 27.500000 1.595835 362
 9 1 12.500000 1.349042 293
 3 1 62.500000 2.932294 121
 3 0 2.500000 1.161265 96
 4 0 57.500000 1.039886 150
 9 0 37.500000 1.317748 302
 8 1 47.500000 1.404020 275
 5 1 42.500000 1.657120 177
 6 0 47.500000 2.811648 210
 11 1 12.500000 2.799496 357
 4 1 57.500000 2.928025 151
 10 1 57.500000 2.768797 343
 7 1 62.500000 2.018160 249
 6 0 62.500000 1.225979 216
 6 1 67.500000 2.923147 219
 1 1 57.500000 2.189641 55
 4 0 17.500000 1.600832 134
 6 0 77.500000 1.574657 222
 6 1 17.500000 2.407167 199
 9 1 72.500000 2.839369 317
 9 0 12.500000 1.431372 292
 10 0 32.500000 1.048496 332
 9 0 2.500000 1.248598 288
 6 1 32.500000 2.611849 205
 3 1 52.500000 1.128650 117
 1 0 27.500000 1.759350 42
 3 0 52.500000 2.190584 116
 8 1 57.500000 2.917552 279
 5 0 42.500000 2.554158 176
 0 1 47.500000 2.311133 19
 1336447.124507 3
 4 0 42.500000 1.815616 144
 9 1 37.500000 1.007386 303
 1 1 57.500000 2.189641 55
 1990586.226746 2
 6 0 2.500000 2.939037 192
 11 0 27.500000 1.595835 362
 1535985.115550 10
 10 1 72.500000 1.011312 349
 4 1 7.500000 1.644987 131
 11 1 57.500000 2.258176 375
 8 1 12.500000 1.960562 261
 0 0 77.500000 2.603741 30
 11 0 67.500000 2.536390 378
 7 0 47.500000 2.442038 242
 0 1 47.500000 2.311133 19
 2 1 57.500000 2.632433 87
 2 1 12.500000 1.114490 69
 535407.559562 3
 11 0 57.500000 2.501962 374
 4 1 17.500000 1.291808 135
 7 1 57.500000 1.644386 247
 1743814.384092 5
 0 0 72.500000 2.579465 28
 2 0 77.500000 1.691391 94
 8 1 37.500000 1.673175 271
 4 0 42.500000 1.815616 144
 11 0 42.500000 2.960627 368
 1276044.780051 8
 5 0 57.500000 2.384913 182
 10 0 7.500000 1.102126 322
 4 1 62.500000 1.915341 153
 11 1 12.500000 2.799496 357
 3 1 62.500000 2.932294 121
 11 1 57.500000 2.258176 375
 11 1 42.500000 2.335880 369
 3 1 37.500000 2.322187 111
 1220157.172764 3
 10 0 12.500000 1.653436 324
 5 1 17.500000 1.446984 167
 11 1 72.500000 2.016381 381
 515588.543040 30
 4 1 57.500000 2.928025 151
 3 1 62.500000 2.932294 121
 5 0 12.500000 1.176519 164
 7 1 52.500000 1.637237 245
 4 0 62.500000 1.463402 152
 11 1 12.500000 2.799496 357
 6 0 52.500000 2.325068 212
 7 1 42.500000 1.474119 241
 3 1 52.500000 1.128650 117
 1 0 57.500000 2.015635 54
 2 0 77.500000 1.691391 94
 1 1 57.500000 2.189641 55
 10 1 42.500000 2.118009 337
 7 0 47.500000 2.442038 242
 1 0 7.500000 1.444123 34
 3 0 2.500000 1.161265 96
 5 0 57.500000 2.384913 182
 4 1 42.500000 2.403359 145
 6 0 77.500000 1.574657 222
 7 1 57.500000 1.644386 247
 10 1 72.500000 1.011312 349
 4 0 42.500000 1.815616 144
 11 0 67.500000 2.536390 378
 9 0 37.500000 1.317748 302
 10 1 57.500000 2.768797 343
 0 1 62.500000 1.851916 25
 1 0 27.500000 1.759350 42
 1 1 17.500000 1.984474 39
 0 1 32.500000 2.550822 13
 8 1 12.500000 1.960562 261
 1436908.586229 7
 4 0 17.500000 1.600832 134
 6 0 72.500000 1.655625 220
 11 1 12.500000 2.799496 357
 7 1 62.500000 2.018160 249
 2 1 12.500000 1.114490 69
 0 0 77.500000 2.603741 30
 3 0 57.500000 2.385031 118
 765187.023843 18
 9 1 22.500000 1.646787 297
 8 0 42.500000 1.589635 272
 3 1 62.500000 2.932294 121
 5 1 2.500000 2.809511 161
 9 1 37.500000 1.007386 303
 8 0 57.500000 1.713788 278
 10 1 57.500000 2.768797 343
 2 0 57.500000 2.387286 86
 4 0 62.500000 1.463402 152
 3 1 52.500000 1.128650 117
 0 0 77.500000 2.603741 30
 7 1 27.500000 1.957122 235
 3 0 7.500000 2.082526 98
 1 1 72.500000 1.208164 61
 1 0 37.500000 1.892976 46
 10 1 42.500000 2.118009 337
 11 1 42.500000 2.335880 369
 3 1 22.500000 1.817312 105
 51693.813210 17
 9 1 12.500000 1.349042 293
 1 0 52.500000 2.954021 52
 2 1 12.500000 1.114490 69
 8 1 47.500000 1.404020 275
 10 0 72.500000 1.108768 348
 11 0 67.500000 2.536390 378
 6 1 12.500000 2.832808 197
 5 0 57.500000 2.384913 182
 7 1 12.500000 1.718883 229
 9 1 72.500000 2.839369 317
 4 1 57.500000 2.928025 151
 7 1 77.500000 2.585650 255
 5 1 42.500000 1.657120 177
 4 1 2.500000 1.647539 129
 3 1 52.500000 1.128650 117
 5 1 72.500000 2.124086 189
 0 0 72.500000 2.579465 28
 1318313.750028 10
 4 1 42.500000 2.403359 145
 6 1 67.500000 2.923147 219
 6 1 57.500000 2.827113 215
 10 1 37.500000 2.776055 335
 8 1 12.500000 1.960562 261
 10 0 12.500000 1.653436 324
 4 0 62.500000 1.463402 152
 0 0 72.500000 2.579465 28
 1 0 27.500000 1.759350 42
 10 1 42.500000 2.118009 337
 1239233.626108 19
 1 1 7.500000 2.319234 35
 8 1 47.500000 1.404020 275
 8 1 57.500000 2.917552 279
 7 1 62.500000 2.018160 249
 11 1 12.500000 2.799496 357
 0 1 47.500000 2.311133 19
 4 0 72.500000 1.155317 156
 3 1 52.500000 1.128650 117
 5 1 42.500000 1.657120 177
 7 1 2.500000 1.837407 225
 6 1 32.500000 2.611849 205
 11 0 52.500000 1.741730 372
 4 1 62.500000 1.915341 153
 0 1 52.500000 1.147742 21
 2 0 17.500000 2.141242 70
 2 0 77.500000 1.691391 94
 11 1 42.500000 2.335880 369
 6 0 77.500000 1.574657 222
 4 1 57.500000 2.928025 151
 384103.565320 15
 10 1 17.500000 1.777202 327
 8 0 42.500000 1.589635 272
 6 0 52.500000 2.325068 212
 2 0 77.500000 1.691391 94
 8 1 12.500000 1.960562 261
 10 1 72.500000 1.011312 349
 10 0 57.500000 1.005202 342
 5 1 77.500000 2.993324 191
 11 0 7.500000 1.481266 354
 10 0 12.500000 1.653436 324
 6 0 77.500000 1.574657 222
 3 1 37.500000 2.322187 111
 5 0 22.500000 2.356828 168
 1 0 37.500000 1.892976 46
 11 0 67.500000 2.536390 378
 895673.632480 25
 1 1 7.500000 2.319234 35
 8 1 57.500000 2.917552 279
 1 1 2.500000 2.226779 33
 3 1 37.500000 2.322187 111
 4 0 62.500000 1.463402 152
 0 0 77.500000 2.603741 30
 10 1 77.500000 1.418183 351
 8 0 42.500000 1.589635 272
 10 1 42.500000 2.118009 337
 0 0 32.500000 1.323920 12
 4 1 42.500000 2.403359 145
 8 1 12.500000 1.960562 261
 3 0 52.500000 2.190584 116
 9 0 12.500000 1.431372 292
 4 0 17.500000 1.600832 134
 10 1 37.500000 2.776055 335
 10 0 72.500000 1.108768 348
 9 0 37.500000 1.317748 302
 2 1 57.500000 2.632433 87
 11 0 27.500000 1.595835 362
 2 0 57.500000 2.387286 86
 4 1 62.500000 1.915341 153
 0 0 17.500000 1.863129 6
 1 0 27.500000 1.759350 42
 3 0 2.500000 1.161265 96
 637537.212576 15
 11 0 42.500000 2.960627 368
 9 1 72.500000 2.839369 317
 11 0 67.500000 2.536390 378
 8 1 12.500000 1.960562 261
 3 0 57.500000 2.385031 118
 1 1 17.500000 1.984474 39
 7 1 62.500000 2.018160 249
 4 1 42.500000 2.403359 145
 1 0 37.500000 1.892976 46
 8 1 57.500000 2.917552 279
 6 1 17.500000 2.407167 199
 3 1 62.500000 2.932294 121
 9 1 12.500000 1.349042 293
 8 1 37.500000 1.673175 271
 10 0 12.500000 1.653436 324
 69050.155631 31
 1 1 7.500000 2.319234 35
 8 1 57.500000 2.917552 279
 11 0 67.500000 2.536390 378
 3 1 52.500000 1.128650 117
 2 1 62.500000 2.738536 89
 8 0 67.500000 1.134473 282
 7 0 47.500000 2.442038 242
 2 0 52.500000 2.124653 84
 0 1 57.500000 2.095665 23
 4 1 42.500000 2.403359 145
 10 1 57.500000 2.768797 343
 10 0 62.500000 2.959314 344
 9 0 57.500000 2.353156 310
 7 1 62.500000 2.018160 249
 9 1 37.500000 1.007386 303
 7 1 22.500000 1.538683 233
 0 0 32.500000 1.323920 12
 0 0 72.500000 2.579465 28
 6 0 22.500000 2.643164 200
 0 1 62.500000 1.851916 25
 7 1 27.500000 1.957122 235
 10 0 12.500000 1.653436 324
 8 1 72.500000 1.555534 285
 7 1 77.500000 2.585650 255
 8 1 67.500000 2.339925 283
 11 1 12.500000 2.799496 357
 3 0 2.500000 1.161265 96
 9 0 27.500000 1.589078 298
 5 1 42.500000 1.657120 177
 9 0 62.500000 2.388801 312
 4 1 62.500000 1.915341 153
 345305.826042 4
 11 1 12.500000 2.799496 357
 4 1 7.500000 1.644987 131
 3 1 52.500000 1.128650 117
 6 0 77.500000 1.574657 222
 592493.313249 35
 10 0 72.500000 1.108768 348
 3 0 7.500000 2.082526 98
 3 1 12.500000 2.809092 101
 0 0 77.500000 2.603741 30
 3 1 62.500000 2.932294 121
 7 1 12.500000 1.718883 229
 9 1 37.500000 1.007386 303
 1 0 37.500000 1.892976 46
 5 0 17.500000 2.467278 166
 9 0 37.500000 1.317748 302
 4 1 42.500000 2.403359 145
 8 1 57.500000 2.917552 279
 8 1 72.500000 1.555534 285
 11 1 27.500000 1.892974 363
 6 1 32.500000 2.611849 205
 10 1 37.500000 2.776055 335
 0 1 77.500000 2.646348 31
 10 1 57.500000 2.768797 343
 6 1 62.500000 2.126351 217
 9 0 12.500000 1.431372 292
 0 0 32.500000 1.323920 12
 4 0 57.500000 1.039886 150
 2 1 57.500000 2.632433 87
 6 1 12.500000 2.832808 197
 4 1 32.500000 1.942665 141
 6 1 57.500000 2.827113 215
 11 1 42.500000 2.335880 369
 7 1 77.500000 2.585650 255
 4 1 62.500000 1.915341 153
 8 1 47.500000 1.404020 275
 11 0 47.500000 2.727211 370
 3 1 37.500000 2.322187 111
 11 1 72.500000 2.016381 381
 11 0 42.500000 2.960627 368
 1 1 77.500000 2.520416 63
 270967.822928 23
 4 0 52.500000 2.938903 148
 3 0 17.500000 2.485311 102
 8 1 17.500000 2.424029 263
 6 1 57.500000 2.827113 215
 6 1 67.500000 2.923147 219
 4 1 7.500000 1.644987 131
 3 0 32.500000 2.627623 108
 3 0 2.500000 1.161265 96
 9 1 12.500000 1.349042 293
 11 0 67.500000 2.536390 378
 6 0 17.500000 1.071416 198
 8 1 22.500000 2.157813 265
 3 0 62.500000 2.279238 120
 4 1 57.500000 2.928025 151
 0 0 77.500000 2.603741 30
 2 1 12.500000 1.114490 69
 11 0 42.500000 2.960627 368
 2 0 7.500000 2.902662 66
 10 0 62.500000 2.959314 344
 4 0 67.500000 1.534709 154
 0 0 57.500000 2.231308 22
 0 0 17.500000 1.863129 6
 9 0 2.500000 1.248598 288
 852433.745494 20
 3 0 62.500000 2.279238 120
 6 0 47.500000 2.811648 210
 3 0 52.500000 2.190584 116
 3 0 2.500000 1.161265 96
 9 1 72.500000 2.839369 317
 0 1 62.500000 1.851916 25
 0 0 77.500000 2.603741 30
 11 0 27.500000 1.595835 362
 8 1 57.500000 2.917552 279
 11 1 42.500000 2.335880 369
 0 1 47.500000 2.311133 19
 8 0 67.500000 1.134473 282
 0 0 22.500000 1.286842 8
 10 0 62.500000 2.959314 344
 8 0 47.500000 1.162221 274
 4 0 42.500000 1.815616 144
 1 0 37.500000 1.892976 46
 11 1 27.500000 1.892974 363
 2 0 52.500000 2.124653 84
 6 0 62.500000 1.225979 216
 1434509.074350 22
 9 0 37.500000 1.317748 302
 11 1 12.500000 2.799496 357
 9 0 12.500000 1.431372 292
 1 1 52.500000 1.539485 53
 7 1 12.500000 1.718883 229
 4 0 17.500000 1.600832 134
 9 1 37.500000 1.007386 303
 0 0 77.500000 2.603741 30
 7 1 62.500000 2.018160 249
 10 0 62.500000 2.959314 344
 6 0 47.500000 2.811648 210
 6 0 17.500000 1.071416 198
 6 1 32.500000 2.611849 205
 10 0 72.500000 1.108768 348
 8 1 12.500000 1.960562 261
 0 1 77.500000 2.646348 31
 7 1 57.500000 1.644386 247
 10 1 37.500000 2.776055 335
 9 1 12.500000 1.349042 293
 4 1 62.500000 1.915341 153
 3 1 17.500000 2.048521 103
 1 1 57.500000 2.189641 55
 1329810.994961 33
 10 0 62.500000 2.959314 344
 1 0 7.500000 1.444123 34
 1 0 12.500000 2.821238 36
 0 0 32.500000 1.323920 12
 1 1 57.500000 2.189641 55
 6 0 62.500000 1.225979 216
 2 1 42.500000 2.090768 81
 9 0 52.500000 2.043632 308
 1 1 7.500000 2.319234 35
 4 1 77.500000 1.062934 159
 9 0 37.500000 1.317748 302
 7 1 77.500000 2.585650 255
 6 0 37.500000 2.530789 206
 10 1 37.500000 2.776055 335
 1 0 27.500000 1.759350 42
 8 1 12.500000 1.960562 261
 10 1 57.500000 2.768797 343
 0 0 72.500000 2.579465 28
 0 0 67.500000 1.945139 26
 3 1 17.500000 2.048521 103
 4 0 57.500000 1.039886 150
 0 1 47.500000 2.311133 19
 4 1 42.500000 2.403359 145
 8 1 67.500000 2.339925 283
 9 1 37.500000 1.007386 303
 5 0 57.500000 2.384913 182
 10 1 27.500000 1.820606 331
 8 1 72.500000 1.555534 285
 2 0 47.500000 1.006115 82
 4 1 67.500000 1.654883 155
 11 1 47.500000 1.409871 371
 6 1 57.500000 2.827113 215
 9 0 2.500000 1.248598 288
 1684605.819697 5
 2 0 77.500000 1.691391 94
 6 0 62.500000 1.225979 216
 1 1 57.500000 2.189641 55
 9 0 52.500000 2.043632 308
 11 1 47.500000 1.409871 371
 1705714.720444 18
 10 0 72.500000 1.108768 348
 6 1 47.500000 2.051514 211
 7 1 57.500000 1.644386 247
 6 1 12.500000 2.832808 197
 6 0 77.500000 1.574657 222
 6 1 57.500000 2.827113 215
 9 0 12.500000 1.431372 292
 9 0 52.500000 2.043632 308
 9 1 12.500000 1.349042 293
 7 0 47.500000 2.442038 242
 9 1 72.500000 2.839369 317
 11 0 67.500000 2.536390 378
 1 0 37.500000 1.892976 46
 6 0 22.500000 2.643164 200
 5 0 67.500000 2.847375 186
 1 1 7.500000 2.319234 35
 8 1 37.500000 1.673175 271
 6 0 17.500000 1.071416 198
 340296.610193 18
 2 1 57.500000 2.632433 87
 2 0 77.500000 1.691391 94
 7 1 62.500000 2.018160 249
 4 0 62.500000 1.463402 152
 0 1 77.500000 2.646348 31
 6 1 12.500000 2.832808 197
 11 1 12.500000 2.799496 357
 3 0 2.500000 1.161265 96
 11 1 57.500000 2.258176 375
 10 0 62.500000 2.959314 344
 10 1 17.500000 1.777202 327
 3 1 37.500000 2.322187 111
 6 1 17.500000 2.407167 199
 0 1 62.500000 1.851916 25
 3 1 62.500000 2.932294 121
 7 1 12.500000 1.718883 229
 7 1 52.500000 1.637237 245
 9 1 12.500000 1.349042 293
 1938255.017483 2
 6 1 32.500000 2.611849 205
 10 1 37.500000 2.776055 335
 1168951.691114 19
 3 0 2.500000 1.161265 96
 8 0 42.500000 1.589635 272
 3 1 62.500000 2.932294 121
 11 1 12.500000 2.799496 357
 11 0 67.500000 2.536390 378
 11 1 27.500000 1.892974 363
 11 0 27.500000 1.595835 362
 3 0 52.500000 2.190584 116
 5 1 77.500000 2.993324 191
 6 1 32.500000 2.611849 205
 9 0 37.500000 1.317748 302
 6 0 17.500000 1.071416 198
 9 1 37.500000 1.007386 303
 9 0 7.500000 2.550303 290
 1 1 7.500000 2.319234 35
 3 0 7.500000 2.082526 98
 4 0 57.500000 1.039886 150
 4 1 47.500000 2.059181 147
 4 1 7.500000 1.644987 131
 1896357.432686 27
 7 1 57.500000 1.644386 247
 7 1 2.500000 1.837407 225
 6 1 32.500000 2.611849 205
 5 0 57.500000 2.384913 182
 3 0 52.500000 2.190584 116
 6 1 67.500000 2.923147 219
 1 1 17.500000 1.984474 39
 8 1 57.500000 2.917552 279
 1 0 37.500000 1.892976 46
 10 0 72.500000 1.108768 348
 2 1 57.500000 2.632433 87
 7 1 52.500000 1.637237 245
 3 1 62.500000 2.932294 121
 6 1 17.500000 2.407167 199
 6 1 77.500000 2.054864 223
 4 0 42.500000 1.815616 144
 7 1 62.500000 2.018160 249
 8 0 47.500000 1.162221 274
 4 0 32.500000 1.855807 140
 11 1 57.500000 2.258176 375
 9 1 52.500000 2.097582 309
 3 0 2.500000 1.161265 96
 7 1 12.500000 1.718883 229
 6 0 62.500000 1.225979 216
 10 1 37.500000 2.776055 335
 0 0 17.500000 1.863129 6
 2 0 52.500000 2.124653 84
 1230966.975890 10
 10 1 37.500000 2.776055 335
 0 1 77.500000 2.646348 31
 4 0 17.500000 1.600832 134
 11 1 57.500000 2.258176 375
 3 0 77.500000 2.108415 126
 1 1 57.500000 2.189641 55
 10 0 12.500000 1.653436 324
 8 0 42.500000 1.589635 272
 11 0 52.500000 1.741730 372
 9 0 2.500000 1.248598 288
 705197.113075 19
 4 0 62.500000 1.463402 152
 2 0 52.500000 2.124653 84
 10 0 62.500000 2.959314 344
 2 1 57.500000 2.632433 87
 11 1 72.500000 2.016381 381
 5 0 22.500000 2.356828 168
 8 0 62.500000 1.444210 280
 0 1 77.500000 2.646348 31
 8 1 47.500000 1.404020 275
 11 1 57.500000 2.258176 375
 9 0 12.500000 1.431372 292
 6 0 52.500000 2.325068 212
 7 1 2.500000 1.837407 225
 1 0 37.500000 1.892976 46
 6 1 57.500000 2.827113 215
 5 0 7.500000 1.651547 162
 7 1 27.500000 1.957122 235
 3 1 62.500000 2.932294 121
 8 0 67.500000 1.134473 282
 1149919.105596 3
 8 0 77.500000 1.792585 286
 8 1 37.500000 1.673175 271
 11 1 57.500000 2.258176 375
 523051.064165 20
 3 0 62.500000 2.279238 120
 7 0 12.500000 2.301523 228
 7 1 57.500000 1.644386 247
 8 1 67.500000 2.339925 283
 8 1 12.500000 1.960562 261
 3 1 52.500000 1.128650 117
 7 1 2.500000 1.837407 225
 1 1 72.500000 1.208164 61
 7 1 77.500000 2.585650 255
 7 0 47.500000 2.442038 242
 6 0 17.500000 1.071416 198
 10 0 42.500000 1.537300 336
 11 1 27.500000 1.892974 363
 2 0 12.500000 1.003936 68
 7 1 12.500000 1.718883 229
 3 0 7.500000 2.082526 98
 3 1 37.500000 2.322187 111
 2 0 32.500000 2.617705 76
 11 1 72.500000 2.016381 381
 8 0 12.500000 2.658862 260
 909685.836225 6
 3 0 67.500000 1.546114 122
 5 1 42.500000 1.657120 177
 8 1 57.500000 2.917552 279
 1 1 32.500000 1.277601 45
 0 0 32.500000 1.323920 12
 10 1 57.500000 2.768797 343
 939337.004078 20
 3 0 52.500000 2.190584 116
 2 0 57.500000 2.387286 86
 11 0 27.500000 1.595835 362
 10 0 62.500000 2.959314 344
 3 1 52.500000 1.128650 117
 10 0 12.500000 1.653436 324
 7 1 52.500000 1.637237 245
 11 0 7.500000 1.481266 354
 2 0 17.500000 2.141242 70
 11 0 52.500000 1.741730 372
 0 1 42.500000 1.704987 17
 8 1 37.500000 1.673175 271
 9 1 72.500000 2.839369 317
 6 0 77.500000 1.574657 222
 5 1 42.500000 1.657120 177
 10 1 72.500000 1.011312 349
 3 0 62.500000 2.279238 120
 11 1 42.500000 2.335880 369
 11 0 57.500000 2.501962 374
 3 1 62.500000 2.932294 121
 1041915.818584 29
 7 1 52.500000 1.637237 245
 7 0 47.500000 2.442038 242
 5 1 72.500000 2.124086 189
 1 0 37.500000 1.892976 46
 6 0 47.500000 2.811648 210
 0 0 77.500000 2.603741 30
 4 1 57.500000 2.928025 151
 4 1 77.500000 1.062934 159
 10 1 42.500000 2.118009 337
 4 0 57.500000 1.039886 150
 9 1 37.500000 1.007386 303
 3 0 57.500000 2.385031 118
 6 1 32.500000 2.611849 205
 3 0 52.500000 2.190584 116
 3 0 7.500000 2.082526 98
 8 1 32.500000 1.153070 269
 11 0 42.500000 2.960627 368
 1 0 72.500000 1.075115 60
 10 0 52.500000 1.498720 340
 0 1 72.500000 1.182251 29
 10 1 57.500000 2.768797 343
 6 0 17.500000 1.071416 198
 4 1 42.500000 2.403359 145
 11 1 27.500000 1.892974 363
 9 0 47.500000 1.003736 306
 8 0 42.500000 1.589635 272
 10 1 37.500000 2.776055 335
 1 1 47.500000 2.525112 51
 10 0 72.500000 1.108768 348
 1651585.968030 15
 5 0 22.500000 2.356828 168
 11 1 72.500000 2.016381 381
 9 1 12.500000 1.349042 293
 2 1 57.500000 2.632433 87
 3 0 7.500000 2.082526 98
 0 1 47.500000 2.311133 19
 8 0 42.500000 1.589635 272
 4 0 12.500000 2.225217 132
 8 1 57.500000 2.917552 279
 10 1 37.500000 2.776055 335
 0 0 32.500000 1.323920 12
 6 1 67.500000 2.923147 219
 3 1 37.500000 2.322187 111
 2 0 52.500000 2.124653 84
 7 1 42.500000 1.474119 241
 44300.014453 13
 6 0 47.500000 2.811648 210
 7 1 27.500000 1.957122 235
 4 0 62.500000 1.463402 152
 2 0 7.500000 2.902662 66
 1 1 57.500000 2.189641 55
 9 1 72.500000 2.839369 317
 7 1 52.500000 1.637237 245
 8 1 52.500000 2.298454 277
 8 1 57.500000 2.917552 279
 1 1 52.500000 1.539485 53
 1 0 37.500000 1.892976 46
 5 1 42.500000 1.657120 177
 0 0 72.500000 2.579465 28
 413356.714609 31
 9 0 52.500000 2.043632 308
 7 1 2.500000 1.837407 225
 10 0 42.500000 1.537300 336
 1 0 47.500000 1.108323 50
 5 0 57.500000 2.384913 182
 2 1 12.500000 1.114490 69
 0 1 77.500000 2.646348 31
 0 0 17.500000 1.863129 6
 7 1 17.500000 2.327501 231
 11 1 57.500000 2.258176 375
 4 0 62.500000 1.463402 152
 0 0 77.500000 2.603741 30
 6 0 47.500000 2.811648 210
 4 0 17.500000 1.600832 134
 1 1 17.500000 1.984474 39
 8 1 57.500000 2.917552 279
 5 1 42.500000 1.657120 177
 8 1 22.500000 2.157813 265
 3 1 52.500000 1.128650 117
 7 1 27.500000 1.957122 235
 3 1 62.500000 2.932294 121
 7 1 12.500000 1.718883 229
 0 1 62.500000 1.851916 25
 10 1 37.500000 2.776055 335
 0 1 32.500000 2.550822 13
 2 0 77.500000 1.691391 94
 7 1 57.500000 1.644386 247
 8 1 47.500000 1.404020 275
 1 0 7.500000 1.444123 34
 9 0 12.500000 1.431372 292
 4 1 7.500000 1.644987 131
 124936.929627 19
 3 0 17.500000 2.485311 102
 10 1 37.500000 2.776055 335
 8 1 57.500000 2.917552 279
 3 1 52.500000 1.128650 117
 0 0 77.500000 2.603741 30
 8 1 67.500000 2.339925 283
 10 0 72.500000 1.108768 348
 7 1 52.500000 1.637237 245
 2 1 72.500000 2.245907 93
 2 0 47.500000 1.006115 82
 6 1 12.500000 2.832808 197
 8 1 32.500000 1.153070 269
 11 0 12.500000 2.363212 356
 7 1 2.500000 1.837407 225
 2 1 12.500000 1.114490 69
 3 0 2.500000 1.161265 96
 1 0 37.500000 1.892976 46
 1 1 7.500000 2.319234 35
 3 1 22.500000 1.817312 105
 865633.329333 12
 7 1 2.500000 1.837407 225
 3 1 62.500000 2.932294 121
 1 1 57.500000 2.189641 55
 2 1 12.500000 1.114490 69
 6 0 47.500000 2.811648 210
 5 0 57.500000 2.384913 182
 3 0 62.500000 2.279238 120
 0 1 27.500000 1.424851 11
 9 0 2.500000 1.248598 288
 9 0 12.500000 1.431372 292
 7 1 27.500000 1.957122 235
 5 0 22.500000 2.356828 168
 165935.195687 29
 3 0 62.500000 2.279238 120
 3 0 7.500000 2.082526 98
 9 1 72.500000 2.839369 317
 6 1 12.500000 2.832808 197
 6 0 77.500000 1.574657 222
 7 1 2.500000 1.837407 225
 11 1 12.500000 2.799496 357
 7 1 57.500000 1.644386 247
 9 0 52.500000 2.043632 308
 11 1 57.500000 2.258176 375
 0 1 62.500000 1.851916 25
 6 0 37.500000 2.530789 206
 3 1 52.500000 1.128650 117
 3 0 27.500000 2.428302 106
 0 0 62.500000 2.512730 24
 4 0 57.500000 1.039886 150
 6 0 22.500000 2.643164 200
 6 0 52.500000 2.325068 212
 4 0 67.500000 1.534709 154
 7 1 52.500000 1.637237 245
 10 1 57.500000 2.768797 343
 0 0 77.500000 2.603741 30
 10 0 7.500000 1.102126 322
 9 1 12.500000 1.349042 293
 11 1 42.500000 2.335880 369
 0 0 32.500000 1.323920 12
 10 0 72.500000 1.108768 348
 6 1 32.500000 2.611849 205
 4 0 42.500000 1.815616 144
 1119604.634922 32
 4 0 12.500000 2.225217 132
 2 0 12.500000 1.003936 68
 6 1 17.500000 2.407167 199
 8 0 67.500000 1.134473 282
 4 0 62.500000 1.463402 152
 6 0 77.500000 1.574657 222
 8 1 67.500000 2.339925 283
 10 0 62.500000 2.959314 344
 1 1 17.500000 1.984474 39
 7 1 27.500000 1.957122 235
 11 1 42.500000 2.335880 369
 7 1 62.500000 2.018160 249
 11 0 67.500000 2.536390 378
 11 0 37.500000 2.492341 366
 9 1 62.500000 1.602871 313
 4 0 17.500000 1.600832 134
 8 0 57.500000 1.713788 278
 0 1 77.500000 2.646348 31
 7 0 47.500000 2.442038 242
 8 1 37.500000 1.673175 271
 6 0 17.500000 1.071416 198
 2 0 77.500000 1.691391 94
 11 0 52.500000 1.741730 372
 9 0 2.500000 1.248598 288
 11 0 42.500000 2.960627 368
 7 1 37.500000 2.591411 239
 4 1 62.500000 1.915341 153
 0 1 47.500000 2.311133 19
 9 0 67.500000 2.514397 314
 7 1 77.500000 2.585650 255
 11 1 17.500000 1.965379 359
 9 1 12.500000 1.349042 293