 Numero de pedidos 
 150
 duedate num_referencias // pasillo lado altura peso
 1225321.055923 5
 5 1 42.500000 1.120197 49
 5 0 32.500000 1.075225 44
 6 0 52.500000 1.032535 20
 5 0 2.500000 2.160855 32
 4 1 62.500000 2.683427 121
 456869.300593 5
 5 1 2.500000 1.483763 33
 6 1 27.500000 1.593237 11
 8 0 37.500000 1.937191 142
 7 1 32.500000 1.907530 77
 9 0 22.500000 1.734476 200
 85490.500706 23
 6 0 47.500000 1.724846 18
 6 1 62.500000 1.974684 25
 5 1 37.500000 2.244844 47
 6 1 2.500000 2.797255 1
 5 1 22.500000 2.737583 41
 5 1 47.500000 1.478117 51
 7 0 2.500000 1.874684 64
 7 1 2.500000 1.812608 65
 5 1 52.500000 1.941774 53
 7 1 7.500000 2.244344 67
 5 1 77.500000 2.508114 63
 4 0 32.500000 2.278804 108
 5 1 27.500000 2.097404 43
 5 1 72.500000 2.627306 61
 6 0 32.500000 1.536855 12
 5 0 42.500000 1.088185 48
 1 1 2.500000 2.519589 289
 5 0 57.500000 1.388964 54
 6 1 22.500000 2.738435 9
 4 0 27.500000 2.411355 106
 6 1 67.500000 1.816234 27
 6 0 17.500000 2.014795 6
 5 0 67.500000 1.499216 58
 234065.057111 3
 5 0 52.500000 2.711129 52
 1 0 32.500000 1.784440 300
 6 0 67.500000 2.517393 26
 1769629.792240 4
 5 0 2.500000 2.160855 32
 5 0 27.500000 2.564651 42
 5 1 7.500000 2.757331 35
 5 1 12.500000 1.364853 37
 1800890.203994 21
 6 0 2.500000 2.035033 0
 5 1 42.500000 1.120197 49
 5 1 32.500000 1.311479 45
 4 1 17.500000 2.153530 103
 5 1 57.500000 2.322274 55
 5 0 77.500000 1.138127 62
 6 0 32.500000 1.536855 12
 0 0 2.500000 2.452694 352
 3 0 7.500000 2.336453 162
 7 0 22.500000 2.693761 72
 5 0 42.500000 1.088185 48
 6 1 7.500000 2.601590 3
 6 1 57.500000 1.982937 23
 6 1 62.500000 1.974684 25
 6 0 17.500000 2.014795 6
 8 1 12.500000 2.016177 133
 6 1 37.500000 1.977333 15
 11 0 17.500000 1.809064 326
 6 1 17.500000 2.665955 7
 5 0 47.500000 1.147943 50
 11 1 12.500000 2.695175 325
 474917.364453 23
 0 0 42.500000 2.985372 368
 5 1 12.500000 1.364853 37
 7 1 32.500000 1.907530 77
 6 0 57.500000 1.901707 22
 5 0 27.500000 2.564651 42
 6 0 12.500000 2.922080 4
 6 1 47.500000 1.494677 19
 6 0 52.500000 1.032535 20
 5 1 67.500000 1.324045 59
 7 0 52.500000 1.250820 84
 5 0 2.500000 2.160855 32
 4 0 47.500000 1.550109 114
 6 1 52.500000 1.816023 21
 7 1 17.500000 1.002481 71
 5 0 47.500000 1.147943 50
 5 1 72.500000 2.627306 61
 4 0 22.500000 2.381079 104
 7 0 17.500000 2.637175 70
 6 0 27.500000 2.881632 10
 6 0 77.500000 1.085838 30
 7 1 22.500000 2.046438 73
 10 1 7.500000 2.551918 259
 5 1 77.500000 2.508114 63
 898395.862756 15
 5 1 62.500000 1.638811 57
 6 1 42.500000 1.997247 17
 7 0 32.500000 1.345624 76
 5 1 47.500000 1.478117 51
 6 1 2.500000 2.797255 1
 6 1 37.500000 1.977333 15
 5 0 7.500000 1.600331 34
 11 0 37.500000 1.000141 334
 7 1 37.500000 2.876220 79
 0 1 32.500000 2.895833 365
 5 1 2.500000 1.483763 33
 5 1 42.500000 1.120197 49
 8 0 62.500000 2.527606 152
 6 1 62.500000 1.974684 25
 7 1 17.500000 1.002481 71
 432443.814554 27
 7 0 2.500000 1.874684 64
 8 1 37.500000 2.367410 143
 7 1 62.500000 1.886123 89
 6 1 7.500000 2.601590 3
 7 1 17.500000 1.002481 71
 8 1 7.500000 2.006975 131
 7 0 17.500000 2.637175 70
 11 0 52.500000 1.753088 340
 11 1 17.500000 2.931907 327
 6 0 27.500000 2.881632 10
 6 0 62.500000 1.215682 24
 5 1 77.500000 2.508114 63
 2 1 27.500000 1.451024 235
 7 1 72.500000 1.488557 93
 6 1 32.500000 1.922710 13
 5 1 67.500000 1.324045 59
 4 0 7.500000 1.608988 98
 7 1 27.500000 2.028402 75
 6 1 62.500000 1.974684 25
 5 1 72.500000 2.627306 61
 5 0 22.500000 2.257318 40
 8 0 47.500000 1.599315 146
 6 1 22.500000 2.738435 9
 7 1 12.500000 2.405226 69
 4 1 52.500000 1.702411 117
 11 1 27.500000 1.428391 331
 6 1 47.500000 1.494677 19
 754517.384374 8
 7 0 22.500000 2.693761 72
 6 0 12.500000 2.922080 4
 7 1 67.500000 2.592991 91
 5 1 57.500000 2.322274 55
 6 1 22.500000 2.738435 9
 1 0 2.500000 1.629590 288
 5 0 67.500000 1.499216 58
 5 0 72.500000 1.227145 60
 625824.594174 35
 4 0 32.500000 2.278804 108
 6 0 42.500000 1.027786 16
 5 1 47.500000 1.478117 51
 6 1 67.500000 1.816234 27
 5 0 47.500000 1.147943 50
 10 1 77.500000 1.898235 287
 5 0 32.500000 1.075225 44
 6 1 52.500000 1.816023 21
 6 1 27.500000 1.593237 11
 5 0 77.500000 1.138127 62
 5 0 52.500000 2.711129 52
 6 1 2.500000 2.797255 1
 6 0 12.500000 2.922080 4
 6 1 7.500000 2.601590 3
 7 1 7.500000 2.244344 67
 6 1 37.500000 1.977333 15
 5 0 67.500000 1.499216 58
 7 0 52.500000 1.250820 84
 5 1 17.500000 1.187854 39
 5 1 77.500000 2.508114 63
 6 0 32.500000 1.536855 12
 7 0 22.500000 2.693761 72
 4 1 2.500000 1.861701 97
 6 0 52.500000 1.032535 20
 5 1 67.500000 1.324045 59
 6 1 32.500000 1.922710 13
 5 0 42.500000 1.088185 48
 6 0 22.500000 2.702013 8
 5 1 42.500000 1.120197 49
 5 0 57.500000 1.388964 54
 5 1 27.500000 2.097404 43
 5 1 57.500000 2.322274 55
 4 0 12.500000 2.677724 100
 6 1 62.500000 1.974684 25
 5 1 72.500000 2.627306 61
 349746.078080 16
 5 1 27.500000 2.097404 43
 6 0 32.500000 1.536855 12
 5 0 37.500000 2.034762 46
 6 1 12.500000 1.393706 5
 6 1 42.500000 1.997247 17
 7 1 12.500000 2.405226 69
 5 0 27.500000 2.564651 42
 5 1 22.500000 2.737583 41
 5 1 72.500000 2.627306 61
 6 0 22.500000 2.702013 8
 9 1 27.500000 1.928338 203
 4 0 7.500000 1.608988 98
 8 1 22.500000 2.728883 137
 6 0 52.500000 1.032535 20
 10 1 22.500000 2.260695 265
 7 1 17.500000 1.002481 71
 1052528.624466 3
 8 0 42.500000 1.066274 144
 7 1 12.500000 2.405226 69
 2 0 2.500000 2.458399 224
 1355642.544141 16
 3 1 37.500000 2.023573 175
 5 1 47.500000 1.478117 51
 5 0 2.500000 2.160855 32
 6 0 12.500000 2.922080 4
 6 0 22.500000 2.702013 8
 5 0 57.500000 1.388964 54
 6 1 7.500000 2.601590 3
 6 0 47.500000 1.724846 18
 6 0 67.500000 2.517393 26
 6 0 62.500000 1.215682 24
 6 0 37.500000 2.994108 14
 7 0 7.500000 2.507184 66
 6 1 27.500000 1.593237 11
 6 0 32.500000 1.536855 12
 7 1 17.500000 1.002481 71
 10 0 12.500000 2.082911 260
 731186.534954 23
 6 1 22.500000 2.738435 9
 5 1 17.500000 1.187854 39
 5 0 57.500000 1.388964 54
 4 1 77.500000 2.135090 127
 5 1 42.500000 1.120197 49
 5 1 32.500000 1.311479 45
 5 1 72.500000 2.627306 61
 6 1 32.500000 1.922710 13
 6 0 12.500000 2.922080 4
 6 1 12.500000 1.393706 5
 7 0 22.500000 2.693761 72
 5 0 37.500000 2.034762 46
 5 0 42.500000 1.088185 48
 6 0 32.500000 1.536855 12
 7 1 7.500000 2.244344 67
 4 0 52.500000 2.570102 116
 7 0 17.500000 2.637175 70
 6 1 52.500000 1.816023 21
 8 0 12.500000 1.223539 132
 6 0 17.500000 2.014795 6
 6 0 77.500000 1.085838 30
 7 0 2.500000 1.874684 64
 5 0 32.500000 1.075225 44
 1406537.721887 33
 6 1 67.500000 1.816234 27
 6 1 47.500000 1.494677 19
 7 0 27.500000 2.479564 74
 5 0 67.500000 1.499216 58
 6 0 17.500000 2.014795 6
 5 1 32.500000 1.311479 45
 5 0 22.500000 2.257318 40
 6 0 47.500000 1.724846 18
 5 1 17.500000 1.187854 39
 6 1 12.500000 1.393706 5
 5 0 62.500000 2.456693 56
 5 0 52.500000 2.711129 52
 2 0 57.500000 1.057279 246
 6 0 7.500000 1.462641 2
 5 1 77.500000 2.508114 63
 7 0 17.500000 2.637175 70
 6 0 22.500000 2.702013 8
 6 1 17.500000 2.665955 7
 4 1 22.500000 2.792313 105
 6 1 62.500000 1.974684 25
 7 1 27.500000 2.028402 75
 6 0 52.500000 1.032535 20
 5 1 72.500000 2.627306 61
 5 1 2.500000 1.483763 33
 7 0 22.500000 2.693761 72
 6 1 32.500000 1.922710 13
 4 0 17.500000 1.214384 102
 6 0 62.500000 1.215682 24
 5 1 52.500000 1.941774 53
 6 1 37.500000 1.977333 15
 0 1 7.500000 2.328192 355
 7 1 2.500000 1.812608 65
 2 1 47.500000 2.536064 243
 1297795.945973 3
 7 0 7.500000 2.507184 66
 5 1 27.500000 2.097404 43
 6 0 32.500000 1.536855 12
 389925.165600 22
 6 1 7.500000 2.601590 3
 6 0 22.500000 2.702013 8
 6 0 52.500000 1.032535 20
 6 0 77.500000 1.085838 30
 4 0 42.500000 2.124970 112
 7 0 27.500000 2.479564 74
 8 0 37.500000 1.937191 142
 9 0 47.500000 2.133838 210
 0 0 42.500000 2.985372 368
 6 1 17.500000 2.665955 7
 7 0 57.500000 1.520685 86
 5 0 37.500000 2.034762 46
 6 0 57.500000 1.901707 22
 7 1 62.500000 1.886123 89
 6 0 67.500000 2.517393 26
 5 0 77.500000 1.138127 62
 3 1 2.500000 2.850975 161
 0 0 7.500000 2.569425 354
 6 0 17.500000 2.014795 6
 5 1 37.500000 2.244844 47
 4 0 77.500000 1.131917 126
 5 1 52.500000 1.941774 53
 1244256.890176 22
 7 0 12.500000 2.697472 68
 6 0 37.500000 2.994108 14
 5 0 62.500000 2.456693 56
 5 0 32.500000 1.075225 44
 6 1 72.500000 2.870297 29
 6 1 12.500000 1.393706 5
 6 1 22.500000 2.738435 9
 5 0 2.500000 2.160855 32
 6 1 17.500000 2.665955 7
 6 0 2.500000 2.035033 0
 7 0 22.500000 2.693761 72
 6 0 27.500000 2.881632 10
 6 1 37.500000 1.977333 15
 5 1 7.500000 2.757331 35
 6 0 42.500000 1.027786 16
 4 1 67.500000 2.451907 123
 5 0 12.500000 2.463222 36
 10 0 77.500000 1.958345 286
 5 1 77.500000 2.508114 63
 0 0 12.500000 1.927404 356
 0 0 22.500000 2.591276 360
 6 1 32.500000 1.922710 13
 272426.656332 18
 6 0 7.500000 1.462641 2
 5 1 77.500000 2.508114 63
 6 1 42.500000 1.997247 17
 6 0 32.500000 1.536855 12
 5 0 52.500000 2.711129 52
 6 1 17.500000 2.665955 7
 6 1 57.500000 1.982937 23
 5 0 72.500000 1.227145 60
 11 1 57.500000 1.499682 343
 8 0 32.500000 1.190438 140
 5 1 17.500000 1.187854 39
 7 1 17.500000 1.002481 71
 5 1 22.500000 2.737583 41
 5 0 42.500000 1.088185 48
 6 0 12.500000 2.922080 4
 7 1 77.500000 2.277569 95
 0 0 7.500000 2.569425 354
 6 1 62.500000 1.974684 25
 1061637.673127 3
 5 1 57.500000 2.322274 55
 5 1 47.500000 1.478117 51
 6 0 12.500000 2.922080 4
 1984413.610839 20
 7 0 22.500000 2.693761 72
 6 1 42.500000 1.997247 17
 10 0 47.500000 2.655412 274
 5 0 32.500000 1.075225 44
 5 1 2.500000 1.483763 33
 5 0 37.500000 2.034762 46
 5 0 27.500000 2.564651 42
 7 0 32.500000 1.345624 76
 5 1 67.500000 1.324045 59
 6 1 32.500000 1.922710 13
 7 1 12.500000 2.405226 69
 6 0 72.500000 1.445878 28
 7 0 27.500000 2.479564 74
 7 0 2.500000 1.874684 64
 7 1 2.500000 1.812608 65
 5 1 52.500000 1.941774 53
 8 0 57.500000 1.435567 150
 6 1 37.500000 1.977333 15
 8 0 52.500000 2.911145 148
 6 0 7.500000 1.462641 2
 440607.446935 13
 5 0 22.500000 2.257318 40
 6 0 32.500000 1.536855 12
 6 0 62.500000 1.215682 24
 5 0 72.500000 1.227145 60
 5 0 7.500000 1.600331 34
 7 0 27.500000 2.479564 74
 6 0 57.500000 1.901707 22
 6 1 37.500000 1.977333 15
 7 1 12.500000 2.405226 69
 5 0 62.500000 2.456693 56
 6 1 12.500000 1.393706 5
 10 0 57.500000 2.798562 278
 7 0 12.500000 2.697472 68
 564306.177518 8
 6 1 22.500000 2.738435 9
 7 0 27.500000 2.479564 74
 7 1 2.500000 1.812608 65
 7 1 12.500000 2.405226 69
 5 1 67.500000 1.324045 59
 5 0 67.500000 1.499216 58
 8 1 32.500000 1.693338 141
 6 0 17.500000 2.014795 6
 846505.812465 33
 5 1 2.500000 1.483763 33
 7 0 7.500000 2.507184 66
 6 0 17.500000 2.014795 6
 5 1 72.500000 2.627306 61
 5 0 17.500000 1.076646 38
 5 1 32.500000 1.311479 45
 6 0 67.500000 2.517393 26
 10 1 27.500000 1.017117 267
 6 1 57.500000 1.982937 23
 5 1 22.500000 2.737583 41
 5 0 72.500000 1.227145 60
 6 1 12.500000 1.393706 5
 6 0 57.500000 1.901707 22
 4 0 72.500000 1.202612 124
 8 1 27.500000 2.343142 139
 5 0 2.500000 2.160855 32
 7 1 7.500000 2.244344 67
 6 1 52.500000 1.816023 21
 6 1 47.500000 1.494677 19
 5 0 27.500000 2.564651 42
 5 0 62.500000 2.456693 56
 6 0 2.500000 2.035033 0
 6 0 37.500000 2.994108 14
 5 1 37.500000 2.244844 47
 6 0 77.500000 1.085838 30
 8 1 7.500000 2.006975 131
 3 0 47.500000 2.335320 178
 5 0 32.500000 1.075225 44
 3 1 22.500000 1.656022 169
 6 0 62.500000 1.215682 24
 1 0 52.500000 2.011735 308
 5 1 57.500000 2.322274 55
 7 0 2.500000 1.874684 64
 1716124.947032 28
 4 0 32.500000 2.278804 108
 7 0 22.500000 2.693761 72
 4 0 27.500000 2.411355 106
 5 1 42.500000 1.120197 49
 6 1 42.500000 1.997247 17
 6 0 22.500000 2.702013 8
 3 0 27.500000 2.754389 170
 0 1 42.500000 1.143532 369
 5 1 7.500000 2.757331 35
 6 1 47.500000 1.494677 19
 5 0 7.500000 1.600331 34
 5 0 67.500000 1.499216 58
 5 0 32.500000 1.075225 44
 6 0 27.500000 2.881632 10
 0 0 7.500000 2.569425 354
 6 1 12.500000 1.393706 5
 6 1 57.500000 1.982937 23
 8 0 22.500000 2.935606 136
 6 0 2.500000 2.035033 0
 5 0 22.500000 2.257318 40
 7 1 47.500000 2.693238 83
 6 0 32.500000 1.536855 12
 7 1 2.500000 1.812608 65
 5 0 52.500000 2.711129 52
 2 0 42.500000 1.013012 240
 1 1 72.500000 1.248475 317
 4 0 17.500000 1.214384 102
 6 1 62.500000 1.974684 25
 567981.116515 27
 8 1 72.500000 1.350048 157
 4 0 72.500000 1.202612 124
 5 0 22.500000 2.257318 40
 7 1 17.500000 1.002481 71
 6 0 27.500000 2.881632 10
 5 1 22.500000 2.737583 41
 5 1 37.500000 2.244844 47
 6 1 42.500000 1.997247 17
 5 0 47.500000 1.147943 50
 5 0 77.500000 1.138127 62
 6 0 77.500000 1.085838 30
 8 1 57.500000 1.570924 151
 5 1 72.500000 2.627306 61
 5 0 17.500000 1.076646 38
 5 1 57.500000 2.322274 55
 7 1 12.500000 2.405226 69
 6 0 57.500000 1.901707 22
 6 0 17.500000 2.014795 6
 6 1 17.500000 2.665955 7
 8 1 77.500000 2.257448 159
 5 0 52.500000 2.711129 52
 6 1 32.500000 1.922710 13
 0 1 22.500000 1.570270 361
 6 0 7.500000 1.462641 2
 5 1 2.500000 1.483763 33
 5 1 77.500000 2.508114 63
 6 1 2.500000 2.797255 1
 1434772.125238 16
 5 1 72.500000 2.627306 61
 7 1 7.500000 2.244344 67
 6 1 32.500000 1.922710 13
 6 0 27.500000 2.881632 10
 8 1 37.500000 2.367410 143
 1 1 27.500000 1.285523 299
 5 0 62.500000 2.456693 56
 7 1 2.500000 1.812608 65
 9 1 37.500000 1.248372 207
 6 1 67.500000 1.816234 27
 6 1 7.500000 2.601590 3
 6 0 7.500000 1.462641 2
 7 0 2.500000 1.874684 64
 7 0 27.500000 2.479564 74
 7 0 7.500000 2.507184 66
 6 0 67.500000 2.517393 26
 1134857.843451 6
 6 1 22.500000 2.738435 9
 6 0 42.500000 1.027786 16
 7 0 22.500000 2.693761 72
 5 1 32.500000 1.311479 45
 4 0 42.500000 2.124970 112
 6 1 77.500000 1.686926 31
 1548331.043752 15
 6 1 72.500000 2.870297 29
 5 0 42.500000 1.088185 48
 5 0 72.500000 1.227145 60
 7 0 27.500000 2.479564 74
 6 0 62.500000 1.215682 24
 6 0 47.500000 1.724846 18
 7 1 22.500000 2.046438 73
 7 1 7.500000 2.244344 67
 6 1 77.500000 1.686926 31
 5 1 77.500000 2.508114 63
 6 1 17.500000 2.665955 7
 6 0 32.500000 1.536855 12
 6 0 22.500000 2.702013 8
 6 1 27.500000 1.593237 11
 5 1 52.500000 1.941774 53
 1478294.309135 33
 6 1 67.500000 1.816234 27
 7 1 12.500000 2.405226 69
 6 1 57.500000 1.982937 23
 5 0 47.500000 1.147943 50
 9 1 27.500000 1.928338 203
 7 1 22.500000 2.046438 73
 5 1 72.500000 2.627306 61
 5 1 77.500000 2.508114 63
 5 0 42.500000 1.088185 48
 6 1 42.500000 1.997247 17
 6 1 37.500000 1.977333 15
 8 1 77.500000 2.257448 159
 6 0 27.500000 2.881632 10
 5 1 7.500000 2.757331 35
 0 1 37.500000 2.275420 367
 11 0 27.500000 1.645709 330
 6 0 7.500000 1.462641 2
 7 0 22.500000 2.693761 72
 2 1 32.500000 1.904768 237
 7 0 27.500000 2.479564 74
 11 0 77.500000 1.775002 350
 9 0 67.500000 1.708490 218
 6 1 32.500000 1.922710 13
 6 1 72.500000 2.870297 29
 9 0 47.500000 2.133838 210
 5 1 32.500000 1.311479 45
 5 0 7.500000 1.600331 34
 6 1 52.500000 1.816023 21
 5 0 27.500000 2.564651 42
 11 1 67.500000 1.349823 347
 6 0 57.500000 1.901707 22
 5 0 22.500000 2.257318 40
 5 1 57.500000 2.322274 55
 1588116.437061 14
 6 0 32.500000 1.536855 12
 5 1 42.500000 1.120197 49
 7 0 17.500000 2.637175 70
 10 0 47.500000 2.655412 274
 4 1 22.500000 2.792313 105
 5 0 67.500000 1.499216 58
 5 1 27.500000 2.097404 43
 5 1 7.500000 2.757331 35
 7 1 22.500000 2.046438 73
 6 0 17.500000 2.014795 6
 7 0 32.500000 1.345624 76
 6 0 7.500000 1.462641 2
 6 1 72.500000 2.870297 29
 6 0 72.500000 1.445878 28
 1239745.893236 4
 5 1 57.500000 2.322274 55
 10 1 2.500000 1.187798 257
 5 1 17.500000 1.187854 39
 7 0 17.500000 2.637175 70
 288603.621036 29
 5 0 22.500000 2.257318 40
 5 0 72.500000 1.227145 60
 5 0 52.500000 2.711129 52
 7 1 27.500000 2.028402 75
 5 1 42.500000 1.120197 49
 6 0 22.500000 2.702013 8
 6 0 7.500000 1.462641 2
 6 0 67.500000 2.517393 26
 6 1 57.500000 1.982937 23
 6 0 72.500000 1.445878 28
 6 1 62.500000 1.974684 25
 6 1 17.500000 2.665955 7
 5 1 52.500000 1.941774 53
 6 1 42.500000 1.997247 17
 5 1 72.500000 2.627306 61
 4 1 12.500000 2.506171 101
 5 0 7.500000 1.600331 34
 7 0 2.500000 1.874684 64
 5 1 57.500000 2.322274 55
 4 0 42.500000 2.124970 112
 5 0 67.500000 1.499216 58
 7 0 12.500000 2.697472 68
 7 0 22.500000 2.693761 72
 6 1 32.500000 1.922710 13
 5 1 47.500000 1.478117 51
 5 1 22.500000 2.737583 41
 5 0 17.500000 1.076646 38
 5 1 17.500000 1.187854 39
 5 1 67.500000 1.324045 59
 194472.677128 28
 7 1 27.500000 2.028402 75
 5 1 2.500000 1.483763 33
 7 0 2.500000 1.874684 64
 8 0 52.500000 2.911145 148
 7 0 27.500000 2.479564 74
 7 0 12.500000 2.697472 68
 5 1 67.500000 1.324045 59
 6 0 57.500000 1.901707 22
 4 1 47.500000 2.687367 115
 7 1 7.500000 2.244344 67
 11 1 52.500000 2.143577 341
 11 0 57.500000 1.095942 342
 6 0 72.500000 1.445878 28
 6 0 17.500000 2.014795 6
 7 1 12.500000 2.405226 69
 5 1 42.500000 1.120197 49
 6 1 72.500000 2.870297 29
 6 1 22.500000 2.738435 9
 6 1 27.500000 1.593237 11
 7 0 22.500000 2.693761 72
 8 1 47.500000 1.678879 147
 5 0 7.500000 1.600331 34
 1 0 72.500000 1.601431 316
 6 0 32.500000 1.536855 12
 6 0 22.500000 2.702013 8
 5 0 67.500000 1.499216 58
 5 1 52.500000 1.941774 53
 6 0 42.500000 1.027786 16
 215337.522018 22
 5 1 77.500000 2.508114 63
 6 1 57.500000 1.982937 23
 6 1 17.500000 2.665955 7
 6 0 62.500000 1.215682 24
 5 0 72.500000 1.227145 60
 7 1 27.500000 2.028402 75
 5 0 27.500000 2.564651 42
 6 0 67.500000 2.517393 26
 5 1 72.500000 2.627306 61
 5 1 27.500000 2.097404 43
 6 0 27.500000 2.881632 10
 6 1 52.500000 1.816023 21
 7 0 12.500000 2.697472 68
 6 0 12.500000 2.922080 4
 2 1 37.500000 1.893319 239
 8 1 42.500000 2.866639 145
 11 1 67.500000 1.349823 347
 6 1 77.500000 1.686926 31
 0 0 52.500000 1.966775 372
 6 1 2.500000 2.797255 1
 6 1 32.500000 1.922710 13
 6 0 72.500000 1.445878 28
 151188.361007 19
 6 0 47.500000 1.724846 18
 6 0 2.500000 2.035033 0
 5 1 17.500000 1.187854 39
 5 1 52.500000 1.941774 53
 6 0 67.500000 2.517393 26
 7 0 12.500000 2.697472 68
 5 0 77.500000 1.138127 62
 6 1 7.500000 2.601590 3
 6 0 72.500000 1.445878 28
 2 0 17.500000 1.297977 230
 6 1 17.500000 2.665955 7
 6 1 62.500000 1.974684 25
 5 1 2.500000 1.483763 33
 5 1 27.500000 2.097404 43
 5 1 12.500000 1.364853 37
 6 1 72.500000 2.870297 29
 10 1 42.500000 1.376965 273
 3 1 22.500000 1.656022 169
 4 0 42.500000 2.124970 112
 761450.902262 16
 5 1 42.500000 1.120197 49
 5 1 62.500000 1.638811 57
 5 0 57.500000 1.388964 54
 6 0 12.500000 2.922080 4
 6 1 42.500000 1.997247 17
 6 0 7.500000 1.462641 2
 6 1 57.500000 1.982937 23
 6 0 42.500000 1.027786 16
 6 0 37.500000 2.994108 14
 7 1 27.500000 2.028402 75
 6 0 32.500000 1.536855 12
 7 0 57.500000 1.520685 86
 5 0 77.500000 1.138127 62
 6 0 17.500000 2.014795 6
 7 0 42.500000 2.631855 80
 3 0 12.500000 1.975521 164
 177596.273226 16
 7 0 57.500000 1.520685 86
 6 0 27.500000 2.881632 10
 5 1 42.500000 1.120197 49
 7 0 7.500000 2.507184 66
 5 1 52.500000 1.941774 53
 5 0 7.500000 1.600331 34
 5 1 67.500000 1.324045 59
 6 1 27.500000 1.593237 11
 6 1 12.500000 1.393706 5
 5 0 27.500000 2.564651 42
 7 0 2.500000 1.874684 64
 7 0 17.500000 2.637175 70
 5 0 62.500000 2.456693 56
 6 1 57.500000 1.982937 23
 7 0 27.500000 2.479564 74
 6 1 42.500000 1.997247 17
 700857.616300 32
 6 1 12.500000 1.393706 5
 5 1 17.500000 1.187854 39
 6 0 37.500000 2.994108 14
 6 1 37.500000 1.977333 15
 7 1 2.500000 1.812608 65
 5 1 12.500000 1.364853 37
 5 0 67.500000 1.499216 58
 6 1 17.500000 2.665955 7
 10 0 17.500000 1.538406 262
 7 0 22.500000 2.693761 72
 6 1 72.500000 2.870297 29
 6 0 47.500000 1.724846 18
 6 0 62.500000 1.215682 24
 5 1 67.500000 1.324045 59
 6 1 2.500000 2.797255 1
 7 0 12.500000 2.697472 68
 5 1 72.500000 2.627306 61
 5 0 57.500000 1.388964 54
 6 1 67.500000 1.816234 27
 7 0 2.500000 1.874684 64
 6 0 32.500000 1.536855 12
 6 1 77.500000 1.686926 31
 2 0 72.500000 2.355185 252
 7 1 12.500000 2.405226 69
 6 0 17.500000 2.014795 6
 5 1 77.500000 2.508114 63
 5 1 32.500000 1.311479 45
 5 1 42.500000 1.120197 49
 5 0 62.500000 2.456693 56
 6 0 27.500000 2.881632 10
 6 0 42.500000 1.027786 16
 7 0 17.500000 2.637175 70
 397934.911939 30
 7 0 7.500000 2.507184 66
 4 1 42.500000 2.371961 113
 6 0 47.500000 1.724846 18
 6 0 17.500000 2.014795 6
 6 1 32.500000 1.922710 13
 6 0 57.500000 1.901707 22
 4 0 72.500000 1.202612 124
 6 0 32.500000 1.536855 12
 5 0 67.500000 1.499216 58
 6 0 2.500000 2.035033 0
 11 1 62.500000 2.540564 345
 7 1 12.500000 2.405226 69
 5 1 2.500000 1.483763 33
 4 1 52.500000 1.702411 117
 5 0 32.500000 1.075225 44
 7 1 2.500000 1.812608 65
 3 1 7.500000 2.768964 163
 6 1 27.500000 1.593237 11
 6 1 2.500000 2.797255 1
 4 0 32.500000 2.278804 108
 5 0 72.500000 1.227145 60
 6 0 22.500000 2.702013 8
 5 0 17.500000 1.076646 38
 5 0 37.500000 2.034762 46
 1 0 52.500000 2.011735 308
 7 1 27.500000 2.028402 75
 8 0 42.500000 1.066274 144
 9 0 37.500000 2.646948 206
 8 1 12.500000 2.016177 133
 7 1 47.500000 2.693238 83
 935842.656612 11
 5 1 27.500000 2.097404 43
 6 1 52.500000 1.816023 21
 6 0 47.500000 1.724846 18
 0 1 37.500000 2.275420 367
 7 1 27.500000 2.028402 75
 5 1 7.500000 2.757331 35
 5 1 32.500000 1.311479 45
 10 1 52.500000 1.938764 277
 7 0 27.500000 2.479564 74
 7 1 12.500000 2.405226 69
 5 0 37.500000 2.034762 46
 171387.427846 30
 5 1 57.500000 2.322274 55
 8 1 27.500000 2.343142 139
 6 1 52.500000 1.816023 21
 6 0 42.500000 1.027786 16
 6 0 67.500000 2.517393 26
 7 0 7.500000 2.507184 66
 7 1 7.500000 2.244344 67
 6 1 37.500000 1.977333 15
 3 0 42.500000 2.197586 176
 5 1 12.500000 1.364853 37
 5 0 62.500000 2.456693 56
 4 0 47.500000 1.550109 114
 11 0 57.500000 1.095942 342
 5 1 17.500000 1.187854 39
 6 0 57.500000 1.901707 22
 0 0 17.500000 1.395454 358
 0 0 22.500000 2.591276 360
 9 1 37.500000 1.248372 207
 5 0 57.500000 1.388964 54
 7 0 2.500000 1.874684 64
 5 0 7.500000 1.600331 34
 8 0 12.500000 1.223539 132
 5 1 72.500000 2.627306 61
 5 1 22.500000 2.737583 41
 5 1 77.500000 2.508114 63
 5 1 32.500000 1.311479 45
 6 0 77.500000 1.085838 30
 11 0 32.500000 2.963131 332
 4 1 77.500000 2.135090 127
 7 1 17.500000 1.002481 71
 796179.275436 23
 5 0 2.500000 2.160855 32
 2 1 22.500000 1.107485 233
 7 0 42.500000 2.631855 80
 6 0 12.500000 2.922080 4
 5 1 62.500000 1.638811 57
 6 0 52.500000 1.032535 20
 5 1 52.500000 1.941774 53
 7 0 2.500000 1.874684 64
 5 1 47.500000 1.478117 51
 6 1 12.500000 1.393706 5
 6 1 37.500000 1.977333 15
 6 1 67.500000 1.816234 27
 7 1 2.500000 1.812608 65
 7 1 7.500000 2.244344 67
 6 0 47.500000 1.724846 18
 6 1 62.500000 1.974684 25
 5 0 17.500000 1.076646 38
 5 1 67.500000 1.324045 59
 8 1 12.500000 2.016177 133
 5 1 42.500000 1.120197 49
 4 0 12.500000 2.677724 100
 5 0 32.500000 1.075225 44
 7 0 27.500000 2.479564 74
 197539.595308 9
 5 0 52.500000 2.711129 52
 8 0 57.500000 1.435567 150
 5 0 12.500000 2.463222 36
 7 1 22.500000 2.046438 73
 6 1 2.500000 2.797255 1
 6 1 52.500000 1.816023 21
 5 0 2.500000 2.160855 32
 4 0 47.500000 1.550109 114
 6 0 77.500000 1.085838 30
 852127.549635 32
 6 1 72.500000 2.870297 29
 6 0 7.500000 1.462641 2
 6 1 22.500000 2.738435 9
 10 0 77.500000 1.958345 286
 5 1 42.500000 1.120197 49
 5 0 32.500000 1.075225 44
 6 0 67.500000 2.517393 26
 6 1 67.500000 1.816234 27
 5 0 47.500000 1.147943 50
 6 1 12.500000 1.393706 5
 6 0 62.500000 1.215682 24
 5 0 27.500000 2.564651 42
 6 1 32.500000 1.922710 13
 6 0 72.500000 1.445878 28
 5 0 2.500000 2.160855 32
 5 0 37.500000 2.034762 46
 7 0 22.500000 2.693761 72
 6 0 77.500000 1.085838 30
 5 1 47.500000 1.478117 51
 9 1 7.500000 1.730484 195
 11 0 67.500000 1.258842 346
 6 1 57.500000 1.982937 23
 5 1 67.500000 1.324045 59
 7 1 27.500000 2.028402 75
 8 0 47.500000 1.599315 146
 6 1 77.500000 1.686926 31
 5 0 17.500000 1.076646 38
 5 1 52.500000 1.941774 53
 6 0 17.500000 2.014795 6
 6 0 12.500000 2.922080 4
 6 0 52.500000 1.032535 20
 6 1 17.500000 2.665955 7
 1522992.862502 35
 7 0 12.500000 2.697472 68
 6 1 47.500000 1.494677 19
 7 1 42.500000 1.591033 81
 2 0 7.500000 1.834727 226
 6 0 37.500000 2.994108 14
 6 1 17.500000 2.665955 7
 3 0 2.500000 2.934899 160
 5 1 27.500000 2.097404 43
 6 1 12.500000 1.393706 5
 7 0 7.500000 2.507184 66
 6 0 17.500000 2.014795 6
 5 1 52.500000 1.941774 53
 6 1 22.500000 2.738435 9
 6 0 62.500000 1.215682 24
 6 1 57.500000 1.982937 23
 11 1 77.500000 2.463643 351
 7 1 12.500000 2.405226 69
 4 0 72.500000 1.202612 124
 7 1 2.500000 1.812608 65
 6 0 77.500000 1.085838 30
 6 0 47.500000 1.724846 18
 5 1 37.500000 2.244844 47
 5 0 77.500000 1.138127 62
 5 1 32.500000 1.311479 45
 6 0 57.500000 1.901707 22
 6 0 22.500000 2.702013 8
 7 1 7.500000 2.244344 67
 6 1 32.500000 1.922710 13
 6 0 72.500000 1.445878 28
 5 0 32.500000 1.075225 44
 5 1 12.500000 1.364853 37
 4 0 17.500000 1.214384 102
 6 1 2.500000 2.797255 1
 7 0 22.500000 2.693761 72
 2 0 22.500000 1.304046 232
 860374.651728 24
 7 1 27.500000 2.028402 75
 6 0 67.500000 2.517393 26
 5 1 72.500000 2.627306 61
 4 1 57.500000 2.213173 119
 5 1 27.500000 2.097404 43
 5 0 57.500000 1.388964 54
 6 0 2.500000 2.035033 0
 5 1 67.500000 1.324045 59
 6 0 37.500000 2.994108 14
 5 0 32.500000 1.075225 44
 8 0 17.500000 1.894760 134
 7 1 17.500000 1.002481 71
 5 0 27.500000 2.564651 42
 6 0 47.500000 1.724846 18
 6 0 77.500000 1.085838 30
 6 1 22.500000 2.738435 9
 6 1 27.500000 1.593237 11
 5 1 2.500000 1.483763 33
 6 0 42.500000 1.027786 16
 8 0 47.500000 1.599315 146
 2 0 17.500000 1.297977 230
 5 1 52.500000 1.941774 53
 7 1 7.500000 2.244344 67
 5 0 47.500000 1.147943 50
 660260.272091 25
 6 1 57.500000 1.982937 23
 4 0 22.500000 2.381079 104
 9 1 12.500000 2.149137 197
 6 0 77.500000 1.085838 30
 5 1 67.500000 1.324045 59
 5 0 77.500000 1.138127 62
 5 1 37.500000 2.244844 47
 6 0 57.500000 1.901707 22
 5 0 27.500000 2.564651 42
 7 1 7.500000 2.244344 67
 7 0 7.500000 2.507184 66
 5 1 72.500000 2.627306 61
 7 1 17.500000 1.002481 71
 5 1 47.500000 1.478117 51
 6 1 32.500000 1.922710 13
 6 0 72.500000 1.445878 28
 0 0 47.500000 1.338561 370
 5 0 37.500000 2.034762 46
 5 1 32.500000 1.311479 45
 6 1 42.500000 1.997247 17
 6 1 47.500000 1.494677 19
 6 0 47.500000 1.724846 18
 7 0 2.500000 1.874684 64
 4 0 77.500000 1.131917 126
 5 1 42.500000 1.120197 49
 1843819.127196 26
 6 1 52.500000 1.816023 21
 6 0 7.500000 1.462641 2
 5 0 52.500000 2.711129 52
 7 0 2.500000 1.874684 64
 6 0 57.500000 1.901707 22
 11 1 7.500000 1.735064 323
 6 0 27.500000 2.881632 10
 8 1 17.500000 1.224902 135
 6 1 72.500000 2.870297 29
 5 0 7.500000 1.600331 34
 5 1 32.500000 1.311479 45
 10 1 32.500000 1.716829 269
 5 1 67.500000 1.324045 59
 7 0 12.500000 2.697472 68
 5 1 42.500000 1.120197 49
 5 0 62.500000 2.456693 56
 6 1 77.500000 1.686926 31
 5 1 57.500000 2.322274 55
 3 0 62.500000 1.936454 184
 5 1 22.500000 2.737583 41
 6 0 22.500000 2.702013 8
 4 0 67.500000 2.355950 122
 6 1 47.500000 1.494677 19
 5 0 32.500000 1.075225 44
 6 1 22.500000 2.738435 9
 6 1 32.500000 1.922710 13
 1425754.981425 27
 5 1 17.500000 1.187854 39
 4 0 17.500000 1.214384 102
 5 1 72.500000 2.627306 61
 6 1 2.500000 2.797255 1
 5 0 37.500000 2.034762 46
 5 1 42.500000 1.120197 49
 6 1 52.500000 1.816023 21
 5 1 7.500000 2.757331 35
 8 0 57.500000 1.435567 150
 5 0 62.500000 2.456693 56
 7 1 27.500000 2.028402 75
 6 1 62.500000 1.974684 25
 5 0 52.500000 2.711129 52
 5 1 62.500000 1.638811 57
 7 1 72.500000 1.488557 93
 6 0 62.500000 1.215682 24
 4 0 12.500000 2.677724 100
 6 0 42.500000 1.027786 16
 5 1 47.500000 1.478117 51
 5 0 47.500000 1.147943 50
 8 0 47.500000 1.599315 146
 1 1 52.500000 1.226047 309
 2 1 62.500000 1.082605 249
 7 1 17.500000 1.002481 71
 6 0 77.500000 1.085838 30
 7 0 27.500000 2.479564 74
 2 0 32.500000 1.352288 236
 1151151.910718 30
 7 0 17.500000 2.637175 70
 5 0 37.500000 2.034762 46
 10 0 7.500000 1.321863 258
 6 1 42.500000 1.997247 17
 5 1 57.500000 2.322274 55
 6 0 47.500000 1.724846 18
 6 1 27.500000 1.593237 11
 6 0 27.500000 2.881632 10
 5 0 7.500000 1.600331 34
 6 0 72.500000 1.445878 28
 5 0 12.500000 2.463222 36
 1 1 52.500000 1.226047 309
 5 0 47.500000 1.147943 50
 8 1 37.500000 2.367410 143
 7 1 17.500000 1.002481 71
 6 0 57.500000 1.901707 22
 5 1 62.500000 1.638811 57
 7 1 12.500000 2.405226 69
 5 0 32.500000 1.075225 44
 5 0 42.500000 1.088185 48
 6 0 67.500000 2.517393 26
 6 1 2.500000 2.797255 1
 6 0 22.500000 2.702013 8
 7 0 7.500000 2.507184 66
 5 1 12.500000 1.364853 37
 5 1 37.500000 2.244844 47
 5 1 47.500000 1.478117 51
 4 0 62.500000 2.805181 120
 5 1 77.500000 2.508114 63
 5 1 27.500000 2.097404 43
 336931.092523 5
 5 1 27.500000 2.097404 43
 9 1 7.500000 1.730484 195
 6 1 62.500000 1.974684 25
 5 0 7.500000 1.600331 34
 7 0 12.500000 2.697472 68
 976409.780540 7
 5 0 47.500000 1.147943 50
 8 1 32.500000 1.693338 141
 6 0 27.500000 2.881632 10
 6 0 12.500000 2.922080 4
 5 0 72.500000 1.227145 60
 7 1 27.500000 2.028402 75
 5 1 67.500000 1.324045 59
 1964004.924169 25
 6 0 52.500000 1.032535 20
 6 0 47.500000 1.724846 18
 5 0 67.500000 1.499216 58
 5 1 47.500000 1.478117 51
 6 0 67.500000 2.517393 26
 7 1 2.500000 1.812608 65
 5 1 7.500000 2.757331 35
 6 0 72.500000 1.445878 28
 5 0 52.500000 2.711129 52
 7 0 2.500000 1.874684 64
 6 1 2.500000 2.797255 1
 5 0 42.500000 1.088185 48
 7 0 77.500000 2.184463 94
 5 1 12.500000 1.364853 37
 6 1 47.500000 1.494677 19
 6 0 57.500000 1.901707 22
 7 1 57.500000 2.146763 87
 10 0 57.500000 2.798562 278
 6 1 67.500000 1.816234 27
 5 1 62.500000 1.638811 57
 6 0 12.500000 2.922080 4
 7 0 12.500000 2.697472 68
 4 1 72.500000 2.306249 125
 6 1 37.500000 1.977333 15
 7 0 17.500000 2.637175 70
 1551811.440658 12
 8 0 27.500000 2.343687 138
 6 0 37.500000 2.994108 14
 6 1 67.500000 1.816234 27
 6 0 32.500000 1.536855 12
 6 1 42.500000 1.997247 17
 6 0 57.500000 1.901707 22
 7 1 7.500000 2.244344 67
 5 1 72.500000 2.627306 61
 7 1 17.500000 1.002481 71
 6 0 62.500000 1.215682 24
 10 1 32.500000 1.716829 269
 7 0 7.500000 2.507184 66
 1260842.834013 28
 6 1 62.500000 1.974684 25
 5 1 42.500000 1.120197 49
 5 0 22.500000 2.257318 40
 2 1 72.500000 1.592854 253
 4 1 52.500000 1.702411 117
 6 0 17.500000 2.014795 6
 6 0 57.500000 1.901707 22
 5 0 12.500000 2.463222 36
 6 0 47.500000 1.724846 18
 6 1 77.500000 1.686926 31
 2 1 62.500000 1.082605 249
 10 1 2.500000 1.187798 257
 0 1 22.500000 1.570270 361
 7 0 7.500000 2.507184 66
 7 1 22.500000 2.046438 73
 5 1 37.500000 2.244844 47
 5 1 72.500000 2.627306 61
 5 0 37.500000 2.034762 46
 6 1 22.500000 2.738435 9
 6 0 52.500000 1.032535 20
 7 1 12.500000 2.405226 69
 6 0 22.500000 2.702013 8
 5 0 57.500000 1.388964 54
 5 0 67.500000 1.499216 58
 6 1 2.500000 2.797255 1
 6 1 37.500000 1.977333 15
 6 0 7.500000 1.462641 2
 7 0 2.500000 1.874684 64
 1527680.887807 26
 5 0 62.500000 2.456693 56
 5 1 57.500000 2.322274 55
 0 0 42.500000 2.985372 368
 8 1 47.500000 1.678879 147
 7 1 17.500000 1.002481 71
 5 0 57.500000 1.388964 54
 6 1 12.500000 1.393706 5
 6 1 22.500000 2.738435 9
 5 1 67.500000 1.324045 59
 5 1 42.500000 1.120197 49
 5 0 22.500000 2.257318 40
 5 1 37.500000 2.244844 47
 5 0 7.500000 1.600331 34
 6 1 17.500000 2.665955 7
 6 0 72.500000 1.445878 28
 6 0 7.500000 1.462641 2
 4 1 72.500000 2.306249 125
 6 0 42.500000 1.027786 16
 4 0 27.500000 2.411355 106
 6 1 47.500000 1.494677 19
 7 0 7.500000 2.507184 66
 6 0 37.500000 2.994108 14
 5 0 2.500000 2.160855 32
 6 1 27.500000 1.593237 11
 6 1 52.500000 1.816023 21
 6 0 57.500000 1.901707 22
 1495826.783653 31
 5 1 7.500000 2.757331 35
 5 0 12.500000 2.463222 36
 6 0 37.500000 2.994108 14
 5 0 32.500000 1.075225 44
 6 0 57.500000 1.901707 22
 7 0 12.500000 2.697472 68
 5 1 67.500000 1.324045 59
 6 1 77.500000 1.686926 31
 6 1 67.500000 1.816234 27
 4 0 27.500000 2.411355 106
 5 0 47.500000 1.147943 50
 7 0 17.500000 2.637175 70
 6 0 12.500000 2.922080 4
 6 1 62.500000 1.974684 25
 5 1 72.500000 2.627306 61
 5 0 42.500000 1.088185 48
 6 1 52.500000 1.816023 21
 5 0 17.500000 1.076646 38
 6 1 22.500000 2.738435 9
 5 0 72.500000 1.227145 60
 2 1 2.500000 2.317477 225
 7 1 7.500000 2.244344 67
 6 0 47.500000 1.724846 18
 6 1 27.500000 1.593237 11
 6 0 67.500000 2.517393 26
 7 1 22.500000 2.046438 73
 7 0 2.500000 1.874684 64
 5 0 27.500000 2.564651 42
 5 1 37.500000 2.244844 47
 7 1 47.500000 2.693238 83
 11 1 12.500000 2.695175 325
 933326.014789 26
 5 0 27.500000 2.564651 42
 5 0 57.500000 1.388964 54
 7 1 22.500000 2.046438 73
 5 0 62.500000 2.456693 56
 8 0 27.500000 2.343687 138
 8 0 7.500000 1.325044 130
 6 1 67.500000 1.816234 27
 7 1 62.500000 1.886123 89
 8 0 42.500000 1.066274 144
 6 1 12.500000 1.393706 5
 5 1 57.500000 2.322274 55
 6 1 32.500000 1.922710 13
 7 1 12.500000 2.405226 69
 7 0 22.500000 2.693761 72
 6 1 57.500000 1.982937 23
 6 0 52.500000 1.032535 20
 5 0 72.500000 1.227145 60
 5 0 32.500000 1.075225 44
 6 1 22.500000 2.738435 9
 5 1 77.500000 2.508114 63
 6 1 72.500000 2.870297 29
 6 1 47.500000 1.494677 19
 7 1 7.500000 2.244344 67
 7 1 17.500000 1.002481 71
 5 0 67.500000 1.499216 58
 5 1 32.500000 1.311479 45
 1185824.411374 10
 6 0 17.500000 2.014795 6
 8 0 77.500000 2.248959 158
 5 1 72.500000 2.627306 61
 7 0 7.500000 2.507184 66
 7 1 27.500000 2.028402 75
 5 0 7.500000 1.600331 34
 6 0 7.500000 1.462641 2
 6 1 67.500000 1.816234 27
 7 1 22.500000 2.046438 73
 5 1 47.500000 1.478117 51
 1633271.964599 16
 7 1 12.500000 2.405226 69
 7 1 27.500000 2.028402 75
 5 0 7.500000 1.600331 34
 6 0 42.500000 1.027786 16
 5 1 17.500000 1.187854 39
 7 1 57.500000 2.146763 87
 5 1 72.500000 2.627306 61
 6 1 12.500000 1.393706 5
 3 1 17.500000 1.788363 167
 4 0 22.500000 2.381079 104
 7 0 32.500000 1.345624 76
 8 1 27.500000 2.343142 139
 9 1 62.500000 1.792688 217
 6 1 7.500000 2.601590 3
 6 0 12.500000 2.922080 4
 6 0 7.500000 1.462641 2
 764832.836597 11
 6 0 27.500000 2.881632 10
 6 0 32.500000 1.536855 12
 6 1 32.500000 1.922710 13
 5 1 22.500000 2.737583 41
 6 1 12.500000 1.393706 5
 11 0 17.500000 1.809064 326
 7 0 22.500000 2.693761 72
 8 1 52.500000 1.610129 149
 5 1 77.500000 2.508114 63
 7 1 17.500000 1.002481 71
 6 1 72.500000 2.870297 29
 1081024.359186 16
 6 1 37.500000 1.977333 15
 5 0 72.500000 1.227145 60
 5 1 22.500000 2.737583 41
 7 0 57.500000 1.520685 86
 5 0 42.500000 1.088185 48
 6 0 32.500000 1.536855 12
 7 1 27.500000 2.028402 75
 6 0 57.500000 1.901707 22
 5 1 27.500000 2.097404 43
 6 1 72.500000 2.870297 29
 5 0 47.500000 1.147943 50
 5 1 52.500000 1.941774 53
 5 0 77.500000 1.138127 62
 6 1 7.500000 2.601590 3
 7 0 27.500000 2.479564 74
 5 0 67.500000 1.499216 58
 1356053.281127 28
 6 0 52.500000 1.032535 20
 5 1 72.500000 2.627306 61
 6 0 32.500000 1.536855 12
 6 1 62.500000 1.974684 25
 5 1 62.500000 1.638811 57
 7 0 7.500000 2.507184 66
 5 0 72.500000 1.227145 60
 5 0 7.500000 1.600331 34
 5 0 77.500000 1.138127 62
 5 0 22.500000 2.257318 40
 6 1 67.500000 1.816234 27
 5 0 2.500000 2.160855 32
 6 0 57.500000 1.901707 22
 6 1 42.500000 1.997247 17
 5 0 32.500000 1.075225 44
 8 1 2.500000 2.832232 129
 6 1 32.500000 1.922710 13
 7 1 17.500000 1.002481 71
 5 1 12.500000 1.364853 37
 7 1 12.500000 2.405226 69
 5 1 7.500000 2.757331 35
 7 0 17.500000 2.637175 70
 5 0 27.500000 2.564651 42
 6 0 17.500000 2.014795 6
 5 1 2.500000 1.483763 33
 6 1 22.500000 2.738435 9
 11 0 62.500000 1.160620 344
 4 0 42.500000 2.124970 112
 1563494.491355 6
 5 1 57.500000 2.322274 55
 6 0 57.500000 1.901707 22
 7 1 22.500000 2.046438 73
 5 1 67.500000 1.324045 59
 5 0 22.500000 2.257318 40
 6 0 72.500000 1.445878 28
 395704.926977 34
 6 1 32.500000 1.922710 13
 6 0 57.500000 1.901707 22
 3 0 2.500000 2.934899 160
 5 0 52.500000 2.711129 52
 8 0 17.500000 1.894760 134
 5 0 32.500000 1.075225 44
 6 0 72.500000 1.445878 28
 6 0 42.500000 1.027786 16
 5 0 12.500000 2.463222 36
 7 0 62.500000 2.644368 88
 9 0 72.500000 1.099069 220
 6 0 2.500000 2.035033 0
 7 0 22.500000 2.693761 72
 6 1 27.500000 1.593237 11
 5 1 37.500000 2.244844 47
 6 1 37.500000 1.977333 15
 7 1 2.500000 1.812608 65
 7 0 77.500000 2.184463 94
 7 1 12.500000 2.405226 69
 5 1 77.500000 2.508114 63
 6 0 52.500000 1.032535 20
 5 0 37.500000 2.034762 46
 5 1 57.500000 2.322274 55
 11 1 32.500000 1.335693 333
 5 0 67.500000 1.499216 58
 8 1 27.500000 2.343142 139
 7 1 22.500000 2.046438 73
 5 0 42.500000 1.088185 48
 6 1 42.500000 1.997247 17
 7 0 72.500000 2.401112 92
 5 1 7.500000 2.757331 35
 6 1 52.500000 1.816023 21
 7 1 7.500000 2.244344 67
 7 0 2.500000 1.874684 64
 1938297.456940 6
 7 0 17.500000 2.637175 70
 3 0 72.500000 1.552657 188
 6 0 2.500000 2.035033 0
 6 0 22.500000 2.702013 8
 5 0 52.500000 2.711129 52
 6 0 12.500000 2.922080 4
 1905148.994525 32
 5 0 12.500000 2.463222 36
 6 1 62.500000 1.974684 25
 6 1 7.500000 2.601590 3
 5 0 32.500000 1.075225 44
 5 1 27.500000 2.097404 43
 6 0 72.500000 1.445878 28
 6 0 2.500000 2.035033 0
 5 0 72.500000 1.227145 60
 11 1 7.500000 1.735064 323
 2 1 22.500000 1.107485 233
 5 1 47.500000 1.478117 51
 5 0 7.500000 1.600331 34
 7 0 32.500000 1.345624 76
 5 1 37.500000 2.244844 47
 5 1 42.500000 1.120197 49
 5 1 52.500000 1.941774 53
 8 0 2.500000 2.461286 128
 6 1 22.500000 2.738435 9
 10 1 2.500000 1.187798 257
 8 1 37.500000 2.367410 143
 6 0 17.500000 2.014795 6
 5 0 62.500000 2.456693 56
 6 0 47.500000 1.724846 18
 5 0 67.500000 1.499216 58
 5 0 27.500000 2.564651 42
 6 1 67.500000 1.816234 27
 7 0 22.500000 2.693761 72
 6 0 32.500000 1.536855 12
 5 1 77.500000 2.508114 63
 6 1 47.500000 1.494677 19
 1 1 42.500000 2.642513 305
 4 0 2.500000 1.107150 96
 1450426.677284 23
 11 1 12.500000 2.695175 325
 6 1 37.500000 1.977333 15
 10 1 17.500000 1.995774 263
 5 1 32.500000 1.311479 45
 6 1 72.500000 2.870297 29
 6 0 57.500000 1.901707 22
 5 0 52.500000 2.711129 52
 7 0 7.500000 2.507184 66
 6 0 27.500000 2.881632 10
 6 0 67.500000 2.517393 26
 7 0 17.500000 2.637175 70
 7 1 17.500000 1.002481 71
 6 1 42.500000 1.997247 17
 7 1 47.500000 2.693238 83
 7 1 22.500000 2.046438 73
 6 1 47.500000 1.494677 19
 6 1 2.500000 2.797255 1
 6 0 17.500000 2.014795 6
 6 0 7.500000 1.462641 2
 6 0 2.500000 2.035033 0
 6 0 77.500000 1.085838 30
 11 1 67.500000 1.349823 347
 5 1 47.500000 1.478117 51
 1982048.912841 15
 5 0 77.500000 1.138127 62
 6 1 72.500000 2.870297 29
 7 1 12.500000 2.405226 69
 7 1 67.500000 2.592991 91
 5 0 22.500000 2.257318 40
 6 0 12.500000 2.922080 4
 6 1 62.500000 1.974684 25
 8 0 37.500000 1.937191 142
 5 1 67.500000 1.324045 59
 5 0 12.500000 2.463222 36
 6 1 47.500000 1.494677 19
 6 0 67.500000 2.517393 26
 5 0 47.500000 1.147943 50
 6 0 22.500000 2.702013 8
 6 0 32.500000 1.536855 12
 1744917.646602 3
 5 0 37.500000 2.034762 46
 6 1 57.500000 1.982937 23
 9 1 37.500000 1.248372 207
 1708457.076581 24
 5 1 12.500000 1.364853 37
 7 1 2.500000 1.812608 65
 7 0 27.500000 2.479564 74
 7 0 22.500000 2.693761 72
 6 0 7.500000 1.462641 2
 11 0 7.500000 2.995998 322
 8 0 17.500000 1.894760 134
 7 1 17.500000 1.002481 71
 6 1 67.500000 1.816234 27
 6 0 52.500000 1.032535 20
 5 0 62.500000 2.456693 56
 6 0 62.500000 1.215682 24
 3 0 47.500000 2.335320 178
 5 1 67.500000 1.324045 59
 6 0 37.500000 2.994108 14
 6 1 22.500000 2.738435 9
 6 0 2.500000 2.035033 0
 7 1 27.500000 2.028402 75
 5 1 2.500000 1.483763 33
 3 0 42.500000 2.197586 176
 10 0 22.500000 2.979964 264
 6 0 57.500000 1.901707 22
 7 0 37.500000 1.853923 78
 4 0 47.500000 1.550109 114
 1193145.248291 1
 7 1 22.500000 2.046438 73
 64077.972427 8
 6 0 37.500000 2.994108 14
 5 0 77.500000 1.138127 62
 5 0 22.500000 2.257318 40
 5 0 17.500000 1.076646 38
 5 0 27.500000 2.564651 42
 7 1 22.500000 2.046438 73
 5 1 22.500000 2.737583 41
 5 0 62.500000 2.456693 56
 1976745.191858 17
 5 0 72.500000 1.227145 60
 5 0 17.500000 1.076646 38
 5 0 12.500000 2.463222 36
 7 0 12.500000 2.697472 68
 5 0 62.500000 2.456693 56
 5 1 62.500000 1.638811 57
 6 1 72.500000 2.870297 29
 5 1 37.500000 2.244844 47
 6 1 32.500000 1.922710 13
 5 1 27.500000 2.097404 43
 4 1 57.500000 2.213173 119
 0 0 42.500000 2.985372 368
 8 1 57.500000 1.570924 151
 6 1 17.500000 2.665955 7
 7 1 27.500000 2.028402 75
 5 0 22.500000 2.257318 40
 5 0 57.500000 1.388964 54
 959518.657587 21
 5 0 32.500000 1.075225 44
 5 0 67.500000 1.499216 58
 5 0 27.500000 2.564651 42
 5 1 37.500000 2.244844 47
 4 1 67.500000 2.451907 123
 8 0 32.500000 1.190438 140
 5 0 52.500000 2.711129 52
 5 1 72.500000 2.627306 61
 6 0 57.500000 1.901707 22
 6 1 77.500000 1.686926 31
 5 0 12.500000 2.463222 36
 6 0 47.500000 1.724846 18
 6 1 57.500000 1.982937 23
 10 0 12.500000 2.082911 260
 5 1 77.500000 2.508114 63
 7 0 17.500000 2.637175 70
 4 0 12.500000 2.677724 100
 6 1 52.500000 1.816023 21
 5 0 42.500000 1.088185 48
 8 0 42.500000 1.066274 144
 6 0 37.500000 2.994108 14
 1842102.624160 31
 7 0 17.500000 2.637175 70
 11 0 17.500000 1.809064 326
 7 1 22.500000 2.046438 73
 2 1 67.500000 1.528194 251
 5 0 2.500000 2.160855 32
 11 0 62.500000 1.160620 344
 6 1 7.500000 2.601590 3
 0 1 62.500000 2.808545 377
 6 1 47.500000 1.494677 19
 7 1 12.500000 2.405226 69
 5 0 17.500000 1.076646 38
 7 0 7.500000 2.507184 66
 0 0 32.500000 1.252389 364
 5 1 77.500000 2.508114 63
 5 1 7.500000 2.757331 35
 5 1 22.500000 2.737583 41
 5 0 22.500000 2.257318 40
 6 1 27.500000 1.593237 11
 6 1 62.500000 1.974684 25
 7 0 27.500000 2.479564 74
 6 1 52.500000 1.816023 21
 6 1 22.500000 2.738435 9
 5 0 72.500000 1.227145 60
 6 0 32.500000 1.536855 12
 6 1 67.500000 1.816234 27
 1 1 47.500000 1.376451 307
 5 0 52.500000 2.711129 52
 6 0 2.500000 2.035033 0
 5 1 2.500000 1.483763 33
 5 1 62.500000 1.638811 57
 3 1 57.500000 1.364071 183
 523230.033835 2
 5 1 12.500000 1.364853 37
 5 0 77.500000 1.138127 62
 1131830.678662 25
 8 0 22.500000 2.935606 136
 6 0 67.500000 2.517393 26
 5 0 62.500000 2.456693 56
 5 0 67.500000 1.499216 58
 9 0 77.500000 1.252659 222
 5 1 22.500000 2.737583 41
 7 1 7.500000 2.244344 67
 4 0 2.500000 1.107150 96
 5 1 37.500000 2.244844 47
 5 1 2.500000 1.483763 33
 5 0 42.500000 1.088185 48
 7 1 27.500000 2.028402 75
 6 1 52.500000 1.816023 21
 5 1 62.500000 1.638811 57
 5 0 72.500000 1.227145 60
 7 0 27.500000 2.479564 74
 4 1 62.500000 2.683427 121
 11 1 32.500000 1.335693 333
 7 0 52.500000 1.250820 84
 11 1 37.500000 1.364174 335
 5 0 77.500000 1.138127 62
 6 1 17.500000 2.665955 7
 8 1 22.500000 2.728883 137
 5 1 12.500000 1.364853 37
 6 0 22.500000 2.702013 8
 1420945.729083 16
 6 0 7.500000 1.462641 2
 5 1 32.500000 1.311479 45
 5 1 2.500000 1.483763 33
 5 1 27.500000 2.097404 43
 7 0 7.500000 2.507184 66
 1 1 42.500000 2.642513 305
 5 0 77.500000 1.138127 62
 6 1 27.500000 1.593237 11
 7 0 37.500000 1.853923 78
 7 1 22.500000 2.046438 73
 6 1 67.500000 1.816234 27
 3 0 37.500000 2.104006 174
 8 0 37.500000 1.937191 142
 6 0 57.500000 1.901707 22
 5 0 27.500000 2.564651 42
 6 0 62.500000 1.215682 24
 1998176.080844 22
 5 1 77.500000 2.508114 63
 3 1 7.500000 2.768964 163
 8 0 32.500000 1.190438 140
 5 0 17.500000 1.076646 38
 5 1 62.500000 1.638811 57
 5 1 37.500000 2.244844 47
 6 1 37.500000 1.977333 15
 8 1 27.500000 2.343142 139
 6 1 47.500000 1.494677 19
 6 0 22.500000 2.702013 8
 1 0 22.500000 1.119379 296
 6 1 52.500000 1.816023 21
 6 1 32.500000 1.922710 13
 6 0 52.500000 1.032535 20
 5 1 27.500000 2.097404 43
 6 0 2.500000 2.035033 0
 5 1 52.500000 1.941774 53
 4 1 42.500000 2.371961 113
 6 0 57.500000 1.901707 22
 6 0 7.500000 1.462641 2
 6 1 77.500000 1.686926 31
 11 1 7.500000 1.735064 323
 1462379.311948 13
 6 1 17.500000 2.665955 7
 8 1 7.500000 2.006975 131
 5 0 52.500000 2.711129 52
 6 1 47.500000 1.494677 19
 5 1 52.500000 1.941774 53
 6 1 2.500000 2.797255 1
 6 0 27.500000 2.881632 10
 8 0 27.500000 2.343687 138
 5 1 77.500000 2.508114 63
 7 0 22.500000 2.693761 72
 6 0 62.500000 1.215682 24
 6 1 42.500000 1.997247 17
 5 0 2.500000 2.160855 32
 1995033.410711 32
 5 0 37.500000 2.034762 46
 5 1 52.500000 1.941774 53
 10 1 7.500000 2.551918 259
 8 0 27.500000 2.343687 138
 5 0 57.500000 1.388964 54
 6 0 17.500000 2.014795 6
 5 0 22.500000 2.257318 40
 6 0 42.500000 1.027786 16
 10 1 17.500000 1.995774 263
 5 1 67.500000 1.324045 59
 6 0 27.500000 2.881632 10
 5 0 62.500000 2.456693 56
 0 1 67.500000 2.428024 379
 6 0 77.500000 1.085838 30
 5 1 37.500000 2.244844 47
 4 1 42.500000 2.371961 113
 6 0 2.500000 2.035033 0
 3 1 52.500000 2.071304 181
 7 0 17.500000 2.637175 70
 6 0 7.500000 1.462641 2
 6 0 37.500000 2.994108 14
 4 1 27.500000 1.635169 107
 5 0 7.500000 1.600331 34
 5 1 62.500000 1.638811 57
 6 1 47.500000 1.494677 19
 6 0 72.500000 1.445878 28
 5 0 2.500000 2.160855 32
 5 0 12.500000 2.463222 36
 5 1 57.500000 2.322274 55
 7 1 7.500000 2.244344 67
 7 1 22.500000 2.046438 73
 6 0 47.500000 1.724846 18
 93842.283568 15
 7 0 17.500000 2.637175 70
 5 1 22.500000 2.737583 41
 5 0 7.500000 1.600331 34
 6 0 67.500000 2.517393 26
 6 1 27.500000 1.593237 11
 6 0 62.500000 1.215682 24
 4 1 27.500000 1.635169 107
 6 0 2.500000 2.035033 0
 5 1 2.500000 1.483763 33
 6 0 27.500000 2.881632 10
 5 0 17.500000 1.076646 38
 5 0 67.500000 1.499216 58
 5 1 72.500000 2.627306 61
 6 1 52.500000 1.816023 21
 5 0 12.500000 2.463222 36
 537676.119626 25
 5 0 37.500000 2.034762 46
 6 0 72.500000 1.445878 28
 5 1 22.500000 2.737583 41
 5 1 67.500000 1.324045 59
 6 1 37.500000 1.977333 15
 6 1 32.500000 1.922710 13
 6 0 32.500000 1.536855 12
 5 0 62.500000 2.456693 56
 6 1 22.500000 2.738435 9
 9 1 57.500000 1.335724 215
 6 0 67.500000 2.517393 26
 7 0 7.500000 2.507184 66
 6 0 77.500000 1.085838 30
 5 0 42.500000 1.088185 48
 7 1 17.500000 1.002481 71
 10 0 2.500000 1.701862 256
 1 1 57.500000 2.973563 311
 5 1 27.500000 2.097404 43
 7 1 2.500000 1.812608 65
 5 0 77.500000 1.138127 62
 7 0 17.500000 2.637175 70
 5 0 17.500000 1.076646 38
 10 0 52.500000 1.360144 276
 7 0 27.500000 2.479564 74
 3 0 57.500000 2.412409 182
 1612806.690770 21
 7 0 17.500000 2.637175 70
 6 1 47.500000 1.494677 19
 5 0 7.500000 1.600331 34
 5 1 32.500000 1.311479 45
 0 0 32.500000 1.252389 364
 6 1 7.500000 2.601590 3
 11 0 52.500000 1.753088 340
 5 0 52.500000 2.711129 52
 6 0 77.500000 1.085838 30
 6 0 17.500000 2.014795 6
 6 0 42.500000 1.027786 16
 5 1 7.500000 2.757331 35
 6 1 32.500000 1.922710 13
 6 1 37.500000 1.977333 15
 5 1 62.500000 1.638811 57
 5 0 67.500000 1.499216 58
 6 0 32.500000 1.536855 12
 6 0 67.500000 2.517393 26
 5 0 62.500000 2.456693 56
 7 1 2.500000 1.812608 65
 10 1 2.500000 1.187798 257
 1204021.672757 29
 6 1 27.500000 1.593237 11
 5 1 62.500000 1.638811 57
 6 0 22.500000 2.702013 8
 5 1 17.500000 1.187854 39
 5 0 27.500000 2.564651 42
 6 0 27.500000 2.881632 10
 5 1 42.500000 1.120197 49
 8 1 7.500000 2.006975 131
 5 0 12.500000 2.463222 36
 4 1 17.500000 2.153530 103
 6 1 7.500000 2.601590 3
 8 1 17.500000 1.224902 135
 8 0 7.500000 1.325044 130
 5 1 12.500000 1.364853 37
 6 0 37.500000 2.994108 14
 8 1 52.500000 1.610129 149
 6 1 47.500000 1.494677 19
 5 0 17.500000 1.076646 38
 4 0 62.500000 2.805181 120
 5 0 77.500000 1.138127 62
 6 1 77.500000 1.686926 31
 6 1 52.500000 1.816023 21
 4 0 42.500000 2.124970 112
 7 0 12.500000 2.697472 68
 4 0 22.500000 2.381079 104
 5 0 42.500000 1.088185 48
 7 0 17.500000 2.637175 70
 5 1 47.500000 1.478117 51
 5 0 2.500000 2.160855 32
 1173529.678124 18
 6 1 22.500000 2.738435 9
 5 1 52.500000 1.941774 53
 6 1 27.500000 1.593237 11
 5 0 72.500000 1.227145 60
 5 1 7.500000 2.757331 35
 5 1 17.500000 1.187854 39
 6 1 12.500000 1.393706 5
 5 0 37.500000 2.034762 46
 5 1 22.500000 2.737583 41
 4 0 32.500000 2.278804 108
 5 0 42.500000 1.088185 48
 9 1 67.500000 2.597198 219
 5 1 12.500000 1.364853 37
 5 1 67.500000 1.324045 59
 6 1 72.500000 2.870297 29
 7 0 7.500000 2.507184 66
 6 0 37.500000 2.994108 14
 7 0 22.500000 2.693761 72
 1116905.766929 1
 6 0 67.500000 2.517393 26
 142802.489858 17
 6 1 32.500000 1.922710 13
 5 1 22.500000 2.737583 41
 5 0 72.500000 1.227145 60
 5 0 62.500000 2.456693 56
 6 0 2.500000 2.035033 0
 5 1 72.500000 2.627306 61
 6 1 67.500000 1.816234 27
 6 0 17.500000 2.014795 6
 5 1 17.500000 1.187854 39
 6 1 17.500000 2.665955 7
 7 1 17.500000 1.002481 71
 7 1 27.500000 2.028402 75
 7 1 12.500000 2.405226 69
 5 1 52.500000 1.941774 53
 7 1 47.500000 2.693238 83
 6 1 47.500000 1.494677 19
 10 0 57.500000 2.798562 278
 840335.095879 19
 6 1 52.500000 1.816023 21
 8 1 2.500000 2.832232 129
 5 0 2.500000 2.160855 32
 6 1 47.500000 1.494677 19
 5 0 17.500000 1.076646 38
 6 0 42.500000 1.027786 16
 7 1 17.500000 1.002481 71
 5 1 22.500000 2.737583 41
 5 0 12.500000 2.463222 36
 5 1 57.500000 2.322274 55
 5 0 52.500000 2.711129 52
 5 0 67.500000 1.499216 58
 7 1 77.500000 2.277569 95
 4 0 52.500000 2.570102 116
 5 0 72.500000 1.227145 60
 7 0 47.500000 2.491503 82
 6 0 2.500000 2.035033 0
 5 1 37.500000 2.244844 47
 1 0 62.500000 2.678547 312
 91816.045238 31
 7 0 77.500000 2.184463 94
 6 0 27.500000 2.881632 10
 6 1 37.500000 1.977333 15
 6 0 72.500000 1.445878 28
 6 1 22.500000 2.738435 9
 7 1 22.500000 2.046438 73
 5 0 67.500000 1.499216 58
 6 1 7.500000 2.601590 3
 5 0 17.500000 1.076646 38
 5 1 42.500000 1.120197 49
 6 1 32.500000 1.922710 13
 8 0 2.500000 2.461286 128
 5 1 37.500000 2.244844 47
 5 1 7.500000 2.757331 35
 5 0 77.500000 1.138127 62
 11 0 52.500000 1.753088 340
 7 1 17.500000 1.002481 71
 6 1 12.500000 1.393706 5
 5 0 62.500000 2.456693 56
 7 1 7.500000 2.244344 67
 5 1 12.500000 1.364853 37
 8 1 12.500000 2.016177 133
 6 0 42.500000 1.027786 16
 5 0 32.500000 1.075225 44
 6 0 47.500000 1.724846 18
 7 1 72.500000 1.488557 93
 8 1 17.500000 1.224902 135
 5 0 2.500000 2.160855 32
 7 1 32.500000 1.907530 77
 7 0 12.500000 2.697472 68
 3 1 32.500000 1.785572 173
 1480691.818558 12
 5 1 67.500000 1.324045 59
 5 1 77.500000 2.508114 63
 4 0 7.500000 1.608988 98
 5 1 2.500000 1.483763 33
 6 1 42.500000 1.997247 17
 5 0 62.500000 2.456693 56
 5 1 12.500000 1.364853 37
 7 0 17.500000 2.637175 70
 6 0 2.500000 2.035033 0
 7 0 12.500000 2.697472 68
 5 1 37.500000 2.244844 47
 6 1 52.500000 1.816023 21
 1819434.381174 33
 8 0 22.500000 2.935606 136
 7 0 7.500000 2.507184 66
 5 1 12.500000 1.364853 37
 6 0 72.500000 1.445878 28
 6 1 72.500000 2.870297 29
 5 0 37.500000 2.034762 46
 7 1 12.500000 2.405226 69
 7 0 42.500000 2.631855 80
 5 0 2.500000 2.160855 32
 5 1 72.500000 2.627306 61
 5 0 7.500000 1.600331 34
 8 0 47.500000 1.599315 146
 5 1 52.500000 1.941774 53
 4 1 62.500000 2.683427 121
 5 1 62.500000 1.638811 57
 5 1 22.500000 2.737583 41
 7 0 27.500000 2.479564 74
 5 0 72.500000 1.227145 60
 5 1 42.500000 1.120197 49
 10 1 22.500000 2.260695 265
 6 1 62.500000 1.974684 25
 6 0 77.500000 1.085838 30
 9 0 52.500000 2.563008 212
 6 1 47.500000 1.494677 19
 7 0 12.500000 2.697472 68
 5 0 67.500000 1.499216 58
 6 0 22.500000 2.702013 8
 7 1 67.500000 2.592991 91
 7 1 62.500000 1.886123 89
 7 1 22.500000 2.046438 73
 7 1 32.500000 1.907530 77
 3 1 42.500000 2.826580 177
 6 1 27.500000 1.593237 11
 1021190.584256 23
 5 0 32.500000 1.075225 44
 7 1 52.500000 2.525586 85
 5 0 52.500000 2.711129 52
 5 1 47.500000 1.478117 51
 7 1 22.500000 2.046438 73
 6 0 27.500000 2.881632 10
 5 1 42.500000 1.120197 49
 6 1 22.500000 2.738435 9
 6 1 67.500000 1.816234 27
 11 1 12.500000 2.695175 325
 6 1 17.500000 2.665955 7
 7 0 2.500000 1.874684 64
 5 1 2.500000 1.483763 33
 7 0 37.500000 1.853923 78
 5 0 37.500000 2.034762 46
 7 0 12.500000 2.697472 68
 1 0 52.500000 2.011735 308
 1 1 2.500000 2.519589 289
 8 1 12.500000 2.016177 133
 7 0 17.500000 2.637175 70
 4 1 67.500000 2.451907 123
 5 0 42.500000 1.088185 48
 5 1 37.500000 2.244844 47
 1084151.235113 25
 5 0 32.500000 1.075225 44
 5 0 57.500000 1.388964 54
 6 0 62.500000 1.215682 24
 6 1 62.500000 1.974684 25
 6 1 52.500000 1.816023 21
 5 0 27.500000 2.564651 42
 8 0 37.500000 1.937191 142
 5 0 37.500000 2.034762 46
 5 0 17.500000 1.076646 38
 7 0 62.500000 2.644368 88
 6 1 17.500000 2.665955 7
 8 0 62.500000 2.527606 152
 6 0 67.500000 2.517393 26
 6 1 2.500000 2.797255 1
 5 1 2.500000 1.483763 33
 5 0 52.500000 2.711129 52
 7 0 22.500000 2.693761 72
 7 1 17.500000 1.002481 71
 5 1 52.500000 1.941774 53
 6 1 67.500000 1.816234 27
 8 0 47.500000 1.599315 146
 5 1 32.500000 1.311479 45
 5 0 12.500000 2.463222 36
 6 0 42.500000 1.027786 16
 7 0 17.500000 2.637175 70
 252199.627223 21
 5 0 32.500000 1.075225 44
 5 0 52.500000 2.711129 52
 5 1 67.500000 1.324045 59
 5 1 57.500000 2.322274 55
 5 1 27.500000 2.097404 43
 5 1 22.500000 2.737583 41
 5 0 47.500000 1.147943 50
 5 1 42.500000 1.120197 49
 5 0 22.500000 2.257318 40
 5 0 72.500000 1.227145 60
 7 1 2.500000 1.812608 65
 6 0 57.500000 1.901707 22
 5 0 77.500000 1.138127 62
 6 1 72.500000 2.870297 29
 6 0 62.500000 1.215682 24
 7 1 42.500000 1.591033 81
 7 0 7.500000 2.507184 66
 4 0 7.500000 1.608988 98
 7 1 67.500000 2.592991 91
 7 0 12.500000 2.697472 68
 8 1 67.500000 1.218073 155
 1177407.229271 22
 4 0 7.500000 1.608988 98
 6 0 2.500000 2.035033 0
 3 0 62.500000 1.936454 184
 5 1 22.500000 2.737583 41
 6 1 42.500000 1.997247 17
 5 1 42.500000 1.120197 49
 6 1 57.500000 1.982937 23
 6 1 32.500000 1.922710 13
 10 1 52.500000 1.938764 277
 5 1 12.500000 1.364853 37
 6 1 52.500000 1.816023 21
 6 0 67.500000 2.517393 26
 6 1 22.500000 2.738435 9
 7 1 47.500000 2.693238 83
 6 0 37.500000 2.994108 14
 6 0 77.500000 1.085838 30
 7 1 27.500000 2.028402 75
 6 0 42.500000 1.027786 16
 11 0 7.500000 2.995998 322
 5 1 2.500000 1.483763 33
 8 0 52.500000 2.911145 148
 6 1 2.500000 2.797255 1
 662850.480873 10
 5 0 57.500000 1.388964 54
 4 1 7.500000 2.260289 99
 6 0 67.500000 2.517393 26
 5 1 7.500000 2.757331 35
 5 0 37.500000 2.034762 46
 5 1 32.500000 1.311479 45
 6 1 62.500000 1.974684 25
 10 1 2.500000 1.187798 257
 5 0 2.500000 2.160855 32
 6 1 7.500000 2.601590 3
 1754258.107540 34
 7 1 17.500000 1.002481 71
 4 1 17.500000 2.153530 103
 6 1 32.500000 1.922710 13
 6 1 22.500000 2.738435 9
 8 1 17.500000 1.224902 135
 8 0 7.500000 1.325044 130
 7 0 17.500000 2.637175 70
 5 0 52.500000 2.711129 52
 5 0 67.500000 1.499216 58
 5 0 62.500000 2.456693 56
 9 1 77.500000 1.431574 223
 9 0 37.500000 2.646948 206
 7 0 22.500000 2.693761 72
 6 0 32.500000 1.536855 12
 5 1 62.500000 1.638811 57
 7 1 22.500000 2.046438 73
 5 0 77.500000 1.138127 62
 6 0 77.500000 1.085838 30
 7 1 7.500000 2.244344 67
 6 0 72.500000 1.445878 28
 7 1 62.500000 1.886123 89
 5 0 47.500000 1.147943 50
 6 0 62.500000 1.215682 24
 7 1 72.500000 1.488557 93
 6 1 7.500000 2.601590 3
 6 1 47.500000 1.494677 19
 6 0 42.500000 1.027786 16
 6 1 72.500000 2.870297 29
 7 1 12.500000 2.405226 69
 5 1 72.500000 2.627306 61
 5 0 27.500000 2.564651 42
 11 1 47.500000 2.261543 339
 5 0 2.500000 2.160855 32
 9 1 17.500000 2.386371 199
 657720.065367 27
 6 1 2.500000 2.797255 1
 6 1 72.500000 2.870297 29
 7 0 12.500000 2.697472 68
 5 0 22.500000 2.257318 40
 7 0 22.500000 2.693761 72
 5 0 72.500000 1.227145 60
 7 0 27.500000 2.479564 74
 5 1 12.500000 1.364853 37
 7 0 7.500000 2.507184 66
 9 1 22.500000 1.344760 201
 5 0 42.500000 1.088185 48
 6 0 67.500000 2.517393 26
 7 0 47.500000 2.491503 82
 6 1 77.500000 1.686926 31
 5 1 17.500000 1.187854 39
 6 0 12.500000 2.922080 4
 7 1 22.500000 2.046438 73
 6 1 62.500000 1.974684 25
 5 0 62.500000 2.456693 56
 11 1 52.500000 2.143577 341
 4 1 37.500000 1.775458 111
 6 0 2.500000 2.035033 0
 6 0 47.500000 1.724846 18
 5 1 37.500000 2.244844 47
 5 1 77.500000 2.508114 63
 6 1 47.500000 1.494677 19
 4 0 12.500000 2.677724 100
 556918.056643 34
 5 1 2.500000 1.483763 33
 5 0 7.500000 1.600331 34
 6 0 7.500000 1.462641 2
 6 1 32.500000 1.922710 13
 5 0 37.500000 2.034762 46
 8 1 57.500000 1.570924 151
 11 1 72.500000 2.583791 349
 6 1 67.500000 1.816234 27
 6 1 47.500000 1.494677 19
 5 1 67.500000 1.324045 59
 5 0 22.500000 2.257318 40
 10 0 72.500000 2.311651 284
 7 0 7.500000 2.507184 66
 5 0 47.500000 1.147943 50
 7 0 12.500000 2.697472 68
 7 1 27.500000 2.028402 75
 6 0 57.500000 1.901707 22
 6 1 2.500000 2.797255 1
 7 0 22.500000 2.693761 72
 7 1 17.500000 1.002481 71
 5 1 57.500000 2.322274 55
 5 1 52.500000 1.941774 53
 6 0 62.500000 1.215682 24
 5 1 47.500000 1.478117 51
 5 0 2.500000 2.160855 32
 5 1 17.500000 1.187854 39
 6 0 77.500000 1.085838 30
 4 0 22.500000 2.381079 104
 5 0 77.500000 1.138127 62
 6 0 22.500000 2.702013 8
 5 1 32.500000 1.311479 45
 7 1 57.500000 2.146763 87
 5 0 42.500000 1.088185 48
 6 1 27.500000 1.593237 11
 522845.652775 21
 7 0 17.500000 2.637175 70
 5 1 57.500000 2.322274 55
 7 0 7.500000 2.507184 66
 4 0 57.500000 2.425669 118
 8 0 27.500000 2.343687 138
 4 0 42.500000 2.124970 112
 6 1 67.500000 1.816234 27
 5 0 2.500000 2.160855 32
 5 0 77.500000 1.138127 62
 5 1 52.500000 1.941774 53
 7 1 42.500000 1.591033 81
 6 1 17.500000 2.665955 7
 6 0 17.500000 2.014795 6
 0 0 42.500000 2.985372 368
 6 0 22.500000 2.702013 8
 5 1 47.500000 1.478117 51
 6 1 57.500000 1.982937 23
 6 1 22.500000 2.738435 9
 5 1 22.500000 2.737583 41
 6 0 72.500000 1.445878 28
 7 1 7.500000 2.244344 67
 1116270.814275 15
 8 1 57.500000 1.570924 151
 6 0 12.500000 2.922080 4
 6 0 37.500000 2.994108 14
 5 1 2.500000 1.483763 33
 5 0 47.500000 1.147943 50
 6 0 67.500000 2.517393 26
 6 0 72.500000 1.445878 28
 5 1 7.500000 2.757331 35
 5 0 32.500000 1.075225 44
 5 1 67.500000 1.324045 59
 6 1 42.500000 1.997247 17
 2 0 72.500000 2.355185 252
 4 1 57.500000 2.213173 119
 7 1 27.500000 2.028402 75
 7 0 27.500000 2.479564 74
 1333903.248745 1
 6 1 62.500000 1.974684 25
 1131144.818557 8
 7 0 42.500000 2.631855 80
 6 0 57.500000 1.901707 22
 4 0 32.500000 2.278804 108
 7 0 27.500000 2.479564 74
 5 0 32.500000 1.075225 44
 6 1 67.500000 1.816234 27
 5 0 57.500000 1.388964 54
 5 1 72.500000 2.627306 61
 1076956.335659 20
 6 0 57.500000 1.901707 22
 3 1 27.500000 1.012918 171
 5 1 37.500000 2.244844 47
 5 0 27.500000 2.564651 42
 6 1 62.500000 1.974684 25
 5 0 2.500000 2.160855 32
 7 1 22.500000 2.046438 73
 6 1 27.500000 1.593237 11
 6 0 27.500000 2.881632 10
 7 1 12.500000 2.405226 69
 6 0 37.500000 2.994108 14
 5 0 77.500000 1.138127 62
 6 1 52.500000 1.816023 21
 4 0 22.500000 2.381079 104
 6 1 72.500000 2.870297 29
 5 0 67.500000 1.499216 58
 5 0 57.500000 1.388964 54
 5 0 42.500000 1.088185 48
 6 1 2.500000 2.797255 1
 7 0 27.500000 2.479564 74
 77305.546830 32
 6 1 17.500000 2.665955 7
 6 1 22.500000 2.738435 9
 6 0 77.500000 1.085838 30
 6 0 7.500000 1.462641 2
 7 1 12.500000 2.405226 69
 6 0 62.500000 1.215682 24
 5 0 67.500000 1.499216 58
 7 0 22.500000 2.693761 72
 1 0 77.500000 1.112209 318
 5 1 7.500000 2.757331 35
 9 0 57.500000 2.794629 214
 5 1 72.500000 2.627306 61
 3 1 12.500000 2.577997 165
 6 1 27.500000 1.593237 11
 5 0 12.500000 2.463222 36
 6 1 37.500000 1.977333 15
 6 1 57.500000 1.982937 23
 6 0 47.500000 1.724846 18
 11 1 32.500000 1.335693 333
 6 0 12.500000 2.922080 4
 6 1 62.500000 1.974684 25
 10 1 62.500000 1.155645 281
 9 1 32.500000 2.663810 205
 6 1 47.500000 1.494677 19
 5 0 17.500000 1.076646 38
 6 0 32.500000 1.536855 12
 5 1 22.500000 2.737583 41
 9 1 52.500000 2.479133 213
 5 1 32.500000 1.311479 45
 1 1 67.500000 2.596394 315
 7 1 2.500000 1.812608 65
 7 0 17.500000 2.637175 70
 709909.391454 32
 5 0 17.500000 1.076646 38
 6 0 42.500000 1.027786 16
 6 1 12.500000 1.393706 5
 6 1 52.500000 1.816023 21
 5 0 7.500000 1.600331 34
 5 1 47.500000 1.478117 51
 5 1 27.500000 2.097404 43
 5 0 27.500000 2.564651 42
 6 1 57.500000 1.982937 23
 7 0 17.500000 2.637175 70
 7 0 37.500000 1.853923 78
 8 0 12.500000 1.223539 132
 1 0 2.500000 1.629590 288
 5 0 77.500000 1.138127 62
 6 0 62.500000 1.215682 24
 8 0 42.500000 1.066274 144
 6 0 57.500000 1.901707 22
 7 1 12.500000 2.405226 69
 6 0 37.500000 2.994108 14
 5 1 67.500000 1.324045 59
 6 0 47.500000 1.724846 18
 6 1 42.500000 1.997247 17
 7 0 22.500000 2.693761 72
 7 0 52.500000 1.250820 84
 6 0 32.500000 1.536855 12
 6 1 62.500000 1.974684 25
 6 1 67.500000 1.816234 27
 5 0 72.500000 1.227145 60
 7 1 47.500000 2.693238 83
 6 1 7.500000 2.601590 3
 6 0 2.500000 2.035033 0
 5 1 2.500000 1.483763 33
 518514.121100 17
 7 1 7.500000 2.244344 67
 7 0 27.500000 2.479564 74
 6 1 72.500000 2.870297 29
 5 0 7.500000 1.600331 34
 5 1 42.500000 1.120197 49
 5 1 17.500000 1.187854 39
 7 0 7.500000 2.507184 66
 6 0 7.500000 1.462641 2
 6 1 57.500000 1.982937 23
 6 1 62.500000 1.974684 25
 1 1 22.500000 1.406263 297
 6 1 22.500000 2.738435 9
 6 0 2.500000 2.035033 0
 5 0 17.500000 1.076646 38
 6 0 27.500000 2.881632 10
 5 1 37.500000 2.244844 47
 5 0 72.500000 1.227145 60
 227629.786426 10
 5 1 42.500000 1.120197 49
 3 0 17.500000 2.397203 166
 8 0 32.500000 1.190438 140
 5 0 32.500000 1.075225 44
 7 1 7.500000 2.244344 67
 5 1 57.500000 2.322274 55
 6 1 32.500000 1.922710 13
 6 0 47.500000 1.724846 18
 7 0 12.500000 2.697472 68
 6 1 17.500000 2.665955 7
 1040509.381239 33
 5 1 72.500000 2.627306 61
 6 0 72.500000 1.445878 28
 8 0 12.500000 1.223539 132
 6 1 22.500000 2.738435 9
 6 1 77.500000 1.686926 31
 6 0 47.500000 1.724846 18
 7 1 7.500000 2.244344 67
 10 0 32.500000 2.678629 268
 6 1 72.500000 2.870297 29
 5 1 12.500000 1.364853 37
 5 0 67.500000 1.499216 58
 7 1 2.500000 1.812608 65
 5 0 77.500000 1.138127 62
 5 1 62.500000 1.638811 57
 0 1 37.500000 2.275420 367
 7 1 27.500000 2.028402 75
 7 0 22.500000 2.693761 72
 7 1 57.500000 2.146763 87
 6 1 7.500000 2.601590 3
 4 0 57.500000 2.425669 118
 4 1 32.500000 1.863870 109
 5 1 47.500000 1.478117 51
 7 0 7.500000 2.507184 66
 6 1 17.500000 2.665955 7
 5 0 42.500000 1.088185 48
 5 0 12.500000 2.463222 36
 3 1 2.500000 2.850975 161
 5 0 32.500000 1.075225 44
 10 1 47.500000 1.505406 275
 6 0 27.500000 2.881632 10
 6 1 62.500000 1.974684 25
 6 0 57.500000 1.901707 22
 4 0 67.500000 2.355950 122
 112211.817257 13
 6 0 72.500000 1.445878 28
 6 1 27.500000 1.593237 11
 5 1 12.500000 1.364853 37
 5 0 62.500000 2.456693 56
 5 0 57.500000 1.388964 54
 6 1 62.500000 1.974684 25
 7 1 2.500000 1.812608 65
 8 1 57.500000 1.570924 151
 1 1 42.500000 2.642513 305
 5 1 27.500000 2.097404 43
 5 1 2.500000 1.483763 33
 5 0 37.500000 2.034762 46
 7 1 22.500000 2.046438 73
 1820471.462263 8
 5 0 47.500000 1.147943 50
 7 0 27.500000 2.479564 74
 5 1 12.500000 1.364853 37
 5 0 12.500000 2.463222 36
 6 0 77.500000 1.085838 30
 2 0 17.500000 1.297977 230
 5 0 22.500000 2.257318 40
 6 0 37.500000 2.994108 14
 1320138.959736 19
 6 1 27.500000 1.593237 11
 6 0 52.500000 1.032535 20
 5 1 37.500000 2.244844 47
 6 0 2.500000 2.035033 0
 6 0 77.500000 1.085838 30
 6 0 17.500000 2.014795 6
 5 0 52.500000 2.711129 52
 6 0 12.500000 2.922080 4
 6 1 17.500000 2.665955 7
 7 0 12.500000 2.697472 68
 7 1 22.500000 2.046438 73
 6 0 37.500000 2.994108 14
 6 1 62.500000 1.974684 25
 6 0 27.500000 2.881632 10
 5 0 42.500000 1.088185 48
 5 1 7.500000 2.757331 35
 6 1 22.500000 2.738435 9
 6 1 7.500000 2.601590 3
 0 0 7.500000 2.569425 354
 1765941.885657 7
 5 1 12.500000 1.364853 37
 5 0 2.500000 2.160855 32
 5 1 22.500000 2.737583 41
 5 0 17.500000 1.076646 38
 6 1 47.500000 1.494677 19
 6 1 7.500000 2.601590 3
 7 1 27.500000 2.028402 75
 1430391.772534 34
 7 0 12.500000 2.697472 68
 10 0 52.500000 1.360144 276
 6 1 77.500000 1.686926 31
 6 1 22.500000 2.738435 9
 7 0 37.500000 1.853923 78
 7 1 22.500000 2.046438 73
 6 0 67.500000 2.517393 26
 6 1 37.500000 1.977333 15
 5 1 57.500000 2.322274 55
 6 1 17.500000 2.665955 7
 4 0 72.500000 1.202612 124
 5 1 72.500000 2.627306 61
 6 0 32.500000 1.536855 12
 5 1 2.500000 1.483763 33
 6 0 22.500000 2.702013 8
 5 0 42.500000 1.088185 48
 5 0 77.500000 1.138127 62
 6 1 7.500000 2.601590 3
 6 0 52.500000 1.032535 20
 6 1 72.500000 2.870297 29
 5 1 42.500000 1.120197 49
 5 1 27.500000 2.097404 43
 6 1 2.500000 2.797255 1
 6 0 47.500000 1.724846 18
 4 1 22.500000 2.792313 105
 5 0 17.500000 1.076646 38
 5 0 37.500000 2.034762 46
 5 1 67.500000 1.324045 59
 6 0 12.500000 2.922080 4
 10 0 32.500000 2.678629 268
 5 0 12.500000 2.463222 36
 3 1 32.500000 1.785572 173
 7 1 2.500000 1.812608 65
 6 1 57.500000 1.982937 23
 74078.706034 22
 6 1 2.500000 2.797255 1
 1 0 62.500000 2.678547 312
 6 0 22.500000 2.702013 8
 10 0 47.500000 2.655412 274
 6 1 27.500000 1.593237 11
 7 0 22.500000 2.693761 72
 7 0 12.500000 2.697472 68
 5 0 17.500000 1.076646 38
 3 0 32.500000 2.110417 172
 5 1 12.500000 1.364853 37
 5 1 27.500000 2.097404 43
 6 0 77.500000 1.085838 30
 0 0 7.500000 2.569425 354
 5 1 57.500000 2.322274 55
 6 1 47.500000 1.494677 19
 5 0 47.500000 1.147943 50
 5 0 2.500000 2.160855 32
 9 0 62.500000 1.509121 216
 6 0 42.500000 1.027786 16
 4 1 62.500000 2.683427 121
 5 1 2.500000 1.483763 33
 5 0 32.500000 1.075225 44
 1932692.010483 8
 6 1 22.500000 2.738435 9
 7 1 2.500000 1.812608 65
 5 0 57.500000 1.388964 54
 6 0 32.500000 1.536855 12
 6 1 52.500000 1.816023 21
 7 0 47.500000 2.491503 82
 5 0 22.500000 2.257318 40
 4 0 77.500000 1.131917 126
 1741522.991108 30
 6 1 37.500000 1.977333 15
 6 0 42.500000 1.027786 16
 11 0 47.500000 1.114551 338
 4 1 32.500000 1.863870 109
 10 0 77.500000 1.958345 286
 5 0 62.500000 2.456693 56
 6 1 7.500000 2.601590 3
 7 1 22.500000 2.046438 73
 7 0 52.500000 1.250820 84
 6 1 2.500000 2.797255 1
 4 0 32.500000 2.278804 108
 6 0 22.500000 2.702013 8
 6 1 22.500000 2.738435 9
 5 0 17.500000 1.076646 38
 6 1 77.500000 1.686926 31
 6 1 12.500000 1.393706 5
 6 0 52.500000 1.032535 20
 5 1 77.500000 2.508114 63
 4 1 7.500000 2.260289 99
 5 1 32.500000 1.311479 45
 6 0 27.500000 2.881632 10
 6 0 17.500000 2.014795 6
 6 0 62.500000 1.215682 24
 5 0 2.500000 2.160855 32
 11 0 77.500000 1.775002 350
 5 0 37.500000 2.034762 46
 5 1 52.500000 1.941774 53
 7 0 12.500000 2.697472 68
 5 1 37.500000 2.244844 47
 5 1 42.500000 1.120197 49
 72594.357297 20
 5 1 17.500000 1.187854 39
 5 0 17.500000 1.076646 38
 6 0 77.500000 1.085838 30
 8 0 27.500000 2.343687 138
 0 0 67.500000 1.223920 378
 5 1 32.500000 1.311479 45
 7 0 2.500000 1.874684 64
 1 1 12.500000 1.504289 293
 6 0 37.500000 2.994108 14
 5 0 22.500000 2.257318 40
 7 1 22.500000 2.046438 73
 5 1 62.500000 1.638811 57
 5 0 7.500000 1.600331 34
 6 1 7.500000 2.601590 3
 7 0 12.500000 2.697472 68
 2 1 27.500000 1.451024 235
 4 1 27.500000 1.635169 107
 7 0 17.500000 2.637175 70
 6 1 12.500000 1.393706 5
 8 1 37.500000 2.367410 143
 1193493.635353 18
 6 0 57.500000 1.901707 22
 5 1 2.500000 1.483763 33
 5 0 52.500000 2.711129 52
 5 1 22.500000 2.737583 41
 7 0 17.500000 2.637175 70
 7 0 32.500000 1.345624 76
 6 0 22.500000 2.702013 8
 10 0 7.500000 1.321863 258
 9 0 42.500000 1.390972 208
 6 0 62.500000 1.215682 24
 6 1 2.500000 2.797255 1
 7 1 17.500000 1.002481 71
 9 1 27.500000 1.928338 203
 7 0 67.500000 2.066555 90
 0 0 27.500000 1.532293 362
 7 1 22.500000 2.046438 73
 6 0 77.500000 1.085838 30
 6 0 17.500000 2.014795 6
 1146365.872801 8
 6 0 67.500000 2.517393 26
 5 0 12.500000 2.463222 36
 7 1 7.500000 2.244344 67
 5 1 77.500000 2.508114 63
 6 0 32.500000 1.536855 12
 5 1 7.500000 2.757331 35
 6 1 7.500000 2.601590 3
 3 1 37.500000 2.023573 175
 524692.448659 4
 7 1 2.500000 1.812608 65
 5 0 42.500000 1.088185 48
 7 1 62.500000 1.886123 89
 6 0 77.500000 1.085838 30
 1643424.726912 9
 7 0 7.500000 2.507184 66
 5 1 22.500000 2.737583 41
 7 0 17.500000 2.637175 70
 7 0 22.500000 2.693761 72
 5 1 27.500000 2.097404 43
 4 1 22.500000 2.792313 105
 5 1 67.500000 1.324045 59
 5 1 42.500000 1.120197 49
 9 0 2.500000 1.824033 192
 1467360.894097 13
 5 1 37.500000 2.244844 47
 5 0 57.500000 1.388964 54
 6 0 62.500000 1.215682 24
 5 0 2.500000 2.160855 32
 6 1 37.500000 1.977333 15
 6 1 67.500000 1.816234 27
 6 1 62.500000 1.974684 25
 9 1 47.500000 1.415991 211
 7 1 7.500000 2.244344 67
 5 1 32.500000 1.311479 45
 5 0 72.500000 1.227145 60
 6 1 57.500000 1.982937 23
 3 0 62.500000 1.936454 184
 1492832.949615 22
 11 0 67.500000 1.258842 346
 4 0 67.500000 2.355950 122
 6 1 37.500000 1.977333 15
 7 1 27.500000 2.028402 75
 5 0 27.500000 2.564651 42
 5 1 17.500000 1.187854 39
 5 1 22.500000 2.737583 41
 7 0 27.500000 2.479564 74
 7 1 12.500000 2.405226 69
 5 1 7.500000 2.757331 35
 7 1 32.500000 1.907530 77
 4 1 67.500000 2.451907 123
 8 1 22.500000 2.728883 137
 11 1 72.500000 2.583791 349
 6 0 7.500000 1.462641 2
 7 0 7.500000 2.507184 66
 5 1 2.500000 1.483763 33
 6 1 27.500000 1.593237 11
 3 1 27.500000 1.012918 171
 6 0 67.500000 2.517393 26
 5 1 67.500000 1.324045 59
 7 0 22.500000 2.693761 72
 77771.692685 2
 7 0 47.500000 2.491503 82
 8 1 77.500000 2.257448 159
 616274.899475 32
 6 1 47.500000 1.494677 19
 6 1 2.500000 2.797255 1
 6 1 32.500000 1.922710 13
 7 1 22.500000 2.046438 73
 6 0 22.500000 2.702013 8
 5 0 77.500000 1.138127 62
 6 0 12.500000 2.922080 4
 1 0 67.500000 1.630428 314
 6 0 67.500000 2.517393 26
 5 0 57.500000 1.388964 54
 1 0 2.500000 1.629590 288
 5 0 62.500000 2.456693 56
 4 1 37.500000 1.775458 111
 7 1 72.500000 1.488557 93
 7 1 27.500000 2.028402 75
 5 0 37.500000 2.034762 46
 5 1 12.500000 1.364853 37
 1 0 47.500000 2.712880 306
 5 0 47.500000 1.147943 50
 5 0 17.500000 1.076646 38
 5 0 52.500000 2.711129 52
 5 1 67.500000 1.324045 59
 7 0 17.500000 2.637175 70
 5 1 27.500000 2.097404 43
 6 0 47.500000 1.724846 18
 6 0 77.500000 1.085838 30
 6 1 42.500000 1.997247 17
 5 1 57.500000 2.322274 55
 6 1 77.500000 1.686926 31
 5 0 12.500000 2.463222 36
 5 1 32.500000 1.311479 45
 5 1 42.500000 1.120197 49
 1841764.849928 20
 9 1 12.500000 2.149137 197
 5 1 2.500000 1.483763 33
 6 0 17.500000 2.014795 6
 5 1 57.500000 2.322274 55
 10 0 52.500000 1.360144 276
 10 0 77.500000 1.958345 286
 5 0 17.500000 1.076646 38
 3 0 17.500000 2.397203 166
 5 1 37.500000 2.244844 47
 7 0 2.500000 1.874684 64
 6 1 42.500000 1.997247 17
 6 0 32.500000 1.536855 12
 5 1 42.500000 1.120197 49
 1 1 42.500000 2.642513 305
 6 0 52.500000 1.032535 20
 5 0 7.500000 1.600331 34
 2 1 42.500000 1.688073 241
 6 0 57.500000 1.901707 22
 6 1 77.500000 1.686926 31
 6 0 12.500000 2.922080 4
 462887.169785 5
 7 1 2.500000 1.812608 65
 6 1 57.500000 1.982937 23
 5 0 72.500000 1.227145 60
 7 0 22.500000 2.693761 72
 5 1 77.500000 2.508114 63
 984002.073362 10
 7 0 7.500000 2.507184 66
 7 1 22.500000 2.046438 73
 6 0 27.500000 2.881632 10
 6 1 77.500000 1.686926 31
 7 0 37.500000 1.853923 78
 7 0 57.500000 1.520685 86
 5 0 37.500000 2.034762 46
 5 1 12.500000 1.364853 37
 7 0 17.500000 2.637175 70
 6 1 27.500000 1.593237 11
 849580.160905 29
 2 0 22.500000 1.304046 232
 5 1 37.500000 2.244844 47
 6 1 7.500000 2.601590 3
 6 0 12.500000 2.922080 4
 6 1 12.500000 1.393706 5
 6 0 22.500000 2.702013 8
 6 1 47.500000 1.494677 19
 6 0 57.500000 1.901707 22
 5 1 42.500000 1.120197 49
 6 1 42.500000 1.997247 17
 6 1 17.500000 2.665955 7
 1 1 67.500000 2.596394 315
 7 0 17.500000 2.637175 70
 6 0 32.500000 1.536855 12
 7 1 27.500000 2.028402 75
 9 0 52.500000 2.563008 212
 5 1 52.500000 1.941774 53
 5 0 52.500000 2.711129 52
 5 0 77.500000 1.138127 62
 5 0 67.500000 1.499216 58
 5 1 47.500000 1.478117 51
 6 1 52.500000 1.816023 21
 7 1 2.500000 1.812608 65
 9 1 72.500000 2.053267 221
 7 1 72.500000 1.488557 93
 5 0 2.500000 2.160855 32
 6 0 67.500000 2.517393 26
 6 1 2.500000 2.797255 1
 11 1 17.500000 2.931907 327
 97216.190741 6
 6 0 67.500000 2.517393 26
 6 0 12.500000 2.922080 4
 5 0 77.500000 1.138127 62
 7 0 22.500000 2.693761 72
 7 0 17.500000 2.637175 70
 5 1 17.500000 1.187854 39
 1686404.636058 23
 5 1 17.500000 1.187854 39
 5 0 7.500000 1.600331 34
 6 0 47.500000 1.724846 18
 6 1 72.500000 2.870297 29
 6 1 67.500000 1.816234 27
 2 1 57.500000 1.683146 247
 5 0 47.500000 1.147943 50
 6 1 77.500000 1.686926 31
 5 0 27.500000 2.564651 42
 10 0 7.500000 1.321863 258
 8 1 47.500000 1.678879 147
 6 0 32.500000 1.536855 12
 6 0 37.500000 2.994108 14
 9 1 12.500000 2.149137 197
 5 0 62.500000 2.456693 56
 6 1 7.500000 2.601590 3
 1 1 52.500000 1.226047 309
 6 0 17.500000 2.014795 6
 5 1 67.500000 1.324045 59
 5 1 57.500000 2.322274 55
 5 0 22.500000 2.257318 40
 7 1 12.500000 2.405226 69
 5 1 7.500000 2.757331 35
 645298.232793 33
 4 1 57.500000 2.213173 119
 6 0 17.500000 2.014795 6
 7 0 22.500000 2.693761 72
 5 0 12.500000 2.463222 36
 6 1 2.500000 2.797255 1
 7 0 2.500000 1.874684 64
 6 1 62.500000 1.974684 25
 6 0 27.500000 2.881632 10
 7 1 7.500000 2.244344 67
 6 0 57.500000 1.901707 22
 4 1 62.500000 2.683427 121
 6 1 32.500000 1.922710 13
 6 1 67.500000 1.816234 27
 7 1 17.500000 1.002481 71
 6 0 22.500000 2.702013 8
 1 1 17.500000 1.187786 295
 6 0 12.500000 2.922080 4
 8 1 47.500000 1.678879 147
 6 1 22.500000 2.738435 9
 5 1 2.500000 1.483763 33
 7 0 37.500000 1.853923 78
 6 1 52.500000 1.816023 21
 5 0 7.500000 1.600331 34
 5 1 32.500000 1.311479 45
 1 0 77.500000 1.112209 318
 4 1 27.500000 1.635169 107
 8 1 32.500000 1.693338 141
 6 0 62.500000 1.215682 24
 6 1 17.500000 2.665955 7
 6 0 37.500000 2.994108 14
 4 1 42.500000 2.371961 113
 4 0 62.500000 2.805181 120
 6 1 72.500000 2.870297 29
 907335.491286 16
 7 1 22.500000 2.046438 73
 6 1 42.500000 1.997247 17
 5 0 67.500000 1.499216 58
 6 1 32.500000 1.922710 13
 2 1 27.500000 1.451024 235
 5 1 42.500000 1.120197 49
 5 0 7.500000 1.600331 34
 6 0 37.500000 2.994108 14
 5 0 77.500000 1.138127 62
 4 1 22.500000 2.792313 105
 6 1 47.500000 1.494677 19
 6 1 62.500000 1.974684 25
 6 0 22.500000 2.702013 8
 6 1 67.500000 1.816234 27
 0 0 67.500000 1.223920 378
 5 1 72.500000 2.627306 61
 1387629.629033 15
 5 0 17.500000 1.076646 38
 5 1 27.500000 2.097404 43
 11 1 12.500000 2.695175 325
 6 1 62.500000 1.974684 25
 5 0 27.500000 2.564651 42
 6 0 37.500000 2.994108 14
 5 0 77.500000 1.138127 62
 0 1 22.500000 1.570270 361
 5 0 2.500000 2.160855 32
 5 0 42.500000 1.088185 48
 5 1 67.500000 1.324045 59
 4 0 72.500000 1.202612 124
 6 0 52.500000 1.032535 20
 5 0 22.500000 2.257318 40
 6 0 12.500000 2.922080 4
 1660736.988848 33
 5 1 57.500000 2.322274 55
 5 1 22.500000 2.737583 41
 5 1 12.500000 1.364853 37
 6 1 72.500000 2.870297 29
 3 0 72.500000 1.552657 188
 6 0 72.500000 1.445878 28
 11 0 72.500000 2.474004 348
 7 1 12.500000 2.405226 69
 7 0 12.500000 2.697472 68
 5 1 77.500000 2.508114 63
 6 1 42.500000 1.997247 17
 7 0 37.500000 1.853923 78
 6 1 2.500000 2.797255 1
 7 0 27.500000 2.479564 74
 5 0 2.500000 2.160855 32
 5 0 57.500000 1.388964 54
 6 0 67.500000 2.517393 26
 6 0 17.500000 2.014795 6
 9 0 17.500000 2.550508 198
 5 0 27.500000 2.564651 42
 1 0 7.500000 2.737241 290
 6 1 17.500000 2.665955 7
 4 1 7.500000 2.260289 99
 2 0 2.500000 2.458399 224
 6 1 27.500000 1.593237 11
 7 0 2.500000 1.874684 64
 6 0 27.500000 2.881632 10
 7 0 22.500000 2.693761 72
 5 0 12.500000 2.463222 36
 6 0 47.500000 1.724846 18
 5 1 27.500000 2.097404 43
 6 0 7.500000 1.462641 2
 6 0 77.500000 1.085838 30
 728467.227131 29
 4 1 2.500000 1.861701 97
 5 1 22.500000 2.737583 41
 5 0 32.500000 1.075225 44
 5 0 37.500000 2.034762 46
 5 0 72.500000 1.227145 60
 8 0 52.500000 2.911145 148
 7 1 12.500000 2.405226 69
 5 0 42.500000 1.088185 48
 9 1 37.500000 1.248372 207
 6 0 52.500000 1.032535 20
 7 0 17.500000 2.637175 70
 6 1 12.500000 1.393706 5
 6 0 7.500000 1.462641 2
 3 1 72.500000 1.506090 189
 4 0 22.500000 2.381079 104
 7 0 27.500000 2.479564 74
 4 1 62.500000 2.683427 121
 5 1 17.500000 1.187854 39
 10 0 52.500000 1.360144 276
 5 0 77.500000 1.138127 62
 2 1 37.500000 1.893319 239
 5 1 2.500000 1.483763 33
 3 0 37.500000 2.104006 174
 6 1 62.500000 1.974684 25
 5 0 47.500000 1.147943 50
 5 0 7.500000 1.600331 34
 6 1 67.500000 1.816234 27
 5 1 77.500000 2.508114 63
 6 0 67.500000 2.517393 26
 1972266.483368 22
 6 0 37.500000 2.994108 14
 6 1 32.500000 1.922710 13
 5 0 12.500000 2.463222 36
 6 0 77.500000 1.085838 30
 6 1 77.500000 1.686926 31
 7 0 22.500000 2.693761 72
 5 0 72.500000 1.227145 60
 8 0 27.500000 2.343687 138
 6 0 57.500000 1.901707 22
 2 1 42.500000 1.688073 241
 5 0 17.500000 1.076646 38
 5 1 2.500000 1.483763 33
 6 0 47.500000 1.724846 18
 5 0 52.500000 2.711129 52
 7 0 52.500000 1.250820 84
 6 0 62.500000 1.215682 24
 5 1 72.500000 2.627306 61
 5 1 27.500000 2.097404 43
 2 1 17.500000 1.106164 231
 5 0 22.500000 2.257318 40
 8 1 2.500000 2.832232 129
 5 1 42.500000 1.120197 49
 1783864.658244 7
 7 0 17.500000 2.637175 70
 4 1 67.500000 2.451907 123
 5 0 7.500000 1.600331 34
 6 0 52.500000 1.032535 20
 5 0 62.500000 2.456693 56
 6 0 67.500000 2.517393 26
 6 0 17.500000 2.014795 6
 319743.057657 23
 7 0 72.500000 2.401112 92
 6 0 27.500000 2.881632 10
 4 1 37.500000 1.775458 111
 6 0 67.500000 2.517393 26
 7 0 57.500000 1.520685 86
 5 0 32.500000 1.075225 44
 6 0 7.500000 1.462641 2
 5 0 72.500000 1.227145 60
 6 1 2.500000 2.797255 1
 5 0 7.500000 1.600331 34
 6 0 22.500000 2.702013 8
 5 1 57.500000 2.322274 55
 7 1 22.500000 2.046438 73
 6 1 27.500000 1.593237 11
 8 1 12.500000 2.016177 133
 7 0 2.500000 1.874684 64
 6 0 72.500000 1.445878 28
 5 1 32.500000 1.311479 45
 4 1 32.500000 1.863870 109
 7 1 67.500000 2.592991 91
 8 0 12.500000 1.223539 132
 5 1 67.500000 1.324045 59
 5 1 77.500000 2.508114 63
 947658.013565 28
 7 1 27.500000 2.028402 75
 5 1 47.500000 1.478117 51
 6 0 47.500000 1.724846 18
 7 1 2.500000 1.812608 65
 5 1 27.500000 2.097404 43
 5 0 47.500000 1.147943 50
 6 0 2.500000 2.035033 0
 5 1 32.500000 1.311479 45
 8 0 52.500000 2.911145 148
 6 0 32.500000 1.536855 12
 5 1 17.500000 1.187854 39
 5 1 22.500000 2.737583 41
 5 1 52.500000 1.941774 53
 5 1 62.500000 1.638811 57
 6 0 17.500000 2.014795 6
 6 1 32.500000 1.922710 13
 6 1 47.500000 1.494677 19
 7 0 57.500000 1.520685 86
 5 0 17.500000 1.076646 38
 7 0 22.500000 2.693761 72
 5 0 77.500000 1.138127 62
 5 0 2.500000 2.160855 32
 6 1 37.500000 1.977333 15
 5 1 12.500000 1.364853 37
 5 0 42.500000 1.088185 48
 0 0 7.500000 2.569425 354
 4 0 67.500000 2.355950 122
 6 1 52.500000 1.816023 21
 1228705.347753 6
 6 0 72.500000 1.445878 28
 5 0 32.500000 1.075225 44
 6 0 47.500000 1.724846 18
 5 1 7.500000 2.757331 35
 5 1 37.500000 2.244844 47
 6 1 7.500000 2.601590 3
 894026.663198 6
 6 0 37.500000 2.994108 14
 8 1 52.500000 1.610129 149
 7 1 27.500000 2.028402 75
 7 0 12.500000 2.697472 68
 6 1 67.500000 1.816234 27
 6 0 22.500000 2.702013 8
 139536.051741 10
 6 0 62.500000 1.215682 24
 6 0 12.500000 2.922080 4
 6 0 57.500000 1.901707 22
 6 1 72.500000 2.870297 29
 6 1 47.500000 1.494677 19
 5 1 67.500000 1.324045 59
 6 1 22.500000 2.738435 9
 6 0 47.500000 1.724846 18
 5 0 2.500000 2.160855 32
 7 1 12.500000 2.405226 69
 559918.076023 19
 5 0 32.500000 1.075225 44
 6 1 17.500000 2.665955 7
 1 1 7.500000 2.802972 291
 6 0 57.500000 1.901707 22
 5 0 7.500000 1.600331 34
 10 1 37.500000 1.675691 271
 6 0 52.500000 1.032535 20
 5 0 17.500000 1.076646 38
 5 0 62.500000 2.456693 56
 7 1 2.500000 1.812608 65
 6 0 42.500000 1.027786 16
 6 1 72.500000 2.870297 29
 6 1 47.500000 1.494677 19
 5 0 37.500000 2.034762 46
 5 0 77.500000 1.138127 62
 6 1 42.500000 1.997247 17
 6 0 7.500000 1.462641 2
 7 0 27.500000 2.479564 74
 2 0 2.500000 2.458399 224
 264316.857506 11
 7 1 67.500000 2.592991 91
 5 1 37.500000 2.244844 47
 6 0 27.500000 2.881632 10
 6 0 7.500000 1.462641 2
 5 1 32.500000 1.311479 45
 6 1 72.500000 2.870297 29
 3 1 52.500000 2.071304 181
 6 1 77.500000 1.686926 31
 5 0 57.500000 1.388964 54
 5 0 62.500000 2.456693 56
 6 0 37.500000 2.994108 14