 Numero de pedidos 
 200
 duedate num_referencias // pasillo lado altura peso
 954682.169480 18
 2 1 42.500000 1.566172 81
 1 0 27.500000 1.083292 42
 0 1 7.500000 2.423975 3
 1 0 52.500000 1.625155 52
 0 1 62.500000 1.868571 25
 7 1 42.500000 1.787595 241
 0 0 27.500000 1.331395 10
 0 0 22.500000 1.681970 8
 0 0 72.500000 2.166480 28
 2 0 27.500000 1.377911 74
 2 1 27.500000 2.557561 75
 2 0 12.500000 1.129341 68
 0 0 7.500000 1.291392 2
 0 0 37.500000 1.947093 14
 2 0 2.500000 2.810857 64
 0 1 57.500000 1.535413 23
 4 1 17.500000 2.669560 135
 1 0 62.500000 2.946017 56
 299620.273048 14
 0 1 2.500000 2.758808 1
 1 0 62.500000 2.946017 56
 0 0 72.500000 2.166480 28
 1 0 77.500000 1.056297 62
 0 0 7.500000 1.291392 2
 1 0 52.500000 1.625155 52
 1 0 7.500000 1.750794 34
 1 1 77.500000 1.175392 63
 2 1 12.500000 2.830193 69
 0 1 22.500000 2.874715 9
 0 1 7.500000 2.423975 3
 2 0 12.500000 1.129341 68
 0 0 27.500000 1.331395 10
 0 0 37.500000 1.947093 14
 514648.267065 9
 2 1 47.500000 1.560463 83
 0 1 42.500000 2.599248 17
 5 1 72.500000 1.588409 189
 1 0 57.500000 2.075635 54
 11 1 57.500000 1.789465 375
 11 0 47.500000 2.788666 370
 1 0 52.500000 1.625155 52
 2 0 22.500000 2.580484 72
 0 1 57.500000 1.535413 23
 266739.044407 4
 1 1 62.500000 1.706402 57
 0 0 12.500000 1.755039 4
 0 0 42.500000 1.448956 16
 1 0 77.500000 1.056297 62
 1506831.596171 11
 6 0 7.500000 1.744660 194
 1 0 42.500000 2.048705 48
 2 1 22.500000 2.197857 73
 9 1 17.500000 1.958568 295
 0 1 7.500000 2.423975 3
 7 1 57.500000 2.396539 247
 1 0 12.500000 1.669705 36
 1 1 47.500000 2.722177 51
 8 0 12.500000 2.039975 260
 0 1 67.500000 1.781173 27
 0 0 42.500000 1.448956 16
 649453.530148 3
 0 1 2.500000 2.758808 1
 0 0 22.500000 1.681970 8
 3 1 47.500000 2.036835 115
 42583.764234 3
 2 0 2.500000 2.810857 64
 0 1 17.500000 1.167352 7
 2 0 27.500000 1.377911 74
 365327.705706 6
 0 0 72.500000 2.166480 28
 0 1 57.500000 1.535413 23
 0 0 32.500000 2.054337 12
 2 1 7.500000 1.298217 67
 7 1 42.500000 1.787595 241
 6 0 22.500000 1.592432 200
 195945.321450 24
 1 0 42.500000 2.048705 48
 1 0 7.500000 1.750794 34
 1 1 52.500000 1.977038 53
 0 1 22.500000 2.874715 9
 1 1 57.500000 1.198724 55
 1 0 22.500000 1.714460 40
 5 1 42.500000 1.452202 177
 6 0 52.500000 1.930861 212
 0 1 37.500000 2.784759 15
 1 1 62.500000 1.706402 57
 1 0 17.500000 2.837925 38
 1 1 32.500000 1.339871 45
 4 0 77.500000 2.182243 158
 0 1 62.500000 1.868571 25
 1 1 42.500000 2.585545 49
 0 0 12.500000 1.755039 4
 2 0 17.500000 1.045781 70
 1 0 2.500000 2.641488 32
 0 1 2.500000 2.758808 1
 5 1 2.500000 1.622717 161
 7 1 52.500000 2.656456 245
 2 1 72.500000 1.547695 93
 4 0 52.500000 1.768028 148
 0 1 42.500000 2.599248 17
 1266969.407139 9
 0 0 17.500000 1.189336 6
 1 0 77.500000 1.056297 62
 1 1 12.500000 2.727366 37
 0 1 2.500000 2.758808 1
 1 0 27.500000 1.083292 42
 1 1 22.500000 2.928606 41
 1 1 37.500000 2.396266 47
 6 1 37.500000 2.888611 207
 2 0 17.500000 1.045781 70
 1276933.578140 10
 1 0 57.500000 2.075635 54
 2 1 17.500000 2.441041 71
 0 0 37.500000 1.947093 14
 10 0 62.500000 1.608893 344
 3 1 7.500000 2.489499 99
 1 1 77.500000 1.175392 63
 4 0 47.500000 2.678580 146
 0 1 52.500000 2.898680 21
 1 0 42.500000 2.048705 48
 0 1 2.500000 2.758808 1
 441446.086895 25
 1 1 57.500000 1.198724 55
 0 1 17.500000 1.167352 7
 1 0 17.500000 2.837925 38
 8 1 22.500000 1.553098 265
 1 0 57.500000 2.075635 54
 1 0 72.500000 2.326708 60
 2 1 17.500000 2.441041 71
 0 0 42.500000 1.448956 16
 2 0 17.500000 1.045781 70
 0 1 27.500000 2.752547 11
 2 0 2.500000 2.810857 64
 1 0 22.500000 1.714460 40
 7 1 22.500000 1.135845 233
 1 0 37.500000 1.218920 46
 2 1 62.500000 2.615065 89
 0 1 67.500000 1.781173 27
 4 1 17.500000 2.669560 135
 0 1 2.500000 2.758808 1
 0 0 32.500000 2.054337 12
 0 1 12.500000 2.941464 5
 6 1 2.500000 1.528396 193
 1 0 52.500000 1.625155 52
 1 0 62.500000 2.946017 56
 1 0 42.500000 2.048705 48
 1 1 37.500000 2.396266 47
 195852.107795 15
 0 1 32.500000 1.238766 13
 0 0 67.500000 1.070255 26
 1 1 7.500000 1.594435 35
 0 1 67.500000 1.781173 27
 1 1 12.500000 2.727366 37
 10 0 37.500000 1.812997 334
 1 0 37.500000 1.218920 46
 1 0 47.500000 1.258923 50
 1 0 67.500000 1.497528 58
 0 1 42.500000 2.599248 17
 1 0 22.500000 1.714460 40
 1 1 2.500000 1.488294 33
 1 1 32.500000 1.339871 45
 1 1 52.500000 1.977038 53
 9 0 67.500000 2.425735 314
 1356535.406465 16
 0 0 42.500000 1.448956 16
 0 1 52.500000 2.898680 21
 2 1 7.500000 1.298217 67
 0 1 47.500000 1.467557 19
 2 0 22.500000 2.580484 72
 1 1 52.500000 1.977038 53
 9 1 42.500000 2.828146 305
 2 1 22.500000 2.197857 73
 1 0 27.500000 1.083292 42
 3 0 7.500000 1.545933 98
 1 1 72.500000 2.975609 61
 1 0 57.500000 2.075635 54
 0 1 57.500000 1.535413 23
 2 1 12.500000 2.830193 69
 0 0 72.500000 2.166480 28
 0 0 2.500000 2.927992 0
 1398505.828063 11
 1 0 22.500000 1.714460 40
 1 1 37.500000 2.396266 47
 1 0 27.500000 1.083292 42
 1 1 27.500000 2.889208 43
 1 0 62.500000 2.946017 56
 0 1 62.500000 1.868571 25
 2 0 17.500000 1.045781 70
 3 1 27.500000 2.552211 107
 1 1 32.500000 1.339871 45
 1 1 12.500000 2.727366 37
 1 0 57.500000 2.075635 54
 1810114.698676 7
 2 0 57.500000 1.431538 86
 2 0 27.500000 1.377911 74
 2 0 7.500000 2.461195 66
 0 0 27.500000 1.331395 10
 0 0 17.500000 1.189336 6
 9 1 47.500000 1.047212 307
 4 0 47.500000 2.678580 146
 1266925.935423 26
 0 1 32.500000 1.238766 13
 1 0 52.500000 1.625155 52
 0 1 77.500000 2.623469 31
 0 0 12.500000 1.755039 4
 2 0 7.500000 2.461195 66
 0 0 32.500000 2.054337 12
 0 0 42.500000 1.448956 16
 0 1 12.500000 2.941464 5
 1 1 72.500000 2.975609 61
 4 1 2.500000 1.568362 129
 4 0 22.500000 1.289272 136
 1 0 37.500000 1.218920 46
 1 0 67.500000 1.497528 58
 11 1 37.500000 1.640184 367
 1 0 72.500000 2.326708 60
 0 1 67.500000 1.781173 27
 3 1 52.500000 2.144634 117
 0 0 27.500000 1.331395 10
 0 0 37.500000 1.947093 14
 7 1 47.500000 1.880911 243
 0 0 2.500000 2.927992 0
 1 0 2.500000 2.641488 32
 4 0 37.500000 1.409231 142
 11 1 22.500000 2.393740 361
 2 1 17.500000 2.441041 71
 1 0 47.500000 1.258923 50
 993029.030484 32
 1 1 37.500000 2.396266 47
 0 1 52.500000 2.898680 21
 1 0 77.500000 1.056297 62
 7 1 52.500000 2.656456 245
 0 1 7.500000 2.423975 3
 1 0 22.500000 1.714460 40
 2 1 17.500000 2.441041 71
 1 1 42.500000 2.585545 49
 0 0 32.500000 2.054337 12
 0 0 42.500000 1.448956 16
 2 1 27.500000 2.557561 75
 9 1 62.500000 1.153592 313
 0 1 62.500000 1.868571 25
 1 1 72.500000 2.975609 61
 0 0 72.500000 2.166480 28
 1 0 72.500000 2.326708 60
 1 1 27.500000 2.889208 43
 0 0 47.500000 1.567291 18
 1 0 12.500000 1.669705 36
 7 1 7.500000 2.047911 227
 1 1 67.500000 2.952956 59
 2 1 47.500000 1.560463 83
 1 1 62.500000 1.706402 57
 2 1 2.500000 2.067975 65
 0 0 27.500000 1.331395 10
 0 1 17.500000 1.167352 7
 0 1 72.500000 2.022218 29
 6 0 42.500000 2.884732 208
 1 1 12.500000 2.727366 37
 0 0 17.500000 1.189336 6
 10 1 27.500000 1.229624 331
 3 0 57.500000 2.862192 118
 1410110.399672 8
 10 1 17.500000 2.353152 327
 0 0 77.500000 1.418375 30
 2 1 7.500000 1.298217 67
 0 0 7.500000 1.291392 2
 1 1 77.500000 1.175392 63
 0 0 57.500000 2.107428 22
 6 1 42.500000 1.695647 209
 1 1 32.500000 1.339871 45
 144804.286186 25
 0 1 57.500000 1.535413 23
 0 0 52.500000 1.230612 20
 0 0 42.500000 1.448956 16
 0 1 22.500000 2.874715 9
 0 1 47.500000 1.467557 19
 0 1 2.500000 2.758808 1
 1 0 27.500000 1.083292 42
 2 0 27.500000 1.377911 74
 3 0 42.500000 1.234832 112
 0 0 17.500000 1.189336 6
 9 0 7.500000 2.062437 290
 4 0 27.500000 1.568611 138
 4 0 17.500000 2.054779 134
 8 0 2.500000 1.419210 256
 1 1 67.500000 2.952956 59
 2 1 2.500000 2.067975 65
 2 1 7.500000 1.298217 67
 3 1 22.500000 2.514574 105
 2 0 2.500000 2.810857 64
 1 1 42.500000 2.585545 49
 2 1 52.500000 1.910837 85
 1 1 52.500000 1.977038 53
 1 0 22.500000 1.714460 40
 0 1 67.500000 1.781173 27
 0 1 7.500000 2.423975 3
 716665.107923 25
 0 0 27.500000 1.331395 10
 0 1 77.500000 2.623469 31
 1 1 32.500000 1.339871 45
 0 0 7.500000 1.291392 2
 2 1 12.500000 2.830193 69
 1 1 17.500000 1.005397 39
 3 0 2.500000 2.685305 96
 0 1 12.500000 2.941464 5
 2 0 7.500000 2.461195 66
 3 1 42.500000 1.829017 113
 1 1 42.500000 2.585545 49
 1 0 77.500000 1.056297 62
 0 0 42.500000 1.448956 16
 0 1 2.500000 2.758808 1
 0 1 37.500000 2.784759 15
 1 0 37.500000 1.218920 46
 9 1 62.500000 1.153592 313
 6 0 62.500000 1.015807 216
 0 0 62.500000 1.687622 24
 6 0 77.500000 1.781376 222
 2 1 17.500000 2.441041 71
 0 1 57.500000 1.535413 23
 1 1 62.500000 1.706402 57
 4 0 12.500000 2.512037 132
 0 0 37.500000 1.947093 14
 570143.851289 15
 9 1 67.500000 1.324737 315
 0 0 42.500000 1.448956 16
 0 0 77.500000 1.418375 30
 5 0 77.500000 2.389818 190
 3 0 72.500000 2.105042 124
 1 0 67.500000 1.497528 58
 1 1 7.500000 1.594435 35
 0 0 47.500000 1.567291 18
 0 0 62.500000 1.687622 24
 2 1 47.500000 1.560463 83
 2 0 67.500000 1.392021 90
 0 1 7.500000 2.423975 3
 1 0 72.500000 2.326708 60
 0 0 2.500000 2.927992 0
 0 1 37.500000 2.784759 15
 238583.569191 35
 0 0 22.500000 1.681970 8
 0 1 77.500000 2.623469 31
 4 0 22.500000 1.289272 136
 0 1 17.500000 1.167352 7
 2 1 12.500000 2.830193 69
 1 1 77.500000 1.175392 63
 1 0 22.500000 1.714460 40
 2 1 17.500000 2.441041 71
 0 1 2.500000 2.758808 1
 0 0 2.500000 2.927992 0
 4 0 47.500000 2.678580 146
 1 0 17.500000 2.837925 38
 4 0 27.500000 1.568611 138
 0 0 47.500000 1.567291 18
 0 0 27.500000 1.331395 10
 0 0 62.500000 1.687622 24
 0 0 7.500000 1.291392 2
 9 0 2.500000 1.093617 288
 1 0 12.500000 1.669705 36
 0 1 72.500000 2.022218 29
 2 1 22.500000 2.197857 73
 0 0 67.500000 1.070255 26
 0 1 22.500000 2.874715 9
 2 1 27.500000 2.557561 75
 0 0 52.500000 1.230612 20
 1 1 12.500000 2.727366 37
 2 1 42.500000 1.566172 81
 2 1 47.500000 1.560463 83
 0 1 67.500000 1.781173 27
 0 1 57.500000 1.535413 23
 1 0 72.500000 2.326708 60
 2 0 12.500000 1.129341 68
 0 0 42.500000 1.448956 16
 11 0 52.500000 2.524653 372
 2 1 2.500000 2.067975 65
 1914462.066365 30
 0 1 37.500000 2.784759 15
 0 0 2.500000 2.927992 0
 4 0 57.500000 1.193243 150
 0 1 17.500000 1.167352 7
 0 0 72.500000 2.166480 28
 1 0 7.500000 1.750794 34
 2 0 2.500000 2.810857 64
 1 1 57.500000 1.198724 55
 2 1 22.500000 2.197857 73
 1 1 12.500000 2.727366 37
 2 1 2.500000 2.067975 65
 0 1 27.500000 2.752547 11
 4 1 17.500000 2.669560 135
 0 0 77.500000 1.418375 30
 0 0 12.500000 1.755039 4
 2 1 17.500000 2.441041 71
 9 1 57.500000 2.420586 311
 9 0 72.500000 2.854156 316
 1 1 67.500000 2.952956 59
 1 0 27.500000 1.083292 42
 9 1 72.500000 1.796128 317
 1 1 17.500000 1.005397 39
 2 1 27.500000 2.557561 75
 1 0 32.500000 2.920173 44
 1 1 77.500000 1.175392 63
 7 0 2.500000 2.317481 224
 6 0 17.500000 2.668109 198
 0 1 22.500000 2.874715 9
 4 1 37.500000 2.946980 143
 0 1 62.500000 1.868571 25
 1737420.265049 18
 0 1 77.500000 2.623469 31
 0 0 57.500000 2.107428 22
 1 1 27.500000 2.889208 43
 0 1 2.500000 2.758808 1
 2 0 27.500000 1.377911 74
 0 0 32.500000 2.054337 12
 1 0 62.500000 2.946017 56
 1 0 57.500000 2.075635 54
 1 1 7.500000 1.594435 35
 9 0 7.500000 2.062437 290
 8 0 62.500000 2.172106 280
 0 0 42.500000 1.448956 16
 0 1 72.500000 2.022218 29
 1 0 52.500000 1.625155 52
 1 1 32.500000 1.339871 45
 1 1 77.500000 1.175392 63
 1 1 57.500000 1.198724 55
 4 1 57.500000 2.831826 151
 107476.295246 14
 0 1 37.500000 2.784759 15
 0 1 72.500000 2.022218 29
 1 1 27.500000 2.889208 43
 0 1 2.500000 2.758808 1
 2 0 32.500000 2.927925 76
 0 0 17.500000 1.189336 6
 1 0 67.500000 1.497528 58
 1 1 7.500000 1.594435 35
 10 1 77.500000 1.608593 351
 0 1 17.500000 1.167352 7
 9 0 67.500000 2.425735 314
 3 1 37.500000 2.235809 111
 1 0 57.500000 2.075635 54
 1 1 72.500000 2.975609 61
 741089.188410 22
 0 1 2.500000 2.758808 1
 2 0 7.500000 2.461195 66
 2 1 2.500000 2.067975 65
 4 1 7.500000 2.747695 131
 1 1 57.500000 1.198724 55
 0 1 17.500000 1.167352 7
 0 1 57.500000 1.535413 23
 8 0 72.500000 2.066674 284
 8 1 62.500000 2.591478 281
 1 1 7.500000 1.594435 35
 1 0 27.500000 1.083292 42
 0 1 67.500000 1.781173 27
 2 0 17.500000 1.045781 70
 1 0 62.500000 2.946017 56
 1 0 17.500000 2.837925 38
 0 0 62.500000 1.687622 24
 1 0 57.500000 2.075635 54
 1 1 12.500000 2.727366 37
 0 0 32.500000 2.054337 12
 1 1 77.500000 1.175392 63
 1 0 37.500000 1.218920 46
 1 0 12.500000 1.669705 36
 747457.236288 30
 2 1 27.500000 2.557561 75
 1 1 72.500000 2.975609 61
 2 1 7.500000 1.298217 67
 1 1 7.500000 1.594435 35
 1 1 77.500000 1.175392 63
 1 0 67.500000 1.497528 58
 1 0 57.500000 2.075635 54
 6 1 67.500000 2.361476 219
 1 0 47.500000 1.258923 50
 0 1 42.500000 2.599248 17
 0 0 42.500000 1.448956 16
 2 1 22.500000 2.197857 73
 0 1 17.500000 1.167352 7
 1 0 62.500000 2.946017 56
 0 0 57.500000 2.107428 22
 1 0 12.500000 1.669705 36
 0 0 7.500000 1.291392 2
 8 1 37.500000 1.373076 271
 1 1 67.500000 2.952956 59
 0 1 57.500000 1.535413 23
 0 1 12.500000 2.941464 5
 1 1 47.500000 2.722177 51
 0 0 2.500000 2.927992 0
 1 0 42.500000 2.048705 48
 0 0 32.500000 2.054337 12
 2 1 2.500000 2.067975 65
 4 0 57.500000 1.193243 150
 0 1 72.500000 2.022218 29
 1 1 32.500000 1.339871 45
 0 0 27.500000 1.331395 10
 1177265.834388 16
 4 1 27.500000 1.649413 139
 10 1 67.500000 1.244709 347
 1 0 42.500000 2.048705 48
 5 1 27.500000 1.069657 171
 3 1 17.500000 1.622860 103
 2 0 12.500000 1.129341 68
 1 0 32.500000 2.920173 44
 0 1 62.500000 1.868571 25
 8 1 42.500000 2.694317 273
 0 0 67.500000 1.070255 26
 1 0 77.500000 1.056297 62
 0 0 72.500000 2.166480 28
 0 1 52.500000 2.898680 21
 0 0 42.500000 1.448956 16
 1 1 77.500000 1.175392 63
 1 0 52.500000 1.625155 52
 987937.767817 2
 10 0 7.500000 2.929925 322
 9 0 17.500000 2.207649 294
 1600520.449244 20
 0 1 12.500000 2.941464 5
 0 1 77.500000 2.623469 31
 4 0 67.500000 2.404953 154
 0 0 47.500000 1.567291 18
 2 1 22.500000 2.197857 73
 2 0 27.500000 1.377911 74
 0 0 67.500000 1.070255 26
 5 0 77.500000 2.389818 190
 2 0 2.500000 2.810857 64
 1 0 72.500000 2.326708 60
 1 0 52.500000 1.625155 52
 0 1 22.500000 2.874715 9
 1 0 67.500000 1.497528 58
 1 1 37.500000 2.396266 47
 1 1 12.500000 2.727366 37
 0 1 27.500000 2.752547 11
 9 0 52.500000 2.489924 308
 2 0 12.500000 1.129341 68
 7 1 12.500000 2.889824 229
 2 0 17.500000 1.045781 70
 349714.007764 17
 0 0 32.500000 2.054337 12
 1 1 42.500000 2.585545 49
 1 0 27.500000 1.083292 42
 0 1 72.500000 2.022218 29
 1 0 32.500000 2.920173 44
 2 1 72.500000 1.547695 93
 2 0 27.500000 1.377911 74
 2 1 27.500000 2.557561 75
 0 1 67.500000 1.781173 27
 1 1 32.500000 1.339871 45
 0 1 7.500000 2.423975 3
 1 0 47.500000 1.258923 50
 2 1 2.500000 2.067975 65
 0 1 47.500000 1.467557 19
 4 0 67.500000 2.404953 154
 2 0 12.500000 1.129341 68
 0 0 2.500000 2.927992 0
 1101921.066298 28
 0 0 67.500000 1.070255 26
 1 0 37.500000 1.218920 46
 2 1 17.500000 2.441041 71
 0 1 32.500000 1.238766 13
 1 1 12.500000 2.727366 37
 1 0 47.500000 1.258923 50
 2 1 12.500000 2.830193 69
 2 1 77.500000 2.980109 95
 1 0 22.500000 1.714460 40
 5 1 2.500000 1.622717 161
 1 0 32.500000 2.920173 44
 1 0 77.500000 1.056297 62
 1 1 77.500000 1.175392 63
 1 0 17.500000 2.837925 38
 2 1 7.500000 1.298217 67
 1 1 62.500000 1.706402 57
 2 0 57.500000 1.431538 86
 0 1 77.500000 2.623469 31
 0 0 52.500000 1.230612 20
 0 0 62.500000 1.687622 24
 1 1 7.500000 1.594435 35
 1 1 57.500000 1.198724 55
 2 1 22.500000 2.197857 73
 2 0 12.500000 1.129341 68
 0 1 17.500000 1.167352 7
 2 1 27.500000 2.557561 75
 1 1 17.500000 1.005397 39
 0 1 67.500000 1.781173 27
 1260904.912865 35
 0 0 67.500000 1.070255 26
 7 0 57.500000 1.052204 246
 1 0 17.500000 2.837925 38
 1 0 57.500000 2.075635 54
 1 0 42.500000 2.048705 48
 2 1 12.500000 2.830193 69
 1 1 22.500000 2.928606 41
 0 0 72.500000 2.166480 28
 0 0 2.500000 2.927992 0
 2 0 77.500000 2.107752 94
 7 0 32.500000 1.245168 236
 1 1 57.500000 1.198724 55
 2 0 2.500000 2.810857 64
 0 1 7.500000 2.423975 3
 2 0 7.500000 2.461195 66
 1 1 37.500000 2.396266 47
 2 0 27.500000 1.377911 74
 0 0 12.500000 1.755039 4
 0 0 62.500000 1.687622 24
 1 0 62.500000 2.946017 56
 1 0 7.500000 1.750794 34
 3 1 72.500000 1.434318 125
 1 1 47.500000 2.722177 51
 3 0 67.500000 1.526129 122
 0 1 62.500000 1.868571 25
 1 0 72.500000 2.326708 60
 0 0 42.500000 1.448956 16
 2 1 37.500000 1.499708 79
 2 1 7.500000 1.298217 67
 0 1 57.500000 1.535413 23
 1 1 17.500000 1.005397 39
 9 1 72.500000 1.796128 317
 1 1 62.500000 1.706402 57
 1 0 47.500000 1.258923 50
 0 0 47.500000 1.567291 18
 1146923.709934 10
 1 1 32.500000 1.339871 45
 0 0 52.500000 1.230612 20
 3 1 77.500000 2.072074 127
 2 1 7.500000 1.298217 67
 1 1 62.500000 1.706402 57
 1 1 37.500000 2.396266 47
 0 1 27.500000 2.752547 11
 0 0 27.500000 1.331395 10
 0 1 17.500000 1.167352 7
 1 0 7.500000 1.750794 34
 1507631.936664 31
 1 1 77.500000 1.175392 63
 2 1 42.500000 1.566172 81
 4 0 32.500000 1.680506 140
 1 1 57.500000 1.198724 55
 0 0 72.500000 2.166480 28
 4 0 2.500000 1.343700 128
 0 1 22.500000 2.874715 9
 0 0 47.500000 1.567291 18
 1 0 62.500000 2.946017 56
 0 0 32.500000 2.054337 12
 1 0 17.500000 2.837925 38
 2 1 22.500000 2.197857 73
 0 0 17.500000 1.189336 6
 1 0 67.500000 1.497528 58
 11 0 17.500000 1.958984 358
 2 0 2.500000 2.810857 64
 1 0 72.500000 2.326708 60
 4 0 52.500000 1.768028 148
 2 1 2.500000 2.067975 65
 0 0 37.500000 1.947093 14
 0 1 27.500000 2.752547 11
 6 1 2.500000 1.528396 193
 1 0 12.500000 1.669705 36
 2 0 62.500000 1.863308 88
 1 0 27.500000 1.083292 42
 0 1 47.500000 1.467557 19
 0 1 37.500000 2.784759 15
 2 1 17.500000 2.441041 71
 0 0 22.500000 1.681970 8
 0 1 52.500000 2.898680 21
 1 1 7.500000 1.594435 35
 829399.911123 34
 1 1 52.500000 1.977038 53
 1 0 77.500000 1.056297 62
 1 0 12.500000 1.669705 36
 1 1 2.500000 1.488294 33
 0 0 7.500000 1.291392 2
 1 0 37.500000 1.218920 46
 2 0 7.500000 2.461195 66
 0 1 72.500000 2.022218 29
 6 0 77.500000 1.781376 222
 0 0 57.500000 2.107428 22
 0 1 52.500000 2.898680 21
 1 0 42.500000 2.048705 48
 0 1 62.500000 1.868571 25
 2 0 22.500000 2.580484 72
 1 0 67.500000 1.497528 58
 0 0 37.500000 1.947093 14
 0 0 52.500000 1.230612 20
 1 1 62.500000 1.706402 57
 0 0 42.500000 1.448956 16
 1 1 42.500000 2.585545 49
 5 0 77.500000 2.389818 190
 0 1 32.500000 1.238766 13
 2 1 7.500000 1.298217 67
 2 0 2.500000 2.810857 64
 0 0 22.500000 1.681970 8
 1 0 62.500000 2.946017 56
 4 0 77.500000 2.182243 158
 1 1 12.500000 2.727366 37
 1 0 72.500000 2.326708 60
 0 1 17.500000 1.167352 7
 8 0 27.500000 2.917380 266
 0 0 67.500000 1.070255 26
 1 1 32.500000 1.339871 45
 1 0 2.500000 2.641488 32
 1855060.986977 4
 10 1 32.500000 2.486929 333
 0 0 2.500000 2.927992 0
 3 0 32.500000 1.002989 108
 5 0 67.500000 2.101531 186
 1646410.250853 6
 2 1 37.500000 1.499708 79
 1 0 47.500000 1.258923 50
 1 1 22.500000 2.928606 41
 0 1 17.500000 1.167352 7
 0 1 72.500000 2.022218 29
 0 0 67.500000 1.070255 26
 1045855.570885 34
 0 1 52.500000 2.898680 21
 2 0 22.500000 2.580484 72
 4 0 32.500000 1.680506 140
 1 1 62.500000 1.706402 57
 0 0 22.500000 1.681970 8
 1 1 22.500000 2.928606 41
 1 0 42.500000 2.048705 48
 1 0 2.500000 2.641488 32
 0 1 32.500000 1.238766 13
 0 1 57.500000 1.535413 23
 2 1 7.500000 1.298217 67
 0 0 42.500000 1.448956 16
 4 1 62.500000 2.913572 153
 0 0 32.500000 2.054337 12
 1 0 32.500000 2.920173 44
 1 1 2.500000 1.488294 33
 0 1 7.500000 2.423975 3
 0 0 27.500000 1.331395 10
 0 0 72.500000 2.166480 28
 0 0 12.500000 1.755039 4
 1 0 47.500000 1.258923 50
 1 0 57.500000 2.075635 54
 4 0 7.500000 1.453368 130
 0 0 47.500000 1.567291 18
 1 1 27.500000 2.889208 43
 1 0 77.500000 1.056297 62
 3 0 52.500000 1.081344 116
 0 1 47.500000 1.467557 19
 0 0 7.500000 1.291392 2
 0 1 62.500000 1.868571 25
 1 1 32.500000 1.339871 45
 2 0 7.500000 2.461195 66
 3 1 12.500000 2.303094 101
 10 0 22.500000 1.431253 328
 83858.182022 8
 3 0 52.500000 1.081344 116
 2 0 7.500000 2.461195 66
 0 0 12.500000 1.755039 4
 1 1 22.500000 2.928606 41
 1 0 37.500000 1.218920 46
 1 0 57.500000 2.075635 54
 0 1 22.500000 2.874715 9
 2 1 52.500000 1.910837 85
 607431.433521 3
 1 1 57.500000 1.198724 55
 1 0 62.500000 2.946017 56
 6 0 77.500000 1.781376 222
 794256.277640 26
 5 1 52.500000 2.325865 181
 2 0 27.500000 1.377911 74
 0 0 22.500000 1.681970 8
 2 0 12.500000 1.129341 68
 2 0 62.500000 1.863308 88
 1 0 27.500000 1.083292 42
 2 0 7.500000 2.461195 66
 7 0 32.500000 1.245168 236
 1 0 42.500000 2.048705 48
 4 1 17.500000 2.669560 135
 1 1 17.500000 1.005397 39
 1 0 12.500000 1.669705 36
 1 0 57.500000 2.075635 54
 3 0 62.500000 1.022269 120
 0 1 27.500000 2.752547 11
 5 1 62.500000 2.241215 185
 1 1 77.500000 1.175392 63
 0 0 57.500000 2.107428 22
 2 1 7.500000 1.298217 67
 2 0 42.500000 1.596095 80
 7 1 72.500000 2.414795 253
 1 1 7.500000 1.594435 35
 2 1 12.500000 2.830193 69
 1 1 57.500000 1.198724 55
 2 0 17.500000 1.045781 70
 1 0 17.500000 2.837925 38
 1196304.754930 27
 0 0 42.500000 1.448956 16
 0 1 32.500000 1.238766 13
 1 0 27.500000 1.083292 42
 1 0 2.500000 2.641488 32
 0 0 17.500000 1.189336 6
 4 0 52.500000 1.768028 148
 2 1 47.500000 1.560463 83
 2 0 7.500000 2.461195 66
 0 0 62.500000 1.687622 24
 11 1 52.500000 1.834841 373
 1 0 37.500000 1.218920 46
 11 1 42.500000 1.472053 369
 1 1 27.500000 2.889208 43
 2 1 2.500000 2.067975 65
 0 0 22.500000 1.681970 8
 1 0 77.500000 1.056297 62
 1 0 67.500000 1.497528 58
 0 1 2.500000 2.758808 1
 2 0 27.500000 1.377911 74
 0 1 17.500000 1.167352 7
 2 1 22.500000 2.197857 73
 0 1 67.500000 1.781173 27
 2 0 12.500000 1.129341 68
 1 1 57.500000 1.198724 55
 0 1 42.500000 2.599248 17
 0 1 22.500000 2.874715 9
 4 1 52.500000 1.251335 149
 408667.639703 11
 1 0 37.500000 1.218920 46
 0 1 2.500000 2.758808 1
 0 1 57.500000 1.535413 23
 3 1 77.500000 2.072074 127
 4 1 67.500000 2.051658 155
 1 1 2.500000 1.488294 33
 1 1 32.500000 1.339871 45
 1 1 72.500000 2.975609 61
 1 0 2.500000 2.641488 32
 1 0 32.500000 2.920173 44
 2 1 12.500000 2.830193 69
 923310.323005 12
 2 1 27.500000 2.557561 75
 2 1 17.500000 2.441041 71
 1 0 67.500000 1.497528 58
 1 1 12.500000 2.727366 37
 1 1 17.500000 1.005397 39
 1 0 52.500000 1.625155 52
 2 0 17.500000 1.045781 70
 1 1 47.500000 2.722177 51
 0 1 47.500000 1.467557 19
 1 0 2.500000 2.641488 32
 0 1 32.500000 1.238766 13
 0 0 72.500000 2.166480 28
 1675170.231180 14
 6 0 52.500000 1.930861 212
 0 1 12.500000 2.941464 5
 1 0 22.500000 1.714460 40
 2 1 7.500000 1.298217 67
 2 0 22.500000 2.580484 72
 1 1 72.500000 2.975609 61
 2 1 27.500000 2.557561 75
 2 1 17.500000 2.441041 71
 0 0 7.500000 1.291392 2
 1 0 57.500000 2.075635 54
 2 0 7.500000 2.461195 66
 1 0 17.500000 2.837925 38
 0 1 17.500000 1.167352 7
 0 0 27.500000 1.331395 10
 1209923.927993 21
 1 0 12.500000 1.669705 36
 1 1 77.500000 1.175392 63
 0 1 52.500000 2.898680 21
 1 0 37.500000 1.218920 46
 1 0 27.500000 1.083292 42
 6 1 17.500000 2.908050 199
 0 0 42.500000 1.448956 16
 0 0 7.500000 1.291392 2
 0 1 2.500000 2.758808 1
 2 1 62.500000 2.615065 89
 0 1 27.500000 2.752547 11
 1 1 72.500000 2.975609 61
 0 1 37.500000 2.784759 15
 2 0 67.500000 1.392021 90
 3 0 62.500000 1.022269 120
 0 0 22.500000 1.681970 8
 1 0 67.500000 1.497528 58
 6 1 37.500000 2.888611 207
 1 1 52.500000 1.977038 53
 0 0 17.500000 1.189336 6
 4 1 7.500000 2.747695 131
 1511015.830557 4
 0 0 7.500000 1.291392 2
 2 0 2.500000 2.810857 64
 4 0 42.500000 1.885636 144
 1 0 2.500000 2.641488 32
 579625.038104 34
 1 0 42.500000 2.048705 48
 0 1 72.500000 2.022218 29
 0 0 42.500000 1.448956 16
 3 0 7.500000 1.545933 98
 3 1 52.500000 2.144634 117
 3 1 17.500000 1.622860 103
 1 0 77.500000 1.056297 62
 1 0 47.500000 1.258923 50
 10 1 72.500000 1.719412 349
 1 0 67.500000 1.497528 58
 0 1 47.500000 1.467557 19
 4 1 22.500000 2.791549 137
 2 1 12.500000 2.830193 69
 0 1 27.500000 2.752547 11
 1 1 57.500000 1.198724 55
 3 0 72.500000 2.105042 124
 0 1 12.500000 2.941464 5
 0 1 7.500000 2.423975 3
 9 1 12.500000 1.225335 293
 2 1 22.500000 2.197857 73
 1 0 17.500000 2.837925 38
 0 0 17.500000 1.189336 6
 1 1 67.500000 2.952956 59
 8 1 7.500000 2.647114 259
 1 0 62.500000 2.946017 56
 1 1 22.500000 2.928606 41
 2 0 27.500000 1.377911 74
 0 0 77.500000 1.418375 30
 0 1 42.500000 2.599248 17
 1 1 2.500000 1.488294 33
 2 0 12.500000 1.129341 68
 0 1 37.500000 2.784759 15
 3 1 47.500000 2.036835 115
 1 0 32.500000 2.920173 44
 1965049.801508 10
 2 0 2.500000 2.810857 64
 1 1 72.500000 2.975609 61
 1 0 2.500000 2.641488 32
 0 1 32.500000 1.238766 13
 0 1 27.500000 2.752547 11
 0 0 2.500000 2.927992 0
 1 0 57.500000 2.075635 54
 2 0 12.500000 1.129341 68
 0 0 37.500000 1.947093 14
 11 0 57.500000 2.165633 374
 1058501.001233 11
 1 0 47.500000 1.258923 50
 1 0 37.500000 1.218920 46
 4 0 77.500000 2.182243 158
 3 1 47.500000 2.036835 115
 0 0 72.500000 2.166480 28
 1 1 67.500000 2.952956 59
 1 0 57.500000 2.075635 54
 0 1 7.500000 2.423975 3
 2 0 17.500000 1.045781 70
 2 0 12.500000 1.129341 68
 0 0 77.500000 1.418375 30
 1529910.189160 23
 0 0 62.500000 1.687622 24
 2 0 17.500000 1.045781 70
 2 1 12.500000 2.830193 69
 1 1 32.500000 1.339871 45
 2 0 7.500000 2.461195 66
 0 0 57.500000 2.107428 22
 1 0 7.500000 1.750794 34
 2 0 12.500000 1.129341 68
 0 1 72.500000 2.022218 29
 1 0 77.500000 1.056297 62
 1 0 62.500000 2.946017 56
 4 1 52.500000 1.251335 149
 2 1 2.500000 2.067975 65
 0 1 7.500000 2.423975 3
 1 0 42.500000 2.048705 48
 0 1 2.500000 2.758808 1
 1 1 77.500000 1.175392 63
 1 0 37.500000 1.218920 46
 4 0 52.500000 1.768028 148
 1 0 27.500000 1.083292 42
 5 1 77.500000 1.678598 191
 0 1 47.500000 1.467557 19
 0 0 77.500000 1.418375 30
 1430637.477632 35
 0 1 42.500000 2.599248 17
 0 1 62.500000 1.868571 25
 4 0 37.500000 1.409231 142
 0 1 7.500000 2.423975 3
 0 1 47.500000 1.467557 19
 2 1 27.500000 2.557561 75
 0 0 27.500000 1.331395 10
 0 1 77.500000 2.623469 31
 1 1 42.500000 2.585545 49
 0 0 7.500000 1.291392 2
 8 1 37.500000 1.373076 271
 2 1 12.500000 2.830193 69
 1 1 2.500000 1.488294 33
 0 0 52.500000 1.230612 20
 1 1 62.500000 1.706402 57
 0 1 12.500000 2.941464 5
 10 0 27.500000 2.153819 330
 8 0 42.500000 1.288433 272
 1 0 47.500000 1.258923 50
 0 0 67.500000 1.070255 26
 2 1 77.500000 2.980109 95
 2 0 77.500000 2.107752 94
 0 1 52.500000 2.898680 21
 0 0 22.500000 1.681970 8
 5 1 47.500000 1.926313 179
 7 1 27.500000 2.312444 235
 1 0 37.500000 1.218920 46
 1 0 52.500000 1.625155 52
 1 1 47.500000 2.722177 51
 0 1 57.500000 1.535413 23
 6 1 7.500000 2.504294 195
 1 1 52.500000 1.977038 53
 0 0 47.500000 1.567291 18
 10 0 62.500000 1.608893 344
 1 0 42.500000 2.048705 48
 122824.779210 26
 1 1 52.500000 1.977038 53
 1 1 32.500000 1.339871 45
 0 0 47.500000 1.567291 18
 1 0 72.500000 2.326708 60
 8 0 42.500000 1.288433 272
 1 0 12.500000 1.669705 36
 1 1 62.500000 1.706402 57
 1 0 2.500000 2.641488 32
 1 0 77.500000 1.056297 62
 1 1 67.500000 2.952956 59
 2 1 17.500000 2.441041 71
 0 1 52.500000 2.898680 21
 0 1 37.500000 2.784759 15
 2 1 2.500000 2.067975 65
 1 1 17.500000 1.005397 39
 0 1 22.500000 2.874715 9
 2 1 57.500000 1.854219 87
 0 0 12.500000 1.755039 4
 4 1 37.500000 2.946980 143
 10 0 37.500000 1.812997 334
 1 0 7.500000 1.750794 34
 11 0 12.500000 2.586950 356
 2 0 22.500000 2.580484 72
 4 1 7.500000 2.747695 131
 1 0 57.500000 2.075635 54
 0 1 72.500000 2.022218 29
 530733.112437 8
 0 0 72.500000 2.166480 28
 1 1 67.500000 2.952956 59
 1 0 12.500000 1.669705 36
 0 1 77.500000 2.623469 31
 0 0 2.500000 2.927992 0
 2 1 12.500000 2.830193 69
 2 0 22.500000 2.580484 72
 4 1 17.500000 2.669560 135
 888203.695700 2
 1 0 2.500000 2.641488 32
 2 1 12.500000 2.830193 69
 1665483.782657 13
 0 1 52.500000 2.898680 21
 9 0 27.500000 1.589959 298
 0 1 27.500000 2.752547 11
 11 1 47.500000 1.114448 371
 1 0 57.500000 2.075635 54
 7 1 37.500000 2.499194 239
 2 0 22.500000 2.580484 72
 1 0 72.500000 2.326708 60
 5 1 52.500000 2.325865 181
 0 1 12.500000 2.941464 5
 3 1 2.500000 1.912747 97
 2 0 17.500000 1.045781 70
 0 1 57.500000 1.535413 23
 811549.294466 19
 1 1 67.500000 2.952956 59
 2 0 27.500000 1.377911 74
 4 0 32.500000 1.680506 140
 6 0 2.500000 2.192987 192
 0 1 57.500000 1.535413 23
 1 0 37.500000 1.218920 46
 0 0 72.500000 2.166480 28
 0 1 12.500000 2.941464 5
 1 0 7.500000 1.750794 34
 0 0 2.500000 2.927992 0
 1 1 17.500000 1.005397 39
 6 1 77.500000 1.583050 223
 1 1 27.500000 2.889208 43
 1 1 57.500000 1.198724 55
 1 1 52.500000 1.977038 53
 3 0 62.500000 1.022269 120
 0 1 17.500000 1.167352 7
 1 0 47.500000 1.258923 50
 0 0 17.500000 1.189336 6
 1230041.545830 2
 1 0 32.500000 2.920173 44
 0 1 57.500000 1.535413 23
 698604.967268 22
 1 0 32.500000 2.920173 44
 1 1 42.500000 2.585545 49
 4 0 37.500000 1.409231 142
 9 1 37.500000 1.334146 303
 0 0 52.500000 1.230612 20
 1 0 72.500000 2.326708 60
 1 0 57.500000 2.075635 54
 1 0 2.500000 2.641488 32
 2 0 22.500000 2.580484 72
 1 0 67.500000 1.497528 58
 0 1 42.500000 2.599248 17
 1 0 47.500000 1.258923 50
 4 1 2.500000 1.568362 129
 1 0 42.500000 2.048705 48
 0 1 47.500000 1.467557 19
 5 0 47.500000 1.163677 178
 0 1 12.500000 2.941464 5
 1 1 77.500000 1.175392 63
 2 0 7.500000 2.461195 66
 1 0 22.500000 1.714460 40
 7 0 7.500000 2.503960 226
 1 1 67.500000 2.952956 59
 721533.576903 19
 2 1 22.500000 2.197857 73
 1 1 47.500000 2.722177 51
 0 0 12.500000 1.755039 4
 9 1 47.500000 1.047212 307
 3 1 27.500000 2.552211 107
 11 1 52.500000 1.834841 373
 0 1 32.500000 1.238766 13
 0 1 17.500000 1.167352 7
 1 0 42.500000 2.048705 48
 9 1 77.500000 2.317102 319
 0 1 37.500000 2.784759 15
 9 1 57.500000 2.420586 311
 0 0 2.500000 2.927992 0
 2 1 42.500000 1.566172 81
 1 1 42.500000 2.585545 49
 7 0 37.500000 1.389808 238
 1 0 32.500000 2.920173 44
 3 1 2.500000 1.912747 97
 3 1 12.500000 2.303094 101
 317455.414030 6
 1 0 57.500000 2.075635 54
 1 1 7.500000 1.594435 35
 1 1 62.500000 1.706402 57
 1 0 72.500000 2.326708 60
 0 1 57.500000 1.535413 23
 0 0 22.500000 1.681970 8
 444385.627380 7
 2 0 17.500000 1.045781 70
 1 1 32.500000 1.339871 45
 1 0 67.500000 1.497528 58
 1 1 42.500000 2.585545 49
 6 1 57.500000 1.650325 215
 0 0 12.500000 1.755039 4
 9 1 72.500000 1.796128 317
 1466136.015740 22
 1 1 17.500000 1.005397 39
 1 1 52.500000 1.977038 53
 1 0 12.500000 1.669705 36
 0 1 52.500000 2.898680 21
 3 1 17.500000 1.622860 103
 1 0 37.500000 1.218920 46
 1 1 42.500000 2.585545 49
 2 0 52.500000 2.708628 84
 0 1 72.500000 2.022218 29
 3 0 42.500000 1.234832 112
 2 0 22.500000 2.580484 72
 2 0 72.500000 2.501193 92
 5 1 37.500000 2.529205 175
 2 0 2.500000 2.810857 64
 4 1 27.500000 1.649413 139
 1 0 27.500000 1.083292 42
 0 0 67.500000 1.070255 26
 1 0 67.500000 1.497528 58
 1 0 52.500000 1.625155 52
 1 0 77.500000 1.056297 62
 1 1 47.500000 2.722177 51
 1 1 67.500000 2.952956 59
 514105.367118 5
 11 1 37.500000 1.640184 367
 0 1 17.500000 1.167352 7
 0 0 52.500000 1.230612 20
 0 1 22.500000 2.874715 9
 1 0 27.500000 1.083292 42
 748783.428477 16
 1 0 27.500000 1.083292 42
 1 0 17.500000 2.837925 38
 1 0 2.500000 2.641488 32
 0 0 67.500000 1.070255 26
 0 1 37.500000 2.784759 15
 1 1 17.500000 1.005397 39
 2 1 52.500000 1.910837 85
 8 0 7.500000 2.513872 258
 1 1 2.500000 1.488294 33
 2 1 12.500000 2.830193 69
 0 0 37.500000 1.947093 14
 1 0 67.500000 1.497528 58
 0 1 7.500000 2.423975 3
 0 0 42.500000 1.448956 16
 1 0 7.500000 1.750794 34
 1 1 72.500000 2.975609 61
 886252.167936 29
 2 1 22.500000 2.197857 73
 4 0 2.500000 1.343700 128
 0 1 17.500000 1.167352 7
 1 1 22.500000 2.928606 41
 1 0 37.500000 1.218920 46
 1 0 17.500000 2.837925 38
 1 1 62.500000 1.706402 57
 1 1 72.500000 2.975609 61
 0 1 57.500000 1.535413 23
 2 0 2.500000 2.810857 64
 1 1 77.500000 1.175392 63
 2 1 17.500000 2.441041 71
 0 1 37.500000 2.784759 15
 11 0 27.500000 1.581260 362
 0 0 22.500000 1.681970 8
 0 1 52.500000 2.898680 21
 1 1 57.500000 1.198724 55
 1 1 52.500000 1.977038 53
 0 0 2.500000 2.927992 0
 0 0 62.500000 1.687622 24
 1 0 32.500000 2.920173 44
 2 0 32.500000 2.927925 76
 1 0 57.500000 2.075635 54
 1 1 42.500000 2.585545 49
 1 1 32.500000 1.339871 45
 0 0 67.500000 1.070255 26
 1 0 7.500000 1.750794 34
 0 1 7.500000 2.423975 3
 4 1 12.500000 1.810201 133
 1214398.590501 22
 0 1 42.500000 2.599248 17
 1 0 7.500000 1.750794 34
 3 0 42.500000 1.234832 112
 2 0 27.500000 1.377911 74
 1 1 17.500000 1.005397 39
 0 0 42.500000 1.448956 16
 1 1 77.500000 1.175392 63
 0 0 27.500000 1.331395 10
 1 0 27.500000 1.083292 42
 2 0 47.500000 2.650179 82
 1 1 47.500000 2.722177 51
 1 1 62.500000 1.706402 57
 2 0 52.500000 2.708628 84
 11 1 32.500000 1.376334 365
 1 0 62.500000 2.946017 56
 1 1 42.500000 2.585545 49
 9 0 47.500000 2.643723 306
 3 0 62.500000 1.022269 120
 1 1 2.500000 1.488294 33
 0 1 72.500000 2.022218 29
 11 0 32.500000 1.659629 364
 1 0 47.500000 1.258923 50
 476920.746135 17
 0 0 77.500000 1.418375 30
 0 1 27.500000 2.752547 11
 1 0 77.500000 1.056297 62
 4 0 7.500000 1.453368 130
 0 1 17.500000 1.167352 7
 0 1 12.500000 2.941464 5
 0 1 42.500000 2.599248 17
 6 0 27.500000 2.487536 202
 2 0 27.500000 1.377911 74
 0 1 67.500000 1.781173 27
 1 1 67.500000 2.952956 59
 10 0 62.500000 1.608893 344
 1 0 22.500000 1.714460 40
 0 1 72.500000 2.022218 29
 0 0 7.500000 1.291392 2
 2 1 32.500000 1.634942 77
 0 0 37.500000 1.947093 14
 1717756.363972 21
 0 0 77.500000 1.418375 30
 1 0 22.500000 1.714460 40
 0 1 22.500000 2.874715 9
 0 1 7.500000 2.423975 3
 1 1 62.500000 1.706402 57
 1 0 72.500000 2.326708 60
 0 0 37.500000 1.947093 14
 10 1 37.500000 1.041122 335
 1 1 22.500000 2.928606 41
 1 0 32.500000 2.920173 44
 8 0 37.500000 1.915712 270
 1 0 37.500000 1.218920 46
 1 0 67.500000 1.497528 58
 1 1 77.500000 1.175392 63
 0 1 42.500000 2.599248 17
 1 0 42.500000 2.048705 48
 1 0 47.500000 1.258923 50
 0 1 57.500000 1.535413 23
 0 1 37.500000 2.784759 15
 1 1 17.500000 1.005397 39
 5 0 42.500000 2.340183 176
 274318.756626 27
 0 0 27.500000 1.331395 10
 1 0 32.500000 2.920173 44
 0 1 62.500000 1.868571 25
 2 0 12.500000 1.129341 68
 0 1 7.500000 2.423975 3
 1 0 37.500000 1.218920 46
 0 1 22.500000 2.874715 9
 4 0 12.500000 2.512037 132
 3 1 2.500000 1.912747 97
 0 0 12.500000 1.755039 4
 0 0 2.500000 2.927992 0
 1 1 32.500000 1.339871 45
 2 0 17.500000 1.045781 70
 0 1 42.500000 2.599248 17
 1 1 77.500000 1.175392 63
 1 1 62.500000 1.706402 57
 0 0 42.500000 1.448956 16
 0 0 67.500000 1.070255 26
 8 1 2.500000 2.658685 257
 0 0 47.500000 1.567291 18
 3 0 32.500000 1.002989 108
 1 1 57.500000 1.198724 55
 2 0 22.500000 2.580484 72
 0 0 32.500000 2.054337 12
 0 1 2.500000 2.758808 1
 0 1 17.500000 1.167352 7
 2 1 7.500000 1.298217 67
 163338.172717 10
 2 1 2.500000 2.067975 65
 0 1 22.500000 2.874715 9
 0 0 47.500000 1.567291 18
 2 1 27.500000 2.557561 75
 0 1 62.500000 1.868571 25
 1 0 32.500000 2.920173 44
 0 0 72.500000 2.166480 28
 1 1 12.500000 2.727366 37
 4 1 47.500000 2.902229 147
 1 0 77.500000 1.056297 62
 1089358.151895 22
 1 0 27.500000 1.083292 42
 0 1 52.500000 2.898680 21
 0 1 72.500000 2.022218 29
 0 0 7.500000 1.291392 2
 1 0 47.500000 1.258923 50
 0 0 37.500000 1.947093 14
 2 0 22.500000 2.580484 72
 1 1 32.500000 1.339871 45
 7 0 32.500000 1.245168 236
 6 0 47.500000 2.738483 210
 7 1 22.500000 1.135845 233
 2 0 2.500000 2.810857 64
 0 1 42.500000 2.599248 17
 1 1 27.500000 2.889208 43
 7 1 17.500000 1.798487 231
 4 1 52.500000 1.251335 149
 1 0 77.500000 1.056297 62
 1 1 57.500000 1.198724 55
 1 0 67.500000 1.497528 58
 1 1 12.500000 2.727366 37
 2 0 27.500000 1.377911 74
 0 0 72.500000 2.166480 28
 206633.847340 9
 1 1 62.500000 1.706402 57
 2 0 7.500000 2.461195 66
 0 1 37.500000 2.784759 15
 1 0 72.500000 2.326708 60
 1 1 47.500000 2.722177 51
 6 1 67.500000 2.361476 219
 1 0 7.500000 1.750794 34
 0 1 72.500000 2.022218 29
 0 1 7.500000 2.423975 3
 519280.717391 31
 0 1 32.500000 1.238766 13
 0 1 62.500000 1.868571 25
 4 1 12.500000 1.810201 133
 0 1 57.500000 1.535413 23
 2 1 22.500000 2.197857 73
 0 0 22.500000 1.681970 8
 0 1 52.500000 2.898680 21
 7 0 12.500000 1.245248 228
 1 0 22.500000 1.714460 40
 0 1 67.500000 1.781173 27
 6 1 57.500000 1.650325 215
 0 1 72.500000 2.022218 29
 2 0 27.500000 1.377911 74
 0 1 7.500000 2.423975 3
 1 1 27.500000 2.889208 43
 0 0 57.500000 2.107428 22
 0 1 12.500000 2.941464 5
 1 1 42.500000 2.585545 49
 1 1 2.500000 1.488294 33
 1 0 2.500000 2.641488 32
 10 0 22.500000 1.431253 328
 1 0 27.500000 1.083292 42
 1 0 62.500000 2.946017 56
 0 1 2.500000 2.758808 1
 11 0 62.500000 1.532218 376
 10 1 7.500000 1.245018 323
 1 0 12.500000 1.669705 36
 2 1 12.500000 2.830193 69
 2 0 7.500000 2.461195 66
 0 0 37.500000 1.947093 14
 2 1 37.500000 1.499708 79
 1945973.838282 30
 1 0 42.500000 2.048705 48
 1 1 32.500000 1.339871 45
 5 1 37.500000 2.529205 175
 0 1 57.500000 1.535413 23
 8 1 67.500000 2.552155 283
 0 0 62.500000 1.687622 24
 2 0 2.500000 2.810857 64
 1 1 62.500000 1.706402 57
 1 0 62.500000 2.946017 56
 1 1 12.500000 2.727366 37
 1 1 47.500000 2.722177 51
 3 1 52.500000 2.144634 117
 0 0 12.500000 1.755039 4
 1 0 7.500000 1.750794 34
 0 1 67.500000 1.781173 27
 0 0 2.500000 2.927992 0
 6 0 52.500000 1.930861 212
 0 1 22.500000 2.874715 9
 3 1 77.500000 2.072074 127
 2 0 17.500000 1.045781 70
 2 1 27.500000 2.557561 75
 2 0 7.500000 2.461195 66
 1 0 27.500000 1.083292 42
 0 0 42.500000 1.448956 16
 2 0 27.500000 1.377911 74
 1 0 72.500000 2.326708 60
 2 1 37.500000 1.499708 79
 4 1 22.500000 2.791549 137
 4 0 57.500000 1.193243 150
 2 0 37.500000 2.465015 78
 476138.755398 26
 2 0 7.500000 2.461195 66
 1 0 52.500000 1.625155 52
 2 0 17.500000 1.045781 70
 0 0 2.500000 2.927992 0
 0 0 27.500000 1.331395 10
 1 0 67.500000 1.497528 58
 0 0 47.500000 1.567291 18
 3 0 47.500000 2.292142 114
 1 1 32.500000 1.339871 45
 11 0 52.500000 2.524653 372
 1 0 2.500000 2.641488 32
 0 1 27.500000 2.752547 11
 1 0 57.500000 2.075635 54
 8 0 27.500000 2.917380 266
 0 1 7.500000 2.423975 3
 1 0 42.500000 2.048705 48
 9 1 27.500000 2.438417 299
 1 0 7.500000 1.750794 34
 1 1 42.500000 2.585545 49
 4 1 12.500000 1.810201 133
 1 1 17.500000 1.005397 39
 0 1 42.500000 2.599248 17
 2 0 37.500000 2.465015 78
 1 0 62.500000 2.946017 56
 5 0 37.500000 2.618107 174
 1 1 62.500000 1.706402 57
 689581.994978 32
 0 0 2.500000 2.927992 0
 2 0 12.500000 1.129341 68
 1 0 32.500000 2.920173 44
 1 0 12.500000 1.669705 36
 1 1 7.500000 1.594435 35
 0 1 22.500000 2.874715 9
 8 1 17.500000 2.966694 263
 0 0 72.500000 2.166480 28
 2 0 37.500000 2.465015 78
 0 0 67.500000 1.070255 26
 0 0 27.500000 1.331395 10
 1 0 47.500000 1.258923 50
 1 0 27.500000 1.083292 42
 0 1 72.500000 2.022218 29
 1 1 57.500000 1.198724 55
 1 0 52.500000 1.625155 52
 9 1 42.500000 2.828146 305
 0 0 32.500000 2.054337 12
 3 0 77.500000 2.581072 126
 1 1 17.500000 1.005397 39
 1 1 22.500000 2.928606 41
 3 0 7.500000 1.545933 98
 0 1 57.500000 1.535413 23
 3 0 32.500000 1.002989 108
 1 1 72.500000 2.975609 61
 1 0 17.500000 2.837925 38
 2 0 7.500000 2.461195 66
 4 1 22.500000 2.791549 137
 1 0 72.500000 2.326708 60
 0 0 22.500000 1.681970 8
 0 0 47.500000 1.567291 18
 1 1 67.500000 2.952956 59
 737210.082941 6
 1 0 17.500000 2.837925 38
 1 0 7.500000 1.750794 34
 1 1 7.500000 1.594435 35
 0 0 37.500000 1.947093 14
 1 0 27.500000 1.083292 42
 0 1 47.500000 1.467557 19
 1184160.235033 21
 3 0 77.500000 2.581072 126
 1 1 42.500000 2.585545 49
 4 0 37.500000 1.409231 142
 3 1 17.500000 1.622860 103
 2 0 57.500000 1.431538 86
 10 0 7.500000 2.929925 322
 2 1 22.500000 2.197857 73
 0 1 22.500000 2.874715 9
 1 1 2.500000 1.488294 33
 1 0 67.500000 1.497528 58
 0 0 62.500000 1.687622 24
 1 1 27.500000 2.889208 43
 0 0 72.500000 2.166480 28
 3 1 7.500000 2.489499 99
 0 1 37.500000 2.784759 15
 1 0 77.500000 1.056297 62
 4 1 57.500000 2.831826 151
 7 1 47.500000 1.880911 243
 2 1 27.500000 2.557561 75
 1 0 47.500000 1.258923 50
 4 0 27.500000 1.568611 138
 1366707.872062 7
 0 0 27.500000 1.331395 10
 0 0 32.500000 2.054337 12
 7 0 22.500000 1.172317 232
 4 1 32.500000 2.260690 141
 1 1 77.500000 1.175392 63
 0 0 57.500000 2.107428 22
 4 0 42.500000 1.885636 144
 1391063.937522 19
 1 1 47.500000 2.722177 51
 2 0 17.500000 1.045781 70
 1 0 52.500000 1.625155 52
 1 0 7.500000 1.750794 34
 4 1 47.500000 2.902229 147
 2 1 7.500000 1.298217 67
 0 1 22.500000 2.874715 9
 2 1 77.500000 2.980109 95
 0 0 72.500000 2.166480 28
 2 1 22.500000 2.197857 73
 2 0 7.500000 2.461195 66
 7 1 12.500000 2.889824 229
 0 0 27.500000 1.331395 10
 1 0 12.500000 1.669705 36
 0 1 27.500000 2.752547 11
 1 0 32.500000 2.920173 44
 0 0 32.500000 2.054337 12
 1 0 22.500000 1.714460 40
 0 0 12.500000 1.755039 4
 926457.297414 14
 1 0 17.500000 2.837925 38
 2 1 22.500000 2.197857 73
 4 1 27.500000 1.649413 139
 2 1 27.500000 2.557561 75
 0 1 17.500000 1.167352 7
 1 1 72.500000 2.975609 61
 2 1 12.500000 2.830193 69
 0 0 62.500000 1.687622 24
 1 1 57.500000 1.198724 55
 2 0 52.500000 2.708628 84
 7 1 32.500000 1.546224 237
 0 1 67.500000 1.781173 27
 0 0 52.500000 1.230612 20
 0 0 77.500000 1.418375 30
 1734836.670577 13
 2 0 12.500000 1.129341 68
 5 0 42.500000 2.340183 176
 0 0 7.500000 1.291392 2
 0 0 12.500000 1.755039 4
 2 1 27.500000 2.557561 75
 1 0 52.500000 1.625155 52
 0 1 32.500000 1.238766 13
 3 1 17.500000 1.622860 103
 1 0 12.500000 1.669705 36
 4 1 17.500000 2.669560 135
 10 0 67.500000 2.898747 346
 1 0 57.500000 2.075635 54
 1 0 47.500000 1.258923 50
 695564.635012 8
 0 1 32.500000 1.238766 13
 1 0 17.500000 2.837925 38
 0 0 77.500000 1.418375 30
 0 0 7.500000 1.291392 2
 2 1 27.500000 2.557561 75
 0 0 52.500000 1.230612 20
 2 0 27.500000 1.377911 74
 0 0 27.500000 1.331395 10
 1190635.960973 17
 1 1 27.500000 2.889208 43
 0 0 57.500000 2.107428 22
 0 0 22.500000 1.681970 8
 0 0 42.500000 1.448956 16
 0 0 12.500000 1.755039 4
 1 0 77.500000 1.056297 62
 1 1 12.500000 2.727366 37
 0 1 2.500000 2.758808 1
 0 0 77.500000 1.418375 30
 0 1 42.500000 2.599248 17
 0 0 37.500000 1.947093 14
 11 0 7.500000 2.569685 354
 1 0 57.500000 2.075635 54
 2 1 17.500000 2.441041 71
 2 0 22.500000 2.580484 72
 1 0 72.500000 2.326708 60
 3 0 2.500000 2.685305 96
 944248.796918 25
 0 1 42.500000 2.599248 17
 1 1 77.500000 1.175392 63
 0 0 27.500000 1.331395 10
 0 1 67.500000 1.781173 27
 1 1 67.500000 2.952956 59
 2 0 22.500000 2.580484 72
 0 0 67.500000 1.070255 26
 0 1 52.500000 2.898680 21
 1 1 72.500000 2.975609 61
 1 1 57.500000 1.198724 55
 7 1 77.500000 1.131280 255
 1 1 37.500000 2.396266 47
 1 0 12.500000 1.669705 36
 1 0 42.500000 2.048705 48
 0 0 47.500000 1.567291 18
 1 1 2.500000 1.488294 33
 1 1 42.500000 2.585545 49
 1 1 7.500000 1.594435 35
 10 0 67.500000 2.898747 346
 8 1 72.500000 2.583581 285
 1 0 2.500000 2.641488 32
 2 1 22.500000 2.197857 73
 1 0 62.500000 2.946017 56
 0 1 47.500000 1.467557 19
 0 1 77.500000 2.623469 31
 467253.437763 33
 0 1 7.500000 2.423975 3
 2 1 7.500000 1.298217 67
 1 0 12.500000 1.669705 36
 1 0 57.500000 2.075635 54
 2 0 17.500000 1.045781 70
 1 0 72.500000 2.326708 60
 0 1 2.500000 2.758808 1
 1 0 67.500000 1.497528 58
 0 1 22.500000 2.874715 9
 2 0 27.500000 1.377911 74
 2 1 27.500000 2.557561 75
 0 1 72.500000 2.022218 29
 5 0 2.500000 2.527377 160
 0 1 52.500000 2.898680 21
 0 1 27.500000 2.752547 11
 1 1 67.500000 2.952956 59
 0 0 7.500000 1.291392 2
 2 0 12.500000 1.129341 68
 0 0 77.500000 1.418375 30
 1 0 27.500000 1.083292 42
 1 0 7.500000 1.750794 34
 0 0 67.500000 1.070255 26
 0 0 2.500000 2.927992 0
 7 1 67.500000 1.801253 251
 1 0 47.500000 1.258923 50
 1 0 32.500000 2.920173 44
 10 1 37.500000 1.041122 335
 6 0 52.500000 1.930861 212
 5 0 37.500000 2.618107 174
 0 1 77.500000 2.623469 31
 0 0 32.500000 2.054337 12
 1 0 42.500000 2.048705 48
 1 1 77.500000 1.175392 63
 298133.825109 25
 0 1 42.500000 2.599248 17
 1 0 17.500000 2.837925 38
 2 1 17.500000 2.441041 71
 1 1 22.500000 2.928606 41
 0 0 47.500000 1.567291 18
 2 1 27.500000 2.557561 75
 1 1 27.500000 2.889208 43
 0 0 42.500000 1.448956 16
 0 1 77.500000 2.623469 31
 3 0 12.500000 1.006979 100
 7 0 77.500000 1.458388 254
 1 1 37.500000 2.396266 47
 8 0 47.500000 1.390794 274
 0 1 22.500000 2.874715 9
 1 0 7.500000 1.750794 34
 2 1 2.500000 2.067975 65
 1 0 2.500000 2.641488 32
 7 0 42.500000 1.952269 240
 3 1 2.500000 1.912747 97
 2 0 7.500000 2.461195 66
 1 1 47.500000 2.722177 51
 0 0 67.500000 1.070255 26
 0 0 7.500000 1.291392 2
 0 0 77.500000 1.418375 30
 0 0 32.500000 2.054337 12
 683100.942542 18
 1 1 32.500000 1.339871 45
 7 0 72.500000 1.655644 252
 11 1 32.500000 1.376334 365
 0 1 32.500000 1.238766 13
 8 1 72.500000 2.583581 285
 2 0 7.500000 2.461195 66
 1 1 12.500000 2.727366 37
 1 0 72.500000 2.326708 60
 2 1 17.500000 2.441041 71
 0 1 17.500000 1.167352 7
 2 1 22.500000 2.197857 73
 0 1 42.500000 2.599248 17
 10 0 57.500000 2.401692 342
 1 0 12.500000 1.669705 36
 2 1 7.500000 1.298217 67
 2 0 12.500000 1.129341 68
 3 0 27.500000 2.449012 106
 0 1 67.500000 1.781173 27
 1836787.215190 21
 1 1 7.500000 1.594435 35
 0 1 47.500000 1.467557 19
 1 1 2.500000 1.488294 33
 2 1 17.500000 2.441041 71
 1 0 2.500000 2.641488 32
 2 0 12.500000 1.129341 68
 1 0 32.500000 2.920173 44
 11 0 17.500000 1.958984 358
 0 1 32.500000 1.238766 13
 0 0 12.500000 1.755039 4
 2 0 7.500000 2.461195 66
 9 1 77.500000 2.317102 319
 0 1 27.500000 2.752547 11
 2 0 2.500000 2.810857 64
 0 0 32.500000 2.054337 12
 2 0 22.500000 2.580484 72
 1 0 22.500000 1.714460 40
 0 1 22.500000 2.874715 9
 1 0 57.500000 2.075635 54
 1 1 67.500000 2.952956 59
 0 1 72.500000 2.022218 29
 770917.720502 16
 0 0 42.500000 1.448956 16
 1 1 37.500000 2.396266 47
 1 1 77.500000 1.175392 63
 2 0 47.500000 2.650179 82
 1 0 57.500000 2.075635 54
 1 1 62.500000 1.706402 57
 0 1 52.500000 2.898680 21
 0 0 52.500000 1.230612 20
 1 0 2.500000 2.641488 32
 1 1 72.500000 2.975609 61
 0 1 2.500000 2.758808 1
 0 0 2.500000 2.927992 0
 1 0 72.500000 2.326708 60
 0 0 17.500000 1.189336 6
 0 1 47.500000 1.467557 19
 7 1 52.500000 2.656456 245
 337240.979326 22
 1 1 57.500000 1.198724 55
 2 0 7.500000 2.461195 66
 0 1 47.500000 1.467557 19
 1 1 32.500000 1.339871 45
 0 0 52.500000 1.230612 20
 2 0 17.500000 1.045781 70
 1 1 77.500000 1.175392 63
 0 0 47.500000 1.567291 18
 2 1 27.500000 2.557561 75
 6 1 37.500000 2.888611 207
 1 0 22.500000 1.714460 40
 1 1 12.500000 2.727366 37
 1 1 37.500000 2.396266 47
 1 0 72.500000 2.326708 60
 2 1 57.500000 1.854219 87
 0 0 32.500000 2.054337 12
 3 1 12.500000 2.303094 101
 0 1 37.500000 2.784759 15
 0 1 22.500000 2.874715 9
 0 0 7.500000 1.291392 2
 0 0 27.500000 1.331395 10
 2 1 2.500000 2.067975 65
 768003.884278 30
 0 1 62.500000 1.868571 25
 1 0 7.500000 1.750794 34
 0 1 12.500000 2.941464 5
 1 0 52.500000 1.625155 52
 1 1 27.500000 2.889208 43
 2 0 62.500000 1.863308 88
 1 0 32.500000 2.920173 44
 0 0 42.500000 1.448956 16
 1 0 77.500000 1.056297 62
 1 0 42.500000 2.048705 48
 0 1 22.500000 2.874715 9
 8 0 67.500000 2.969153 282
 9 1 12.500000 1.225335 293
 0 1 27.500000 2.752547 11
 0 1 2.500000 2.758808 1
 2 0 12.500000 1.129341 68
 5 1 52.500000 2.325865 181
 0 0 17.500000 1.189336 6
 1 1 7.500000 1.594435 35
 9 0 37.500000 2.266278 302
 11 0 32.500000 1.659629 364
 0 0 62.500000 1.687622 24
 1 1 62.500000 1.706402 57
 3 1 52.500000 2.144634 117
 3 1 67.500000 1.650747 123
 1 0 2.500000 2.641488 32
 1 1 2.500000 1.488294 33
 3 0 2.500000 2.685305 96
 8 1 62.500000 2.591478 281
 4 1 57.500000 2.831826 151
 44462.924322 23
 1 1 47.500000 2.722177 51
 1 1 37.500000 2.396266 47
 3 0 32.500000 1.002989 108
 0 1 62.500000 1.868571 25
 7 1 47.500000 1.880911 243
 4 1 2.500000 1.568362 129
 1 1 2.500000 1.488294 33
 0 1 37.500000 2.784759 15
 0 0 7.500000 1.291392 2
 0 0 27.500000 1.331395 10
 4 1 27.500000 1.649413 139
 0 1 2.500000 2.758808 1
 1 1 52.500000 1.977038 53
 1 0 42.500000 2.048705 48
 1 0 57.500000 2.075635 54
 1 0 7.500000 1.750794 34
 1 1 12.500000 2.727366 37
 8 1 67.500000 2.552155 283
 0 0 17.500000 1.189336 6
 1 0 77.500000 1.056297 62
 0 1 67.500000 1.781173 27
 0 1 12.500000 2.941464 5
 1 1 67.500000 2.952956 59
 1539218.029426 10
 0 1 42.500000 2.599248 17
 2 0 17.500000 1.045781 70
 1 0 47.500000 1.258923 50
 1 1 27.500000 2.889208 43
 2 1 17.500000 2.441041 71
 1 1 32.500000 1.339871 45
 0 0 47.500000 1.567291 18
 10 0 12.500000 1.023911 324
 9 1 22.500000 1.203522 297
 1 0 52.500000 1.625155 52
 1767411.857605 28
 1 0 42.500000 2.048705 48
 1 0 72.500000 2.326708 60
 0 1 22.500000 2.874715 9
 2 0 17.500000 1.045781 70
 5 0 2.500000 2.527377 160
 1 1 62.500000 1.706402 57
 0 0 42.500000 1.448956 16
 1 0 67.500000 1.497528 58
 1 0 37.500000 1.218920 46
 0 1 67.500000 1.781173 27
 1 1 57.500000 1.198724 55
 2 1 7.500000 1.298217 67
 2 1 37.500000 1.499708 79
 0 0 47.500000 1.567291 18
 0 1 2.500000 2.758808 1
 1 1 7.500000 1.594435 35
 0 1 37.500000 2.784759 15
 0 0 67.500000 1.070255 26
 11 0 17.500000 1.958984 358
 1 1 12.500000 2.727366 37
 0 1 12.500000 2.941464 5
 0 0 32.500000 2.054337 12
 1 1 2.500000 1.488294 33
 0 0 72.500000 2.166480 28
 4 0 37.500000 1.409231 142
 0 1 47.500000 1.467557 19
 0 0 57.500000 2.107428 22
 1 1 37.500000 2.396266 47
 242442.038601 20
 2 0 12.500000 1.129341 68
 0 1 2.500000 2.758808 1
 6 0 12.500000 1.667464 196
 0 0 67.500000 1.070255 26
 1 1 37.500000 2.396266 47
 3 0 77.500000 2.581072 126
 4 0 32.500000 1.680506 140
 1 0 57.500000 2.075635 54
 0 0 27.500000 1.331395 10
 2 1 22.500000 2.197857 73
 2 1 42.500000 1.566172 81
 9 1 27.500000 2.438417 299
 2 0 47.500000 2.650179 82
 1 0 2.500000 2.641488 32
 2 0 22.500000 2.580484 72
 0 1 27.500000 2.752547 11
 1 1 57.500000 1.198724 55
 1 0 12.500000 1.669705 36
 2 0 7.500000 2.461195 66
 1 0 17.500000 2.837925 38
 1341754.830322 33
 2 1 77.500000 2.980109 95
 1 1 47.500000 2.722177 51
 0 1 37.500000 2.784759 15
 1 1 77.500000 1.175392 63
 0 0 7.500000 1.291392 2
 1 1 52.500000 1.977038 53
 1 0 47.500000 1.258923 50
 3 1 17.500000 1.622860 103
 1 1 32.500000 1.339871 45
 1 1 37.500000 2.396266 47
 0 1 27.500000 2.752547 11
 0 1 77.500000 2.623469 31
 1 1 22.500000 2.928606 41
 1 1 72.500000 2.975609 61
 1 0 27.500000 1.083292 42
 2 1 12.500000 2.830193 69
 2 0 32.500000 2.927925 76
 9 0 2.500000 1.093617 288
 2 0 27.500000 1.377911 74
 0 0 77.500000 1.418375 30
 0 0 27.500000 1.331395 10
 0 1 2.500000 2.758808 1
 0 1 42.500000 2.599248 17
 1 1 57.500000 1.198724 55
 1 0 42.500000 2.048705 48
 0 0 42.500000 1.448956 16
 3 0 57.500000 2.862192 118
 0 1 22.500000 2.874715 9
 0 0 12.500000 1.755039 4
 0 1 57.500000 1.535413 23
 1 0 7.500000 1.750794 34
 0 1 12.500000 2.941464 5
 1 1 2.500000 1.488294 33
 1392191.960566 20
 0 1 62.500000 1.868571 25
 1 1 7.500000 1.594435 35
 0 0 52.500000 1.230612 20
 1 1 62.500000 1.706402 57
 1 1 72.500000 2.975609 61
 0 1 37.500000 2.784759 15
 1 1 22.500000 2.928606 41
 4 1 12.500000 1.810201 133
 0 0 42.500000 1.448956 16
 0 1 27.500000 2.752547 11
 0 1 22.500000 2.874715 9
 2 0 7.500000 2.461195 66
 1 0 57.500000 2.075635 54
 1 1 27.500000 2.889208 43
 2 0 57.500000 1.431538 86
 1 0 52.500000 1.625155 52
 0 1 32.500000 1.238766 13
 11 1 47.500000 1.114448 371
 0 0 62.500000 1.687622 24
 1 1 57.500000 1.198724 55
 356632.484420 2
 0 0 47.500000 1.567291 18
 2 1 2.500000 2.067975 65
 1157905.490565 5
 0 1 27.500000 2.752547 11
 1 1 62.500000 1.706402 57
 1 0 52.500000 1.625155 52
 0 1 7.500000 2.423975 3
 0 0 17.500000 1.189336 6
 525835.218134 2
 0 0 7.500000 1.291392 2
 1 1 7.500000 1.594435 35
 1575444.251027 2
 7 0 42.500000 1.952269 240
 0 1 12.500000 2.941464 5
 1694385.428938 16
 1 1 17.500000 1.005397 39
 4 0 72.500000 2.223181 156
 1 0 27.500000 1.083292 42
 0 0 42.500000 1.448956 16
 0 1 72.500000 2.022218 29
 1 0 72.500000 2.326708 60
 11 1 37.500000 1.640184 367
 1 0 77.500000 1.056297 62
 9 0 27.500000 1.589959 298
 0 0 72.500000 2.166480 28
 1 0 22.500000 1.714460 40
 1 1 37.500000 2.396266 47
 1 1 62.500000 1.706402 57
 2 1 2.500000 2.067975 65
 0 1 17.500000 1.167352 7
 0 0 27.500000 1.331395 10
 781307.598530 13
 10 0 72.500000 1.817559 348
 1 1 22.500000 2.928606 41
 2 1 27.500000 2.557561 75
 0 1 62.500000 1.868571 25
 1 1 52.500000 1.977038 53
 0 0 2.500000 2.927992 0
 4 1 37.500000 2.946980 143
 0 0 7.500000 1.291392 2
 1 1 47.500000 2.722177 51
 5 0 57.500000 2.818176 182
 0 0 27.500000 1.331395 10
 1 0 57.500000 2.075635 54
 0 1 27.500000 2.752547 11
 1280351.647940 25
 1 1 47.500000 2.722177 51
 11 0 62.500000 1.532218 376
 2 0 72.500000 2.501193 92
 10 1 12.500000 2.865294 325
 1 1 2.500000 1.488294 33
 2 1 27.500000 2.557561 75
 8 0 7.500000 2.513872 258
 0 1 32.500000 1.238766 13
 1 0 2.500000 2.641488 32
 1 0 42.500000 2.048705 48
 1 0 27.500000 1.083292 42
 4 0 27.500000 1.568611 138
 1 1 37.500000 2.396266 47
 3 1 37.500000 2.235809 111
 0 1 72.500000 2.022218 29
 1 1 62.500000 1.706402 57
 1 0 22.500000 1.714460 40
 1 0 77.500000 1.056297 62
 2 1 7.500000 1.298217 67
 0 1 42.500000 2.599248 17
 0 1 67.500000 1.781173 27
 1 1 52.500000 1.977038 53
 11 0 22.500000 1.406104 360
 2 1 22.500000 2.197857 73
 0 0 27.500000 1.331395 10
 1039326.174762 1
 1 0 7.500000 1.750794 34
 608053.074501 8
 9 1 42.500000 2.828146 305
 2 0 22.500000 2.580484 72
 1 1 32.500000 1.339871 45
 2 0 27.500000 1.377911 74
 2 0 2.500000 2.810857 64
 0 1 52.500000 2.898680 21
 1 0 42.500000 2.048705 48
 4 0 7.500000 1.453368 130
 625020.985317 2
 7 0 27.500000 2.144958 234
 0 1 42.500000 2.599248 17
 97633.789376 20
 2 0 17.500000 1.045781 70
 1 0 27.500000 1.083292 42
 1 0 37.500000 1.218920 46
 8 1 72.500000 2.583581 285
 1 0 22.500000 1.714460 40
 1 1 2.500000 1.488294 33
 0 0 22.500000 1.681970 8
 2 1 7.500000 1.298217 67
 0 0 72.500000 2.166480 28
 1 0 52.500000 1.625155 52
 1 0 72.500000 2.326708 60
 2 0 2.500000 2.810857 64
 9 1 17.500000 1.958568 295
 0 0 42.500000 1.448956 16
 1 0 2.500000 2.641488 32
 2 1 62.500000 2.615065 89
 1 0 47.500000 1.258923 50
 0 0 47.500000 1.567291 18
 0 1 72.500000 2.022218 29
 2 1 22.500000 2.197857 73
 364851.462694 8
 0 1 22.500000 2.874715 9
 2 1 7.500000 1.298217 67
 5 1 72.500000 1.588409 189
 0 0 42.500000 1.448956 16
 0 0 7.500000 1.291392 2
 1 1 47.500000 2.722177 51
 2 1 62.500000 2.615065 89
 0 0 2.500000 2.927992 0
 1852581.366847 22
 0 1 37.500000 2.784759 15
 3 0 52.500000 1.081344 116
 4 0 27.500000 1.568611 138
 1 0 57.500000 2.075635 54
 1 1 2.500000 1.488294 33
 0 0 62.500000 1.687622 24
 2 0 2.500000 2.810857 64
 1 0 2.500000 2.641488 32
 1 1 17.500000 1.005397 39
 1 0 12.500000 1.669705 36
 2 0 7.500000 2.461195 66
 4 1 42.500000 1.883898 145
 0 0 77.500000 1.418375 30
 0 1 47.500000 1.467557 19
 1 1 62.500000 1.706402 57
 2 1 17.500000 2.441041 71
 0 0 32.500000 2.054337 12
 0 1 7.500000 2.423975 3
 0 1 32.500000 1.238766 13
 0 0 12.500000 1.755039 4
 0 1 77.500000 2.623469 31
 2 0 27.500000 1.377911 74
 1812756.118836 31
 1 1 47.500000 2.722177 51
 0 1 67.500000 1.781173 27
 1 1 12.500000 2.727366 37
 0 1 72.500000 2.022218 29
 1 1 52.500000 1.977038 53
 3 0 37.500000 1.846626 110
 1 0 57.500000 2.075635 54
 1 1 32.500000 1.339871 45
 2 1 42.500000 1.566172 81
 0 0 27.500000 1.331395 10
 1 1 62.500000 1.706402 57
 2 0 52.500000 2.708628 84
 5 1 7.500000 2.013964 163
 2 0 17.500000 1.045781 70
 1 0 7.500000 1.750794 34
 1 1 2.500000 1.488294 33
 0 0 77.500000 1.418375 30
 1 0 27.500000 1.083292 42
 1 1 37.500000 2.396266 47
 1 0 47.500000 1.258923 50
 2 1 77.500000 2.980109 95
 2 1 22.500000 2.197857 73
 1 0 17.500000 2.837925 38
 2 0 47.500000 2.650179 82
 0 1 52.500000 2.898680 21
 7 0 17.500000 1.271125 230
 2 1 17.500000 2.441041 71
 0 1 37.500000 2.784759 15
 0 0 42.500000 1.448956 16
 0 1 27.500000 2.752547 11
 2 0 12.500000 1.129341 68
 364538.633360 14
 0 0 12.500000 1.755039 4
 1 1 47.500000 2.722177 51
 1 0 22.500000 1.714460 40
 2 0 7.500000 2.461195 66
 5 1 12.500000 2.463641 165
 2 0 27.500000 1.377911 74
 0 0 32.500000 2.054337 12
 1 0 27.500000 1.083292 42
 3 1 22.500000 2.514574 105
 0 1 52.500000 2.898680 21
 0 1 57.500000 1.535413 23
 0 0 17.500000 1.189336 6
 1 0 77.500000 1.056297 62
 0 1 47.500000 1.467557 19
 1908442.474915 33
 1 0 37.500000 1.218920 46
 5 1 37.500000 2.529205 175
 4 0 42.500000 1.885636 144
 2 0 22.500000 2.580484 72
 1 1 77.500000 1.175392 63
 0 0 57.500000 2.107428 22
 1 0 27.500000 1.083292 42
 1 0 72.500000 2.326708 60
 1 1 52.500000 1.977038 53
 1 1 27.500000 2.889208 43
 1 1 32.500000 1.339871 45
 4 0 57.500000 1.193243 150
 0 1 37.500000 2.784759 15
 1 1 12.500000 2.727366 37
 0 1 27.500000 2.752547 11
 1 0 52.500000 1.625155 52
 2 1 2.500000 2.067975 65
 2 1 27.500000 2.557561 75
 0 1 72.500000 2.022218 29
 1 0 22.500000 1.714460 40
 0 0 2.500000 2.927992 0
 0 1 17.500000 1.167352 7
 3 1 2.500000 1.912747 97
 3 1 57.500000 2.855657 119
 0 0 52.500000 1.230612 20
 0 0 27.500000 1.331395 10
 0 1 77.500000 2.623469 31
 0 0 22.500000 1.681970 8
 0 1 22.500000 2.874715 9
 0 0 62.500000 1.687622 24
 2 1 47.500000 1.560463 83
 8 0 57.500000 1.612776 278
 1 1 17.500000 1.005397 39
 423768.489130 32
 1 0 32.500000 2.920173 44
 11 1 12.500000 2.862376 357
 8 1 17.500000 2.966694 263
 1 1 42.500000 2.585545 49
 7 0 72.500000 1.655644 252
 2 1 12.500000 2.830193 69
 10 0 47.500000 1.971664 338
 1 1 32.500000 1.339871 45
 4 0 47.500000 2.678580 146
 7 0 62.500000 2.627178 248
 1 0 67.500000 1.497528 58
 1 1 47.500000 2.722177 51
 0 1 47.500000 1.467557 19
 2 0 27.500000 1.377911 74
 2 0 22.500000 2.580484 72
 0 0 12.500000 1.755039 4
 1 1 2.500000 1.488294 33
 0 0 47.500000 1.567291 18
 2 0 7.500000 2.461195 66
 3 1 32.500000 1.238403 109
 1 1 37.500000 2.396266 47
 0 0 52.500000 1.230612 20
 4 0 12.500000 2.512037 132
 9 1 57.500000 2.420586 311
 0 1 27.500000 2.752547 11
 0 0 62.500000 1.687622 24
 1 1 27.500000 2.889208 43
 3 0 32.500000 1.002989 108
 3 1 62.500000 1.272537 121
 1 0 12.500000 1.669705 36
 1 1 7.500000 1.594435 35
 9 0 57.500000 1.743108 310
 525275.269936 29
 0 1 72.500000 2.022218 29
 2 1 12.500000 2.830193 69
 1 0 52.500000 1.625155 52
 1 1 17.500000 1.005397 39
 0 0 32.500000 2.054337 12
 0 0 67.500000 1.070255 26
 2 1 27.500000 2.557561 75
 0 1 2.500000 2.758808 1
 1 1 47.500000 2.722177 51
 3 0 62.500000 1.022269 120
 1 1 57.500000 1.198724 55
 1 0 12.500000 1.669705 36
 0 1 77.500000 2.623469 31
 4 0 27.500000 1.568611 138
 1 1 62.500000 1.706402 57
 1 1 7.500000 1.594435 35
 10 1 27.500000 1.229624 331
 0 0 62.500000 1.687622 24
 1 1 72.500000 2.975609 61
 1 1 52.500000 1.977038 53
 10 0 22.500000 1.431253 328
 1 0 47.500000 1.258923 50
 1 0 2.500000 2.641488 32
 1 0 17.500000 2.837925 38
 4 0 57.500000 1.193243 150
 1 1 77.500000 1.175392 63
 1 0 32.500000 2.920173 44
 1 0 57.500000 2.075635 54
 1 0 77.500000 1.056297 62
 108572.971741 9
 2 0 27.500000 1.377911 74
 0 1 12.500000 2.941464 5
 2 0 12.500000 1.129341 68
 1 0 57.500000 2.075635 54
 0 1 67.500000 1.781173 27
 1 0 22.500000 1.714460 40
 0 1 32.500000 1.238766 13
 1 1 32.500000 1.339871 45
 2 1 72.500000 1.547695 93
 827210.172409 1
 0 1 37.500000 2.784759 15
 1466515.470979 12
 1 0 7.500000 1.750794 34
 2 0 27.500000 1.377911 74
 1 1 47.500000 2.722177 51
 11 0 2.500000 1.616375 352
 0 1 12.500000 2.941464 5
 6 0 72.500000 1.321311 220
 3 1 2.500000 1.912747 97
 1 1 77.500000 1.175392 63
 8 1 2.500000 2.658685 257
 1 1 42.500000 2.585545 49
 1 1 12.500000 2.727366 37
 1 1 2.500000 1.488294 33
 707157.718515 13
 8 1 32.500000 2.987560 269
 2 1 57.500000 1.854219 87
 0 1 67.500000 1.781173 27
 0 0 17.500000 1.189336 6
 0 0 62.500000 1.687622 24
 10 0 62.500000 1.608893 344
 1 0 22.500000 1.714460 40
 1 0 47.500000 1.258923 50
 0 0 7.500000 1.291392 2
 6 1 67.500000 2.361476 219
 1 1 27.500000 2.889208 43
 1 1 17.500000 1.005397 39
 7 0 17.500000 1.271125 230
 179692.406738 31
 0 0 77.500000 1.418375 30
 11 1 22.500000 2.393740 361
 1 1 77.500000 1.175392 63
 0 1 57.500000 1.535413 23
 7 1 62.500000 2.980836 249
 0 1 62.500000 1.868571 25
 0 1 47.500000 1.467557 19
 1 1 62.500000 1.706402 57
 5 0 77.500000 2.389818 190
 9 1 67.500000 1.324737 315
 1 0 42.500000 2.048705 48
 2 1 17.500000 2.441041 71
 0 1 67.500000 1.781173 27
 0 0 57.500000 2.107428 22
 2 0 2.500000 2.810857 64
 2 0 52.500000 2.708628 84
 9 1 22.500000 1.203522 297
 8 1 32.500000 2.987560 269
 0 1 72.500000 2.022218 29
 0 0 42.500000 1.448956 16
 2 1 27.500000 2.557561 75
 4 1 62.500000 2.913572 153
 1 0 62.500000 2.946017 56
 2 0 27.500000 1.377911 74
 1 0 67.500000 1.497528 58
 0 1 7.500000 2.423975 3
 1 0 7.500000 1.750794 34
 1 0 37.500000 1.218920 46
 1 1 52.500000 1.977038 53
 2 1 2.500000 2.067975 65
 3 0 72.500000 2.105042 124
 336735.349324 31
 2 1 17.500000 2.441041 71
 2 0 52.500000 2.708628 84
 1 1 42.500000 2.585545 49
 0 1 77.500000 2.623469 31
 1 0 47.500000 1.258923 50
 0 0 62.500000 1.687622 24
 0 1 7.500000 2.423975 3
 0 1 57.500000 1.535413 23
 1 0 72.500000 2.326708 60
 2 0 22.500000 2.580484 72
 2 1 47.500000 1.560463 83
 1 0 57.500000 2.075635 54
 0 0 42.500000 1.448956 16
 3 1 27.500000 2.552211 107
 0 0 37.500000 1.947093 14
 0 0 57.500000 2.107428 22
 2 1 37.500000 1.499708 79
 0 1 47.500000 1.467557 19
 1 0 2.500000 2.641488 32
 0 0 77.500000 1.418375 30
 1 1 72.500000 2.975609 61
 9 1 67.500000 1.324737 315
 8 0 57.500000 1.612776 278
 2 1 27.500000 2.557561 75
 4 0 2.500000 1.343700 128
 1 1 57.500000 1.198724 55
 1 1 52.500000 1.977038 53
 2 0 12.500000 1.129341 68
 5 0 12.500000 2.700331 164
 1 1 17.500000 1.005397 39
 8 0 17.500000 2.433567 262
 1927382.767688 18
 1 0 42.500000 2.048705 48
 1 0 17.500000 2.837925 38
 0 0 17.500000 1.189336 6
 1 0 2.500000 2.641488 32
 1 1 47.500000 2.722177 51
 2 0 42.500000 1.596095 80
 0 1 32.500000 1.238766 13
 2 1 57.500000 1.854219 87
 0 1 22.500000 2.874715 9
 8 1 2.500000 2.658685 257
 0 0 62.500000 1.687622 24
 8 1 32.500000 2.987560 269
 0 0 12.500000 1.755039 4
 0 1 27.500000 2.752547 11
 0 1 42.500000 2.599248 17
 0 1 2.500000 2.758808 1
 0 0 42.500000 1.448956 16
 1 1 32.500000 1.339871 45
 1341032.200428 11
 2 1 12.500000 2.830193 69
 0 0 22.500000 1.681970 8
 2 0 27.500000 1.377911 74
 0 1 37.500000 2.784759 15
 2 0 2.500000 2.810857 64
 0 0 27.500000 1.331395 10
 10 1 7.500000 1.245018 323
 1 0 2.500000 2.641488 32
 0 0 57.500000 2.107428 22
 0 1 42.500000 2.599248 17
 7 0 2.500000 2.317481 224
 532975.556614 13
 1 1 22.500000 2.928606 41
 0 1 7.500000 2.423975 3
 1 0 47.500000 1.258923 50
 1 1 62.500000 1.706402 57
 0 1 52.500000 2.898680 21
 1 0 2.500000 2.641488 32
 0 1 22.500000 2.874715 9
 4 0 52.500000 1.768028 148
 6 1 2.500000 1.528396 193
 1 1 67.500000 2.952956 59
 2 1 17.500000 2.441041 71
 8 1 47.500000 1.074020 275
 0 1 32.500000 1.238766 13
 1105546.942402 10
 1 0 37.500000 1.218920 46
 2 0 7.500000 2.461195 66
 0 1 67.500000 1.781173 27
 2 1 47.500000 1.560463 83
 0 0 52.500000 1.230612 20
 1 0 47.500000 1.258923 50
 0 0 27.500000 1.331395 10
 0 1 27.500000 2.752547 11
 2 1 57.500000 1.854219 87
 11 1 52.500000 1.834841 373
 1956305.954510 3
 2 1 12.500000 2.830193 69
 1 0 57.500000 2.075635 54
 0 1 37.500000 2.784759 15
 180532.919551 12
 7 1 57.500000 2.396539 247
 0 1 37.500000 2.784759 15
 6 0 32.500000 2.152134 204
 1 1 72.500000 2.975609 61
 0 0 27.500000 1.331395 10
 1 1 17.500000 1.005397 39
 0 0 42.500000 1.448956 16
 5 1 67.500000 2.430678 187
 1 1 77.500000 1.175392 63
 3 0 27.500000 2.449012 106
 2 0 22.500000 2.580484 72
 5 0 67.500000 2.101531 186
 1762742.168364 3
 1 1 57.500000 1.198724 55
 4 0 37.500000 1.409231 142
 1 1 42.500000 2.585545 49
 771550.947247 18
 4 0 62.500000 2.507462 152
 6 1 42.500000 1.695647 209
 2 0 2.500000 2.810857 64
 1 1 57.500000 1.198724 55
 3 0 62.500000 1.022269 120
 5 0 22.500000 2.686247 168
 0 0 72.500000 2.166480 28
 1 0 67.500000 1.497528 58
 0 0 77.500000 1.418375 30
 1 1 62.500000 1.706402 57
 0 1 77.500000 2.623469 31
 1 1 27.500000 2.889208 43
 0 0 37.500000 1.947093 14
 3 1 72.500000 1.434318 125
 0 0 57.500000 2.107428 22
 0 0 27.500000 1.331395 10
 2 0 22.500000 2.580484 72
 2 1 57.500000 1.854219 87
 1619743.758133 2
 1 1 47.500000 2.722177 51
 1 0 22.500000 1.714460 40
 1834691.205805 11
 0 1 7.500000 2.423975 3
 1 0 12.500000 1.669705 36
 2 0 22.500000 2.580484 72
 0 1 47.500000 1.467557 19
 0 1 77.500000 2.623469 31
 2 1 47.500000 1.560463 83
 4 1 32.500000 2.260690 141
 3 0 17.500000 2.097794 102
 2 0 37.500000 2.465015 78
 2 0 27.500000 1.377911 74
 0 1 72.500000 2.022218 29
 917752.794920 17
 1 1 67.500000 2.952956 59
 0 1 57.500000 1.535413 23
 1 0 12.500000 1.669705 36
 11 1 57.500000 1.789465 375
 1 1 62.500000 1.706402 57
 1 1 47.500000 2.722177 51
 2 0 22.500000 2.580484 72
 0 1 32.500000 1.238766 13
 0 1 52.500000 2.898680 21
 4 0 2.500000 1.343700 128
 2 0 77.500000 2.107752 94
 2 1 27.500000 2.557561 75
 3 0 72.500000 2.105042 124
 0 0 67.500000 1.070255 26
 10 1 17.500000 2.353152 327
 8 0 62.500000 2.172106 280
 0 1 47.500000 1.467557 19
 1505572.289091 26
 0 1 32.500000 1.238766 13
 2 0 7.500000 2.461195 66
 1 0 62.500000 2.946017 56
 0 1 52.500000 2.898680 21
 1 0 57.500000 2.075635 54
 1 0 32.500000 2.920173 44
 2 1 27.500000 2.557561 75
 1 1 62.500000 1.706402 57
 1 0 12.500000 1.669705 36
 2 0 2.500000 2.810857 64
 9 0 72.500000 2.854156 316
 0 1 57.500000 1.535413 23
 1 1 27.500000 2.889208 43
 0 0 2.500000 2.927992 0
 0 0 12.500000 1.755039 4
 0 1 22.500000 2.874715 9
 4 0 27.500000 1.568611 138
 1 1 52.500000 1.977038 53
 0 1 2.500000 2.758808 1
 1 1 37.500000 2.396266 47
 1 1 47.500000 2.722177 51
 1 0 37.500000 1.218920 46
 0 1 67.500000 1.781173 27
 2 1 17.500000 2.441041 71
 2 0 22.500000 2.580484 72
 5 1 42.500000 1.452202 177
 1888575.048078 10
 1 0 37.500000 1.218920 46
 2 0 72.500000 2.501193 92
 0 0 52.500000 1.230612 20
 2 1 22.500000 2.197857 73
 0 1 22.500000 2.874715 9
 0 0 12.500000 1.755039 4
 0 1 52.500000 2.898680 21
 0 0 37.500000 1.947093 14
 2 1 32.500000 1.634942 77
 4 0 27.500000 1.568611 138
 321053.723973 19
 2 1 7.500000 1.298217 67
 1 1 47.500000 2.722177 51
 3 1 17.500000 1.622860 103
 0 0 52.500000 1.230612 20
 1 0 57.500000 2.075635 54
 3 0 62.500000 1.022269 120
 7 0 57.500000 1.052204 246
 1 0 17.500000 2.837925 38
 1 1 42.500000 2.585545 49
 2 0 7.500000 2.461195 66
 1 1 22.500000 2.928606 41
 0 1 12.500000 2.941464 5
 0 0 62.500000 1.687622 24
 0 1 32.500000 1.238766 13
 2 0 17.500000 1.045781 70
 10 0 32.500000 2.293597 332
 4 0 42.500000 1.885636 144
 9 1 57.500000 2.420586 311
 0 1 27.500000 2.752547 11
 1461588.704447 2
 2 0 22.500000 2.580484 72
 1 0 47.500000 1.258923 50
 1264273.636837 5
 0 1 12.500000 2.941464 5
 1 1 42.500000 2.585545 49
 0 0 17.500000 1.189336 6
 2 1 7.500000 1.298217 67
 1 1 17.500000 1.005397 39
 329578.450885 6
 1 0 52.500000 1.625155 52
 1 0 17.500000 2.837925 38
 3 1 27.500000 2.552211 107
 11 0 57.500000 2.165633 374
 1 0 32.500000 2.920173 44
 2 1 67.500000 1.693967 91
 1178889.059880 5
 2 0 2.500000 2.810857 64
 0 0 57.500000 2.107428 22
 0 1 22.500000 2.874715 9
 6 1 47.500000 1.678106 211
 0 0 77.500000 1.418375 30
 1573044.181491 35
 1 0 27.500000 1.083292 42
 0 0 7.500000 1.291392 2
 1 1 37.500000 2.396266 47
 1 0 7.500000 1.750794 34
 1 1 12.500000 2.727366 37
 11 1 47.500000 1.114448 371
 9 1 37.500000 1.334146 303
 1 1 2.500000 1.488294 33
 0 1 27.500000 2.752547 11
 0 0 37.500000 1.947093 14
 1 0 12.500000 1.669705 36
 10 0 22.500000 1.431253 328
 1 1 7.500000 1.594435 35
 1 1 42.500000 2.585545 49
 11 1 62.500000 1.986317 377
 3 0 57.500000 2.862192 118
 0 1 57.500000 1.535413 23
 0 0 57.500000 2.107428 22
 10 0 2.500000 1.537928 320
 1 1 57.500000 1.198724 55
 4 1 32.500000 2.260690 141
 2 0 67.500000 1.392021 90
 1 0 72.500000 2.326708 60
 5 1 57.500000 1.089813 183
 10 1 42.500000 2.867970 337
 2 0 2.500000 2.810857 64
 7 1 12.500000 2.889824 229
 0 1 67.500000 1.781173 27
 0 1 52.500000 2.898680 21
 0 1 7.500000 2.423975 3
 1 0 32.500000 2.920173 44
 0 1 17.500000 1.167352 7
 1 0 22.500000 1.714460 40
 0 0 42.500000 1.448956 16
 1 0 17.500000 2.837925 38
 1534615.831326 30
 5 0 2.500000 2.527377 160
 1 1 72.500000 2.975609 61
 0 0 12.500000 1.755039 4
 0 1 52.500000 2.898680 21
 1 0 32.500000 2.920173 44
 6 0 22.500000 1.592432 200
 0 1 47.500000 1.467557 19
 0 0 42.500000 1.448956 16
 1 0 57.500000 2.075635 54
 2 0 12.500000 1.129341 68
 0 0 52.500000 1.230612 20
 9 1 22.500000 1.203522 297
 0 1 22.500000 2.874715 9
 1 1 57.500000 1.198724 55
 1 0 7.500000 1.750794 34
 1 1 52.500000 1.977038 53
 0 1 72.500000 2.022218 29
 4 1 62.500000 2.913572 153
 2 1 12.500000 2.830193 69
 1 1 77.500000 1.175392 63
 0 0 7.500000 1.291392 2
 11 0 37.500000 2.041509 366
 3 1 72.500000 1.434318 125
 2 1 2.500000 2.067975 65
 0 0 77.500000 1.418375 30
 0 1 27.500000 2.752547 11
 1 0 67.500000 1.497528 58
 0 1 57.500000 1.535413 23
 1 0 37.500000 1.218920 46
 2 0 42.500000 1.596095 80
 1953167.618771 12
 2 1 72.500000 1.547695 93
 0 0 37.500000 1.947093 14
 1 1 2.500000 1.488294 33
 1 0 37.500000 1.218920 46
 1 1 22.500000 2.928606 41
 0 0 77.500000 1.418375 30
 2 1 7.500000 1.298217 67
 6 0 47.500000 2.738483 210
 2 1 12.500000 2.830193 69
 8 1 17.500000 2.966694 263
 4 0 57.500000 1.193243 150
 0 1 62.500000 1.868571 25
 130989.439288 15
 1 0 77.500000 1.056297 62
 1 1 22.500000 2.928606 41
 2 1 2.500000 2.067975 65
 1 0 47.500000 1.258923 50
 0 0 22.500000 1.681970 8
 0 0 62.500000 1.687622 24
 1 0 7.500000 1.750794 34
 1 0 27.500000 1.083292 42
 1 0 52.500000 1.625155 52
 0 0 37.500000 1.947093 14
 2 0 7.500000 2.461195 66
 0 0 57.500000 2.107428 22
 0 0 47.500000 1.567291 18
 0 1 17.500000 1.167352 7
 4 1 62.500000 2.913572 153
 559158.826023 9
 1 1 72.500000 2.975609 61
 6 1 57.500000 1.650325 215
 0 0 2.500000 2.927992 0
 0 1 7.500000 2.423975 3
 2 0 17.500000 1.045781 70
 0 0 27.500000 1.331395 10
 9 0 17.500000 2.207649 294
 0 1 57.500000 1.535413 23
 1 1 67.500000 2.952956 59
 1971380.063766 28
 2 0 47.500000 2.650179 82
 1 1 37.500000 2.396266 47
 0 0 27.500000 1.331395 10
 5 1 22.500000 1.758077 169
 1 1 7.500000 1.594435 35
 2 1 7.500000 1.298217 67
 0 0 7.500000 1.291392 2
 0 0 57.500000 2.107428 22
 1 0 57.500000 2.075635 54
 0 1 22.500000 2.874715 9
 1 0 17.500000 2.837925 38
 0 1 27.500000 2.752547 11
 1 0 12.500000 1.669705 36
 0 0 72.500000 2.166480 28
 1 1 62.500000 1.706402 57
 1 0 77.500000 1.056297 62
 2 1 17.500000 2.441041 71
 2 0 22.500000 2.580484 72
 1 1 52.500000 1.977038 53
 2 0 17.500000 1.045781 70
 1 1 77.500000 1.175392 63
 1 1 32.500000 1.339871 45
 2 1 27.500000 2.557561 75
 0 0 77.500000 1.418375 30
 0 0 32.500000 2.054337 12
 1 0 67.500000 1.497528 58
 7 0 57.500000 1.052204 246
 1 1 22.500000 2.928606 41
 186028.510251 21
 0 0 17.500000 1.189336 6
 0 0 72.500000 2.166480 28
 0 0 22.500000 1.681970 8
 0 1 62.500000 1.868571 25
 0 1 27.500000 2.752547 11
 0 0 77.500000 1.418375 30
 2 1 77.500000 2.980109 95
 2 0 7.500000 2.461195 66
 2 0 12.500000 1.129341 68
 4 1 32.500000 2.260690 141
 0 1 2.500000 2.758808 1
 4 0 27.500000 1.568611 138
 2 1 27.500000 2.557561 75
 4 0 12.500000 2.512037 132
 1 0 22.500000 1.714460 40
 0 1 12.500000 2.941464 5
 0 1 57.500000 1.535413 23
 3 0 67.500000 1.526129 122
 2 0 22.500000 2.580484 72
 2 1 57.500000 1.854219 87
 0 1 42.500000 2.599248 17
 1114277.326220 7
 0 1 17.500000 1.167352 7
 1 0 67.500000 1.497528 58
 1 0 47.500000 1.258923 50
 0 0 22.500000 1.681970 8
 0 1 42.500000 2.599248 17
 1 1 52.500000 1.977038 53
 0 1 47.500000 1.467557 19
 259004.752496 33
 0 0 67.500000 1.070255 26
 2 1 32.500000 1.634942 77
 2 0 27.500000 1.377911 74
 1 0 12.500000 1.669705 36
 1 0 47.500000 1.258923 50
 1 0 72.500000 2.326708 60
 0 0 17.500000 1.189336 6
 0 0 77.500000 1.418375 30
 2 1 17.500000 2.441041 71
 0 0 52.500000 1.230612 20
 1 1 77.500000 1.175392 63
 8 1 67.500000 2.552155 283
 2 1 52.500000 1.910837 85
 9 1 42.500000 2.828146 305
 1 0 32.500000 2.920173 44
 0 1 17.500000 1.167352 7
 2 1 12.500000 2.830193 69
 0 0 12.500000 1.755039 4
 0 0 2.500000 2.927992 0
 2 0 2.500000 2.810857 64
 2 1 37.500000 1.499708 79
 0 1 32.500000 1.238766 13
 1 1 37.500000 2.396266 47
 1 1 42.500000 2.585545 49
 5 0 7.500000 2.996728 162
 1 1 62.500000 1.706402 57
 1 1 72.500000 2.975609 61
 1 1 67.500000 2.952956 59
 1 1 17.500000 1.005397 39
 0 1 12.500000 2.941464 5
 0 0 7.500000 1.291392 2
 9 1 32.500000 2.454112 301
 3 0 37.500000 1.846626 110
 833432.774857 34
 0 1 32.500000 1.238766 13
 0 0 67.500000 1.070255 26
 2 1 22.500000 2.197857 73
 10 1 2.500000 1.959001 321
 1 0 22.500000 1.714460 40
 0 0 52.500000 1.230612 20
 1 1 27.500000 2.889208 43
 5 1 37.500000 2.529205 175
 0 1 7.500000 2.423975 3
 1 1 57.500000 1.198724 55
 0 0 32.500000 2.054337 12
 5 1 62.500000 2.241215 185
 0 0 42.500000 1.448956 16
 0 1 47.500000 1.467557 19
 1 0 12.500000 1.669705 36
 1 1 67.500000 2.952956 59
 2 1 57.500000 1.854219 87
 3 1 67.500000 1.650747 123
 0 0 7.500000 1.291392 2
 0 1 17.500000 1.167352 7
 4 0 27.500000 1.568611 138
 2 0 72.500000 2.501193 92
 9 1 47.500000 1.047212 307
 2 0 2.500000 2.810857 64
 0 1 42.500000 2.599248 17
 0 1 22.500000 2.874715 9
 2 0 12.500000 1.129341 68
 4 0 17.500000 2.054779 134
 0 1 57.500000 1.535413 23
 0 1 62.500000 1.868571 25
 2 0 22.500000 2.580484 72
 0 1 72.500000 2.022218 29
 1 1 62.500000 1.706402 57
 0 0 77.500000 1.418375 30
 722591.948455 25
 8 1 62.500000 2.591478 281
 1 0 17.500000 2.837925 38
 0 1 12.500000 2.941464 5
 0 1 17.500000 1.167352 7
 4 1 37.500000 2.946980 143
 6 0 22.500000 1.592432 200
 1 1 62.500000 1.706402 57
 1 1 7.500000 1.594435 35
 0 1 37.500000 2.784759 15
 1 0 2.500000 2.641488 32
 0 1 62.500000 1.868571 25
 0 1 72.500000 2.022218 29
 0 0 52.500000 1.230612 20
 2 1 72.500000 1.547695 93
 0 0 22.500000 1.681970 8
 2 0 12.500000 1.129341 68
 7 0 67.500000 2.906039 250
 11 1 22.500000 2.393740 361
 1 0 77.500000 1.056297 62
 2 1 27.500000 2.557561 75
 1 0 67.500000 1.497528 58
 3 0 77.500000 2.581072 126
 0 1 57.500000 1.535413 23
 1 1 12.500000 2.727366 37
 1 1 42.500000 2.585545 49
 1365092.460162 8
 0 1 32.500000 1.238766 13
 5 1 47.500000 1.926313 179
 0 0 52.500000 1.230612 20
 1 1 42.500000 2.585545 49
 0 0 77.500000 1.418375 30
 0 0 47.500000 1.567291 18
 9 0 72.500000 2.854156 316
 1 0 57.500000 2.075635 54
 992165.939394 24
 1 0 17.500000 2.837925 38
 0 1 42.500000 2.599248 17
 5 1 2.500000 1.622717 161
 0 1 47.500000 1.467557 19
 0 0 42.500000 1.448956 16
 4 0 57.500000 1.193243 150
 0 0 77.500000 1.418375 30
 1 1 12.500000 2.727366 37
 0 0 67.500000 1.070255 26
 7 0 12.500000 1.245248 228
 8 1 62.500000 2.591478 281
 2 0 22.500000 2.580484 72
 3 0 27.500000 2.449012 106
 1 0 67.500000 1.497528 58
 0 0 57.500000 2.107428 22
 2 0 12.500000 1.129341 68
 0 1 27.500000 2.752547 11
 5 0 7.500000 2.996728 162
 8 1 12.500000 1.867700 261
 1 0 32.500000 2.920173 44
 1 1 52.500000 1.977038 53
 4 0 7.500000 1.453368 130
 1 0 62.500000 2.946017 56
 0 1 37.500000 2.784759 15
 1979769.532764 29
 1 1 52.500000 1.977038 53
 1 1 77.500000 1.175392 63
 1 1 12.500000 2.727366 37
 1 0 37.500000 1.218920 46
 2 0 27.500000 1.377911 74
 1 1 37.500000 2.396266 47
 1 1 17.500000 1.005397 39
 1 0 52.500000 1.625155 52
 3 0 52.500000 1.081344 116
 0 1 42.500000 2.599248 17
 2 1 2.500000 2.067975 65
 2 1 17.500000 2.441041 71
 0 1 27.500000 2.752547 11
 2 1 37.500000 1.499708 79
 1 1 47.500000 2.722177 51
 1 1 62.500000 1.706402 57
 1 1 67.500000 2.952956 59
 1 1 32.500000 1.339871 45
 1 0 12.500000 1.669705 36
 3 0 32.500000 1.002989 108
 0 0 47.500000 1.567291 18
 1 0 72.500000 2.326708 60
 2 1 7.500000 1.298217 67
 0 0 57.500000 2.107428 22
 0 1 47.500000 1.467557 19
 1 1 2.500000 1.488294 33
 0 0 7.500000 1.291392 2
 0 1 62.500000 1.868571 25
 1 1 27.500000 2.889208 43
 1130187.602942 19
 0 0 57.500000 2.107428 22
 1 1 17.500000 1.005397 39
 1 1 72.500000 2.975609 61
 0 1 37.500000 2.784759 15
 1 0 47.500000 1.258923 50
 1 1 62.500000 1.706402 57
 1 0 7.500000 1.750794 34
 1 0 42.500000 2.048705 48
 2 1 27.500000 2.557561 75
 8 1 52.500000 2.339835 277
 1 0 67.500000 1.497528 58
 8 0 57.500000 1.612776 278
 4 1 67.500000 2.051658 155
 0 1 12.500000 2.941464 5
 1 0 37.500000 1.218920 46
 1 0 52.500000 1.625155 52
 4 0 52.500000 1.768028 148
 3 1 42.500000 1.829017 113
 3 0 22.500000 1.403493 104
 1197744.836992 13
 11 0 17.500000 1.958984 358
 1 0 17.500000 2.837925 38
 2 0 42.500000 1.596095 80
 0 1 77.500000 2.623469 31
 1 1 47.500000 2.722177 51
 3 1 2.500000 1.912747 97
 2 0 22.500000 2.580484 72
 0 0 47.500000 1.567291 18
 1 1 7.500000 1.594435 35
 4 1 37.500000 2.946980 143
 1 0 2.500000 2.641488 32
 0 0 32.500000 2.054337 12
 0 1 17.500000 1.167352 7
 1707911.060689 24
 2 0 17.500000 1.045781 70
 1 0 47.500000 1.258923 50
 1 1 47.500000 2.722177 51
 1 0 62.500000 2.946017 56
 1 1 7.500000 1.594435 35
 1 1 37.500000 2.396266 47
 1 0 17.500000 2.837925 38
 3 1 52.500000 2.144634 117
 2 0 52.500000 2.708628 84
 0 1 62.500000 1.868571 25
 1 0 32.500000 2.920173 44
 6 0 37.500000 2.775920 206
 1 0 27.500000 1.083292 42
 0 0 42.500000 1.448956 16
 1 1 72.500000 2.975609 61
 1 1 27.500000 2.889208 43
 3 0 77.500000 2.581072 126
 2 1 27.500000 2.557561 75
 2 0 27.500000 1.377911 74
 2 0 67.500000 1.392021 90
 0 1 57.500000 1.535413 23
 2 0 22.500000 2.580484 72
 0 1 72.500000 2.022218 29
 0 1 42.500000 2.599248 17
 1537972.539653 12
 1 0 67.500000 1.497528 58
 0 1 67.500000 1.781173 27
 1 1 67.500000 2.952956 59
 2 1 22.500000 2.197857 73
 2 0 2.500000 2.810857 64
 1 0 57.500000 2.075635 54
 0 0 62.500000 1.687622 24
 1 0 77.500000 1.056297 62
 0 1 27.500000 2.752547 11
 1 0 17.500000 2.837925 38
 1 1 62.500000 1.706402 57
 1 1 72.500000 2.975609 61
 1733659.786346 5
 0 0 67.500000 1.070255 26
 0 1 77.500000 2.623469 31
 1 1 42.500000 2.585545 49
 2 1 12.500000 2.830193 69
 1 0 12.500000 1.669705 36
 1509432.488973 5
 4 0 52.500000 1.768028 148
 9 0 42.500000 2.991660 304
 0 1 47.500000 1.467557 19
 1 0 62.500000 2.946017 56
 0 0 32.500000 2.054337 12
 131334.598144 14
 4 1 42.500000 1.883898 145
 1 0 62.500000 2.946017 56
 0 1 2.500000 2.758808 1
 4 0 57.500000 1.193243 150
 1 1 62.500000 1.706402 57
 1 0 47.500000 1.258923 50
 2 0 12.500000 1.129341 68
 2 1 7.500000 1.298217 67
 2 1 27.500000 2.557561 75
 1 0 52.500000 1.625155 52
 0 0 37.500000 1.947093 14
 0 1 57.500000 1.535413 23
 0 1 32.500000 1.238766 13
 8 0 47.500000 1.390794 274
 1153099.668135 7
 0 0 67.500000 1.070255 26
 0 0 62.500000 1.687622 24
 1 0 17.500000 2.837925 38
 0 1 57.500000 1.535413 23
 1 0 47.500000 1.258923 50
 0 1 62.500000 1.868571 25
 4 1 42.500000 1.883898 145
 1998114.758617 30
 2 1 77.500000 2.980109 95
 4 0 47.500000 2.678580 146
 2 1 12.500000 2.830193 69
 10 1 62.500000 2.657042 345
 1 0 2.500000 2.641488 32
 1 1 62.500000 1.706402 57
 1 0 27.500000 1.083292 42
 1 0 62.500000 2.946017 56
 0 1 67.500000 1.781173 27
 1 0 32.500000 2.920173 44
 8 0 77.500000 2.248299 286
 8 1 77.500000 1.168626 287
 0 0 67.500000 1.070255 26
 0 1 2.500000 2.758808 1
 0 1 42.500000 2.599248 17
 2 0 22.500000 2.580484 72
 3 1 62.500000 1.272537 121
 0 0 47.500000 1.567291 18
 10 0 22.500000 1.431253 328
 1 0 47.500000 1.258923 50
 3 1 67.500000 1.650747 123
 9 1 17.500000 1.958568 295
 1 1 7.500000 1.594435 35
 0 0 2.500000 2.927992 0
 0 1 7.500000 2.423975 3
 3 0 52.500000 1.081344 116
 1 1 2.500000 1.488294 33
 1 1 32.500000 1.339871 45
 9 0 57.500000 1.743108 310
 0 0 57.500000 2.107428 22
 1930996.176363 30
 1 0 77.500000 1.056297 62
 1 0 17.500000 2.837925 38
 1 0 72.500000 2.326708 60
 1 0 7.500000 1.750794 34
 1 0 27.500000 1.083292 42
 1 0 52.500000 1.625155 52
 2 1 2.500000 2.067975 65
 0 0 77.500000 1.418375 30
 1 0 2.500000 2.641488 32
 2 1 22.500000 2.197857 73
 0 1 57.500000 1.535413 23
 0 0 72.500000 2.166480 28
 1 0 62.500000 2.946017 56
 0 0 32.500000 2.054337 12
 3 0 17.500000 2.097794 102
 0 1 72.500000 2.022218 29
 0 0 27.500000 1.331395 10
 2 1 37.500000 1.499708 79
 0 0 67.500000 1.070255 26
 1 1 77.500000 1.175392 63
 3 0 22.500000 1.403493 104
 3 0 77.500000 2.581072 126
 1 1 67.500000 2.952956 59
 5 1 22.500000 1.758077 169
 3 0 52.500000 1.081344 116
 3 1 37.500000 2.235809 111
 8 1 72.500000 2.583581 285
 1 1 17.500000 1.005397 39
 0 1 62.500000 1.868571 25
 0 0 22.500000 1.681970 8
 456308.612198 11
 1 1 67.500000 2.952956 59
 4 0 22.500000 1.289272 136
 1 1 22.500000 2.928606 41
 3 0 77.500000 2.581072 126
 4 0 37.500000 1.409231 142
 2 0 57.500000 1.431538 86
 0 0 77.500000 1.418375 30
 0 1 37.500000 2.784759 15
 0 0 32.500000 2.054337 12
 0 1 77.500000 2.623469 31
 0 1 27.500000 2.752547 11
 1211412.700569 30
 1 1 12.500000 2.727366 37
 0 1 12.500000 2.941464 5
 2 1 27.500000 2.557561 75
 0 1 72.500000 2.022218 29
 2 0 7.500000 2.461195 66
 2 0 12.500000 1.129341 68
 0 1 47.500000 1.467557 19
 9 1 42.500000 2.828146 305
 0 1 2.500000 2.758808 1
 3 1 37.500000 2.235809 111
 1 0 27.500000 1.083292 42
 4 1 27.500000 1.649413 139
 3 1 57.500000 2.855657 119
 1 1 57.500000 1.198724 55
 1 1 67.500000 2.952956 59
 1 0 57.500000 2.075635 54
 1 0 37.500000 1.218920 46
 3 0 22.500000 1.403493 104
 2 1 52.500000 1.910837 85
 0 0 52.500000 1.230612 20
 1 1 62.500000 1.706402 57
 0 0 12.500000 1.755039 4
 1 1 77.500000 1.175392 63
 2 0 42.500000 1.596095 80
 1 0 12.500000 1.669705 36
 2 0 27.500000 1.377911 74
 0 0 32.500000 2.054337 12
 9 1 52.500000 2.158966 309
 1 0 72.500000 2.326708 60
 1 0 77.500000 1.056297 62
 1394986.100344 31
 11 1 37.500000 1.640184 367
 1 0 12.500000 1.669705 36
 2 0 17.500000 1.045781 70
 1 0 67.500000 1.497528 58
 1 0 32.500000 2.920173 44
 1 1 27.500000 2.889208 43
 1 0 7.500000 1.750794 34
 1 0 62.500000 2.946017 56
 1 0 17.500000 2.837925 38
 1 0 22.500000 1.714460 40
 0 0 57.500000 2.107428 22
 1 0 37.500000 1.218920 46
 2 0 7.500000 2.461195 66
 1 1 17.500000 1.005397 39
 5 0 72.500000 2.410162 188
 9 1 12.500000 1.225335 293
 0 0 2.500000 2.927992 0
 0 0 37.500000 1.947093 14
 0 0 47.500000 1.567291 18
 3 1 62.500000 1.272537 121
 3 0 12.500000 1.006979 100
 0 1 77.500000 2.623469 31
 1 1 62.500000 1.706402 57
 2 1 7.500000 1.298217 67
 2 1 17.500000 2.441041 71
 2 1 27.500000 2.557561 75
 2 1 42.500000 1.566172 81
 0 0 72.500000 2.166480 28
 0 1 27.500000 2.752547 11
 4 0 12.500000 2.512037 132
 0 0 22.500000 1.681970 8
 1326073.445010 1
 2 1 22.500000 2.197857 73
 131496.929364 3
 2 0 7.500000 2.461195 66
 1 0 77.500000 1.056297 62
 0 0 12.500000 1.755039 4
 1504843.924728 21
 1 1 22.500000 2.928606 41
 10 0 62.500000 1.608893 344
 2 1 27.500000 2.557561 75
 1 1 17.500000 1.005397 39
 0 0 2.500000 2.927992 0
 1 1 57.500000 1.198724 55
 4 1 12.500000 1.810201 133
 1 0 12.500000 1.669705 36
 3 0 52.500000 1.081344 116
 1 0 67.500000 1.497528 58
 0 1 32.500000 1.238766 13
 0 1 2.500000 2.758808 1
 0 1 57.500000 1.535413 23
 0 1 27.500000 2.752547 11
 1 0 27.500000 1.083292 42
 1 1 2.500000 1.488294 33
 0 0 37.500000 1.947093 14
 7 1 22.500000 1.135845 233
 1 0 62.500000 2.946017 56
 9 1 27.500000 2.438417 299
 0 0 32.500000 2.054337 12
 143589.753240 2
 1 1 7.500000 1.594435 35
 1 0 17.500000 2.837925 38
 1660361.586893 10
 1 0 77.500000 1.056297 62
 4 0 22.500000 1.289272 136
 3 1 62.500000 1.272537 121
 1 1 2.500000 1.488294 33
 0 1 27.500000 2.752547 11
 0 0 72.500000 2.166480 28
 0 0 22.500000 1.681970 8
 2 0 2.500000 2.810857 64
 0 0 42.500000 1.448956 16
 1 0 22.500000 1.714460 40
 847676.477585 22
 3 1 22.500000 2.514574 105
 9 0 57.500000 1.743108 310
 0 0 42.500000 1.448956 16
 1 1 52.500000 1.977038 53
 0 0 2.500000 2.927992 0
 2 0 52.500000 2.708628 84
 4 1 7.500000 2.747695 131
 7 0 62.500000 2.627178 248
 1 0 77.500000 1.056297 62
 0 0 17.500000 1.189336 6
 0 0 32.500000 2.054337 12
 0 1 62.500000 1.868571 25
 0 1 77.500000 2.623469 31
 4 1 32.500000 2.260690 141
 2 1 32.500000 1.634942 77
 0 0 62.500000 1.687622 24
 8 1 12.500000 1.867700 261
 3 0 57.500000 2.862192 118
 4 1 22.500000 2.791549 137
 8 0 7.500000 2.513872 258
 2 1 2.500000 2.067975 65
 1 0 57.500000 2.075635 54
 317219.814303 29
 1 0 72.500000 2.326708 60
 2 0 22.500000 2.580484 72
 1 1 37.500000 2.396266 47
 1 1 27.500000 2.889208 43
 8 1 27.500000 2.408219 267
 2 1 12.500000 2.830193 69
 3 0 12.500000 1.006979 100
 0 0 47.500000 1.567291 18
 1 1 42.500000 2.585545 49
 0 0 37.500000 1.947093 14
 2 0 7.500000 2.461195 66
 4 1 77.500000 2.958561 159
 6 1 57.500000 1.650325 215
 1 0 12.500000 1.669705 36
 0 1 67.500000 1.781173 27
 11 0 47.500000 2.788666 370
 1 0 67.500000 1.497528 58
 0 1 42.500000 2.599248 17
 0 1 17.500000 1.167352 7
 2 1 67.500000 1.693967 91
 1 1 52.500000 1.977038 53
 2 0 12.500000 1.129341 68
 0 1 72.500000 2.022218 29
 9 1 77.500000 2.317102 319
 0 1 57.500000 1.535413 23
 9 0 27.500000 1.589959 298
 3 1 47.500000 2.036835 115
 0 1 37.500000 2.784759 15
 1 1 22.500000 2.928606 41
 1152964.583632 6
 0 1 2.500000 2.758808 1
 3 0 57.500000 2.862192 118
 0 0 37.500000 1.947093 14
 1 0 72.500000 2.326708 60
 0 0 12.500000 1.755039 4
 0 1 27.500000 2.752547 11
 1249645.800390 24
 0 0 32.500000 2.054337 12
 2 1 17.500000 2.441041 71
 2 1 52.500000 1.910837 85
 0 0 37.500000 1.947093 14
 4 0 12.500000 2.512037 132
 1 1 62.500000 1.706402 57
 0 1 7.500000 2.423975 3
 0 1 37.500000 2.784759 15
 1 1 57.500000 1.198724 55
 0 1 32.500000 1.238766 13
 0 0 67.500000 1.070255 26
 1 0 72.500000 2.326708 60
 2 1 37.500000 1.499708 79
 2 0 12.500000 1.129341 68
 1 0 17.500000 2.837925 38
 1 1 12.500000 2.727366 37
 1 1 47.500000 2.722177 51
 0 1 67.500000 1.781173 27
 6 0 72.500000 1.321311 220
 0 1 62.500000 1.868571 25
 1 1 27.500000 2.889208 43
 1 0 32.500000 2.920173 44
 1 0 67.500000 1.497528 58
 1 0 47.500000 1.258923 50
 1987002.270774 25
 1 0 22.500000 1.714460 40
 3 1 7.500000 2.489499 99
 0 0 37.500000 1.947093 14
 1 0 17.500000 2.837925 38
 0 0 2.500000 2.927992 0
 1 1 72.500000 2.975609 61
 4 1 42.500000 1.883898 145
 2 1 17.500000 2.441041 71
 1 0 27.500000 1.083292 42
 0 1 72.500000 2.022218 29
 2 1 2.500000 2.067975 65
 0 0 32.500000 2.054337 12
 0 1 67.500000 1.781173 27
 1 0 57.500000 2.075635 54
 1 1 42.500000 2.585545 49
 4 0 47.500000 2.678580 146
 1 0 47.500000 1.258923 50
 2 0 7.500000 2.461195 66
 0 1 37.500000 2.784759 15
 1 0 32.500000 2.920173 44
 1 0 62.500000 2.946017 56
 2 1 12.500000 2.830193 69
 5 0 7.500000 2.996728 162
 0 0 27.500000 1.331395 10
 0 1 47.500000 1.467557 19
 1880578.528531 20
 1 0 52.500000 1.625155 52
 1 1 67.500000 2.952956 59
 1 1 47.500000 2.722177 51
 7 1 57.500000 2.396539 247
 1 1 2.500000 1.488294 33
 9 1 37.500000 1.334146 303
 0 0 22.500000 1.681970 8
 0 0 37.500000 1.947093 14
 1 0 77.500000 1.056297 62
 2 0 37.500000 2.465015 78
 11 0 22.500000 1.406104 360
 4 0 32.500000 1.680506 140
 1 0 67.500000 1.497528 58
 8 0 17.500000 2.433567 262
 0 0 32.500000 2.054337 12
 2 1 7.500000 1.298217 67
 4 0 37.500000 1.409231 142
 3 1 57.500000 2.855657 119
 0 0 67.500000 1.070255 26
 4 1 47.500000 2.902229 147
 1110894.468236 34
 1 0 72.500000 2.326708 60
 1 0 42.500000 2.048705 48
 1 1 47.500000 2.722177 51
 4 1 32.500000 2.260690 141
 0 1 72.500000 2.022218 29
 0 1 17.500000 1.167352 7
 5 1 12.500000 2.463641 165
 2 1 52.500000 1.910837 85
 1 1 42.500000 2.585545 49
 1 1 67.500000 2.952956 59
 1 1 7.500000 1.594435 35
 3 0 42.500000 1.234832 112
 1 0 27.500000 1.083292 42
 0 0 32.500000 2.054337 12
 1 0 67.500000 1.497528 58
 0 0 17.500000 1.189336 6
 2 1 12.500000 2.830193 69
 0 1 52.500000 2.898680 21
 1 1 52.500000 1.977038 53
 1 1 12.500000 2.727366 37
 2 1 2.500000 2.067975 65
 0 0 77.500000 1.418375 30
 0 1 77.500000 2.623469 31
 2 1 17.500000 2.441041 71
 0 1 47.500000 1.467557 19
 1 0 47.500000 1.258923 50
 0 0 37.500000 1.947093 14
 1 0 52.500000 1.625155 52
 0 0 7.500000 1.291392 2
 10 1 42.500000 2.867970 337
 2 0 17.500000 1.045781 70
 1 0 32.500000 2.920173 44
 0 1 57.500000 1.535413 23
 1 0 22.500000 1.714460 40
 1087743.128803 33
 1 1 17.500000 1.005397 39
 0 1 62.500000 1.868571 25
 1 1 12.500000 2.727366 37
 2 1 72.500000 1.547695 93
 8 0 32.500000 2.929314 268
 2 0 27.500000 1.377911 74
 5 1 62.500000 2.241215 185
 2 0 17.500000 1.045781 70
 0 0 37.500000 1.947093 14
 0 1 17.500000 1.167352 7
 2 1 57.500000 1.854219 87
 1 0 42.500000 2.048705 48
 1 1 2.500000 1.488294 33
 0 1 27.500000 2.752547 11
 0 1 7.500000 2.423975 3
 0 1 47.500000 1.467557 19
 1 0 12.500000 1.669705 36
 4 1 77.500000 2.958561 159
 8 1 62.500000 2.591478 281
 2 1 2.500000 2.067975 65
 1 1 57.500000 1.198724 55
 1 1 47.500000 2.722177 51
 1 1 62.500000 1.706402 57
 2 1 12.500000 2.830193 69
 1 0 57.500000 2.075635 54
 1 1 72.500000 2.975609 61
 0 0 62.500000 1.687622 24
 1 0 17.500000 2.837925 38
 0 0 67.500000 1.070255 26
 1 0 22.500000 1.714460 40
 0 0 22.500000 1.681970 8
 2 1 62.500000 2.615065 89
 0 1 2.500000 2.758808 1
 1836527.437231 14
 3 0 37.500000 1.846626 110
 1 1 57.500000 1.198724 55
 3 1 57.500000 2.855657 119
 0 1 52.500000 2.898680 21
 0 1 17.500000 1.167352 7
 0 0 57.500000 2.107428 22
 0 0 42.500000 1.448956 16
 1 1 7.500000 1.594435 35
 1 1 22.500000 2.928606 41
 9 1 67.500000 1.324737 315
 11 0 12.500000 2.586950 356
 4 0 37.500000 1.409231 142
 1 0 47.500000 1.258923 50
 0 0 32.500000 2.054337 12
 367107.103545 8
 2 1 67.500000 1.693967 91
 1 1 2.500000 1.488294 33
 4 1 37.500000 2.946980 143
 2 0 47.500000 2.650179 82
 2 1 52.500000 1.910837 85
 2 0 27.500000 1.377911 74
 0 1 52.500000 2.898680 21
 0 0 57.500000 2.107428 22
 1883486.987149 34
 1 0 72.500000 2.326708 60
 0 1 42.500000 2.599248 17
 1 1 52.500000 1.977038 53
 2 1 7.500000 1.298217 67
 1 1 77.500000 1.175392 63
 1 1 67.500000 2.952956 59
 0 0 7.500000 1.291392 2
 1 0 32.500000 2.920173 44
 1 0 22.500000 1.714460 40
 1 1 32.500000 1.339871 45
 0 0 12.500000 1.755039 4
 3 1 72.500000 1.434318 125
 0 1 52.500000 2.898680 21
 0 0 52.500000 1.230612 20
 2 1 12.500000 2.830193 69
 1 0 37.500000 1.218920 46
 4 1 32.500000 2.260690 141
 9 1 62.500000 1.153592 313
 1 0 42.500000 2.048705 48
 0 0 2.500000 2.927992 0
 4 0 52.500000 1.768028 148
 2 0 7.500000 2.461195 66
 1 0 52.500000 1.625155 52
 1 1 12.500000 2.727366 37
 0 0 67.500000 1.070255 26
 3 1 7.500000 2.489499 99
 0 0 57.500000 2.107428 22
 1 0 2.500000 2.641488 32
 4 0 12.500000 2.512037 132
 1 1 7.500000 1.594435 35
 2 1 27.500000 2.557561 75
 1 1 42.500000 2.585545 49
 1 0 12.500000 1.669705 36
 0 1 47.500000 1.467557 19
 1363202.953750 32
 1 0 72.500000 2.326708 60
 2 1 12.500000 2.830193 69
 2 0 7.500000 2.461195 66
 2 0 12.500000 1.129341 68
 1 1 62.500000 1.706402 57
 2 1 2.500000 2.067975 65
 3 1 22.500000 2.514574 105
 0 1 7.500000 2.423975 3
 0 0 52.500000 1.230612 20
 1 1 27.500000 2.889208 43
 1 0 77.500000 1.056297 62
 0 1 27.500000 2.752547 11
 6 1 47.500000 1.678106 211
 0 1 12.500000 2.941464 5
 10 0 7.500000 2.929925 322
 1 0 67.500000 1.497528 58
 0 1 57.500000 1.535413 23
 11 1 2.500000 2.407840 353
 0 0 67.500000 1.070255 26
 8 0 77.500000 2.248299 286
 2 1 17.500000 2.441041 71
 6 0 2.500000 2.192987 192
 0 0 32.500000 2.054337 12
 1 0 42.500000 2.048705 48
 2 1 32.500000 1.634942 77
 1 1 2.500000 1.488294 33
 1 0 27.500000 1.083292 42
 7 0 72.500000 1.655644 252
 8 0 7.500000 2.513872 258
 1 1 57.500000 1.198724 55
 3 1 37.500000 2.235809 111
 4 1 27.500000 1.649413 139
 1558037.489447 17
 0 1 12.500000 2.941464 5
 0 1 2.500000 2.758808 1
 1 1 72.500000 2.975609 61
 0 0 67.500000 1.070255 26
 1 0 27.500000 1.083292 42
 1 1 67.500000 2.952956 59
 3 1 27.500000 2.552211 107
 0 0 27.500000 1.331395 10
 1 0 7.500000 1.750794 34
 2 0 17.500000 1.045781 70
 2 0 7.500000 2.461195 66
 2 1 7.500000 1.298217 67
 2 0 2.500000 2.810857 64
 0 0 32.500000 2.054337 12
 1 1 27.500000 2.889208 43
 0 1 52.500000 2.898680 21
 3 1 67.500000 1.650747 123
 1862827.847536 7
 0 1 37.500000 2.784759 15
 0 1 7.500000 2.423975 3
 0 0 32.500000 2.054337 12
 2 1 17.500000 2.441041 71
 1 1 57.500000 1.198724 55
 2 1 22.500000 2.197857 73
 1 0 52.500000 1.625155 52
 1916895.989625 27
 1 0 47.500000 1.258923 50
 1 0 62.500000 2.946017 56
 3 1 77.500000 2.072074 127
 0 0 52.500000 1.230612 20
 1 0 2.500000 2.641488 32
 0 1 32.500000 1.238766 13
 0 0 12.500000 1.755039 4
 0 1 22.500000 2.874715 9
 3 1 72.500000 1.434318 125
 3 1 2.500000 1.912747 97
 2 0 12.500000 1.129341 68
 1 1 77.500000 1.175392 63
 0 1 27.500000 2.752547 11
 1 0 72.500000 2.326708 60
 0 0 57.500000 2.107428 22
 0 0 7.500000 1.291392 2
 0 1 42.500000 2.599248 17
 1 0 32.500000 2.920173 44
 0 0 32.500000 2.054337 12
 1 0 42.500000 2.048705 48
 0 0 47.500000 1.567291 18
 2 1 12.500000 2.830193 69
 1 1 47.500000 2.722177 51
 3 0 12.500000 1.006979 100
 1 1 22.500000 2.928606 41
 8 1 7.500000 2.647114 259
 0 1 17.500000 1.167352 7
 1896479.963053 14
 1 1 52.500000 1.977038 53
 0 1 42.500000 2.599248 17
 4 1 47.500000 2.902229 147
 1 0 62.500000 2.946017 56
 2 0 7.500000 2.461195 66
 3 1 22.500000 2.514574 105
 0 1 57.500000 1.535413 23
 1 1 12.500000 2.727366 37
 1 1 47.500000 2.722177 51
 1 1 2.500000 1.488294 33
 0 1 47.500000 1.467557 19
 0 0 47.500000 1.567291 18
 2 0 2.500000 2.810857 64
 0 1 22.500000 2.874715 9
 1386975.151984 12
 1 1 37.500000 2.396266 47
 1 0 67.500000 1.497528 58
 0 1 22.500000 2.874715 9
 2 0 7.500000 2.461195 66
 1 0 37.500000 1.218920 46
 1 1 22.500000 2.928606 41
 0 1 77.500000 2.623469 31
 4 1 77.500000 2.958561 159
 1 1 62.500000 1.706402 57
 0 0 72.500000 2.166480 28
 1 0 77.500000 1.056297 62
 1 0 22.500000 1.714460 40
 1173364.388856 11
 1 1 17.500000 1.005397 39
 1 1 62.500000 1.706402 57
 8 0 32.500000 2.929314 268
 0 0 47.500000 1.567291 18
 0 0 42.500000 1.448956 16
 10 0 22.500000 1.431253 328
 3 0 42.500000 1.234832 112
 0 1 37.500000 2.784759 15
 0 1 47.500000 1.467557 19
 0 0 52.500000 1.230612 20
 1 1 77.500000 1.175392 63
 149777.621212 21
 3 1 62.500000 1.272537 121
 0 0 72.500000 2.166480 28
 0 0 42.500000 1.448956 16
 1 0 27.500000 1.083292 42
 0 0 57.500000 2.107428 22
 0 1 12.500000 2.941464 5
 1 1 37.500000 2.396266 47
 0 1 27.500000 2.752547 11
 2 1 27.500000 2.557561 75
 2 0 72.500000 2.501193 92
 7 1 72.500000 2.414795 253
 1 0 77.500000 1.056297 62
 0 1 77.500000 2.623469 31
 1 1 17.500000 1.005397 39
 4 1 27.500000 1.649413 139
 0 0 17.500000 1.189336 6
 2 1 22.500000 2.197857 73
 1 0 32.500000 2.920173 44
 1 1 42.500000 2.585545 49
 9 0 2.500000 1.093617 288
 0 0 77.500000 1.418375 30
 1046575.469992 13
 0 0 77.500000 1.418375 30
 2 0 27.500000 1.377911 74
 0 0 32.500000 2.054337 12
 2 0 7.500000 2.461195 66
 0 1 72.500000 2.022218 29
 0 0 57.500000 2.107428 22
 7 0 47.500000 2.107686 242
 1 1 67.500000 2.952956 59
 2 1 22.500000 2.197857 73
 1 1 72.500000 2.975609 61
 0 1 12.500000 2.941464 5
 0 0 42.500000 1.448956 16
 1 1 22.500000 2.928606 41
 1803392.822241 14
 0 1 62.500000 1.868571 25
 1 1 37.500000 2.396266 47
 0 1 47.500000 1.467557 19
 2 0 2.500000 2.810857 64
 0 1 77.500000 2.623469 31
 1 0 22.500000 1.714460 40
 8 0 27.500000 2.917380 266
 0 0 32.500000 2.054337 12
 1 1 77.500000 1.175392 63
 2 1 2.500000 2.067975 65
 10 0 72.500000 1.817559 348
 0 1 67.500000 1.781173 27
 2 0 7.500000 2.461195 66
 2 0 47.500000 2.650179 82
 1267375.334216 4
 1 0 7.500000 1.750794 34
 1 1 47.500000 2.722177 51
 2 0 7.500000 2.461195 66
 0 1 57.500000 1.535413 23
 1709120.246148 27
 0 1 52.500000 2.898680 21
 2 1 37.500000 1.499708 79
 6 1 67.500000 2.361476 219
 5 1 72.500000 1.588409 189
 10 0 7.500000 2.929925 322
 0 1 37.500000 2.784759 15
 0 1 77.500000 2.623469 31
 6 1 42.500000 1.695647 209
 1 0 7.500000 1.750794 34
 0 0 7.500000 1.291392 2
 1 0 27.500000 1.083292 42
 3 1 2.500000 1.912747 97
 2 1 22.500000 2.197857 73
 1 1 52.500000 1.977038 53
 0 1 67.500000 1.781173 27
 4 0 42.500000 1.885636 144
 1 1 17.500000 1.005397 39
 1 0 2.500000 2.641488 32
 2 1 47.500000 1.560463 83
 0 1 32.500000 1.238766 13
 0 0 77.500000 1.418375 30
 1 0 72.500000 2.326708 60
 10 1 77.500000 1.608593 351
 0 1 7.500000 2.423975 3
 2 1 2.500000 2.067975 65
 1 1 2.500000 1.488294 33
 6 1 2.500000 1.528396 193
 1221670.628293 25
 1 0 42.500000 2.048705 48
 0 0 52.500000 1.230612 20
 3 1 7.500000 2.489499 99
 3 0 67.500000 1.526129 122
 1 0 72.500000 2.326708 60
 2 1 27.500000 2.557561 75
 0 0 42.500000 1.448956 16
 0 1 67.500000 1.781173 27
 1 1 42.500000 2.585545 49
 0 1 77.500000 2.623469 31
 1 0 57.500000 2.075635 54
 2 0 7.500000 2.461195 66
 0 0 72.500000 2.166480 28
 2 1 37.500000 1.499708 79
 1 1 7.500000 1.594435 35
 0 0 77.500000 1.418375 30
 2 1 7.500000 1.298217 67
 11 1 7.500000 2.696292 355
 0 1 57.500000 1.535413 23
 1 1 52.500000 1.977038 53
 0 0 27.500000 1.331395 10
 1 0 12.500000 1.669705 36
 1 1 77.500000 1.175392 63
 4 1 52.500000 1.251335 149
 1 1 72.500000 2.975609 61
 1003126.198651 29
 4 1 17.500000 2.669560 135
 11 0 22.500000 1.406104 360
 0 1 72.500000 2.022218 29
 4 1 37.500000 2.946980 143
 11 0 27.500000 1.581260 362
 2 0 7.500000 2.461195 66
 0 1 57.500000 1.535413 23
 1 0 52.500000 1.625155 52
 9 1 22.500000 1.203522 297
 3 0 77.500000 2.581072 126
 2 1 12.500000 2.830193 69
 1 0 7.500000 1.750794 34
 6 1 22.500000 1.998958 201
 1 0 57.500000 2.075635 54
 0 1 47.500000 1.467557 19
 3 1 62.500000 1.272537 121
 0 1 42.500000 2.599248 17
 2 1 57.500000 1.854219 87
 0 1 32.500000 1.238766 13
 2 1 22.500000 2.197857 73
 4 0 2.500000 1.343700 128
 0 0 12.500000 1.755039 4
 1 0 22.500000 1.714460 40
 0 1 22.500000 2.874715 9
 0 1 77.500000 2.623469 31
 2 1 27.500000 2.557561 75
 2 1 7.500000 1.298217 67
 0 1 62.500000 1.868571 25
 0 0 77.500000 1.418375 30