Numero de pedidos
150
duedate num_referencias // pasillo lado altura peso
55091.125 15
0 1 3.7325000000000017 1.0 3
0 0 19.0625 1.0 14
8 0 16.507500000000007 1.0 412
3 1 31.837500000000006 1.0 175
0 0 34.3925 1.0 26
2 0 42.057500000000005 1.0 132
17 1 39.5025 1.0 881
4 1 3.7325000000000017 1.0 203
17 0 59.94250000000001 1.0 896
4 0 42.057500000000005 1.0 232
1 1 1.177500000000002 1.0 51
1 0 31.837500000000006 1.0 74
0 1 42.057500000000005 1.0 33
3 0 49.7225 1.0 188
6 0 59.94250000000001 1.0 346
1068733.0 13
4 0 52.2775 1.0 240
1 1 8.842500000000001 1.0 57
3 0 29.2825 1.0 172
0 0 21.617500000000007 1.0 16
0 1 34.3925 1.0 27
2 0 19.0625 1.0 114
1 1 57.3875 1.0 95
4 0 11.3975 1.0 208
2 0 3.7325000000000017 1.0 102
0 0 47.167500000000004 1.0 36
4 0 34.3925 1.0 226
10 0 62.4975 1.0 548
6 1 16.507500000000007 1.0 313
433686.2 12
8 0 62.4975 1.0 448
7 1 8.842500000000001 1.0 357
2 1 49.7225 1.0 139
4 1 13.9525 1.0 211
4 1 49.7225 1.0 239
2 0 29.2825 1.0 122
0 1 47.167500000000004 1.0 37
4 0 16.507500000000007 1.0 212
10 1 13.9525 1.0 511
3 0 59.94250000000001 1.0 196
0 1 8.842500000000001 1.0 7
2 1 16.507500000000007 1.0 113
495750.8 22
0 1 26.727500000000006 1.0 21
0 1 47.167500000000004 1.0 37
2 0 62.4975 1.0 148
1 0 19.0625 1.0 64
0 1 29.2825 1.0 23
1 0 44.6125 1.0 84
0 0 21.617500000000007 1.0 16
4 1 36.947500000000005 1.0 229
0 0 26.727500000000006 1.0 20
2 1 29.2825 1.0 123
1 0 39.5025 1.0 80
0 0 6.287500000000001 1.0 4
2 1 54.83250000000001 1.0 143
0 0 3.7325000000000017 1.0 2
6 0 3.7325000000000017 1.0 302
0 0 44.6125 1.0 34
3 0 21.617500000000007 1.0 166
8 0 24.1725 1.0 418
9 0 21.617500000000007 1.0 466
4 0 16.507500000000007 1.0 212
1 1 47.167500000000004 1.0 87
2 1 57.3875 1.0 145
101675.195 6
0 1 59.94250000000001 1.0 47
3 0 1.177500000000002 1.0 150
4 0 21.617500000000007 1.0 216
3 1 49.7225 1.0 189
3 1 42.057500000000005 1.0 183
6 0 11.3975 1.0 308
1572028.6 22
0 0 34.3925 1.0 26
7 1 49.7225 1.0 389
3 1 1.177500000000002 1.0 151
2 0 52.2775 1.0 140
4 0 19.0625 1.0 214
3 1 49.7225 1.0 189
19 1 59.94250000000001 1.0 997
1 0 16.507500000000007 1.0 62
3 0 1.177500000000002 1.0 150
3 0 16.507500000000007 1.0 162
2 1 36.947500000000005 1.0 129
2 0 26.727500000000006 1.0 120
11 1 13.9525 1.0 561
4 0 11.3975 1.0 208
3 1 54.83250000000001 1.0 193
0 1 6.287500000000001 1.0 5
16 1 39.5025 1.0 831
4 0 57.3875 1.0 244
4 0 49.7225 1.0 238
3 0 59.94250000000001 1.0 196
4 0 8.842500000000001 1.0 206
24 0 31.837500000000006 1.0 1224
1503123.8 7
2 1 8.842500000000001 1.0 107
2 0 52.2775 1.0 140
7 1 1.177500000000002 1.0 351
0 0 49.7225 1.0 38
5 0 54.83250000000001 1.0 292
19 0 31.837500000000006 1.0 974
4 1 16.507500000000007 1.0 213
696715.2 10
2 0 59.94250000000001 1.0 146
1 0 47.167500000000004 1.0 86
0 1 49.7225 1.0 39
2 1 39.5025 1.0 131
0 0 42.057500000000005 1.0 32
3 1 31.837500000000006 1.0 175
2 1 8.842500000000001 1.0 107
1 1 42.057500000000005 1.0 83
2 0 19.0625 1.0 114
5 0 11.3975 1.0 258
640999.75 11
4 0 8.842500000000001 1.0 206
0 1 44.6125 1.0 35
8 0 57.3875 1.0 444
3 0 6.287500000000001 1.0 154
0 0 49.7225 1.0 38
2 1 1.177500000000002 1.0 101
0 1 36.947500000000005 1.0 29
1 0 62.4975 1.0 98
1 0 44.6125 1.0 84
3 1 52.2775 1.0 191
0 0 1.177500000000002 1.0 0
1893190.4 16
1 1 26.727500000000006 1.0 71
4 1 54.83250000000001 1.0 243
1 1 44.6125 1.0 85
1 0 39.5025 1.0 80
4 1 16.507500000000007 1.0 213
4 0 57.3875 1.0 244
1 1 36.947500000000005 1.0 79
7 0 31.837500000000006 1.0 374
2 1 52.2775 1.0 141
1 1 8.842500000000001 1.0 57
2 0 57.3875 1.0 144
1 1 19.0625 1.0 65
3 1 47.167500000000004 1.0 187
24 1 49.7225 1.0 1239
14 1 24.1725 1.0 719
4 0 44.6125 1.0 234
312252.47 7
2 0 3.7325000000000017 1.0 102
1 0 8.842500000000001 1.0 56
0 0 31.837500000000006 1.0 24
1 1 52.2775 1.0 91
3 1 39.5025 1.0 181
5 0 49.7225 1.0 288
3 0 3.7325000000000017 1.0 152
242992.47 16
14 1 54.83250000000001 1.0 743
3 1 36.947500000000005 1.0 179
24 0 47.167500000000004 1.0 1236
4 1 3.7325000000000017 1.0 203
0 0 8.842500000000001 1.0 6
0 1 31.837500000000006 1.0 25
3 1 26.727500000000006 1.0 171
1 0 39.5025 1.0 80
2 0 13.9525 1.0 110
1 0 1.177500000000002 1.0 50
3 1 52.2775 1.0 191
4 1 42.057500000000005 1.0 233
10 1 59.94250000000001 1.0 547
0 0 21.617500000000007 1.0 16
11 0 59.94250000000001 1.0 596
4 0 1.177500000000002 1.0 200
1225744.8 18
0 1 16.507500000000007 1.0 13
2 1 19.0625 1.0 115
1 1 36.947500000000005 1.0 79
1 1 44.6125 1.0 85
1 0 34.3925 1.0 76
9 0 21.617500000000007 1.0 466
10 1 13.9525 1.0 511
8 0 49.7225 1.0 438
1 0 42.057500000000005 1.0 82
8 1 52.2775 1.0 441
0 0 49.7225 1.0 38
7 1 42.057500000000005 1.0 383
24 0 1.177500000000002 1.0 1200
4 0 54.83250000000001 1.0 242
3 1 62.4975 1.0 199
2 1 16.507500000000007 1.0 113
0 0 39.5025 1.0 30
3 1 3.7325000000000017 1.0 153
1745404.6 20
4 1 42.057500000000005 1.0 233
4 0 47.167500000000004 1.0 236
1 1 21.617500000000007 1.0 67
7 0 39.5025 1.0 380
1 0 42.057500000000005 1.0 82
6 1 34.3925 1.0 327
0 0 1.177500000000002 1.0 0
2 1 62.4975 1.0 149
4 0 16.507500000000007 1.0 212
20 0 3.7325000000000017 1.0 1002
1 1 42.057500000000005 1.0 83
3 1 24.1725 1.0 169
5 0 8.842500000000001 1.0 256
3 1 21.617500000000007 1.0 167
18 1 36.947500000000005 1.0 929
0 1 24.1725 1.0 19
0 0 13.9525 1.0 10
1 1 57.3875 1.0 95
4 0 57.3875 1.0 244
4 0 44.6125 1.0 234
601730.4 21
8 1 59.94250000000001 1.0 447
0 1 52.2775 1.0 41
3 0 52.2775 1.0 190
3 1 62.4975 1.0 199
16 1 42.057500000000005 1.0 833
3 1 52.2775 1.0 191
4 0 11.3975 1.0 208
13 0 52.2775 1.0 690
0 0 62.4975 1.0 48
0 0 52.2775 1.0 40
3 1 39.5025 1.0 181
6 0 44.6125 1.0 334
8 0 16.507500000000007 1.0 412
2 1 39.5025 1.0 131
1 1 8.842500000000001 1.0 57
2 1 36.947500000000005 1.0 129
4 0 47.167500000000004 1.0 236
8 1 42.057500000000005 1.0 433
4 1 42.057500000000005 1.0 233
4 1 34.3925 1.0 227
0 1 29.2825 1.0 23
1966040.2 21
4 0 54.83250000000001 1.0 242
8 1 29.2825 1.0 423
2 0 13.9525 1.0 110
8 1 54.83250000000001 1.0 443
4 1 6.287500000000001 1.0 205
1 1 57.3875 1.0 95
3 0 42.057500000000005 1.0 182
21 0 19.0625 1.0 1064
3 0 3.7325000000000017 1.0 152
0 1 16.507500000000007 1.0 13
21 0 39.5025 1.0 1080
0 1 59.94250000000001 1.0 47
2 0 59.94250000000001 1.0 146
4 1 54.83250000000001 1.0 243
1 1 8.842500000000001 1.0 57
3 0 6.287500000000001 1.0 154
1 1 31.837500000000006 1.0 75
2 0 42.057500000000005 1.0 132
4 0 57.3875 1.0 244
0 0 31.837500000000006 1.0 24
0 1 54.83250000000001 1.0 43
1557533.9 20
0 0 57.3875 1.0 44
1 1 6.287500000000001 1.0 55
0 1 49.7225 1.0 39
2 0 29.2825 1.0 122
3 1 8.842500000000001 1.0 157
4 1 19.0625 1.0 215
1 0 62.4975 1.0 98
3 1 62.4975 1.0 199
9 1 49.7225 1.0 489
4 1 6.287500000000001 1.0 205
23 0 21.617500000000007 1.0 1166
22 0 31.837500000000006 1.0 1124
2 0 8.842500000000001 1.0 106
1 1 49.7225 1.0 89
1 0 52.2775 1.0 90
4 1 49.7225 1.0 239
0 1 6.287500000000001 1.0 5
2 0 52.2775 1.0 140
3 0 13.9525 1.0 160
4 0 59.94250000000001 1.0 246
1859807.1 22
4 1 11.3975 1.0 209
2 1 57.3875 1.0 145
2 0 19.0625 1.0 114
0 0 26.727500000000006 1.0 20
0 1 8.842500000000001 1.0 7
3 1 1.177500000000002 1.0 151
4 1 26.727500000000006 1.0 221
0 1 24.1725 1.0 19
2 1 11.3975 1.0 109
0 0 19.0625 1.0 14
0 0 49.7225 1.0 38
3 1 42.057500000000005 1.0 183
1 1 16.507500000000007 1.0 63
1 1 31.837500000000006 1.0 75
2 1 49.7225 1.0 139
1 0 24.1725 1.0 68
4 0 52.2775 1.0 240
4 1 21.617500000000007 1.0 217
4 1 57.3875 1.0 245
1 1 3.7325000000000017 1.0 53
1 0 13.9525 1.0 60
3 0 39.5025 1.0 180
1269043.9 21
0 1 24.1725 1.0 19
0 0 49.7225 1.0 38
0 0 54.83250000000001 1.0 42
1 0 24.1725 1.0 68
1 0 3.7325000000000017 1.0 52
4 1 54.83250000000001 1.0 243
0 1 49.7225 1.0 39
6 1 16.507500000000007 1.0 313
2 0 16.507500000000007 1.0 112
3 0 39.5025 1.0 180
3 1 26.727500000000006 1.0 171
2 1 59.94250000000001 1.0 147
3 1 59.94250000000001 1.0 197
12 0 31.837500000000006 1.0 624
0 0 34.3925 1.0 26
0 1 57.3875 1.0 45
3 1 11.3975 1.0 159
12 1 57.3875 1.0 645
6 0 26.727500000000006 1.0 320
4 0 13.9525 1.0 210
6 1 24.1725 1.0 319
1021009.25 6
1 0 3.7325000000000017 1.0 52
2 0 24.1725 1.0 118
1 0 36.947500000000005 1.0 78
1 1 16.507500000000007 1.0 63
4 0 19.0625 1.0 214
9 1 31.837500000000006 1.0 475
554834.94 8
4 0 42.057500000000005 1.0 232
3 1 3.7325000000000017 1.0 153
9 1 16.507500000000007 1.0 463
5 1 39.5025 1.0 281
3 0 16.507500000000007 1.0 162
0 0 21.617500000000007 1.0 16
4 1 3.7325000000000017 1.0 203
2 0 42.057500000000005 1.0 132
1594878.2 19
3 0 26.727500000000006 1.0 170
2 0 8.842500000000001 1.0 106
1 1 36.947500000000005 1.0 79
22 1 1.177500000000002 1.0 1101
3 1 34.3925 1.0 177
1 0 59.94250000000001 1.0 96
3 0 34.3925 1.0 176
4 0 62.4975 1.0 248
0 1 26.727500000000006 1.0 21
4 0 36.947500000000005 1.0 228
4 0 8.842500000000001 1.0 206
2 1 1.177500000000002 1.0 101
0 0 13.9525 1.0 10
4 1 11.3975 1.0 209
3 0 47.167500000000004 1.0 186
9 0 54.83250000000001 1.0 492
24 0 54.83250000000001 1.0 1242
1 0 44.6125 1.0 84
0 1 6.287500000000001 1.0 5
1733373.5 6
1 1 31.837500000000006 1.0 75
10 0 39.5025 1.0 530
3 1 44.6125 1.0 185
4 0 16.507500000000007 1.0 212
1 1 49.7225 1.0 89
0 0 57.3875 1.0 44
1745507.8 18
4 1 26.727500000000006 1.0 221
6 0 34.3925 1.0 326
14 0 42.057500000000005 1.0 732
0 0 19.0625 1.0 14
1 1 47.167500000000004 1.0 87
9 1 44.6125 1.0 485
5 1 47.167500000000004 1.0 287
3 1 11.3975 1.0 159
0 1 52.2775 1.0 41
3 0 26.727500000000006 1.0 170
8 0 3.7325000000000017 1.0 402
3 0 29.2825 1.0 172
0 0 57.3875 1.0 44
2 0 49.7225 1.0 138
4 0 57.3875 1.0 244
6 0 39.5025 1.0 330
4 1 47.167500000000004 1.0 237
0 0 44.6125 1.0 34
1536500.0 19
1 0 59.94250000000001 1.0 96
12 0 21.617500000000007 1.0 616
1 1 49.7225 1.0 89
1 1 19.0625 1.0 65
0 0 13.9525 1.0 10
1 0 13.9525 1.0 60
2 1 24.1725 1.0 119
6 1 57.3875 1.0 345
3 0 42.057500000000005 1.0 182
20 0 47.167500000000004 1.0 1036
2 1 62.4975 1.0 149
1 1 47.167500000000004 1.0 87
1 0 26.727500000000006 1.0 70
0 1 47.167500000000004 1.0 37
1 1 52.2775 1.0 91
2 1 31.837500000000006 1.0 125
2 1 19.0625 1.0 115
0 0 54.83250000000001 1.0 42
4 1 39.5025 1.0 231
564187.7 14
4 0 49.7225 1.0 238
1 1 54.83250000000001 1.0 93
21 0 34.3925 1.0 1076
3 0 29.2825 1.0 172
1 0 26.727500000000006 1.0 70
3 0 36.947500000000005 1.0 178
6 1 6.287500000000001 1.0 305
1 0 57.3875 1.0 94
14 1 44.6125 1.0 735
2 1 11.3975 1.0 109
14 1 47.167500000000004 1.0 737
5 1 26.727500000000006 1.0 271
7 1 6.287500000000001 1.0 355
1 0 62.4975 1.0 98
1313362.4 23
1 1 57.3875 1.0 95
0 0 24.1725 1.0 18
4 1 59.94250000000001 1.0 247
3 1 44.6125 1.0 185
3 0 47.167500000000004 1.0 186
2 0 8.842500000000001 1.0 106
4 0 57.3875 1.0 244
2 0 59.94250000000001 1.0 146
0 0 44.6125 1.0 34
18 0 6.287500000000001 1.0 904
3 0 31.837500000000006 1.0 174
2 1 29.2825 1.0 123
14 1 36.947500000000005 1.0 729
1 1 19.0625 1.0 65
0 1 8.842500000000001 1.0 7
0 0 31.837500000000006 1.0 24
0 1 54.83250000000001 1.0 43
2 1 19.0625 1.0 115
1 0 57.3875 1.0 94
1 0 26.727500000000006 1.0 70
4 0 16.507500000000007 1.0 212
6 1 52.2775 1.0 341
4 0 1.177500000000002 1.0 200
158460.36 6
23 1 1.177500000000002 1.0 1151
0 0 49.7225 1.0 38
3 0 26.727500000000006 1.0 170
9 1 47.167500000000004 1.0 487
3 1 1.177500000000002 1.0 151
0 0 1.177500000000002 1.0 0
259465.64 20
1 0 59.94250000000001 1.0 96
9 0 49.7225 1.0 488
0 1 24.1725 1.0 19
20 0 59.94250000000001 1.0 1046
3 1 44.6125 1.0 185
0 1 54.83250000000001 1.0 43
2 1 19.0625 1.0 115
5 0 62.4975 1.0 298
4 1 3.7325000000000017 1.0 203
4 1 13.9525 1.0 211
3 0 54.83250000000001 1.0 192
1 0 57.3875 1.0 94
1 1 34.3925 1.0 77
3 1 47.167500000000004 1.0 187
0 1 19.0625 1.0 15
2 1 1.177500000000002 1.0 101
21 1 29.2825 1.0 1073
2 0 39.5025 1.0 130
8 1 11.3975 1.0 409
1 0 8.842500000000001 1.0 56
1566086.8 23
4 0 16.507500000000007 1.0 212
7 0 34.3925 1.0 376
4 1 8.842500000000001 1.0 207
1 1 52.2775 1.0 91
2 1 11.3975 1.0 109
2 1 6.287500000000001 1.0 105
0 0 29.2825 1.0 22
3 1 36.947500000000005 1.0 179
2 1 47.167500000000004 1.0 137
0 0 21.617500000000007 1.0 16
9 0 44.6125 1.0 484
2 0 34.3925 1.0 126
18 1 49.7225 1.0 939
2 1 59.94250000000001 1.0 147
1 1 31.837500000000006 1.0 75
14 0 11.3975 1.0 708
0 1 11.3975 1.0 9
3 1 57.3875 1.0 195
5 1 29.2825 1.0 273
1 1 42.057500000000005 1.0 83
1 0 52.2775 1.0 90
4 1 62.4975 1.0 249
4 1 57.3875 1.0 245
1976633.5 8
3 1 8.842500000000001 1.0 157
4 1 19.0625 1.0 215
3 1 13.9525 1.0 161
1 0 57.3875 1.0 94
2 1 6.287500000000001 1.0 105
0 1 11.3975 1.0 9
0 1 13.9525 1.0 11
9 1 52.2775 1.0 491
154599.84 17
0 0 6.287500000000001 1.0 4
4 0 6.287500000000001 1.0 204
3 1 29.2825 1.0 173
0 1 19.0625 1.0 15
2 0 47.167500000000004 1.0 136
8 0 49.7225 1.0 438
3 1 47.167500000000004 1.0 187
1 1 21.617500000000007 1.0 67
0 1 1.177500000000002 1.0 1
4 1 26.727500000000006 1.0 221
20 0 62.4975 1.0 1048
2 0 39.5025 1.0 130
4 0 16.507500000000007 1.0 212
3 0 3.7325000000000017 1.0 152
0 1 8.842500000000001 1.0 7
17 0 49.7225 1.0 888
0 1 57.3875 1.0 45
910527.2 18
0 1 52.2775 1.0 41
17 1 42.057500000000005 1.0 883
3 1 47.167500000000004 1.0 187
8 1 6.287500000000001 1.0 405
3 1 21.617500000000007 1.0 167
5 0 26.727500000000006 1.0 270
1 1 1.177500000000002 1.0 51
1 1 57.3875 1.0 95
2 1 47.167500000000004 1.0 137
4 1 3.7325000000000017 1.0 203
1 0 42.057500000000005 1.0 82
3 0 21.617500000000007 1.0 166
14 0 39.5025 1.0 730
1 0 44.6125 1.0 84
7 1 52.2775 1.0 391
1 0 29.2825 1.0 72
2 0 8.842500000000001 1.0 106
4 1 8.842500000000001 1.0 207
1984233.4 20
4 1 16.507500000000007 1.0 213
1 0 3.7325000000000017 1.0 52
4 1 49.7225 1.0 239
2 1 31.837500000000006 1.0 125
3 1 21.617500000000007 1.0 167
3 0 6.287500000000001 1.0 154
2 1 62.4975 1.0 149
2 0 29.2825 1.0 122
4 0 34.3925 1.0 226
0 0 21.617500000000007 1.0 16
6 1 3.7325000000000017 1.0 303
4 0 42.057500000000005 1.0 232
0 0 3.7325000000000017 1.0 2
6 0 11.3975 1.0 308
0 0 16.507500000000007 1.0 12
0 1 36.947500000000005 1.0 29
4 1 24.1725 1.0 219
3 1 52.2775 1.0 191
2 0 19.0625 1.0 114
2 0 26.727500000000006 1.0 120
437465.6 21
2 1 26.727500000000006 1.0 121
3 0 11.3975 1.0 158
3 0 3.7325000000000017 1.0 152
2 1 62.4975 1.0 149
3 0 21.617500000000007 1.0 166
2 1 52.2775 1.0 141
4 0 6.287500000000001 1.0 204
3 1 24.1725 1.0 169
3 0 62.4975 1.0 198
0 1 42.057500000000005 1.0 33
18 1 57.3875 1.0 945
0 0 31.837500000000006 1.0 24
1 1 36.947500000000005 1.0 79
0 1 52.2775 1.0 41
15 0 13.9525 1.0 760
0 0 19.0625 1.0 14
0 0 1.177500000000002 1.0 0
6 1 42.057500000000005 1.0 333
0 1 44.6125 1.0 35
19 1 39.5025 1.0 981
4 0 16.507500000000007 1.0 212
824382.1 10
2 1 1.177500000000002 1.0 101
2 0 21.617500000000007 1.0 116
2 0 44.6125 1.0 134
0 1 36.947500000000005 1.0 29
22 1 57.3875 1.0 1145
3 1 47.167500000000004 1.0 187
1 1 3.7325000000000017 1.0 53
4 0 6.287500000000001 1.0 204
3 0 44.6125 1.0 184
2 0 42.057500000000005 1.0 132
1016478.06 6
2 1 42.057500000000005 1.0 133
3 1 6.287500000000001 1.0 155
13 0 36.947500000000005 1.0 678
1 1 13.9525 1.0 61
0 0 62.4975 1.0 48
4 1 3.7325000000000017 1.0 203
239854.1 10
1 1 39.5025 1.0 81
6 0 39.5025 1.0 330
0 0 13.9525 1.0 10
4 0 54.83250000000001 1.0 242
1 0 31.837500000000006 1.0 74
4 0 57.3875 1.0 244
4 0 1.177500000000002 1.0 200
1 0 26.727500000000006 1.0 70
2 1 31.837500000000006 1.0 125
0 0 62.4975 1.0 48
148010.52 19
1 1 13.9525 1.0 61
3 0 47.167500000000004 1.0 186
2 1 29.2825 1.0 123
6 0 31.837500000000006 1.0 324
4 0 54.83250000000001 1.0 242
2 0 62.4975 1.0 148
2 1 57.3875 1.0 145
1 0 31.837500000000006 1.0 74
4 0 62.4975 1.0 248
4 0 24.1725 1.0 218
0 0 29.2825 1.0 22
4 0 13.9525 1.0 210
4 0 16.507500000000007 1.0 212
0 0 36.947500000000005 1.0 28
9 0 13.9525 1.0 460
6 1 8.842500000000001 1.0 307
2 0 1.177500000000002 1.0 100
2 0 11.3975 1.0 108
2 1 36.947500000000005 1.0 129
1985742.4 8
1 1 52.2775 1.0 91
1 0 57.3875 1.0 94
4 0 39.5025 1.0 230
7 1 47.167500000000004 1.0 387
0 1 11.3975 1.0 9
0 0 44.6125 1.0 34
2 1 44.6125 1.0 135
3 0 19.0625 1.0 164
1416839.2 19
6 1 26.727500000000006 1.0 321
4 1 44.6125 1.0 235
0 0 54.83250000000001 1.0 42
4 1 39.5025 1.0 231
1 0 36.947500000000005 1.0 78
2 1 47.167500000000004 1.0 137
1 0 19.0625 1.0 64
8 1 6.287500000000001 1.0 405
8 1 19.0625 1.0 415
8 0 21.617500000000007 1.0 416
1 1 49.7225 1.0 89
9 1 6.287500000000001 1.0 455
4 1 3.7325000000000017 1.0 203
4 0 36.947500000000005 1.0 228
1 1 44.6125 1.0 85
1 1 34.3925 1.0 77
0 0 49.7225 1.0 38
24 0 29.2825 1.0 1222
1 0 49.7225 1.0 88
1488181.5 12
17 1 47.167500000000004 1.0 887
4 0 24.1725 1.0 218
3 0 21.617500000000007 1.0 166
1 0 13.9525 1.0 60
1 0 34.3925 1.0 76
2 1 42.057500000000005 1.0 133
4 1 42.057500000000005 1.0 233
5 0 6.287500000000001 1.0 254
24 0 21.617500000000007 1.0 1216
3 0 8.842500000000001 1.0 156
1 0 21.617500000000007 1.0 66
23 1 57.3875 1.0 1195
333200.84 8
1 1 6.287500000000001 1.0 55
3 1 11.3975 1.0 159
4 0 57.3875 1.0 244
0 1 62.4975 1.0 49
0 0 1.177500000000002 1.0 0
4 1 3.7325000000000017 1.0 203
4 1 19.0625 1.0 215
4 0 13.9525 1.0 210
1562703.4 8
5 0 49.7225 1.0 288
8 1 8.842500000000001 1.0 407
3 0 47.167500000000004 1.0 186
0 0 54.83250000000001 1.0 42
4 1 21.617500000000007 1.0 217
3 1 13.9525 1.0 161
3 1 52.2775 1.0 191
10 1 44.6125 1.0 535
1670928.2 8
4 1 26.727500000000006 1.0 221
1 1 44.6125 1.0 85
7 0 49.7225 1.0 388
3 1 26.727500000000006 1.0 171
3 1 39.5025 1.0 181
4 1 11.3975 1.0 209
7 1 21.617500000000007 1.0 367
1 1 36.947500000000005 1.0 79
1330106.2 9
4 1 54.83250000000001 1.0 243
4 0 24.1725 1.0 218
3 1 29.2825 1.0 173
2 0 59.94250000000001 1.0 146
6 1 21.617500000000007 1.0 317
9 0 62.4975 1.0 498
4 0 3.7325000000000017 1.0 202
0 0 47.167500000000004 1.0 36
0 1 31.837500000000006 1.0 25
965159.0 18
0 1 39.5025 1.0 31
3 0 19.0625 1.0 164
0 1 6.287500000000001 1.0 5
2 0 59.94250000000001 1.0 146
0 1 57.3875 1.0 45
1 1 39.5025 1.0 81
1 1 29.2825 1.0 73
4 1 42.057500000000005 1.0 233
1 0 8.842500000000001 1.0 56
4 1 44.6125 1.0 235
1 0 59.94250000000001 1.0 96
6 0 6.287500000000001 1.0 304
0 0 47.167500000000004 1.0 36
3 1 57.3875 1.0 195
1 0 21.617500000000007 1.0 66
2 0 54.83250000000001 1.0 142
4 1 36.947500000000005 1.0 229
1 1 36.947500000000005 1.0 79
1503002.5 9
0 0 44.6125 1.0 34
7 1 44.6125 1.0 385
1 1 11.3975 1.0 59
8 1 31.837500000000006 1.0 425
1 0 42.057500000000005 1.0 82
3 0 8.842500000000001 1.0 156
7 1 62.4975 1.0 399
1 1 54.83250000000001 1.0 93
2 0 59.94250000000001 1.0 146
793739.75 9
2 1 31.837500000000006 1.0 125
2 0 36.947500000000005 1.0 128
17 0 11.3975 1.0 858
1 0 6.287500000000001 1.0 54
3 1 42.057500000000005 1.0 183
4 0 62.4975 1.0 248
4 0 8.842500000000001 1.0 206
2 0 34.3925 1.0 126
1 0 54.83250000000001 1.0 92
432584.72 11
1 1 21.617500000000007 1.0 67
1 0 6.287500000000001 1.0 54
4 1 21.617500000000007 1.0 217
21 0 6.287500000000001 1.0 1054
4 1 49.7225 1.0 239
1 0 31.837500000000006 1.0 74
0 0 13.9525 1.0 10
2 0 16.507500000000007 1.0 112
0 1 26.727500000000006 1.0 21
1 0 21.617500000000007 1.0 66
2 1 44.6125 1.0 135
1298578.9 13
4 0 36.947500000000005 1.0 228
21 0 44.6125 1.0 1084
2 0 39.5025 1.0 130
1 1 54.83250000000001 1.0 93
17 0 11.3975 1.0 858
3 1 1.177500000000002 1.0 151
16 1 34.3925 1.0 827
1 0 57.3875 1.0 94
4 0 59.94250000000001 1.0 246
2 0 59.94250000000001 1.0 146
6 1 57.3875 1.0 345
0 1 21.617500000000007 1.0 17
0 0 3.7325000000000017 1.0 2
1748445.6 11
1 0 8.842500000000001 1.0 56
3 0 59.94250000000001 1.0 196
20 0 57.3875 1.0 1044
2 1 34.3925 1.0 127
3 1 1.177500000000002 1.0 151
5 1 36.947500000000005 1.0 279
1 1 13.9525 1.0 61
4 0 31.837500000000006 1.0 224
15 0 21.617500000000007 1.0 766
4 1 54.83250000000001 1.0 243
1 0 59.94250000000001 1.0 96
434709.3 23
4 1 24.1725 1.0 219
0 1 42.057500000000005 1.0 33
3 1 52.2775 1.0 191
2 1 1.177500000000002 1.0 101
3 1 39.5025 1.0 181
0 1 52.2775 1.0 41
3 1 19.0625 1.0 165
2 1 31.837500000000006 1.0 125
1 0 13.9525 1.0 60
2 0 39.5025 1.0 130
4 1 21.617500000000007 1.0 217
2 1 42.057500000000005 1.0 133
3 1 8.842500000000001 1.0 157
1 1 26.727500000000006 1.0 71
8 0 31.837500000000006 1.0 424
3 0 59.94250000000001 1.0 196
4 0 34.3925 1.0 226
8 0 57.3875 1.0 444
19 1 24.1725 1.0 969
0 1 49.7225 1.0 39
0 0 19.0625 1.0 14
3 1 49.7225 1.0 189
4 1 47.167500000000004 1.0 237
1874809.9 17
20 1 19.0625 1.0 1015
4 1 31.837500000000006 1.0 225
0 0 8.842500000000001 1.0 6
1 1 16.507500000000007 1.0 63
9 0 26.727500000000006 1.0 470
6 1 34.3925 1.0 327
4 0 49.7225 1.0 238
10 0 6.287500000000001 1.0 504
1 0 31.837500000000006 1.0 74
7 0 13.9525 1.0 360
17 0 16.507500000000007 1.0 862
1 0 44.6125 1.0 84
4 0 1.177500000000002 1.0 200
3 0 13.9525 1.0 160
15 1 49.7225 1.0 789
2 1 52.2775 1.0 141
7 1 16.507500000000007 1.0 363
1650629.9 14
1 0 8.842500000000001 1.0 56
9 1 21.617500000000007 1.0 467
1 0 24.1725 1.0 68
0 1 36.947500000000005 1.0 29
0 0 31.837500000000006 1.0 24
4 1 34.3925 1.0 227
1 0 42.057500000000005 1.0 82
2 0 13.9525 1.0 110
8 0 16.507500000000007 1.0 412
9 0 62.4975 1.0 498
7 1 24.1725 1.0 369
0 0 24.1725 1.0 18
0 1 19.0625 1.0 15
4 1 16.507500000000007 1.0 213
1558021.1 8
2 0 29.2825 1.0 122
2 0 49.7225 1.0 138
6 1 24.1725 1.0 319
2 1 34.3925 1.0 127
1 1 16.507500000000007 1.0 63
2 1 3.7325000000000017 1.0 103
4 0 39.5025 1.0 230
2 0 52.2775 1.0 140
1610641.9 5
2 1 36.947500000000005 1.0 129
1 1 42.057500000000005 1.0 83
0 0 16.507500000000007 1.0 12
0 1 47.167500000000004 1.0 37
4 1 42.057500000000005 1.0 233
1292006.8 10
2 1 6.287500000000001 1.0 105
8 0 39.5025 1.0 430
19 1 39.5025 1.0 981
0 1 44.6125 1.0 35
3 1 26.727500000000006 1.0 171
18 1 47.167500000000004 1.0 937
1 1 57.3875 1.0 95
3 0 19.0625 1.0 164
0 0 59.94250000000001 1.0 46
3 0 6.287500000000001 1.0 154
1203706.5 24
0 1 57.3875 1.0 45
2 1 39.5025 1.0 131
2 1 47.167500000000004 1.0 137
1 0 26.727500000000006 1.0 70
1 0 59.94250000000001 1.0 96
3 0 47.167500000000004 1.0 186
0 0 6.287500000000001 1.0 4
4 0 49.7225 1.0 238
16 1 57.3875 1.0 845
4 0 6.287500000000001 1.0 204
4 1 16.507500000000007 1.0 213
0 1 8.842500000000001 1.0 7
2 0 26.727500000000006 1.0 120
0 1 39.5025 1.0 31
0 1 1.177500000000002 1.0 1
0 0 52.2775 1.0 40
2 1 3.7325000000000017 1.0 103
3 1 49.7225 1.0 189
4 1 52.2775 1.0 241
2 0 59.94250000000001 1.0 146
4 0 31.837500000000006 1.0 224
17 1 42.057500000000005 1.0 883
2 0 57.3875 1.0 144
2 1 34.3925 1.0 127
925284.9 20
3 0 47.167500000000004 1.0 186
2 1 54.83250000000001 1.0 143
8 0 52.2775 1.0 440
3 1 8.842500000000001 1.0 157
0 1 29.2825 1.0 23
0 0 3.7325000000000017 1.0 2
9 0 21.617500000000007 1.0 466
4 1 6.287500000000001 1.0 205
1 1 54.83250000000001 1.0 93
8 0 6.287500000000001 1.0 404
1 1 39.5025 1.0 81
6 0 39.5025 1.0 330
1 1 44.6125 1.0 85
0 1 57.3875 1.0 45
3 0 16.507500000000007 1.0 162
2 1 59.94250000000001 1.0 147
10 0 26.727500000000006 1.0 520
4 1 31.837500000000006 1.0 225
1 1 8.842500000000001 1.0 57
2 0 11.3975 1.0 108
711943.6 11
3 1 19.0625 1.0 165
3 1 39.5025 1.0 181
2 1 1.177500000000002 1.0 101
3 1 44.6125 1.0 185
2 1 39.5025 1.0 131
0 1 6.287500000000001 1.0 5
0 0 31.837500000000006 1.0 24
3 0 44.6125 1.0 184
13 1 52.2775 1.0 691
6 1 62.4975 1.0 349
1 1 52.2775 1.0 91
1187685.5 23
2 1 26.727500000000006 1.0 121
0 0 24.1725 1.0 18
0 1 57.3875 1.0 45
4 0 24.1725 1.0 218
4 0 1.177500000000002 1.0 200
0 1 13.9525 1.0 11
4 0 44.6125 1.0 234
1 0 6.287500000000001 1.0 54
1 0 21.617500000000007 1.0 66
2 1 42.057500000000005 1.0 133
4 1 29.2825 1.0 223
0 1 31.837500000000006 1.0 25
2 1 24.1725 1.0 119
3 1 3.7325000000000017 1.0 153
1 0 42.057500000000005 1.0 82
3 1 8.842500000000001 1.0 157
4 1 26.727500000000006 1.0 221
0 1 49.7225 1.0 39
3 1 26.727500000000006 1.0 171
2 1 1.177500000000002 1.0 101
1 1 13.9525 1.0 61
3 1 52.2775 1.0 191
1 0 49.7225 1.0 88
332072.16 13
2 1 13.9525 1.0 111
3 1 3.7325000000000017 1.0 153
6 1 11.3975 1.0 309
2 0 36.947500000000005 1.0 128
16 1 13.9525 1.0 811
0 0 34.3925 1.0 26
3 1 24.1725 1.0 169
1 1 49.7225 1.0 89
17 1 3.7325000000000017 1.0 853
3 0 54.83250000000001 1.0 192
4 1 13.9525 1.0 211
2 0 1.177500000000002 1.0 100
1 1 19.0625 1.0 65
1212306.2 15
0 0 6.287500000000001 1.0 4
10 1 52.2775 1.0 541
3 1 3.7325000000000017 1.0 153
2 0 3.7325000000000017 1.0 102
0 1 26.727500000000006 1.0 21
7 1 52.2775 1.0 391
3 0 49.7225 1.0 188
2 1 44.6125 1.0 135
0 0 24.1725 1.0 18
4 1 11.3975 1.0 209
14 1 44.6125 1.0 735
10 1 36.947500000000005 1.0 529
2 1 39.5025 1.0 131
4 0 47.167500000000004 1.0 236
4 1 31.837500000000006 1.0 225
562753.8 15
6 1 6.287500000000001 1.0 305
3 0 36.947500000000005 1.0 178
23 0 44.6125 1.0 1184
0 0 59.94250000000001 1.0 46
4 1 21.617500000000007 1.0 217
4 0 1.177500000000002 1.0 200
2 0 34.3925 1.0 126
4 0 47.167500000000004 1.0 236
0 1 42.057500000000005 1.0 33
3 0 3.7325000000000017 1.0 152
7 1 19.0625 1.0 365
4 1 52.2775 1.0 241
4 0 42.057500000000005 1.0 232
2 0 11.3975 1.0 108
2 0 29.2825 1.0 122
1012271.8 17
3 1 39.5025 1.0 181
4 1 26.727500000000006 1.0 221
2 1 47.167500000000004 1.0 137
1 0 44.6125 1.0 84
2 1 39.5025 1.0 131
9 0 49.7225 1.0 488
3 0 8.842500000000001 1.0 156
1 0 47.167500000000004 1.0 86
4 0 24.1725 1.0 218
4 1 11.3975 1.0 209
0 1 29.2825 1.0 23
17 0 39.5025 1.0 880
4 0 62.4975 1.0 248
2 1 8.842500000000001 1.0 107
12 0 54.83250000000001 1.0 642
9 1 47.167500000000004 1.0 487
20 1 16.507500000000007 1.0 1013
504390.5 9
4 0 6.287500000000001 1.0 204
16 1 57.3875 1.0 845
7 0 31.837500000000006 1.0 374
2 1 24.1725 1.0 119
2 0 49.7225 1.0 138
4 0 44.6125 1.0 234
4 0 57.3875 1.0 244
0 0 57.3875 1.0 44
1 1 59.94250000000001 1.0 97
1522291.5 7
4 0 39.5025 1.0 230
3 0 44.6125 1.0 184
23 0 36.947500000000005 1.0 1178
1 1 49.7225 1.0 89
4 0 54.83250000000001 1.0 242
4 1 31.837500000000006 1.0 225
2 1 42.057500000000005 1.0 133
700123.44 17
4 0 6.287500000000001 1.0 204
1 0 57.3875 1.0 94
0 0 36.947500000000005 1.0 28
1 1 8.842500000000001 1.0 57
3 0 49.7225 1.0 188
4 0 54.83250000000001 1.0 242
23 1 42.057500000000005 1.0 1183
0 0 6.287500000000001 1.0 4
0 0 57.3875 1.0 44
2 1 47.167500000000004 1.0 137
0 0 11.3975 1.0 8
8 1 62.4975 1.0 449
13 1 59.94250000000001 1.0 697
0 1 47.167500000000004 1.0 37
3 0 19.0625 1.0 164
18 1 21.617500000000007 1.0 917
4 1 59.94250000000001 1.0 247
199216.44 16
0 0 49.7225 1.0 38
1 0 3.7325000000000017 1.0 52
1 0 11.3975 1.0 58
8 0 16.507500000000007 1.0 412
3 0 6.287500000000001 1.0 154
4 0 24.1725 1.0 218
3 0 59.94250000000001 1.0 196
0 0 3.7325000000000017 1.0 2
4 0 34.3925 1.0 226
2 0 47.167500000000004 1.0 136
1 0 36.947500000000005 1.0 78
2 0 54.83250000000001 1.0 142
0 0 26.727500000000006 1.0 20
4 1 42.057500000000005 1.0 233
3 0 24.1725 1.0 168
0 0 44.6125 1.0 34
1906980.9 10
0 1 31.837500000000006 1.0 25
3 1 36.947500000000005 1.0 179
4 0 1.177500000000002 1.0 200
1 0 39.5025 1.0 80
2 0 52.2775 1.0 140
7 1 59.94250000000001 1.0 397
1 1 3.7325000000000017 1.0 53
0 1 24.1725 1.0 19
4 1 59.94250000000001 1.0 247
4 0 21.617500000000007 1.0 216
1596642.0 12
6 1 19.0625 1.0 315
0 1 57.3875 1.0 45
2 0 19.0625 1.0 114
4 0 34.3925 1.0 226
4 1 57.3875 1.0 245
0 0 29.2825 1.0 22
1 0 59.94250000000001 1.0 96
2 0 57.3875 1.0 144
4 1 11.3975 1.0 209
4 1 13.9525 1.0 211
1 0 26.727500000000006 1.0 70
8 0 49.7225 1.0 438
1501614.0 9
3 0 34.3925 1.0 176
4 1 52.2775 1.0 241
1 1 34.3925 1.0 77
1 0 26.727500000000006 1.0 70
2 1 21.617500000000007 1.0 117
0 1 44.6125 1.0 35
0 1 49.7225 1.0 39
23 1 19.0625 1.0 1165
2 1 34.3925 1.0 127
353200.56 11
4 1 24.1725 1.0 219
7 1 52.2775 1.0 391
4 1 47.167500000000004 1.0 237
0 1 1.177500000000002 1.0 1
1 0 36.947500000000005 1.0 78
2 1 11.3975 1.0 109
3 0 24.1725 1.0 168
8 0 49.7225 1.0 438
3 0 16.507500000000007 1.0 162
4 0 16.507500000000007 1.0 212
0 0 36.947500000000005 1.0 28
1165034.9 18
4 0 21.617500000000007 1.0 216
1 1 49.7225 1.0 89
1 1 6.287500000000001 1.0 55
3 0 13.9525 1.0 160
13 1 57.3875 1.0 695
0 1 52.2775 1.0 41
2 1 42.057500000000005 1.0 133
23 1 26.727500000000006 1.0 1171
0 0 54.83250000000001 1.0 42
1 0 36.947500000000005 1.0 78
0 1 19.0625 1.0 15
3 1 57.3875 1.0 195
0 0 34.3925 1.0 26
5 1 13.9525 1.0 261
0 0 13.9525 1.0 10
1 1 21.617500000000007 1.0 67
8 0 19.0625 1.0 414
7 1 47.167500000000004 1.0 387
819623.25 8
4 1 26.727500000000006 1.0 221
13 0 19.0625 1.0 664
1 1 54.83250000000001 1.0 93
6 1 47.167500000000004 1.0 337
2 1 54.83250000000001 1.0 143
18 1 47.167500000000004 1.0 937
3 0 34.3925 1.0 176
3 1 62.4975 1.0 199
251359.73 10
15 1 21.617500000000007 1.0 767
4 0 11.3975 1.0 208
2 0 19.0625 1.0 114
3 1 13.9525 1.0 161
1 0 44.6125 1.0 84
0 1 57.3875 1.0 45
4 0 42.057500000000005 1.0 232
0 0 44.6125 1.0 34
20 1 29.2825 1.0 1023
2 1 26.727500000000006 1.0 121
1553708.2 13
4 0 62.4975 1.0 248
2 0 52.2775 1.0 140
0 0 1.177500000000002 1.0 0
2 0 49.7225 1.0 138
4 1 62.4975 1.0 249
14 0 3.7325000000000017 1.0 702
1 1 57.3875 1.0 95
4 0 36.947500000000005 1.0 228
1 0 57.3875 1.0 94
1 1 13.9525 1.0 61
3 0 31.837500000000006 1.0 174
1 1 36.947500000000005 1.0 79
4 1 39.5025 1.0 231
1911761.1 5
0 0 8.842500000000001 1.0 6
2 1 11.3975 1.0 109
3 1 1.177500000000002 1.0 151
4 0 16.507500000000007 1.0 212
4 0 62.4975 1.0 248
1507710.1 12
4 1 44.6125 1.0 235
2 0 59.94250000000001 1.0 146
3 0 26.727500000000006 1.0 170
4 0 16.507500000000007 1.0 212
11 1 44.6125 1.0 585
1 1 34.3925 1.0 77
2 0 1.177500000000002 1.0 100
3 0 13.9525 1.0 160
0 0 59.94250000000001 1.0 46
2 0 3.7325000000000017 1.0 102
12 0 6.287500000000001 1.0 604
4 0 54.83250000000001 1.0 242
1144599.6 17
4 0 13.9525 1.0 210
2 0 36.947500000000005 1.0 128
1 1 47.167500000000004 1.0 87
3 0 1.177500000000002 1.0 150
22 0 54.83250000000001 1.0 1142
3 0 16.507500000000007 1.0 162
0 1 1.177500000000002 1.0 1
0 0 39.5025 1.0 30
22 1 13.9525 1.0 1111
6 0 16.507500000000007 1.0 312
1 1 59.94250000000001 1.0 97
3 1 39.5025 1.0 181
14 1 52.2775 1.0 741
0 1 62.4975 1.0 49
0 1 54.83250000000001 1.0 43
1 1 16.507500000000007 1.0 63
2 1 34.3925 1.0 127
455411.62 23
1 0 29.2825 1.0 72
3 0 3.7325000000000017 1.0 152
4 0 62.4975 1.0 248
0 1 21.617500000000007 1.0 17
5 0 39.5025 1.0 280
1 0 8.842500000000001 1.0 56
0 1 16.507500000000007 1.0 13
0 1 39.5025 1.0 31
3 1 16.507500000000007 1.0 163
0 1 31.837500000000006 1.0 25
1 0 59.94250000000001 1.0 96
2 0 13.9525 1.0 110
3 1 44.6125 1.0 185
0 0 29.2825 1.0 22
2 1 52.2775 1.0 141
4 1 13.9525 1.0 211
1 1 62.4975 1.0 99
24 1 3.7325000000000017 1.0 1203
9 0 26.727500000000006 1.0 470
1 0 42.057500000000005 1.0 82
7 0 21.617500000000007 1.0 366
4 0 24.1725 1.0 218
9 0 19.0625 1.0 464
1219495.6 8
2 0 47.167500000000004 1.0 136
2 0 19.0625 1.0 114
1 0 54.83250000000001 1.0 92
0 0 11.3975 1.0 8
4 1 39.5025 1.0 231
4 0 3.7325000000000017 1.0 202
21 1 8.842500000000001 1.0 1057
2 0 1.177500000000002 1.0 100
134892.25 8
0 1 31.837500000000006 1.0 25
5 0 62.4975 1.0 298
3 0 11.3975 1.0 158
1 1 34.3925 1.0 77
1 1 57.3875 1.0 95
12 0 19.0625 1.0 614
6 1 39.5025 1.0 331
2 1 13.9525 1.0 111
967159.9 19
3 0 29.2825 1.0 172
5 1 31.837500000000006 1.0 275
5 0 34.3925 1.0 276
4 0 24.1725 1.0 218
4 1 19.0625 1.0 215
1 0 24.1725 1.0 68
3 1 8.842500000000001 1.0 157
2 0 6.287500000000001 1.0 104
0 0 6.287500000000001 1.0 4
2 1 36.947500000000005 1.0 129
4 0 36.947500000000005 1.0 228
2 0 11.3975 1.0 108
2 0 31.837500000000006 1.0 124
9 1 29.2825 1.0 473
1 1 6.287500000000001 1.0 55
1 0 57.3875 1.0 94
2 0 26.727500000000006 1.0 120
1 0 3.7325000000000017 1.0 52
3 1 52.2775 1.0 191
840895.9 12
1 1 24.1725 1.0 69
1 0 3.7325000000000017 1.0 52
2 0 34.3925 1.0 126
4 1 19.0625 1.0 215
4 1 24.1725 1.0 219
4 1 62.4975 1.0 249
2 1 29.2825 1.0 123
3 1 59.94250000000001 1.0 197
3 0 36.947500000000005 1.0 178
4 0 11.3975 1.0 208
12 1 16.507500000000007 1.0 613
2 0 11.3975 1.0 108
1795717.5 18
4 0 13.9525 1.0 210
0 1 59.94250000000001 1.0 47
0 1 42.057500000000005 1.0 33
2 1 52.2775 1.0 141
18 1 62.4975 1.0 949
4 0 6.287500000000001 1.0 204
1 0 21.617500000000007 1.0 66
3 1 19.0625 1.0 165
0 0 1.177500000000002 1.0 0
5 0 1.177500000000002 1.0 250
3 0 21.617500000000007 1.0 166
2 0 59.94250000000001 1.0 146
4 0 16.507500000000007 1.0 212
15 1 39.5025 1.0 781
2 1 34.3925 1.0 127
1 0 16.507500000000007 1.0 62
4 0 44.6125 1.0 234
0 0 39.5025 1.0 30
128791.27 10
1 0 21.617500000000007 1.0 66
1 1 1.177500000000002 1.0 51
1 1 31.837500000000006 1.0 75
8 0 16.507500000000007 1.0 412
16 0 34.3925 1.0 826
1 1 8.842500000000001 1.0 57
2 0 26.727500000000006 1.0 120
17 0 26.727500000000006 1.0 870
0 1 26.727500000000006 1.0 21
2 1 29.2825 1.0 123
399911.2 12
6 1 11.3975 1.0 309
2 1 42.057500000000005 1.0 133
1 0 24.1725 1.0 68
4 1 26.727500000000006 1.0 221
2 0 13.9525 1.0 110
0 1 19.0625 1.0 15
0 1 26.727500000000006 1.0 21
1 0 21.617500000000007 1.0 66
1 1 47.167500000000004 1.0 87
2 1 36.947500000000005 1.0 129
14 1 11.3975 1.0 709
3 1 47.167500000000004 1.0 187
850595.4 9
2 1 57.3875 1.0 145
1 1 29.2825 1.0 73
2 1 29.2825 1.0 123
3 0 24.1725 1.0 168
3 1 39.5025 1.0 181
10 1 3.7325000000000017 1.0 503
22 0 52.2775 1.0 1140
2 1 54.83250000000001 1.0 143
24 1 1.177500000000002 1.0 1201
678057.3 22
1 0 24.1725 1.0 68
4 1 13.9525 1.0 211
3 1 57.3875 1.0 195
6 0 39.5025 1.0 330
0 0 47.167500000000004 1.0 36
2 1 13.9525 1.0 111
4 1 49.7225 1.0 239
2 1 8.842500000000001 1.0 107
1 0 62.4975 1.0 98
3 0 31.837500000000006 1.0 174
2 0 29.2825 1.0 122
2 0 3.7325000000000017 1.0 102
2 0 26.727500000000006 1.0 120
0 0 36.947500000000005 1.0 28
15 0 1.177500000000002 1.0 750
2 1 29.2825 1.0 123
2 1 36.947500000000005 1.0 129
0 0 49.7225 1.0 38
3 0 44.6125 1.0 184
3 0 26.727500000000006 1.0 170
4 1 57.3875 1.0 245
0 0 59.94250000000001 1.0 46
1377885.5 11
3 1 39.5025 1.0 181
0 1 1.177500000000002 1.0 1
2 1 39.5025 1.0 131
1 0 47.167500000000004 1.0 86
3 0 52.2775 1.0 190
19 1 47.167500000000004 1.0 987
0 1 26.727500000000006 1.0 21
3 0 13.9525 1.0 160
4 0 16.507500000000007 1.0 212
3 1 3.7325000000000017 1.0 153
2 0 16.507500000000007 1.0 112
1924725.8 12
0 0 1.177500000000002 1.0 0
3 0 13.9525 1.0 160
6 0 8.842500000000001 1.0 306
1 0 3.7325000000000017 1.0 52
7 1 16.507500000000007 1.0 363
1 0 26.727500000000006 1.0 70
4 0 24.1725 1.0 218
1 1 34.3925 1.0 77
5 1 31.837500000000006 1.0 275
4 1 6.287500000000001 1.0 205
3 1 19.0625 1.0 165
18 0 42.057500000000005 1.0 932
734168.4 15
6 0 57.3875 1.0 344
2 0 31.837500000000006 1.0 124
11 1 59.94250000000001 1.0 597
4 1 57.3875 1.0 245
0 1 21.617500000000007 1.0 17
1 1 47.167500000000004 1.0 87
8 0 34.3925 1.0 426
4 1 39.5025 1.0 231
0 0 19.0625 1.0 14
5 1 42.057500000000005 1.0 283
2 1 26.727500000000006 1.0 121
4 1 49.7225 1.0 239
1 1 49.7225 1.0 89
3 1 1.177500000000002 1.0 151
1 1 36.947500000000005 1.0 79
1415557.6 14
4 0 42.057500000000005 1.0 232
3 0 29.2825 1.0 172
4 1 26.727500000000006 1.0 221
6 0 44.6125 1.0 334
2 0 59.94250000000001 1.0 146
4 1 52.2775 1.0 241
0 0 26.727500000000006 1.0 20
4 0 3.7325000000000017 1.0 202
4 0 36.947500000000005 1.0 228
2 1 54.83250000000001 1.0 143
3 1 19.0625 1.0 165
2 0 54.83250000000001 1.0 142
4 0 47.167500000000004 1.0 236
0 0 34.3925 1.0 26
1452439.9 13
4 1 44.6125 1.0 235
13 1 59.94250000000001 1.0 697
4 1 57.3875 1.0 245
5 1 11.3975 1.0 259
1 1 6.287500000000001 1.0 55
22 1 54.83250000000001 1.0 1143
4 0 31.837500000000006 1.0 224
0 0 29.2825 1.0 22
4 0 19.0625 1.0 214
2 1 19.0625 1.0 115
3 1 31.837500000000006 1.0 175
1 0 11.3975 1.0 58
15 1 31.837500000000006 1.0 775
1828283.8 18
22 1 3.7325000000000017 1.0 1103
3 0 29.2825 1.0 172
0 0 24.1725 1.0 18
14 0 54.83250000000001 1.0 742
9 0 59.94250000000001 1.0 496
0 0 31.837500000000006 1.0 24
1 1 34.3925 1.0 77
4 1 39.5025 1.0 231
1 1 44.6125 1.0 85
2 0 11.3975 1.0 108
3 1 24.1725 1.0 169
2 1 47.167500000000004 1.0 137
0 0 52.2775 1.0 40
2 1 42.057500000000005 1.0 133
2 1 31.837500000000006 1.0 125
1 0 47.167500000000004 1.0 86
1 1 36.947500000000005 1.0 79
4 1 47.167500000000004 1.0 237
1749517.0 15
1 0 1.177500000000002 1.0 50
0 1 6.287500000000001 1.0 5
0 1 24.1725 1.0 19
5 0 6.287500000000001 1.0 254
0 0 1.177500000000002 1.0 0
2 1 57.3875 1.0 145
1 0 44.6125 1.0 84
0 0 13.9525 1.0 10
8 1 54.83250000000001 1.0 443
2 0 39.5025 1.0 130
24 0 1.177500000000002 1.0 1200
1 0 21.617500000000007 1.0 66
2 1 29.2825 1.0 123
3 1 16.507500000000007 1.0 163
0 1 13.9525 1.0 11
1618774.0 7
3 0 34.3925 1.0 176
2 1 24.1725 1.0 119
1 0 24.1725 1.0 68
0 1 21.617500000000007 1.0 17
4 0 47.167500000000004 1.0 236
3 0 24.1725 1.0 168
12 0 29.2825 1.0 622
1415808.0 24
3 0 26.727500000000006 1.0 170
4 1 16.507500000000007 1.0 213
4 1 42.057500000000005 1.0 233
0 0 26.727500000000006 1.0 20
1 1 36.947500000000005 1.0 79
1 1 44.6125 1.0 85
3 1 54.83250000000001 1.0 193
0 0 57.3875 1.0 44
0 0 62.4975 1.0 48
2 0 24.1725 1.0 118
10 0 47.167500000000004 1.0 536
1 0 24.1725 1.0 68
3 0 29.2825 1.0 172
7 1 26.727500000000006 1.0 371
0 0 52.2775 1.0 40
1 0 52.2775 1.0 90
3 1 52.2775 1.0 191
2 0 29.2825 1.0 122
0 1 24.1725 1.0 19
4 1 54.83250000000001 1.0 243
2 0 36.947500000000005 1.0 128
4 0 34.3925 1.0 226
2 0 1.177500000000002 1.0 100
3 0 52.2775 1.0 190
1348217.8 16
1 0 19.0625 1.0 64
3 0 59.94250000000001 1.0 196
2 0 16.507500000000007 1.0 112
2 0 34.3925 1.0 126
2 0 11.3975 1.0 108
9 0 34.3925 1.0 476
21 1 54.83250000000001 1.0 1093
1 0 54.83250000000001 1.0 92
0 1 57.3875 1.0 45
3 0 19.0625 1.0 164
2 0 6.287500000000001 1.0 104
1 0 13.9525 1.0 60
24 1 49.7225 1.0 1239
2 0 24.1725 1.0 118
4 0 29.2825 1.0 222
3 1 49.7225 1.0 189
240363.8 24
19 1 49.7225 1.0 989
17 0 16.507500000000007 1.0 862
1 0 47.167500000000004 1.0 86
9 0 26.727500000000006 1.0 470
4 1 8.842500000000001 1.0 207
2 1 36.947500000000005 1.0 129
0 1 21.617500000000007 1.0 17
8 0 42.057500000000005 1.0 432
1 1 16.507500000000007 1.0 63
13 1 54.83250000000001 1.0 693
4 1 1.177500000000002 1.0 201
0 1 59.94250000000001 1.0 47
1 1 1.177500000000002 1.0 51
2 0 1.177500000000002 1.0 100
4 1 11.3975 1.0 209
0 0 44.6125 1.0 34
1 1 47.167500000000004 1.0 87
12 0 3.7325000000000017 1.0 602
6 0 49.7225 1.0 338
4 1 36.947500000000005 1.0 229
4 1 6.287500000000001 1.0 205
0 0 59.94250000000001 1.0 46
12 1 49.7225 1.0 639
4 0 8.842500000000001 1.0 206
1208104.2 7
8 0 62.4975 1.0 448
4 1 49.7225 1.0 239
24 0 52.2775 1.0 1240
3 0 54.83250000000001 1.0 192
2 1 11.3975 1.0 109
9 0 44.6125 1.0 484
1 1 36.947500000000005 1.0 79
189349.3 14
2 0 39.5025 1.0 130
2 0 49.7225 1.0 138
4 0 52.2775 1.0 240
0 1 26.727500000000006 1.0 21
4 1 13.9525 1.0 211
2 0 16.507500000000007 1.0 112
22 1 24.1725 1.0 1119
2 1 39.5025 1.0 131
3 0 54.83250000000001 1.0 192
4 0 8.842500000000001 1.0 206
0 0 8.842500000000001 1.0 6
0 1 13.9525 1.0 11
14 0 31.837500000000006 1.0 724
3 1 21.617500000000007 1.0 167
1800064.9 18
0 1 34.3925 1.0 27
8 1 42.057500000000005 1.0 433
3 1 13.9525 1.0 161
4 1 21.617500000000007 1.0 217
7 1 52.2775 1.0 391
5 0 47.167500000000004 1.0 286
16 1 44.6125 1.0 835
14 1 8.842500000000001 1.0 707
0 1 31.837500000000006 1.0 25
0 1 52.2775 1.0 41
4 0 8.842500000000001 1.0 206
8 0 47.167500000000004 1.0 436
2 0 44.6125 1.0 134
0 1 62.4975 1.0 49
2 1 11.3975 1.0 109
4 0 19.0625 1.0 214
2 0 34.3925 1.0 126
1 1 36.947500000000005 1.0 79
231556.05 16
1 1 21.617500000000007 1.0 67
2 1 52.2775 1.0 141
10 1 19.0625 1.0 515
1 0 29.2825 1.0 72
23 0 44.6125 1.0 1184
7 1 8.842500000000001 1.0 357
2 1 49.7225 1.0 139
12 1 42.057500000000005 1.0 633
1 1 39.5025 1.0 81
0 0 39.5025 1.0 30
2 0 3.7325000000000017 1.0 102
0 1 31.837500000000006 1.0 25
1 1 36.947500000000005 1.0 79
3 0 1.177500000000002 1.0 150
3 0 47.167500000000004 1.0 186
1 0 11.3975 1.0 58
562763.8 16
4 1 1.177500000000002 1.0 201
9 0 54.83250000000001 1.0 492
11 1 8.842500000000001 1.0 557
2 0 29.2825 1.0 122
1 1 19.0625 1.0 65
7 1 62.4975 1.0 399
1 1 29.2825 1.0 73
0 0 11.3975 1.0 8
12 1 54.83250000000001 1.0 643
2 0 52.2775 1.0 140
2 1 47.167500000000004 1.0 137
0 1 24.1725 1.0 19
4 0 57.3875 1.0 244
2 1 36.947500000000005 1.0 129
1 0 47.167500000000004 1.0 86
21 0 16.507500000000007 1.0 1062
1781859.0 18
2 0 59.94250000000001 1.0 146
2 0 36.947500000000005 1.0 128
3 1 62.4975 1.0 199
3 1 8.842500000000001 1.0 157
3 1 29.2825 1.0 173
14 1 26.727500000000006 1.0 721
3 0 26.727500000000006 1.0 170
0 1 62.4975 1.0 49
1 1 62.4975 1.0 99
0 1 44.6125 1.0 35
1 0 54.83250000000001 1.0 92
0 0 3.7325000000000017 1.0 2
4 0 21.617500000000007 1.0 216
0 1 29.2825 1.0 23
2 1 49.7225 1.0 139
5 1 57.3875 1.0 295
4 1 16.507500000000007 1.0 213
4 1 62.4975 1.0 249
1404894.1 13
8 0 26.727500000000006 1.0 420
17 1 39.5025 1.0 881
17 1 11.3975 1.0 859
0 1 47.167500000000004 1.0 37
3 1 21.617500000000007 1.0 167
2 1 16.507500000000007 1.0 113
2 1 19.0625 1.0 115
4 0 49.7225 1.0 238
18 1 57.3875 1.0 945
0 0 57.3875 1.0 44
2 0 21.617500000000007 1.0 116
0 1 29.2825 1.0 23
1 0 8.842500000000001 1.0 56
1589548.4 24
9 0 29.2825 1.0 472
2 1 39.5025 1.0 131
0 0 13.9525 1.0 10
2 0 42.057500000000005 1.0 132
1 0 59.94250000000001 1.0 96
1 0 54.83250000000001 1.0 92
2 1 19.0625 1.0 115
0 1 6.287500000000001 1.0 5
3 1 42.057500000000005 1.0 183
2 1 8.842500000000001 1.0 107
1 1 6.287500000000001 1.0 55
2 0 44.6125 1.0 134
4 1 59.94250000000001 1.0 247
2 0 54.83250000000001 1.0 142
2 0 6.287500000000001 1.0 104
4 1 6.287500000000001 1.0 205
3 1 36.947500000000005 1.0 179
1 1 49.7225 1.0 89
19 1 34.3925 1.0 977
8 0 57.3875 1.0 444
19 1 47.167500000000004 1.0 987
7 0 62.4975 1.0 398
3 1 52.2775 1.0 191
1 1 8.842500000000001 1.0 57
1097431.5 12
4 1 13.9525 1.0 211
0 1 29.2825 1.0 23
0 1 49.7225 1.0 39
19 1 26.727500000000006 1.0 971
0 0 59.94250000000001 1.0 46
2 0 11.3975 1.0 108
1 0 6.287500000000001 1.0 54
1 0 11.3975 1.0 58
3 0 52.2775 1.0 190
11 0 36.947500000000005 1.0 578
0 1 6.287500000000001 1.0 5
8 1 13.9525 1.0 411
1858206.9 14
1 1 54.83250000000001 1.0 93
3 1 42.057500000000005 1.0 183
23 0 3.7325000000000017 1.0 1152
1 0 59.94250000000001 1.0 96
3 0 62.4975 1.0 198
2 1 21.617500000000007 1.0 117
7 0 21.617500000000007 1.0 366
2 0 16.507500000000007 1.0 112
5 0 29.2825 1.0 272
4 0 3.7325000000000017 1.0 202
2 1 36.947500000000005 1.0 129
3 1 54.83250000000001 1.0 193
8 0 11.3975 1.0 408
4 1 54.83250000000001 1.0 243
1959475.5 7
4 0 24.1725 1.0 218
1 1 47.167500000000004 1.0 87
0 0 47.167500000000004 1.0 36
6 1 54.83250000000001 1.0 343
9 0 36.947500000000005 1.0 478
4 1 39.5025 1.0 231
2 0 16.507500000000007 1.0 112
670438.06 15
2 1 19.0625 1.0 115
4 1 29.2825 1.0 223
4 0 6.287500000000001 1.0 204
0 1 1.177500000000002 1.0 1
2 0 34.3925 1.0 126
1 1 8.842500000000001 1.0 57
4 0 8.842500000000001 1.0 206
0 1 13.9525 1.0 11
1 1 36.947500000000005 1.0 79
2 1 36.947500000000005 1.0 129
4 0 24.1725 1.0 218
2 0 36.947500000000005 1.0 128
8 1 52.2775 1.0 441
1 0 3.7325000000000017 1.0 52
2 0 47.167500000000004 1.0 136
180791.95 5
4 0 26.727500000000006 1.0 220
1 0 49.7225 1.0 88
2 0 49.7225 1.0 138
0 0 44.6125 1.0 34
10 0 62.4975 1.0 548
479019.7 10
9 0 42.057500000000005 1.0 482
1 1 39.5025 1.0 81
2 1 26.727500000000006 1.0 121
11 0 13.9525 1.0 560
20 0 39.5025 1.0 1030
3 0 26.727500000000006 1.0 170
3 1 19.0625 1.0 165
0 0 29.2825 1.0 22
5 1 49.7225 1.0 289
0 1 13.9525 1.0 11
1002812.94 16
0 0 59.94250000000001 1.0 46
10 1 26.727500000000006 1.0 521
2 1 8.842500000000001 1.0 107
5 0 34.3925 1.0 276
1 0 47.167500000000004 1.0 86
15 0 44.6125 1.0 784
3 0 29.2825 1.0 172
20 1 59.94250000000001 1.0 1047
9 1 19.0625 1.0 465
2 0 3.7325000000000017 1.0 102
4 0 62.4975 1.0 248
1 1 39.5025 1.0 81
0 1 52.2775 1.0 41
4 0 11.3975 1.0 208
1 0 21.617500000000007 1.0 66
3 0 44.6125 1.0 184
1913340.4 7
0 0 3.7325000000000017 1.0 2
0 1 26.727500000000006 1.0 21
14 1 62.4975 1.0 749
4 0 36.947500000000005 1.0 228
2 1 19.0625 1.0 115
0 1 13.9525 1.0 11
1 1 42.057500000000005 1.0 83
969743.7 22
2 1 62.4975 1.0 149
2 0 54.83250000000001 1.0 142
2 0 29.2825 1.0 122
0 1 26.727500000000006 1.0 21
4 0 29.2825 1.0 222
2 0 3.7325000000000017 1.0 102
3 1 16.507500000000007 1.0 163
1 0 16.507500000000007 1.0 62
8 1 8.842500000000001 1.0 407
2 0 8.842500000000001 1.0 106
1 1 34.3925 1.0 77
16 1 24.1725 1.0 819
1 1 24.1725 1.0 69
3 0 16.507500000000007 1.0 162
0 1 57.3875 1.0 45
0 1 36.947500000000005 1.0 29
3 0 26.727500000000006 1.0 170
5 1 26.727500000000006 1.0 271
4 0 52.2775 1.0 240
3 1 36.947500000000005 1.0 179
1 0 54.83250000000001 1.0 92
2 1 1.177500000000002 1.0 101
1675720.6 16
1 0 21.617500000000007 1.0 66
3 1 34.3925 1.0 177
22 0 59.94250000000001 1.0 1146
2 1 57.3875 1.0 145
3 0 13.9525 1.0 160
2 0 62.4975 1.0 148
1 0 1.177500000000002 1.0 50
24 1 3.7325000000000017 1.0 1203
3 1 13.9525 1.0 161
4 0 34.3925 1.0 226
2 0 29.2825 1.0 122
1 1 59.94250000000001 1.0 97
15 1 11.3975 1.0 759
2 1 34.3925 1.0 127
1 0 44.6125 1.0 84
2 1 13.9525 1.0 111
1510095.0 11
1 1 21.617500000000007 1.0 67
22 0 26.727500000000006 1.0 1120
4 0 21.617500000000007 1.0 216
3 0 39.5025 1.0 180
1 0 36.947500000000005 1.0 78
1 0 39.5025 1.0 80
24 1 59.94250000000001 1.0 1247
3 0 57.3875 1.0 194
3 0 36.947500000000005 1.0 178
0 0 21.617500000000007 1.0 16
2 0 21.617500000000007 1.0 116
1510241.1 6
3 0 39.5025 1.0 180
4 0 19.0625 1.0 214
2 1 59.94250000000001 1.0 147
1 0 21.617500000000007 1.0 66
4 0 31.837500000000006 1.0 224
6 1 36.947500000000005 1.0 329
1541682.6 11
1 0 47.167500000000004 1.0 86
1 0 13.9525 1.0 60
6 1 57.3875 1.0 345
0 0 44.6125 1.0 34
2 0 24.1725 1.0 118
2 1 1.177500000000002 1.0 101
3 1 13.9525 1.0 161
2 1 3.7325000000000017 1.0 103
3 0 3.7325000000000017 1.0 152
1 0 1.177500000000002 1.0 50
0 0 1.177500000000002 1.0 0
1067891.4 23
1 1 57.3875 1.0 95
2 1 59.94250000000001 1.0 147
3 0 1.177500000000002 1.0 150
0 1 47.167500000000004 1.0 37
3 1 39.5025 1.0 181
0 0 52.2775 1.0 40
14 1 13.9525 1.0 711
13 1 19.0625 1.0 665
2 0 29.2825 1.0 122
0 1 39.5025 1.0 31
14 1 36.947500000000005 1.0 729
3 0 47.167500000000004 1.0 186
12 0 24.1725 1.0 618
2 1 42.057500000000005 1.0 133
0 0 59.94250000000001 1.0 46
3 0 6.287500000000001 1.0 154
4 0 47.167500000000004 1.0 236
3 1 49.7225 1.0 189
1 0 19.0625 1.0 64
0 1 19.0625 1.0 15
9 1 1.177500000000002 1.0 451
1 0 1.177500000000002 1.0 50
0 0 21.617500000000007 1.0 16
1842284.4 8
0 0 42.057500000000005 1.0 32
0 0 31.837500000000006 1.0 24
0 0 49.7225 1.0 38
3 1 59.94250000000001 1.0 197
8 1 34.3925 1.0 427
0 1 62.4975 1.0 49
4 1 39.5025 1.0 231
7 1 47.167500000000004 1.0 387
139805.17 16
1 0 44.6125 1.0 84
3 1 26.727500000000006 1.0 171
2 1 1.177500000000002 1.0 101
4 1 59.94250000000001 1.0 247
1 0 49.7225 1.0 88
0 0 11.3975 1.0 8
1 0 16.507500000000007 1.0 62
7 0 31.837500000000006 1.0 374
6 1 6.287500000000001 1.0 305
2 0 49.7225 1.0 138
1 0 8.842500000000001 1.0 56
1 1 36.947500000000005 1.0 79
14 1 34.3925 1.0 727
3 0 36.947500000000005 1.0 178
4 1 29.2825 1.0 223
0 1 59.94250000000001 1.0 47
1943797.1 21
6 1 21.617500000000007 1.0 317
1 1 26.727500000000006 1.0 71
3 0 47.167500000000004 1.0 186
3 1 29.2825 1.0 173
2 0 3.7325000000000017 1.0 102
9 0 11.3975 1.0 458
0 0 21.617500000000007 1.0 16
4 1 36.947500000000005 1.0 229
7 1 62.4975 1.0 399
1 1 31.837500000000006 1.0 75
2 0 59.94250000000001 1.0 146
2 1 42.057500000000005 1.0 133
4 0 36.947500000000005 1.0 228
3 0 62.4975 1.0 198
2 1 54.83250000000001 1.0 143
16 0 6.287500000000001 1.0 804
2 1 31.837500000000006 1.0 125
3 1 44.6125 1.0 185
3 1 34.3925 1.0 177
4 1 54.83250000000001 1.0 243
1 0 16.507500000000007 1.0 62
1721181.8 6
6 1 8.842500000000001 1.0 307
2 1 44.6125 1.0 135
2 1 1.177500000000002 1.0 101
2 0 52.2775 1.0 140
24 1 47.167500000000004 1.0 1237
5 0 39.5025 1.0 280
1101324.8 7
0 1 21.617500000000007 1.0 17
4 1 49.7225 1.0 239
2 1 44.6125 1.0 135
3 1 44.6125 1.0 185
0 1 19.0625 1.0 15
4 0 31.837500000000006 1.0 224
23 0 16.507500000000007 1.0 1162
1559281.2 22
2 0 19.0625 1.0 114
5 0 19.0625 1.0 264
8 1 11.3975 1.0 409
1 0 36.947500000000005 1.0 78
2 0 24.1725 1.0 118
3 0 52.2775 1.0 190
4 1 52.2775 1.0 241
5 0 13.9525 1.0 260
0 1 34.3925 1.0 27
0 0 1.177500000000002 1.0 0
22 1 29.2825 1.0 1123
4 1 54.83250000000001 1.0 243
2 1 21.617500000000007 1.0 117
19 1 19.0625 1.0 965
1 1 44.6125 1.0 85
1 0 42.057500000000005 1.0 82
3 1 19.0625 1.0 165
6 0 11.3975 1.0 308
2 1 44.6125 1.0 135
3 0 39.5025 1.0 180
14 1 62.4975 1.0 749
3 1 26.727500000000006 1.0 171
403525.5 21
4 0 26.727500000000006 1.0 220
4 0 24.1725 1.0 218
0 0 59.94250000000001 1.0 46
3 0 36.947500000000005 1.0 178
1 1 3.7325000000000017 1.0 53
1 1 19.0625 1.0 65
0 1 36.947500000000005 1.0 29
0 0 6.287500000000001 1.0 4
8 1 42.057500000000005 1.0 433
16 1 39.5025 1.0 831
6 0 19.0625 1.0 314
2 1 24.1725 1.0 119
0 1 29.2825 1.0 23
2 1 29.2825 1.0 123
3 0 3.7325000000000017 1.0 152
0 0 1.177500000000002 1.0 0
1 0 3.7325000000000017 1.0 52
2 0 39.5025 1.0 130
16 0 44.6125 1.0 834
9 0 16.507500000000007 1.0 462
2 1 47.167500000000004 1.0 137
91192.81 9
2 0 29.2825 1.0 122
23 1 47.167500000000004 1.0 1187
4 1 8.842500000000001 1.0 207
3 0 47.167500000000004 1.0 186
3 0 3.7325000000000017 1.0 152
7 1 1.177500000000002 1.0 351
3 0 42.057500000000005 1.0 182
9 0 62.4975 1.0 498
2 1 34.3925 1.0 127
346570.03 24
3 0 44.6125 1.0 184
3 1 31.837500000000006 1.0 175
5 1 49.7225 1.0 289
23 1 24.1725 1.0 1169
23 0 54.83250000000001 1.0 1192
1 0 42.057500000000005 1.0 82
0 0 62.4975 1.0 48
9 0 39.5025 1.0 480
3 1 19.0625 1.0 165
0 0 36.947500000000005 1.0 28
3 0 16.507500000000007 1.0 162
8 0 24.1725 1.0 418
4 1 19.0625 1.0 215
1 0 59.94250000000001 1.0 96
12 1 57.3875 1.0 645
3 1 47.167500000000004 1.0 187
1 0 31.837500000000006 1.0 74
2 0 59.94250000000001 1.0 146
0 0 59.94250000000001 1.0 46
5 1 1.177500000000002 1.0 251
0 1 13.9525 1.0 11
0 1 42.057500000000005 1.0 33
3 0 26.727500000000006 1.0 170
3 1 59.94250000000001 1.0 197
1343969.9 21
5 0 13.9525 1.0 260
23 1 54.83250000000001 1.0 1193
3 0 13.9525 1.0 160
7 0 24.1725 1.0 368
1 1 3.7325000000000017 1.0 53
0 1 19.0625 1.0 15
4 0 31.837500000000006 1.0 224
0 0 21.617500000000007 1.0 16
0 0 29.2825 1.0 22
0 0 6.287500000000001 1.0 4
3 0 47.167500000000004 1.0 186
2 1 24.1725 1.0 119
5 1 44.6125 1.0 285
0 1 39.5025 1.0 31
0 1 44.6125 1.0 35
4 1 47.167500000000004 1.0 237
7 1 13.9525 1.0 361
2 0 59.94250000000001 1.0 146
3 1 29.2825 1.0 173
12 1 31.837500000000006 1.0 625
1 1 31.837500000000006 1.0 75
471637.7 15
0 1 24.1725 1.0 19
17 1 31.837500000000006 1.0 875
24 0 11.3975 1.0 1208
4 1 13.9525 1.0 211
3 1 21.617500000000007 1.0 167
5 0 59.94250000000001 1.0 296
4 0 1.177500000000002 1.0 200
3 0 57.3875 1.0 194
3 0 29.2825 1.0 172
2 1 8.842500000000001 1.0 107
0 0 31.837500000000006 1.0 24
4 1 44.6125 1.0 235
0 0 47.167500000000004 1.0 36
3 1 62.4975 1.0 199
8 0 52.2775 1.0 440
1531200.8 10
1 0 54.83250000000001 1.0 92
1 1 16.507500000000007 1.0 63
4 1 21.617500000000007 1.0 217
1 1 8.842500000000001 1.0 57
4 1 1.177500000000002 1.0 201
12 1 13.9525 1.0 611
4 0 19.0625 1.0 214
3 1 3.7325000000000017 1.0 153
3 0 34.3925 1.0 176
4 1 59.94250000000001 1.0 247
165972.97 5
1 1 13.9525 1.0 61
9 0 31.837500000000006 1.0 474
1 0 42.057500000000005 1.0 82
4 0 29.2825 1.0 222
1 0 36.947500000000005 1.0 78
256860.69 9
0 0 24.1725 1.0 18
16 1 8.842500000000001 1.0 807
3 1 13.9525 1.0 161
0 0 29.2825 1.0 22
0 1 42.057500000000005 1.0 33
1 1 31.837500000000006 1.0 75
4 1 62.4975 1.0 249
2 0 13.9525 1.0 110
3 0 34.3925 1.0 176
1514130.1 16
4 0 21.617500000000007 1.0 216
11 0 54.83250000000001 1.0 592
6 0 59.94250000000001 1.0 346
5 1 3.7325000000000017 1.0 253
1 1 13.9525 1.0 61
24 1 6.287500000000001 1.0 1205
6 1 21.617500000000007 1.0 317
2 1 31.837500000000006 1.0 125
11 1 16.507500000000007 1.0 563
5 0 39.5025 1.0 280
6 0 13.9525 1.0 310
0 0 34.3925 1.0 26
4 1 31.837500000000006 1.0 225
2 0 54.83250000000001 1.0 142
3 1 1.177500000000002 1.0 151
0 0 13.9525 1.0 10
231301.03 18
1 1 19.0625 1.0 65
2 1 59.94250000000001 1.0 147
3 0 62.4975 1.0 198
5 0 11.3975 1.0 258
0 0 13.9525 1.0 10
4 1 54.83250000000001 1.0 243
4 0 36.947500000000005 1.0 228
3 0 13.9525 1.0 160
8 0 36.947500000000005 1.0 428
17 0 26.727500000000006 1.0 870
19 1 1.177500000000002 1.0 951
1 0 47.167500000000004 1.0 86
3 1 34.3925 1.0 177
1 1 39.5025 1.0 81
1 0 31.837500000000006 1.0 74
4 0 6.287500000000001 1.0 204
0 1 44.6125 1.0 35
3 0 47.167500000000004 1.0 186
1233069.6 13
2 1 52.2775 1.0 141
1 0 16.507500000000007 1.0 62
2 1 8.842500000000001 1.0 107
1 0 8.842500000000001 1.0 56
4 0 24.1725 1.0 218
3 1 24.1725 1.0 169
20 0 36.947500000000005 1.0 1028
4 0 39.5025 1.0 230
1 1 57.3875 1.0 95
4 0 3.7325000000000017 1.0 202
1 1 26.727500000000006 1.0 71
2 1 29.2825 1.0 123
1 0 26.727500000000006 1.0 70
122014.54 16
2 1 26.727500000000006 1.0 121
1 1 34.3925 1.0 77
2 0 8.842500000000001 1.0 106
0 0 26.727500000000006 1.0 20
0 0 44.6125 1.0 34
1 0 8.842500000000001 1.0 56
1 0 13.9525 1.0 60
4 0 24.1725 1.0 218
1 0 36.947500000000005 1.0 78
2 1 31.837500000000006 1.0 125
0 1 13.9525 1.0 11
18 1 29.2825 1.0 923
12 0 62.4975 1.0 648
1 1 1.177500000000002 1.0 51
2 0 13.9525 1.0 110
0 1 57.3875 1.0 45
1019440.3 10
4 0 42.057500000000005 1.0 232
0 1 31.837500000000006 1.0 25
5 0 52.2775 1.0 290
4 0 24.1725 1.0 218
0 0 39.5025 1.0 30
1 1 16.507500000000007 1.0 63
20 1 29.2825 1.0 1023
4 0 3.7325000000000017 1.0 202
4 1 3.7325000000000017 1.0 203
2 0 36.947500000000005 1.0 128
1977838.0 19
0 1 62.4975 1.0 49
0 1 49.7225 1.0 39
1 1 57.3875 1.0 95
2 1 8.842500000000001 1.0 107
7 0 13.9525 1.0 360
3 1 49.7225 1.0 189
0 1 8.842500000000001 1.0 7
4 0 54.83250000000001 1.0 242
3 0 54.83250000000001 1.0 192
12 0 52.2775 1.0 640
0 0 19.0625 1.0 14
0 0 42.057500000000005 1.0 32
2 1 39.5025 1.0 131
14 1 62.4975 1.0 749
3 1 21.617500000000007 1.0 167
5 0 19.0625 1.0 264
3 0 29.2825 1.0 172
9 0 26.727500000000006 1.0 470
3 0 62.4975 1.0 198
714984.8 24
0 1 29.2825 1.0 23
3 1 26.727500000000006 1.0 171
3 0 36.947500000000005 1.0 178
3 0 6.287500000000001 1.0 154
2 1 24.1725 1.0 119
0 1 31.837500000000006 1.0 25
3 0 49.7225 1.0 188
18 0 59.94250000000001 1.0 946
0 1 24.1725 1.0 19
0 0 11.3975 1.0 8
2 1 62.4975 1.0 149
0 1 52.2775 1.0 41
3 0 24.1725 1.0 168
0 0 8.842500000000001 1.0 6
1 1 42.057500000000005 1.0 83
8 1 16.507500000000007 1.0 413
2 0 59.94250000000001 1.0 146
4 1 62.4975 1.0 249
4 0 16.507500000000007 1.0 212
1 0 49.7225 1.0 88
0 0 42.057500000000005 1.0 32
8 0 13.9525 1.0 410
0 1 47.167500000000004 1.0 37
1 0 21.617500000000007 1.0 66
1986869.5 24
0 1 39.5025 1.0 31
1 0 52.2775 1.0 90
20 0 6.287500000000001 1.0 1004
7 0 31.837500000000006 1.0 374
4 0 24.1725 1.0 218
2 1 36.947500000000005 1.0 129
6 1 6.287500000000001 1.0 305
0 1 29.2825 1.0 23
0 0 13.9525 1.0 10
0 1 52.2775 1.0 41
3 1 24.1725 1.0 169
1 0 3.7325000000000017 1.0 52
0 1 44.6125 1.0 35
1 0 47.167500000000004 1.0 86
4 0 8.842500000000001 1.0 206
2 0 31.837500000000006 1.0 124
5 1 13.9525 1.0 261
4 0 52.2775 1.0 240
4 0 29.2825 1.0 222
1 0 31.837500000000006 1.0 74
4 0 1.177500000000002 1.0 200
4 1 57.3875 1.0 245
17 0 42.057500000000005 1.0 882
2 0 8.842500000000001 1.0 106
1082020.0 13
1 1 49.7225 1.0 89
3 1 8.842500000000001 1.0 157
1 1 47.167500000000004 1.0 87
1 0 39.5025 1.0 80
4 1 49.7225 1.0 239
8 0 21.617500000000007 1.0 416
2 0 42.057500000000005 1.0 132
2 0 6.287500000000001 1.0 104
20 1 54.83250000000001 1.0 1043
0 1 24.1725 1.0 19
1 0 11.3975 1.0 58
21 0 21.617500000000007 1.0 1066
1 1 52.2775 1.0 91
211763.08 11
2 1 47.167500000000004 1.0 137
2 1 26.727500000000006 1.0 121
0 1 1.177500000000002 1.0 1
1 1 13.9525 1.0 61
0 1 59.94250000000001 1.0 47
3 0 42.057500000000005 1.0 182
2 0 26.727500000000006 1.0 120
2 0 3.7325000000000017 1.0 102
2 1 1.177500000000002 1.0 101
4 0 11.3975 1.0 208
4 1 1.177500000000002 1.0 201
429266.25 22
4 1 42.057500000000005 1.0 233
1 0 8.842500000000001 1.0 56
3 1 62.4975 1.0 199
0 1 54.83250000000001 1.0 43
0 0 6.287500000000001 1.0 4
1 1 44.6125 1.0 85
2 0 39.5025 1.0 130
2 0 36.947500000000005 1.0 128
3 1 3.7325000000000017 1.0 153
10 1 11.3975 1.0 509
0 1 52.2775 1.0 41
8 1 47.167500000000004 1.0 437
21 0 6.287500000000001 1.0 1054
4 1 8.842500000000001 1.0 207
1 0 6.287500000000001 1.0 54
1 1 24.1725 1.0 69
3 1 59.94250000000001 1.0 197
3 0 6.287500000000001 1.0 154
2 0 34.3925 1.0 126
2 0 31.837500000000006 1.0 124
4 0 8.842500000000001 1.0 206
3 0 62.4975 1.0 198
1025540.8 24
2 1 16.507500000000007 1.0 113
3 0 19.0625 1.0 164
18 1 19.0625 1.0 915
3 1 31.837500000000006 1.0 175
3 1 21.617500000000007 1.0 167
3 1 24.1725 1.0 169
0 1 21.617500000000007 1.0 17
4 0 6.287500000000001 1.0 204
0 1 42.057500000000005 1.0 33
3 1 57.3875 1.0 195
2 1 13.9525 1.0 111
11 0 8.842500000000001 1.0 556
0 0 8.842500000000001 1.0 6
1 0 19.0625 1.0 64
1 1 13.9525 1.0 61
3 0 24.1725 1.0 168
3 0 54.83250000000001 1.0 192
5 1 1.177500000000002 1.0 251
9 0 57.3875 1.0 494
4 0 31.837500000000006 1.0 224
3 1 29.2825 1.0 173
0 0 6.287500000000001 1.0 4
7 0 19.0625 1.0 364
1 0 54.83250000000001 1.0 92
