Numero de pedidos
150
duedate num_referencias // pasillo lado altura peso
663723.4 18
24 1 19.0625 1.0 1215
11 0 44.6125 1.0 84
23 1 52.2775 1.0 1141
13 1 19.0625 1.0 115
11 1 16.507500000000007 1.0 63
13 0 6.287500000000001 1.0 104
12 1 59.94250000000001 1.0 47
11 0 3.7325000000000017 1.0 52
11 1 42.057500000000005 1.0 83
14 1 8.842500000000001 1.0 207
14 0 34.3925 1.0 226
11 1 13.9525 1.0 61
14 1 34.3925 1.0 227
12 1 24.1725 1.0 19
16 1 24.1725 1.0 419
10 1 42.057500000000005 1.0 183
13 1 59.94250000000001 1.0 147
17 1 26.727500000000006 1.0 521
1863935.8 13
14 0 36.947500000000005 1.0 228
9 1 6.287500000000001 1.0 255
10 1 39.5025 1.0 181
6 0 36.947500000000005 1.0 578
14 0 16.507500000000007 1.0 212
9 1 62.4975 1.0 299
11 0 11.3975 1.0 58
14 0 29.2825 1.0 222
8 0 21.617500000000007 1.0 366
12 0 44.6125 1.0 34
14 1 44.6125 1.0 235
8 0 31.837500000000006 1.0 374
13 0 59.94250000000001 1.0 146
1780159.0 9
10 1 29.2825 1.0 173
12 0 54.83250000000001 1.0 42
11 1 44.6125 1.0 85
14 0 24.1725 1.0 218
16 0 26.727500000000006 1.0 420
14 0 47.167500000000004 1.0 236
23 0 39.5025 1.0 1130
6 0 29.2825 1.0 572
8 1 11.3975 1.0 359
77494.31 22
11 0 44.6125 1.0 84
13 1 19.0625 1.0 115
10 0 16.507500000000007 1.0 162
14 1 31.837500000000006 1.0 225
22 0 24.1725 1.0 1018
15 0 44.6125 1.0 334
12 1 49.7225 1.0 39
8 1 1.177500000000002 1.0 351
14 0 62.4975 1.0 248
12 0 3.7325000000000017 1.0 2
12 0 57.3875 1.0 44
13 0 31.837500000000006 1.0 124
14 1 44.6125 1.0 235
12 0 26.727500000000006 1.0 20
14 1 34.3925 1.0 227
10 1 6.287500000000001 1.0 155
14 0 54.83250000000001 1.0 242
2 0 6.287500000000001 1.0 954
11 0 29.2825 1.0 72
19 1 44.6125 1.0 735
0 0 42.057500000000005 1.0 1182
10 0 47.167500000000004 1.0 186
530411.3 15
1 1 54.83250000000001 1.0 1093
13 0 6.287500000000001 1.0 104
13 1 62.4975 1.0 149
11 1 24.1725 1.0 69
10 0 6.287500000000001 1.0 154
1 0 52.2775 1.0 1090
13 0 19.0625 1.0 114
11 1 36.947500000000005 1.0 79
14 0 36.947500000000005 1.0 228
14 0 11.3975 1.0 208
14 1 36.947500000000005 1.0 229
11 1 29.2825 1.0 73
11 1 62.4975 1.0 99
11 1 21.617500000000007 1.0 67
11 0 42.057500000000005 1.0 82
396180.06 10
14 0 29.2825 1.0 222
7 0 11.3975 1.0 458
11 1 8.842500000000001 1.0 57
10 0 42.057500000000005 1.0 182
10 0 57.3875 1.0 194
14 1 3.7325000000000017 1.0 203
23 0 16.507500000000007 1.0 1112
13 1 62.4975 1.0 149
11 0 24.1725 1.0 68
14 0 6.287500000000001 1.0 204
1358225.9 9
1 0 19.0625 1.0 1064
12 0 19.0625 1.0 14
11 1 8.842500000000001 1.0 57
11 0 31.837500000000006 1.0 74
16 0 36.947500000000005 1.0 428
13 0 21.617500000000007 1.0 116
15 0 11.3975 1.0 308
21 1 1.177500000000002 1.0 901
12 0 52.2775 1.0 40
1351114.8 20
10 0 59.94250000000001 1.0 196
14 0 26.727500000000006 1.0 220
11 1 49.7225 1.0 89
14 0 44.6125 1.0 234
14 1 13.9525 1.0 211
7 0 62.4975 1.0 498
4 1 21.617500000000007 1.0 767
8 1 21.617500000000007 1.0 367
13 1 47.167500000000004 1.0 137
11 0 34.3925 1.0 76
10 0 42.057500000000005 1.0 182
10 0 21.617500000000007 1.0 166
10 0 39.5025 1.0 180
10 0 19.0625 1.0 164
12 1 1.177500000000002 1.0 1
14 1 36.947500000000005 1.0 229
10 0 11.3975 1.0 158
12 1 19.0625 1.0 15
11 0 57.3875 1.0 94
10 0 44.6125 1.0 184
218295.39 21
12 0 6.287500000000001 1.0 4
11 0 11.3975 1.0 58
13 1 52.2775 1.0 141
12 0 29.2825 1.0 22
14 0 6.287500000000001 1.0 204
11 1 57.3875 1.0 95
11 1 1.177500000000002 1.0 51
8 0 39.5025 1.0 380
11 1 34.3925 1.0 77
7 0 29.2825 1.0 472
1 0 29.2825 1.0 1072
6 1 49.7225 1.0 589
18 1 24.1725 1.0 619
18 0 54.83250000000001 1.0 642
13 0 26.727500000000006 1.0 120
11 0 3.7325000000000017 1.0 52
14 1 8.842500000000001 1.0 207
8 1 39.5025 1.0 381
12 0 13.9525 1.0 10
11 0 52.2775 1.0 90
11 0 16.507500000000007 1.0 62
1296963.0 22
10 0 57.3875 1.0 194
13 0 29.2825 1.0 122
14 1 8.842500000000001 1.0 207
13 1 3.7325000000000017 1.0 103
11 1 36.947500000000005 1.0 79
15 0 52.2775 1.0 340
0 1 24.1725 1.0 1169
10 1 31.837500000000006 1.0 175
11 0 8.842500000000001 1.0 56
19 1 13.9525 1.0 711
13 0 42.057500000000005 1.0 132
12 1 24.1725 1.0 19
13 1 52.2775 1.0 141
24 1 59.94250000000001 1.0 1247
10 0 62.4975 1.0 198
13 1 6.287500000000001 1.0 105
13 1 24.1725 1.0 119
5 0 24.1725 1.0 668
12 1 1.177500000000002 1.0 1
12 0 36.947500000000005 1.0 28
14 1 16.507500000000007 1.0 213
11 1 52.2775 1.0 91
1855304.2 14
12 1 31.837500000000006 1.0 25
11 1 62.4975 1.0 99
10 0 44.6125 1.0 184
11 0 19.0625 1.0 64
16 0 49.7225 1.0 438
10 1 16.507500000000007 1.0 163
16 0 54.83250000000001 1.0 442
14 0 49.7225 1.0 238
12 0 49.7225 1.0 38
7 0 49.7225 1.0 488
10 0 24.1725 1.0 168
11 1 19.0625 1.0 65
12 0 52.2775 1.0 40
14 1 34.3925 1.0 227
1086578.4 9
8 1 49.7225 1.0 389
10 1 54.83250000000001 1.0 193
10 1 8.842500000000001 1.0 157
12 0 59.94250000000001 1.0 46
11 1 19.0625 1.0 65
16 0 34.3925 1.0 426
8 1 54.83250000000001 1.0 393
12 0 8.842500000000001 1.0 6
11 1 29.2825 1.0 73
1732758.1 13
10 1 21.617500000000007 1.0 167
13 0 34.3925 1.0 126
10 0 11.3975 1.0 158
14 0 49.7225 1.0 238
14 0 11.3975 1.0 208
13 0 13.9525 1.0 110
11 1 24.1725 1.0 69
7 0 24.1725 1.0 468
14 1 24.1725 1.0 219
11 0 3.7325000000000017 1.0 52
12 0 26.727500000000006 1.0 20
24 1 62.4975 1.0 1249
13 0 54.83250000000001 1.0 142
946764.94 13
11 0 19.0625 1.0 64
7 1 31.837500000000006 1.0 475
13 1 54.83250000000001 1.0 143
21 1 47.167500000000004 1.0 937
11 1 31.837500000000006 1.0 75
4 0 8.842500000000001 1.0 756
13 0 3.7325000000000017 1.0 102
11 0 11.3975 1.0 58
19 1 39.5025 1.0 731
11 0 52.2775 1.0 90
14 0 62.4975 1.0 248
11 0 59.94250000000001 1.0 96
14 1 36.947500000000005 1.0 229
1356287.0 15
11 0 31.837500000000006 1.0 74
13 1 21.617500000000007 1.0 117
10 0 47.167500000000004 1.0 186
13 0 44.6125 1.0 134
14 0 44.6125 1.0 234
1 0 11.3975 1.0 1058
14 0 29.2825 1.0 222
12 0 13.9525 1.0 10
19 1 39.5025 1.0 731
21 0 49.7225 1.0 938
14 1 24.1725 1.0 219
10 1 49.7225 1.0 189
14 1 42.057500000000005 1.0 233
11 0 29.2825 1.0 72
11 0 26.727500000000006 1.0 70
1225479.6 8
11 1 42.057500000000005 1.0 83
11 0 54.83250000000001 1.0 92
14 0 19.0625 1.0 214
7 0 6.287500000000001 1.0 454
14 1 34.3925 1.0 227
11 0 13.9525 1.0 60
13 1 39.5025 1.0 131
10 1 6.287500000000001 1.0 155
981324.7 14
11 0 62.4975 1.0 98
11 0 59.94250000000001 1.0 96
11 1 36.947500000000005 1.0 79
11 0 8.842500000000001 1.0 56
14 1 8.842500000000001 1.0 207
13 1 13.9525 1.0 111
13 0 47.167500000000004 1.0 136
11 0 16.507500000000007 1.0 62
13 0 16.507500000000007 1.0 112
14 0 36.947500000000005 1.0 228
12 1 36.947500000000005 1.0 29
15 0 34.3925 1.0 326
11 0 6.287500000000001 1.0 54
14 1 13.9525 1.0 211
855629.94 22
12 1 8.842500000000001 1.0 7
19 1 6.287500000000001 1.0 705
12 0 49.7225 1.0 38
10 0 59.94250000000001 1.0 196
12 1 13.9525 1.0 11
14 0 16.507500000000007 1.0 212
12 0 19.0625 1.0 14
12 1 52.2775 1.0 41
11 0 21.617500000000007 1.0 66
1 1 54.83250000000001 1.0 1093
14 1 44.6125 1.0 235
10 1 8.842500000000001 1.0 157
14 1 59.94250000000001 1.0 247
7 0 29.2825 1.0 472
13 0 42.057500000000005 1.0 132
21 0 59.94250000000001 1.0 946
11 0 11.3975 1.0 58
7 0 19.0625 1.0 464
14 0 13.9525 1.0 210
14 0 21.617500000000007 1.0 216
10 0 44.6125 1.0 184
10 0 62.4975 1.0 198
442969.34 5
11 1 44.6125 1.0 85
3 1 26.727500000000006 1.0 871
12 0 52.2775 1.0 40
11 0 13.9525 1.0 60
13 0 13.9525 1.0 110
1157701.5 14
13 1 24.1725 1.0 119
13 1 57.3875 1.0 145
14 0 34.3925 1.0 226
13 1 19.0625 1.0 115
14 0 19.0625 1.0 214
8 0 59.94250000000001 1.0 396
2 0 52.2775 1.0 990
11 0 57.3875 1.0 94
5 1 24.1725 1.0 669
14 1 24.1725 1.0 219
16 1 16.507500000000007 1.0 413
3 1 31.837500000000006 1.0 875
14 1 19.0625 1.0 215
14 0 59.94250000000001 1.0 246
1066506.6 10
10 1 62.4975 1.0 199
10 0 6.287500000000001 1.0 154
14 1 52.2775 1.0 241
12 0 47.167500000000004 1.0 36
12 0 34.3925 1.0 26
11 0 16.507500000000007 1.0 62
14 1 6.287500000000001 1.0 205
11 0 29.2825 1.0 72
13 1 62.4975 1.0 149
11 1 49.7225 1.0 89
1583229.6 10
12 0 8.842500000000001 1.0 6
11 0 52.2775 1.0 90
12 1 34.3925 1.0 27
13 0 54.83250000000001 1.0 142
14 1 54.83250000000001 1.0 243
15 0 49.7225 1.0 338
10 1 42.057500000000005 1.0 183
12 0 59.94250000000001 1.0 46
10 1 3.7325000000000017 1.0 153
8 0 47.167500000000004 1.0 386
178702.83 8
13 1 39.5025 1.0 131
14 1 49.7225 1.0 239
15 0 62.4975 1.0 348
10 0 1.177500000000002 1.0 150
14 1 44.6125 1.0 235
11 1 36.947500000000005 1.0 79
10 0 39.5025 1.0 180
11 1 1.177500000000002 1.0 51
223903.05 12
12 1 42.057500000000005 1.0 33
9 1 21.617500000000007 1.0 267
9 1 13.9525 1.0 261
17 1 59.94250000000001 1.0 547
10 0 34.3925 1.0 176
14 1 59.94250000000001 1.0 247
13 0 1.177500000000002 1.0 100
14 0 19.0625 1.0 214
15 1 3.7325000000000017 1.0 303
11 0 19.0625 1.0 64
21 1 42.057500000000005 1.0 933
14 1 62.4975 1.0 249
646253.8 24
14 0 31.837500000000006 1.0 224
14 1 54.83250000000001 1.0 243
12 0 13.9525 1.0 10
10 0 21.617500000000007 1.0 166
11 0 3.7325000000000017 1.0 52
13 1 31.837500000000006 1.0 125
9 0 52.2775 1.0 290
22 0 13.9525 1.0 1010
12 1 3.7325000000000017 1.0 3
12 1 6.287500000000001 1.0 5
8 1 39.5025 1.0 381
10 1 6.287500000000001 1.0 155
13 0 6.287500000000001 1.0 104
14 0 24.1725 1.0 218
10 0 36.947500000000005 1.0 178
11 1 8.842500000000001 1.0 57
12 1 42.057500000000005 1.0 33
13 0 34.3925 1.0 126
7 0 8.842500000000001 1.0 456
13 1 26.727500000000006 1.0 121
13 1 52.2775 1.0 141
13 0 54.83250000000001 1.0 142
13 1 6.287500000000001 1.0 105
11 0 24.1725 1.0 68
980350.8 17
10 1 6.287500000000001 1.0 155
14 1 34.3925 1.0 227
14 1 3.7325000000000017 1.0 203
11 0 47.167500000000004 1.0 86
13 1 54.83250000000001 1.0 143
14 1 42.057500000000005 1.0 233
12 1 29.2825 1.0 23
13 0 6.287500000000001 1.0 104
11 1 34.3925 1.0 77
21 1 13.9525 1.0 911
10 1 1.177500000000002 1.0 151
16 0 57.3875 1.0 444
6 1 31.837500000000006 1.0 575
12 0 47.167500000000004 1.0 36
14 1 26.727500000000006 1.0 221
12 1 1.177500000000002 1.0 1
12 0 31.837500000000006 1.0 24
540666.25 15
15 0 31.837500000000006 1.0 324
9 1 19.0625 1.0 265
16 0 3.7325000000000017 1.0 402
9 0 42.057500000000005 1.0 282
14 1 8.842500000000001 1.0 207
10 0 47.167500000000004 1.0 186
2 0 47.167500000000004 1.0 986
11 0 26.727500000000006 1.0 70
12 0 21.617500000000007 1.0 16
13 1 36.947500000000005 1.0 129
11 0 11.3975 1.0 58
14 0 21.617500000000007 1.0 216
12 1 16.507500000000007 1.0 13
12 1 59.94250000000001 1.0 47
13 1 31.837500000000006 1.0 125
783584.7 9
12 1 16.507500000000007 1.0 13
8 0 11.3975 1.0 358
1 1 31.837500000000006 1.0 1075
4 0 31.837500000000006 1.0 774
10 0 54.83250000000001 1.0 192
9 1 3.7325000000000017 1.0 253
14 0 44.6125 1.0 234
12 1 24.1725 1.0 19
8 1 3.7325000000000017 1.0 353
1789869.8 9
14 0 29.2825 1.0 222
3 1 26.727500000000006 1.0 871
16 0 29.2825 1.0 422
14 1 59.94250000000001 1.0 247
8 0 47.167500000000004 1.0 386
13 0 26.727500000000006 1.0 120
10 1 29.2825 1.0 173
7 1 39.5025 1.0 481
11 0 3.7325000000000017 1.0 52
957855.7 7
11 0 13.9525 1.0 60
11 0 34.3925 1.0 76
10 0 34.3925 1.0 176
10 1 19.0625 1.0 165
14 0 6.287500000000001 1.0 204
13 1 42.057500000000005 1.0 133
14 1 24.1725 1.0 219
1260154.1 17
14 0 31.837500000000006 1.0 224
11 1 11.3975 1.0 59
8 0 24.1725 1.0 368
14 0 52.2775 1.0 240
12 1 47.167500000000004 1.0 37
13 1 36.947500000000005 1.0 129
15 0 3.7325000000000017 1.0 302
24 0 1.177500000000002 1.0 1200
12 0 16.507500000000007 1.0 12
13 1 49.7225 1.0 139
14 1 36.947500000000005 1.0 229
12 0 57.3875 1.0 44
11 0 59.94250000000001 1.0 96
11 1 54.83250000000001 1.0 93
14 1 34.3925 1.0 227
12 0 59.94250000000001 1.0 46
12 1 16.507500000000007 1.0 13
1335618.8 21
14 0 24.1725 1.0 218
12 0 42.057500000000005 1.0 32
18 1 47.167500000000004 1.0 637
15 1 49.7225 1.0 339
13 0 34.3925 1.0 126
13 1 11.3975 1.0 109
13 1 44.6125 1.0 135
13 1 52.2775 1.0 141
11 0 24.1725 1.0 68
11 1 21.617500000000007 1.0 67
9 0 3.7325000000000017 1.0 252
6 1 3.7325000000000017 1.0 553
2 1 26.727500000000006 1.0 971
14 1 1.177500000000002 1.0 201
14 0 26.727500000000006 1.0 220
12 0 26.727500000000006 1.0 20
13 0 31.837500000000006 1.0 124
13 1 62.4975 1.0 149
13 1 8.842500000000001 1.0 107
14 1 52.2775 1.0 241
13 0 54.83250000000001 1.0 142
1041590.6 23
13 0 59.94250000000001 1.0 146
11 1 13.9525 1.0 61
12 1 3.7325000000000017 1.0 3
14 1 21.617500000000007 1.0 217
12 0 1.177500000000002 1.0 0
11 0 26.727500000000006 1.0 70
11 1 8.842500000000001 1.0 57
19 1 16.507500000000007 1.0 713
14 1 16.507500000000007 1.0 213
10 1 13.9525 1.0 161
13 1 34.3925 1.0 127
23 0 6.287500000000001 1.0 1104
15 1 31.837500000000006 1.0 325
13 1 62.4975 1.0 149
20 1 1.177500000000002 1.0 801
13 0 19.0625 1.0 114
13 1 3.7325000000000017 1.0 103
10 1 42.057500000000005 1.0 183
12 1 31.837500000000006 1.0 25
13 0 44.6125 1.0 134
8 0 8.842500000000001 1.0 356
15 0 3.7325000000000017 1.0 302
13 1 29.2825 1.0 123
1456919.6 17
14 1 49.7225 1.0 239
11 0 3.7325000000000017 1.0 52
14 0 42.057500000000005 1.0 232
14 1 26.727500000000006 1.0 221
10 0 24.1725 1.0 168
19 1 47.167500000000004 1.0 737
14 1 34.3925 1.0 227
23 1 52.2775 1.0 1141
19 0 26.727500000000006 1.0 720
14 1 29.2825 1.0 223
14 0 1.177500000000002 1.0 200
12 0 11.3975 1.0 8
10 1 26.727500000000006 1.0 171
11 0 26.727500000000006 1.0 70
10 1 21.617500000000007 1.0 167
10 1 57.3875 1.0 195
13 0 34.3925 1.0 126
551645.06 6
10 1 36.947500000000005 1.0 179
11 1 42.057500000000005 1.0 83
8 0 11.3975 1.0 358
10 0 39.5025 1.0 180
13 0 42.057500000000005 1.0 132
16 0 59.94250000000001 1.0 446
789143.0 12
10 0 49.7225 1.0 188
13 1 29.2825 1.0 123
2 0 26.727500000000006 1.0 970
9 0 44.6125 1.0 284
11 1 19.0625 1.0 65
13 1 1.177500000000002 1.0 101
11 1 59.94250000000001 1.0 97
14 1 42.057500000000005 1.0 233
13 1 36.947500000000005 1.0 129
12 1 36.947500000000005 1.0 29
14 0 39.5025 1.0 230
12 0 34.3925 1.0 26
494311.88 23
12 0 21.617500000000007 1.0 16
12 1 3.7325000000000017 1.0 3
14 0 57.3875 1.0 244
1 1 21.617500000000007 1.0 1067
18 1 62.4975 1.0 649
23 1 24.1725 1.0 1119
13 0 34.3925 1.0 126
13 1 49.7225 1.0 139
10 0 52.2775 1.0 190
10 0 34.3925 1.0 176
12 0 24.1725 1.0 18
9 0 52.2775 1.0 290
13 0 6.287500000000001 1.0 104
12 0 39.5025 1.0 30
15 1 59.94250000000001 1.0 347
11 0 52.2775 1.0 90
14 1 34.3925 1.0 227
12 1 59.94250000000001 1.0 47
8 1 31.837500000000006 1.0 375
11 1 34.3925 1.0 77
14 0 11.3975 1.0 208
14 1 59.94250000000001 1.0 247
12 0 47.167500000000004 1.0 36
919083.06 19
12 1 47.167500000000004 1.0 37
13 0 11.3975 1.0 108
13 1 19.0625 1.0 115
0 1 49.7225 1.0 1189
13 0 47.167500000000004 1.0 136
14 1 13.9525 1.0 211
14 1 57.3875 1.0 245
13 0 1.177500000000002 1.0 100
14 1 31.837500000000006 1.0 225
12 0 57.3875 1.0 44
14 0 31.837500000000006 1.0 224
14 1 8.842500000000001 1.0 207
12 1 44.6125 1.0 35
22 0 57.3875 1.0 1044
13 1 39.5025 1.0 131
14 0 59.94250000000001 1.0 246
14 1 36.947500000000005 1.0 229
11 1 8.842500000000001 1.0 57
10 1 57.3875 1.0 195
184960.88 7
15 0 52.2775 1.0 340
16 1 29.2825 1.0 423
10 1 39.5025 1.0 181
11 0 16.507500000000007 1.0 62
14 0 13.9525 1.0 210
12 0 54.83250000000001 1.0 42
12 0 44.6125 1.0 34
1040440.75 5
11 1 42.057500000000005 1.0 83
13 1 31.837500000000006 1.0 125
10 0 54.83250000000001 1.0 192
13 0 59.94250000000001 1.0 146
14 1 26.727500000000006 1.0 221
348637.2 20
0 0 31.837500000000006 1.0 1174
14 1 29.2825 1.0 223
10 1 42.057500000000005 1.0 183
11 1 57.3875 1.0 95
13 1 54.83250000000001 1.0 143
11 0 36.947500000000005 1.0 78
12 0 24.1725 1.0 18
0 0 42.057500000000005 1.0 1182
11 1 36.947500000000005 1.0 79
10 1 24.1725 1.0 169
11 0 24.1725 1.0 68
14 1 44.6125 1.0 235
19 0 16.507500000000007 1.0 712
9 1 31.837500000000006 1.0 275
20 0 44.6125 1.0 834
3 1 36.947500000000005 1.0 879
10 0 42.057500000000005 1.0 182
11 1 26.727500000000006 1.0 71
12 1 11.3975 1.0 9
7 0 52.2775 1.0 490
138266.44 16
13 1 62.4975 1.0 149
12 0 8.842500000000001 1.0 6
11 1 36.947500000000005 1.0 79
11 1 13.9525 1.0 61
10 1 31.837500000000006 1.0 175
14 1 19.0625 1.0 215
11 1 31.837500000000006 1.0 75
13 1 47.167500000000004 1.0 137
11 1 49.7225 1.0 89
10 1 11.3975 1.0 159
11 1 47.167500000000004 1.0 87
13 0 11.3975 1.0 108
13 1 8.842500000000001 1.0 107
13 0 21.617500000000007 1.0 116
10 0 42.057500000000005 1.0 182
16 0 49.7225 1.0 438
1060107.8 17
18 1 31.837500000000006 1.0 625
14 0 21.617500000000007 1.0 216
10 1 44.6125 1.0 185
14 1 44.6125 1.0 235
11 0 1.177500000000002 1.0 50
12 1 54.83250000000001 1.0 43
20 1 13.9525 1.0 811
11 1 24.1725 1.0 69
10 0 49.7225 1.0 188
9 0 59.94250000000001 1.0 296
12 0 26.727500000000006 1.0 20
11 1 62.4975 1.0 99
12 1 52.2775 1.0 41
13 0 44.6125 1.0 134
23 1 62.4975 1.0 1149
14 1 3.7325000000000017 1.0 203
14 1 59.94250000000001 1.0 247
1039665.0 13
12 1 16.507500000000007 1.0 13
10 1 24.1725 1.0 169
11 1 3.7325000000000017 1.0 53
14 0 19.0625 1.0 214
14 1 42.057500000000005 1.0 233
12 0 54.83250000000001 1.0 42
17 1 1.177500000000002 1.0 501
12 1 26.727500000000006 1.0 21
8 1 59.94250000000001 1.0 397
12 0 31.837500000000006 1.0 24
7 0 16.507500000000007 1.0 462
1 1 49.7225 1.0 1089
11 1 44.6125 1.0 85
887032.9 7
10 1 44.6125 1.0 185
9 1 29.2825 1.0 273
2 1 26.727500000000006 1.0 971
10 0 26.727500000000006 1.0 170
9 0 39.5025 1.0 280
12 1 59.94250000000001 1.0 47
13 1 62.4975 1.0 149
1635344.8 11
14 0 36.947500000000005 1.0 228
10 1 44.6125 1.0 185
11 0 39.5025 1.0 80
11 1 6.287500000000001 1.0 55
10 0 8.842500000000001 1.0 156
7 0 8.842500000000001 1.0 456
17 0 44.6125 1.0 534
3 1 3.7325000000000017 1.0 853
12 1 31.837500000000006 1.0 25
12 1 49.7225 1.0 39
12 0 49.7225 1.0 38
1743165.2 6
14 1 3.7325000000000017 1.0 203
11 0 8.842500000000001 1.0 56
14 0 44.6125 1.0 234
13 1 59.94250000000001 1.0 147
8 0 34.3925 1.0 376
13 1 52.2775 1.0 141
1093086.9 17
14 0 21.617500000000007 1.0 216
10 1 19.0625 1.0 165
11 1 19.0625 1.0 65
11 0 54.83250000000001 1.0 92
12 1 8.842500000000001 1.0 7
14 1 13.9525 1.0 211
12 1 11.3975 1.0 9
13 1 11.3975 1.0 109
16 0 57.3875 1.0 444
13 0 54.83250000000001 1.0 142
10 0 16.507500000000007 1.0 162
10 0 54.83250000000001 1.0 192
2 0 13.9525 1.0 960
6 0 62.4975 1.0 598
14 1 19.0625 1.0 215
11 0 44.6125 1.0 84
13 0 24.1725 1.0 118
578389.7 9
13 0 19.0625 1.0 114
9 0 26.727500000000006 1.0 270
16 1 1.177500000000002 1.0 401
10 1 52.2775 1.0 191
19 1 16.507500000000007 1.0 713
7 0 52.2775 1.0 490
14 1 49.7225 1.0 239
10 1 62.4975 1.0 199
14 1 21.617500000000007 1.0 217
933647.8 18
1 0 19.0625 1.0 1064
13 1 47.167500000000004 1.0 137
10 1 8.842500000000001 1.0 157
14 0 8.842500000000001 1.0 206
12 1 39.5025 1.0 31
13 1 26.727500000000006 1.0 121
8 0 31.837500000000006 1.0 374
10 1 21.617500000000007 1.0 167
7 1 59.94250000000001 1.0 497
10 0 39.5025 1.0 180
22 1 24.1725 1.0 1019
10 1 31.837500000000006 1.0 175
13 0 31.837500000000006 1.0 124
12 0 57.3875 1.0 44
13 0 1.177500000000002 1.0 100
13 1 11.3975 1.0 109
15 1 19.0625 1.0 315
12 1 44.6125 1.0 35
1370310.5 5
13 1 36.947500000000005 1.0 129
12 1 3.7325000000000017 1.0 3
14 0 57.3875 1.0 244
9 0 31.837500000000006 1.0 274
14 1 52.2775 1.0 241
1925627.6 13
11 0 8.842500000000001 1.0 56
8 0 24.1725 1.0 368
14 0 47.167500000000004 1.0 236
14 0 49.7225 1.0 238
13 1 36.947500000000005 1.0 129
11 1 21.617500000000007 1.0 67
10 0 47.167500000000004 1.0 186
0 1 39.5025 1.0 1181
14 1 59.94250000000001 1.0 247
14 0 59.94250000000001 1.0 246
16 1 59.94250000000001 1.0 447
12 1 21.617500000000007 1.0 17
2 1 19.0625 1.0 965
1685427.2 10
12 0 16.507500000000007 1.0 12
10 1 49.7225 1.0 189
13 1 42.057500000000005 1.0 133
11 0 34.3925 1.0 76
10 1 52.2775 1.0 191
12 0 24.1725 1.0 18
14 1 8.842500000000001 1.0 207
13 0 59.94250000000001 1.0 146
10 1 44.6125 1.0 185
13 0 42.057500000000005 1.0 132
1518974.2 15
11 0 52.2775 1.0 90
10 0 24.1725 1.0 168
14 1 19.0625 1.0 215
10 1 29.2825 1.0 173
11 0 31.837500000000006 1.0 74
14 1 49.7225 1.0 239
13 0 57.3875 1.0 144
11 1 26.727500000000006 1.0 71
10 0 13.9525 1.0 160
14 0 24.1725 1.0 218
13 1 42.057500000000005 1.0 133
19 1 16.507500000000007 1.0 713
13 0 54.83250000000001 1.0 142
12 1 52.2775 1.0 41
13 1 26.727500000000006 1.0 121
1869741.5 9
10 0 11.3975 1.0 158
11 0 36.947500000000005 1.0 78
14 1 39.5025 1.0 231
14 0 31.837500000000006 1.0 224
12 1 6.287500000000001 1.0 5
12 0 24.1725 1.0 18
11 0 16.507500000000007 1.0 62
13 1 36.947500000000005 1.0 129
10 1 16.507500000000007 1.0 163
1476377.6 5
6 1 31.837500000000006 1.0 575
11 1 16.507500000000007 1.0 63
12 1 31.837500000000006 1.0 25
12 0 49.7225 1.0 38
11 0 54.83250000000001 1.0 92
1920309.9 23
10 0 44.6125 1.0 184
10 0 47.167500000000004 1.0 186
7 0 49.7225 1.0 488
1 0 47.167500000000004 1.0 1086
10 1 34.3925 1.0 177
14 0 62.4975 1.0 248
14 0 49.7225 1.0 238
15 0 59.94250000000001 1.0 346
13 1 1.177500000000002 1.0 101
11 1 62.4975 1.0 99
12 0 13.9525 1.0 10
10 0 39.5025 1.0 180
12 1 29.2825 1.0 23
14 1 1.177500000000002 1.0 201
10 0 29.2825 1.0 172
12 1 16.507500000000007 1.0 13
13 1 62.4975 1.0 149
14 0 13.9525 1.0 210
12 0 52.2775 1.0 40
6 0 62.4975 1.0 598
14 0 31.837500000000006 1.0 224
10 0 19.0625 1.0 164
14 1 34.3925 1.0 227
1212827.9 18
11 0 24.1725 1.0 68
13 0 3.7325000000000017 1.0 102
13 0 44.6125 1.0 134
12 0 3.7325000000000017 1.0 2
13 0 42.057500000000005 1.0 132
12 1 3.7325000000000017 1.0 3
3 1 59.94250000000001 1.0 897
13 1 49.7225 1.0 139
11 0 19.0625 1.0 64
11 0 62.4975 1.0 98
12 0 26.727500000000006 1.0 20
5 0 3.7325000000000017 1.0 652
11 0 42.057500000000005 1.0 82
14 0 62.4975 1.0 248
11 0 31.837500000000006 1.0 74
10 0 3.7325000000000017 1.0 152
4 1 47.167500000000004 1.0 787
13 1 57.3875 1.0 145
102397.42 24
15 0 21.617500000000007 1.0 316
10 0 49.7225 1.0 188
10 0 24.1725 1.0 168
10 0 57.3875 1.0 194
13 1 54.83250000000001 1.0 143
11 0 31.837500000000006 1.0 74
8 0 39.5025 1.0 380
14 1 29.2825 1.0 223
9 1 54.83250000000001 1.0 293
13 0 1.177500000000002 1.0 100
12 1 16.507500000000007 1.0 13
12 1 52.2775 1.0 41
7 1 34.3925 1.0 477
10 1 49.7225 1.0 189
0 0 16.507500000000007 1.0 1162
13 1 21.617500000000007 1.0 117
11 1 36.947500000000005 1.0 79
7 0 31.837500000000006 1.0 474
11 1 3.7325000000000017 1.0 53
13 1 24.1725 1.0 119
23 1 47.167500000000004 1.0 1137
10 1 11.3975 1.0 159
12 0 59.94250000000001 1.0 46
13 1 57.3875 1.0 145
1383986.1 6
13 0 44.6125 1.0 134
11 1 44.6125 1.0 85
13 0 21.617500000000007 1.0 116
10 1 36.947500000000005 1.0 179
12 1 54.83250000000001 1.0 43
13 0 54.83250000000001 1.0 142
559564.25 18
8 0 36.947500000000005 1.0 378
12 1 42.057500000000005 1.0 33
10 0 57.3875 1.0 194
14 0 44.6125 1.0 234
12 1 34.3925 1.0 27
14 1 11.3975 1.0 209
14 0 19.0625 1.0 214
14 0 16.507500000000007 1.0 212
0 0 24.1725 1.0 1168
10 0 21.617500000000007 1.0 166
10 1 57.3875 1.0 195
16 0 62.4975 1.0 448
12 1 19.0625 1.0 15
11 0 49.7225 1.0 88
11 0 1.177500000000002 1.0 50
10 0 39.5025 1.0 180
1 0 3.7325000000000017 1.0 1052
14 1 21.617500000000007 1.0 217
1002112.44 10
11 1 8.842500000000001 1.0 57
10 0 6.287500000000001 1.0 154
12 0 57.3875 1.0 44
12 1 13.9525 1.0 11
10 0 13.9525 1.0 160
13 0 13.9525 1.0 110
14 1 24.1725 1.0 219
10 1 54.83250000000001 1.0 193
13 1 44.6125 1.0 135
12 1 21.617500000000007 1.0 17
800496.0 7
14 0 54.83250000000001 1.0 242
14 0 3.7325000000000017 1.0 202
11 0 21.617500000000007 1.0 66
8 0 6.287500000000001 1.0 354
11 0 31.837500000000006 1.0 74
12 1 59.94250000000001 1.0 47
5 1 59.94250000000001 1.0 697
1826748.6 10
11 0 1.177500000000002 1.0 50
12 0 26.727500000000006 1.0 20
10 0 34.3925 1.0 176
11 0 34.3925 1.0 76
13 0 1.177500000000002 1.0 100
16 0 21.617500000000007 1.0 416
12 0 39.5025 1.0 30
11 1 62.4975 1.0 99
11 1 36.947500000000005 1.0 79
19 1 31.837500000000006 1.0 725
960127.25 12
4 1 49.7225 1.0 789
12 0 11.3975 1.0 8
9 0 59.94250000000001 1.0 296
13 0 49.7225 1.0 138
14 1 21.617500000000007 1.0 217
13 1 34.3925 1.0 127
12 1 13.9525 1.0 11
9 0 19.0625 1.0 264
0 0 24.1725 1.0 1168
10 0 16.507500000000007 1.0 162
13 1 39.5025 1.0 131
14 1 19.0625 1.0 215
610761.5 6
13 0 24.1725 1.0 118
10 1 6.287500000000001 1.0 155
11 1 59.94250000000001 1.0 97
11 0 13.9525 1.0 60
13 1 36.947500000000005 1.0 129
12 1 62.4975 1.0 49
1226896.5 10
10 0 26.727500000000006 1.0 170
19 0 29.2825 1.0 722
12 1 1.177500000000002 1.0 1
14 0 19.0625 1.0 214
13 0 6.287500000000001 1.0 104
18 1 8.842500000000001 1.0 607
13 1 21.617500000000007 1.0 117
11 0 3.7325000000000017 1.0 52
12 0 52.2775 1.0 40
14 0 11.3975 1.0 208
1032619.94 17
14 0 57.3875 1.0 244
13 0 11.3975 1.0 108
12 1 34.3925 1.0 27
13 0 42.057500000000005 1.0 132
10 1 19.0625 1.0 165
12 1 39.5025 1.0 31
15 0 44.6125 1.0 334
12 0 62.4975 1.0 48
10 0 24.1725 1.0 168
14 0 36.947500000000005 1.0 228
11 0 13.9525 1.0 60
13 1 36.947500000000005 1.0 129
14 0 42.057500000000005 1.0 232
13 1 29.2825 1.0 123
12 0 44.6125 1.0 34
16 1 42.057500000000005 1.0 433
5 0 47.167500000000004 1.0 686
204411.58 19
14 0 19.0625 1.0 214
11 1 39.5025 1.0 81
11 0 39.5025 1.0 80
15 1 6.287500000000001 1.0 305
9 1 54.83250000000001 1.0 293
13 1 52.2775 1.0 141
13 0 36.947500000000005 1.0 128
13 0 31.837500000000006 1.0 124
8 1 34.3925 1.0 377
2 1 49.7225 1.0 989
14 1 29.2825 1.0 223
12 1 47.167500000000004 1.0 37
10 1 8.842500000000001 1.0 157
12 0 44.6125 1.0 34
16 1 6.287500000000001 1.0 405
12 0 42.057500000000005 1.0 32
11 1 59.94250000000001 1.0 97
13 1 39.5025 1.0 131
12 1 3.7325000000000017 1.0 3
1459326.5 21
6 0 29.2825 1.0 572
1 0 31.837500000000006 1.0 1074
14 0 16.507500000000007 1.0 212
10 0 44.6125 1.0 184
14 1 62.4975 1.0 249
12 1 11.3975 1.0 9
14 1 1.177500000000002 1.0 201
12 0 42.057500000000005 1.0 32
10 0 57.3875 1.0 194
11 0 13.9525 1.0 60
13 1 49.7225 1.0 139
12 1 47.167500000000004 1.0 37
14 0 8.842500000000001 1.0 206
10 0 49.7225 1.0 188
11 0 16.507500000000007 1.0 62
13 1 8.842500000000001 1.0 107
5 1 21.617500000000007 1.0 667
14 0 1.177500000000002 1.0 200
10 1 1.177500000000002 1.0 151
14 1 16.507500000000007 1.0 213
12 1 1.177500000000002 1.0 1
1247403.2 19
10 0 8.842500000000001 1.0 156
16 1 34.3925 1.0 427
10 0 47.167500000000004 1.0 186
12 1 47.167500000000004 1.0 37
14 1 47.167500000000004 1.0 237
21 0 36.947500000000005 1.0 928
12 1 44.6125 1.0 35
12 1 54.83250000000001 1.0 43
14 1 3.7325000000000017 1.0 203
11 1 8.842500000000001 1.0 57
13 1 31.837500000000006 1.0 125
11 1 62.4975 1.0 99
13 0 29.2825 1.0 122
10 1 54.83250000000001 1.0 193
2 0 3.7325000000000017 1.0 952
10 1 62.4975 1.0 199
14 1 26.727500000000006 1.0 221
14 0 8.842500000000001 1.0 206
14 0 29.2825 1.0 222
1775790.1 14
11 0 47.167500000000004 1.0 86
15 1 39.5025 1.0 331
10 0 47.167500000000004 1.0 186
14 0 49.7225 1.0 238
17 1 13.9525 1.0 511
14 0 36.947500000000005 1.0 228
11 0 3.7325000000000017 1.0 52
11 1 39.5025 1.0 81
14 0 1.177500000000002 1.0 200
8 0 44.6125 1.0 384
14 0 16.507500000000007 1.0 212
11 1 44.6125 1.0 85
12 1 6.287500000000001 1.0 5
13 1 47.167500000000004 1.0 137
1869232.8 13
14 1 16.507500000000007 1.0 213
12 0 42.057500000000005 1.0 32
14 1 26.727500000000006 1.0 221
10 0 44.6125 1.0 184
20 1 47.167500000000004 1.0 837
8 0 29.2825 1.0 372
16 0 21.617500000000007 1.0 416
14 1 47.167500000000004 1.0 237
13 0 16.507500000000007 1.0 112
11 0 57.3875 1.0 94
10 0 8.842500000000001 1.0 156
0 0 13.9525 1.0 1160
9 1 8.842500000000001 1.0 257
485750.44 18
12 0 42.057500000000005 1.0 32
22 0 26.727500000000006 1.0 1020
13 1 34.3925 1.0 127
14 0 13.9525 1.0 210
11 1 13.9525 1.0 61
10 0 29.2825 1.0 172
12 1 31.837500000000006 1.0 25
10 0 16.507500000000007 1.0 162
14 0 29.2825 1.0 222
14 1 47.167500000000004 1.0 237
14 0 19.0625 1.0 214
7 1 34.3925 1.0 477
14 1 11.3975 1.0 209
14 1 42.057500000000005 1.0 233
13 1 42.057500000000005 1.0 133
13 1 52.2775 1.0 141
11 1 62.4975 1.0 99
13 0 3.7325000000000017 1.0 102
1351354.2 11
11 1 21.617500000000007 1.0 67
12 1 47.167500000000004 1.0 37
10 0 19.0625 1.0 164
10 1 16.507500000000007 1.0 163
14 0 42.057500000000005 1.0 232
15 1 19.0625 1.0 315
11 0 34.3925 1.0 76
13 1 8.842500000000001 1.0 107
11 1 44.6125 1.0 85
13 1 36.947500000000005 1.0 129
13 1 62.4975 1.0 149
1691727.6 22
7 0 42.057500000000005 1.0 482
8 0 11.3975 1.0 358
14 1 26.727500000000006 1.0 221
7 0 59.94250000000001 1.0 496
11 0 26.727500000000006 1.0 70
3 0 52.2775 1.0 890
11 0 47.167500000000004 1.0 86
12 0 62.4975 1.0 48
14 1 24.1725 1.0 219
13 1 11.3975 1.0 109
13 0 21.617500000000007 1.0 116
12 0 19.0625 1.0 14
7 1 3.7325000000000017 1.0 453
10 1 42.057500000000005 1.0 183
13 0 24.1725 1.0 118
10 1 26.727500000000006 1.0 171
8 0 29.2825 1.0 372
11 1 16.507500000000007 1.0 63
19 1 39.5025 1.0 731
13 0 11.3975 1.0 108
22 0 39.5025 1.0 1030
10 0 36.947500000000005 1.0 178
496634.12 16
13 0 57.3875 1.0 144
13 0 21.617500000000007 1.0 116
18 1 21.617500000000007 1.0 617
14 1 24.1725 1.0 219
14 0 3.7325000000000017 1.0 202
2 0 6.287500000000001 1.0 954
10 0 52.2775 1.0 190
14 1 47.167500000000004 1.0 237
11 1 62.4975 1.0 99
10 0 54.83250000000001 1.0 192
11 0 3.7325000000000017 1.0 52
11 1 6.287500000000001 1.0 55
10 1 16.507500000000007 1.0 163
14 1 52.2775 1.0 241
11 0 34.3925 1.0 76
16 1 24.1725 1.0 419
1096389.6 17
10 1 24.1725 1.0 169
11 1 57.3875 1.0 95
12 0 39.5025 1.0 30
13 0 34.3925 1.0 126
12 1 36.947500000000005 1.0 29
13 0 8.842500000000001 1.0 106
13 0 6.287500000000001 1.0 104
11 0 8.842500000000001 1.0 56
14 0 19.0625 1.0 214
5 1 49.7225 1.0 689
12 1 16.507500000000007 1.0 13
10 1 54.83250000000001 1.0 193
10 0 39.5025 1.0 180
11 1 52.2775 1.0 91
0 0 34.3925 1.0 1176
11 1 19.0625 1.0 65
13 1 34.3925 1.0 127
385695.0 15
5 0 24.1725 1.0 668
14 0 39.5025 1.0 230
18 1 52.2775 1.0 641
12 0 31.837500000000006 1.0 24
14 0 52.2775 1.0 240
11 0 57.3875 1.0 94
12 0 24.1725 1.0 18
24 0 42.057500000000005 1.0 1232
12 1 1.177500000000002 1.0 1
22 0 29.2825 1.0 1022
13 0 54.83250000000001 1.0 142
16 0 36.947500000000005 1.0 428
12 0 13.9525 1.0 10
10 0 26.727500000000006 1.0 170
10 1 39.5025 1.0 181
371879.4 11
21 0 6.287500000000001 1.0 904
13 0 47.167500000000004 1.0 136
14 0 62.4975 1.0 248
9 1 21.617500000000007 1.0 267
12 0 62.4975 1.0 48
12 0 57.3875 1.0 44
14 1 59.94250000000001 1.0 247
7 1 49.7225 1.0 489
13 0 42.057500000000005 1.0 132
12 0 34.3925 1.0 26
14 1 1.177500000000002 1.0 201
331538.47 22
10 0 52.2775 1.0 190
13 0 16.507500000000007 1.0 112
12 1 62.4975 1.0 49
12 0 36.947500000000005 1.0 28
13 1 13.9525 1.0 111
16 1 6.287500000000001 1.0 405
8 0 19.0625 1.0 364
7 1 31.837500000000006 1.0 475
10 1 3.7325000000000017 1.0 153
1 0 42.057500000000005 1.0 1082
12 0 6.287500000000001 1.0 4
12 1 21.617500000000007 1.0 17
11 0 52.2775 1.0 90
12 0 47.167500000000004 1.0 36
13 0 39.5025 1.0 130
16 0 21.617500000000007 1.0 416
5 0 1.177500000000002 1.0 650
10 1 52.2775 1.0 191
14 1 16.507500000000007 1.0 213
11 1 13.9525 1.0 61
7 0 42.057500000000005 1.0 482
14 1 8.842500000000001 1.0 207
1962962.5 23
12 1 3.7325000000000017 1.0 3
11 0 34.3925 1.0 76
15 1 19.0625 1.0 315
15 0 13.9525 1.0 310
10 0 49.7225 1.0 188
12 0 3.7325000000000017 1.0 2
10 1 29.2825 1.0 173
2 1 13.9525 1.0 961
12 1 57.3875 1.0 45
2 1 31.837500000000006 1.0 975
14 1 21.617500000000007 1.0 217
12 1 39.5025 1.0 31
12 0 11.3975 1.0 8
14 1 44.6125 1.0 235
10 0 59.94250000000001 1.0 196
9 1 11.3975 1.0 259
10 0 21.617500000000007 1.0 166
11 1 57.3875 1.0 95
17 0 42.057500000000005 1.0 532
10 0 13.9525 1.0 160
11 0 13.9525 1.0 60
13 0 3.7325000000000017 1.0 102
14 1 19.0625 1.0 215
1883323.1 13
13 1 29.2825 1.0 123
17 1 44.6125 1.0 535
14 1 59.94250000000001 1.0 247
14 0 42.057500000000005 1.0 232
12 0 11.3975 1.0 8
13 1 62.4975 1.0 149
13 0 1.177500000000002 1.0 100
10 0 3.7325000000000017 1.0 152
14 1 21.617500000000007 1.0 217
10 0 8.842500000000001 1.0 156
8 0 62.4975 1.0 398
13 1 11.3975 1.0 109
12 0 57.3875 1.0 44
1245789.4 14
10 1 59.94250000000001 1.0 197
13 0 16.507500000000007 1.0 112
11 1 39.5025 1.0 81
12 1 26.727500000000006 1.0 21
12 1 16.507500000000007 1.0 13
16 0 8.842500000000001 1.0 406
11 0 49.7225 1.0 88
14 0 42.057500000000005 1.0 232
11 0 31.837500000000006 1.0 74
10 0 29.2825 1.0 172
12 0 47.167500000000004 1.0 36
14 0 62.4975 1.0 248
11 0 26.727500000000006 1.0 70
4 0 29.2825 1.0 772
1912938.0 17
13 0 29.2825 1.0 122
13 0 16.507500000000007 1.0 112
14 0 36.947500000000005 1.0 228
9 1 59.94250000000001 1.0 297
11 0 26.727500000000006 1.0 70
10 1 42.057500000000005 1.0 183
10 1 47.167500000000004 1.0 187
12 0 39.5025 1.0 30
0 1 31.837500000000006 1.0 1175
11 0 6.287500000000001 1.0 54
11 0 16.507500000000007 1.0 62
13 1 3.7325000000000017 1.0 103
7 1 26.727500000000006 1.0 471
10 0 59.94250000000001 1.0 196
13 0 13.9525 1.0 110
12 1 1.177500000000002 1.0 1
12 1 54.83250000000001 1.0 43
119293.98 13
10 1 19.0625 1.0 165
14 0 44.6125 1.0 234
14 0 49.7225 1.0 238
11 1 19.0625 1.0 65
11 1 1.177500000000002 1.0 51
0 0 19.0625 1.0 1164
13 0 36.947500000000005 1.0 128
13 1 16.507500000000007 1.0 113
10 0 52.2775 1.0 190
14 1 36.947500000000005 1.0 229
11 1 3.7325000000000017 1.0 53
17 0 29.2825 1.0 522
15 1 6.287500000000001 1.0 305
1850830.0 23
13 1 21.617500000000007 1.0 117
16 1 52.2775 1.0 441
22 0 11.3975 1.0 1008
11 1 13.9525 1.0 61
12 1 13.9525 1.0 11
10 0 39.5025 1.0 180
21 0 16.507500000000007 1.0 912
13 1 52.2775 1.0 141
13 1 34.3925 1.0 127
10 1 62.4975 1.0 199
14 1 36.947500000000005 1.0 229
12 0 44.6125 1.0 34
11 0 13.9525 1.0 60
14 0 36.947500000000005 1.0 228
11 1 31.837500000000006 1.0 75
11 0 21.617500000000007 1.0 66
8 1 26.727500000000006 1.0 371
10 0 54.83250000000001 1.0 192
19 0 62.4975 1.0 748
13 0 47.167500000000004 1.0 136
11 0 57.3875 1.0 94
14 0 34.3925 1.0 226
11 1 8.842500000000001 1.0 57
1201801.2 22
12 1 57.3875 1.0 45
8 1 39.5025 1.0 381
14 1 8.842500000000001 1.0 207
14 0 3.7325000000000017 1.0 202
13 1 21.617500000000007 1.0 117
7 1 57.3875 1.0 495
12 1 8.842500000000001 1.0 7
14 1 19.0625 1.0 215
11 1 34.3925 1.0 77
13 1 47.167500000000004 1.0 137
14 0 6.287500000000001 1.0 204
13 0 57.3875 1.0 144
11 0 8.842500000000001 1.0 56
13 1 42.057500000000005 1.0 133
12 1 59.94250000000001 1.0 47
14 1 62.4975 1.0 249
14 0 54.83250000000001 1.0 242
11 0 59.94250000000001 1.0 96
7 1 21.617500000000007 1.0 467
12 1 16.507500000000007 1.0 13
13 0 8.842500000000001 1.0 106
12 1 26.727500000000006 1.0 21
509795.53 13
13 0 59.94250000000001 1.0 146
11 0 31.837500000000006 1.0 74
10 1 26.727500000000006 1.0 171
10 1 59.94250000000001 1.0 197
12 0 62.4975 1.0 48
18 1 42.057500000000005 1.0 633
5 0 39.5025 1.0 680
0 1 44.6125 1.0 1185
10 0 21.617500000000007 1.0 166
11 0 44.6125 1.0 84
11 0 62.4975 1.0 98
10 0 36.947500000000005 1.0 178
11 1 8.842500000000001 1.0 57
829858.7 14
13 1 19.0625 1.0 115
15 1 16.507500000000007 1.0 313
23 1 62.4975 1.0 1149
10 1 36.947500000000005 1.0 179
14 1 21.617500000000007 1.0 217
6 0 62.4975 1.0 598
14 1 16.507500000000007 1.0 213
14 0 16.507500000000007 1.0 212
12 1 16.507500000000007 1.0 13
14 1 54.83250000000001 1.0 243
12 0 39.5025 1.0 30
15 0 19.0625 1.0 314
13 1 11.3975 1.0 109
14 1 39.5025 1.0 231
1640944.1 5
13 1 6.287500000000001 1.0 105
14 0 57.3875 1.0 244
14 0 29.2825 1.0 222
14 0 54.83250000000001 1.0 242
12 1 26.727500000000006 1.0 21
1617029.4 6
13 1 31.837500000000006 1.0 125
12 0 34.3925 1.0 26
6 1 1.177500000000002 1.0 551
12 0 3.7325000000000017 1.0 2
10 1 62.4975 1.0 199
10 1 34.3925 1.0 177
1452550.9 5
12 0 52.2775 1.0 40
10 1 62.4975 1.0 199
10 0 59.94250000000001 1.0 196
11 1 57.3875 1.0 95
11 1 54.83250000000001 1.0 93
482830.4 17
11 1 59.94250000000001 1.0 97
14 0 47.167500000000004 1.0 236
13 0 39.5025 1.0 130
10 1 49.7225 1.0 189
10 0 16.507500000000007 1.0 162
13 1 39.5025 1.0 131
10 0 62.4975 1.0 198
13 0 31.837500000000006 1.0 124
12 0 52.2775 1.0 40
11 1 11.3975 1.0 59
11 1 1.177500000000002 1.0 51
12 1 3.7325000000000017 1.0 3
10 0 42.057500000000005 1.0 182
14 1 8.842500000000001 1.0 207
3 1 59.94250000000001 1.0 897
21 1 21.617500000000007 1.0 917
12 0 44.6125 1.0 34
936378.06 10
13 1 42.057500000000005 1.0 133
13 0 26.727500000000006 1.0 120
10 0 13.9525 1.0 160
11 1 8.842500000000001 1.0 57
13 0 42.057500000000005 1.0 132
10 1 11.3975 1.0 159
10 0 36.947500000000005 1.0 178
14 1 39.5025 1.0 231
11 1 11.3975 1.0 59
23 1 24.1725 1.0 1119
1590846.4 13
14 1 11.3975 1.0 209
10 1 3.7325000000000017 1.0 153
14 1 57.3875 1.0 245
14 1 21.617500000000007 1.0 217
14 0 16.507500000000007 1.0 212
11 0 1.177500000000002 1.0 50
14 0 13.9525 1.0 210
10 0 36.947500000000005 1.0 178
24 1 52.2775 1.0 1241
11 1 26.727500000000006 1.0 71
11 0 39.5025 1.0 80
12 1 19.0625 1.0 15
14 1 1.177500000000002 1.0 201
1699027.8 15
14 1 34.3925 1.0 227
10 1 1.177500000000002 1.0 151
12 0 57.3875 1.0 44
14 1 6.287500000000001 1.0 205
2 1 42.057500000000005 1.0 983
10 1 57.3875 1.0 195
12 1 59.94250000000001 1.0 47
12 1 26.727500000000006 1.0 21
11 0 31.837500000000006 1.0 74
12 0 47.167500000000004 1.0 36
14 1 21.617500000000007 1.0 217
11 1 1.177500000000002 1.0 51
11 0 57.3875 1.0 94
18 0 34.3925 1.0 626
14 0 62.4975 1.0 248
1282391.8 8
14 1 26.727500000000006 1.0 221
12 0 24.1725 1.0 18
11 0 36.947500000000005 1.0 78
10 0 49.7225 1.0 188
12 0 11.3975 1.0 8
13 0 21.617500000000007 1.0 116
12 1 62.4975 1.0 49
14 1 3.7325000000000017 1.0 203
1709115.1 15
14 1 42.057500000000005 1.0 233
12 0 39.5025 1.0 30
11 0 1.177500000000002 1.0 50
14 0 62.4975 1.0 248
2 0 24.1725 1.0 968
10 0 11.3975 1.0 158
14 1 16.507500000000007 1.0 213
11 1 36.947500000000005 1.0 79
21 0 26.727500000000006 1.0 920
11 0 36.947500000000005 1.0 78
13 0 19.0625 1.0 114
23 1 42.057500000000005 1.0 1133
10 1 36.947500000000005 1.0 179
13 1 31.837500000000006 1.0 125
23 1 36.947500000000005 1.0 1129
594390.7 18
13 1 42.057500000000005 1.0 133
10 1 16.507500000000007 1.0 163
11 1 42.057500000000005 1.0 83
12 0 16.507500000000007 1.0 12
10 1 1.177500000000002 1.0 151
11 0 54.83250000000001 1.0 92
12 0 62.4975 1.0 48
14 0 16.507500000000007 1.0 212
8 0 59.94250000000001 1.0 396
12 1 59.94250000000001 1.0 47
6 1 19.0625 1.0 565
12 0 57.3875 1.0 44
14 1 54.83250000000001 1.0 243
9 0 3.7325000000000017 1.0 252
11 0 21.617500000000007 1.0 66
14 1 3.7325000000000017 1.0 203
0 0 42.057500000000005 1.0 1182
11 1 13.9525 1.0 61
1332611.0 22
13 1 44.6125 1.0 135
13 1 24.1725 1.0 119
13 0 34.3925 1.0 126
9 0 49.7225 1.0 288
14 1 6.287500000000001 1.0 205
13 1 62.4975 1.0 149
7 1 21.617500000000007 1.0 467
12 0 59.94250000000001 1.0 46
10 1 16.507500000000007 1.0 163
21 1 39.5025 1.0 931
14 1 39.5025 1.0 231
10 1 19.0625 1.0 165
14 1 29.2825 1.0 223
13 0 6.287500000000001 1.0 104
20 1 24.1725 1.0 819
19 0 24.1725 1.0 718
12 0 19.0625 1.0 14
11 0 8.842500000000001 1.0 56
11 0 34.3925 1.0 76
12 0 34.3925 1.0 26
13 1 39.5025 1.0 131
16 0 49.7225 1.0 438
999136.4 7
12 1 59.94250000000001 1.0 47
12 0 29.2825 1.0 22
14 0 62.4975 1.0 248
12 0 39.5025 1.0 30
10 1 39.5025 1.0 181
13 1 26.727500000000006 1.0 121
12 1 39.5025 1.0 31
1416365.4 16
12 1 49.7225 1.0 39
12 1 31.837500000000006 1.0 25
14 0 49.7225 1.0 238
10 0 42.057500000000005 1.0 182
13 1 52.2775 1.0 141
12 0 54.83250000000001 1.0 42
12 0 19.0625 1.0 14
10 0 47.167500000000004 1.0 186
13 1 36.947500000000005 1.0 129
11 1 34.3925 1.0 77
11 1 29.2825 1.0 73
15 1 49.7225 1.0 339
11 1 1.177500000000002 1.0 51
11 0 26.727500000000006 1.0 70
12 1 57.3875 1.0 45
9 1 19.0625 1.0 265
1023018.9 11
12 0 54.83250000000001 1.0 42
11 1 6.287500000000001 1.0 55
10 0 62.4975 1.0 198
18 0 16.507500000000007 1.0 612
10 0 36.947500000000005 1.0 178
11 1 1.177500000000002 1.0 51
12 0 62.4975 1.0 48
11 1 57.3875 1.0 95
9 1 42.057500000000005 1.0 283
12 1 19.0625 1.0 15
11 0 26.727500000000006 1.0 70
1133001.5 12
10 0 13.9525 1.0 160
14 0 39.5025 1.0 230
24 1 3.7325000000000017 1.0 1203
5 1 24.1725 1.0 669
14 1 59.94250000000001 1.0 247
11 1 8.842500000000001 1.0 57
24 0 11.3975 1.0 1208
6 0 3.7325000000000017 1.0 552
7 0 34.3925 1.0 476
12 0 19.0625 1.0 14
1 0 19.0625 1.0 1064
14 0 59.94250000000001 1.0 246
938522.2 14
12 1 13.9525 1.0 11
13 1 19.0625 1.0 115
11 0 31.837500000000006 1.0 74
8 0 49.7225 1.0 388
13 0 49.7225 1.0 138
7 0 6.287500000000001 1.0 454
11 0 24.1725 1.0 68
14 1 39.5025 1.0 231
0 1 1.177500000000002 1.0 1151
12 0 21.617500000000007 1.0 16
13 1 11.3975 1.0 109
10 0 31.837500000000006 1.0 174
12 1 36.947500000000005 1.0 29
14 0 1.177500000000002 1.0 200
388389.8 21
14 0 62.4975 1.0 248
10 0 16.507500000000007 1.0 162
11 0 11.3975 1.0 58
11 1 49.7225 1.0 89
13 0 13.9525 1.0 110
12 1 1.177500000000002 1.0 1
11 0 49.7225 1.0 88
11 1 24.1725 1.0 69
11 1 59.94250000000001 1.0 97
16 1 6.287500000000001 1.0 405
12 0 24.1725 1.0 18
11 1 44.6125 1.0 85
10 0 39.5025 1.0 180
10 1 8.842500000000001 1.0 157
13 1 57.3875 1.0 145
16 0 54.83250000000001 1.0 442
13 1 26.727500000000006 1.0 121
0 0 8.842500000000001 1.0 1156
14 1 24.1725 1.0 219
11 0 42.057500000000005 1.0 82
10 0 49.7225 1.0 188
112933.76 13
10 1 31.837500000000006 1.0 175
9 0 44.6125 1.0 284
8 1 24.1725 1.0 369
11 0 39.5025 1.0 80
13 1 16.507500000000007 1.0 113
13 1 36.947500000000005 1.0 129
11 1 42.057500000000005 1.0 83
10 0 26.727500000000006 1.0 170
13 1 39.5025 1.0 131
13 0 36.947500000000005 1.0 128
13 1 21.617500000000007 1.0 117
10 0 8.842500000000001 1.0 156
14 1 47.167500000000004 1.0 237
1812254.9 13
13 1 57.3875 1.0 145
10 1 31.837500000000006 1.0 175
12 0 16.507500000000007 1.0 12
13 0 44.6125 1.0 134
12 1 47.167500000000004 1.0 37
13 0 13.9525 1.0 110
11 1 62.4975 1.0 99
12 0 19.0625 1.0 14
10 1 59.94250000000001 1.0 197
16 0 54.83250000000001 1.0 442
11 0 19.0625 1.0 64
12 1 8.842500000000001 1.0 7
10 0 54.83250000000001 1.0 192
1081805.0 6
10 1 19.0625 1.0 165
10 1 57.3875 1.0 195
14 0 36.947500000000005 1.0 228
11 0 24.1725 1.0 68
12 1 59.94250000000001 1.0 47
13 1 42.057500000000005 1.0 133
1882577.5 14
14 0 49.7225 1.0 238
14 0 13.9525 1.0 210
10 0 39.5025 1.0 180
14 0 3.7325000000000017 1.0 202
11 1 1.177500000000002 1.0 51
11 1 59.94250000000001 1.0 97
11 0 62.4975 1.0 98
11 1 49.7225 1.0 89
19 0 36.947500000000005 1.0 728
10 0 19.0625 1.0 164
10 0 21.617500000000007 1.0 166
12 0 1.177500000000002 1.0 0
14 1 39.5025 1.0 231
11 1 34.3925 1.0 77
1341111.2 7
11 0 34.3925 1.0 76
13 1 42.057500000000005 1.0 133
14 1 31.837500000000006 1.0 225
17 0 39.5025 1.0 530
12 0 47.167500000000004 1.0 36
16 1 57.3875 1.0 445
12 0 6.287500000000001 1.0 4
616235.3 5
13 1 47.167500000000004 1.0 137
12 0 8.842500000000001 1.0 6
13 1 42.057500000000005 1.0 133
12 1 42.057500000000005 1.0 33
14 0 19.0625 1.0 214
1525123.0 9
12 1 44.6125 1.0 35
11 0 34.3925 1.0 76
14 1 8.842500000000001 1.0 207
14 0 31.837500000000006 1.0 224
13 0 13.9525 1.0 110
16 1 36.947500000000005 1.0 429
12 1 47.167500000000004 1.0 37
10 1 49.7225 1.0 189
11 1 11.3975 1.0 59
635516.3 23
10 0 44.6125 1.0 184
11 0 44.6125 1.0 84
15 1 24.1725 1.0 319
11 1 39.5025 1.0 81
12 1 13.9525 1.0 11
18 1 52.2775 1.0 641
22 1 29.2825 1.0 1023
10 1 47.167500000000004 1.0 187
11 0 54.83250000000001 1.0 92
22 0 59.94250000000001 1.0 1046
12 1 8.842500000000001 1.0 7
8 1 13.9525 1.0 361
11 1 62.4975 1.0 99
14 1 34.3925 1.0 227
10 0 1.177500000000002 1.0 150
14 0 29.2825 1.0 222
11 0 47.167500000000004 1.0 86
14 1 59.94250000000001 1.0 247
11 1 21.617500000000007 1.0 67
22 1 44.6125 1.0 1035
11 1 1.177500000000002 1.0 51
11 0 21.617500000000007 1.0 66
7 0 11.3975 1.0 458
589696.3 16
12 0 11.3975 1.0 8
11 1 1.177500000000002 1.0 51
13 1 1.177500000000002 1.0 101
12 1 19.0625 1.0 15
16 1 29.2825 1.0 423
8 1 59.94250000000001 1.0 397
13 0 3.7325000000000017 1.0 102
9 0 16.507500000000007 1.0 262
10 1 13.9525 1.0 161
17 1 19.0625 1.0 515
13 1 44.6125 1.0 135
15 1 6.287500000000001 1.0 305
15 0 59.94250000000001 1.0 346
13 0 24.1725 1.0 118
13 1 59.94250000000001 1.0 147
12 1 39.5025 1.0 31
1668202.6 17
12 1 47.167500000000004 1.0 37
13 1 57.3875 1.0 145
14 0 1.177500000000002 1.0 200
14 1 16.507500000000007 1.0 213
13 0 26.727500000000006 1.0 120
14 0 13.9525 1.0 210
10 0 21.617500000000007 1.0 166
12 0 24.1725 1.0 18
11 1 31.837500000000006 1.0 75
10 1 44.6125 1.0 185
12 0 3.7325000000000017 1.0 2
14 1 54.83250000000001 1.0 243
8 0 21.617500000000007 1.0 366
7 1 8.842500000000001 1.0 457
12 0 36.947500000000005 1.0 28
12 1 54.83250000000001 1.0 43
16 0 1.177500000000002 1.0 400
1164692.8 21
10 1 44.6125 1.0 185
8 0 47.167500000000004 1.0 386
11 0 8.842500000000001 1.0 56
7 0 1.177500000000002 1.0 450
7 0 3.7325000000000017 1.0 452
13 0 16.507500000000007 1.0 112
12 1 19.0625 1.0 15
7 0 16.507500000000007 1.0 462
11 0 31.837500000000006 1.0 74
10 1 16.507500000000007 1.0 163
5 0 3.7325000000000017 1.0 652
1 1 29.2825 1.0 1073
14 0 26.727500000000006 1.0 220
12 1 34.3925 1.0 27
18 1 16.507500000000007 1.0 613
13 0 57.3875 1.0 144
13 1 21.617500000000007 1.0 117
10 0 13.9525 1.0 160
13 0 54.83250000000001 1.0 142
23 0 19.0625 1.0 1114
12 1 29.2825 1.0 23
828804.1 9
9 0 47.167500000000004 1.0 286
5 1 31.837500000000006 1.0 675
13 0 24.1725 1.0 118
15 0 52.2775 1.0 340
14 0 59.94250000000001 1.0 246
10 1 26.727500000000006 1.0 171
14 0 42.057500000000005 1.0 232
14 0 47.167500000000004 1.0 236
11 0 19.0625 1.0 64
616424.4 24
16 0 34.3925 1.0 426
13 0 54.83250000000001 1.0 142
14 1 39.5025 1.0 231
13 0 6.287500000000001 1.0 104
17 0 31.837500000000006 1.0 524
12 1 54.83250000000001 1.0 43
12 1 21.617500000000007 1.0 17
13 1 49.7225 1.0 139
10 1 36.947500000000005 1.0 179
13 1 21.617500000000007 1.0 117
22 1 8.842500000000001 1.0 1007
12 1 29.2825 1.0 23
21 1 39.5025 1.0 931
12 0 21.617500000000007 1.0 16
12 1 44.6125 1.0 35
12 0 62.4975 1.0 48
14 1 19.0625 1.0 215
14 0 8.842500000000001 1.0 206
14 1 47.167500000000004 1.0 237
12 0 47.167500000000004 1.0 36
10 0 13.9525 1.0 160
12 0 44.6125 1.0 34
20 1 44.6125 1.0 835
11 1 36.947500000000005 1.0 79
1628638.1 21
10 0 47.167500000000004 1.0 186
16 0 36.947500000000005 1.0 428
11 0 21.617500000000007 1.0 66
14 0 44.6125 1.0 234
12 0 11.3975 1.0 8
1 0 49.7225 1.0 1088
16 1 21.617500000000007 1.0 417
10 1 36.947500000000005 1.0 179
10 0 16.507500000000007 1.0 162
14 1 29.2825 1.0 223
10 1 13.9525 1.0 161
14 1 52.2775 1.0 241
15 0 13.9525 1.0 310
12 1 3.7325000000000017 1.0 3
13 1 21.617500000000007 1.0 117
10 0 19.0625 1.0 164
11 0 49.7225 1.0 88
10 1 26.727500000000006 1.0 171
10 1 1.177500000000002 1.0 151
22 1 31.837500000000006 1.0 1025
11 0 29.2825 1.0 72
1370179.1 16
11 0 49.7225 1.0 88
13 0 13.9525 1.0 110
10 0 59.94250000000001 1.0 196
10 0 29.2825 1.0 172
9 1 3.7325000000000017 1.0 253
10 1 34.3925 1.0 177
13 1 19.0625 1.0 115
8 0 19.0625 1.0 364
11 0 3.7325000000000017 1.0 52
13 0 52.2775 1.0 140
10 0 31.837500000000006 1.0 174
13 0 57.3875 1.0 144
13 1 31.837500000000006 1.0 125
14 1 31.837500000000006 1.0 225
14 0 36.947500000000005 1.0 228
22 0 19.0625 1.0 1014
1364774.1 10
13 1 49.7225 1.0 139
14 1 54.83250000000001 1.0 243
11 0 8.842500000000001 1.0 56
12 1 29.2825 1.0 23
10 0 44.6125 1.0 184
11 1 59.94250000000001 1.0 97
20 1 36.947500000000005 1.0 829
10 0 21.617500000000007 1.0 166
14 0 8.842500000000001 1.0 206
12 1 36.947500000000005 1.0 29
1327357.2 23
12 1 44.6125 1.0 35
15 1 54.83250000000001 1.0 343
11 0 1.177500000000002 1.0 50
14 1 11.3975 1.0 209
11 1 44.6125 1.0 85
10 0 21.617500000000007 1.0 166
12 0 57.3875 1.0 44
13 1 24.1725 1.0 119
2 0 24.1725 1.0 968
3 1 31.837500000000006 1.0 875
14 1 16.507500000000007 1.0 213
14 0 59.94250000000001 1.0 246
10 0 59.94250000000001 1.0 196
10 0 11.3975 1.0 158
10 1 21.617500000000007 1.0 167
9 0 19.0625 1.0 264
14 1 26.727500000000006 1.0 221
11 1 49.7225 1.0 89
12 0 3.7325000000000017 1.0 2
11 0 47.167500000000004 1.0 86
10 1 57.3875 1.0 195
13 1 11.3975 1.0 109
11 0 34.3925 1.0 76
446145.3 6
10 1 57.3875 1.0 195
13 0 34.3925 1.0 126
12 1 49.7225 1.0 39
13 1 19.0625 1.0 115
11 0 36.947500000000005 1.0 78
12 1 39.5025 1.0 31
1027692.94 18
14 0 49.7225 1.0 238
12 1 59.94250000000001 1.0 47
11 0 11.3975 1.0 58
11 1 26.727500000000006 1.0 71
13 1 11.3975 1.0 109
14 1 13.9525 1.0 211
10 0 13.9525 1.0 160
10 0 44.6125 1.0 184
24 0 54.83250000000001 1.0 1242
7 0 39.5025 1.0 480
14 0 39.5025 1.0 230
13 0 49.7225 1.0 138
14 1 39.5025 1.0 231
13 0 29.2825 1.0 122
8 0 34.3925 1.0 376
14 0 3.7325000000000017 1.0 202
10 0 62.4975 1.0 198
12 0 19.0625 1.0 14
1817308.0 14
14 0 11.3975 1.0 208
12 0 59.94250000000001 1.0 46
11 0 44.6125 1.0 84
12 1 16.507500000000007 1.0 13
7 0 24.1725 1.0 468
11 1 31.837500000000006 1.0 75
13 0 44.6125 1.0 134
0 0 36.947500000000005 1.0 1178
10 1 24.1725 1.0 169
14 0 29.2825 1.0 222
12 0 62.4975 1.0 48
13 0 36.947500000000005 1.0 128
12 0 49.7225 1.0 38
11 0 6.287500000000001 1.0 54
442934.97 13
14 0 21.617500000000007 1.0 216
13 0 57.3875 1.0 144
2 0 52.2775 1.0 990
11 0 36.947500000000005 1.0 78
12 0 34.3925 1.0 26
13 1 31.837500000000006 1.0 125
15 1 36.947500000000005 1.0 329
12 0 1.177500000000002 1.0 0
14 1 54.83250000000001 1.0 243
10 1 24.1725 1.0 169
14 1 21.617500000000007 1.0 217
14 1 3.7325000000000017 1.0 203
10 1 6.287500000000001 1.0 155
741555.44 8
10 0 6.287500000000001 1.0 154
12 1 3.7325000000000017 1.0 3
11 1 21.617500000000007 1.0 67
14 1 29.2825 1.0 223
2 1 47.167500000000004 1.0 987
11 1 13.9525 1.0 61
12 0 8.842500000000001 1.0 6
13 1 49.7225 1.0 139
128998.0 21
13 0 49.7225 1.0 138
6 1 21.617500000000007 1.0 567
11 0 8.842500000000001 1.0 56
11 0 57.3875 1.0 94
18 1 11.3975 1.0 609
13 0 57.3875 1.0 144
12 1 62.4975 1.0 49
10 0 52.2775 1.0 190
16 1 3.7325000000000017 1.0 403
10 1 59.94250000000001 1.0 197
11 0 36.947500000000005 1.0 78
12 0 6.287500000000001 1.0 4
12 0 26.727500000000006 1.0 20
11 1 44.6125 1.0 85
12 0 31.837500000000006 1.0 24
8 1 52.2775 1.0 391
11 0 31.837500000000006 1.0 74
14 0 49.7225 1.0 238
13 0 59.94250000000001 1.0 146
12 1 44.6125 1.0 35
11 0 52.2775 1.0 90
1263393.5 8
10 1 62.4975 1.0 199
14 0 6.287500000000001 1.0 204
13 1 24.1725 1.0 119
10 0 52.2775 1.0 190
11 0 11.3975 1.0 58
11 1 1.177500000000002 1.0 51
1 0 62.4975 1.0 1098
14 1 36.947500000000005 1.0 229
289115.72 16
7 0 54.83250000000001 1.0 492
13 0 42.057500000000005 1.0 132
8 0 26.727500000000006 1.0 370
12 1 57.3875 1.0 45
14 0 59.94250000000001 1.0 246
14 0 29.2825 1.0 222
13 0 62.4975 1.0 148
6 0 19.0625 1.0 564
12 0 8.842500000000001 1.0 6
12 0 52.2775 1.0 40
11 1 52.2775 1.0 91
14 0 54.83250000000001 1.0 242
10 0 16.507500000000007 1.0 162
19 1 49.7225 1.0 739
13 1 26.727500000000006 1.0 121
14 0 6.287500000000001 1.0 204
1608395.8 8
14 1 54.83250000000001 1.0 243
11 0 62.4975 1.0 98
11 1 62.4975 1.0 99
12 1 19.0625 1.0 15
12 0 57.3875 1.0 44
14 1 34.3925 1.0 227
0 0 11.3975 1.0 1158
11 0 39.5025 1.0 80
470866.88 24
10 0 62.4975 1.0 198
11 1 24.1725 1.0 69
13 0 3.7325000000000017 1.0 102
14 1 39.5025 1.0 231
11 0 31.837500000000006 1.0 74
10 0 49.7225 1.0 188
12 0 49.7225 1.0 38
11 0 21.617500000000007 1.0 66
10 0 13.9525 1.0 160
14 1 8.842500000000001 1.0 207
14 0 54.83250000000001 1.0 242
14 1 3.7325000000000017 1.0 203
12 1 57.3875 1.0 45
10 0 44.6125 1.0 184
11 0 44.6125 1.0 84
16 1 34.3925 1.0 427
11 1 39.5025 1.0 81
10 0 34.3925 1.0 176
10 0 19.0625 1.0 164
14 1 44.6125 1.0 235
11 1 8.842500000000001 1.0 57
1 1 47.167500000000004 1.0 1087
13 1 21.617500000000007 1.0 117
17 1 52.2775 1.0 541
1680947.8 18
14 0 59.94250000000001 1.0 246
10 1 34.3925 1.0 177
8 1 44.6125 1.0 385
24 0 34.3925 1.0 1226
11 0 24.1725 1.0 68
11 1 52.2775 1.0 91
1 0 19.0625 1.0 1064
13 0 6.287500000000001 1.0 104
17 0 11.3975 1.0 508
11 0 57.3875 1.0 94
13 0 54.83250000000001 1.0 142
12 0 47.167500000000004 1.0 36
14 1 26.727500000000006 1.0 221
13 0 62.4975 1.0 148
22 1 13.9525 1.0 1011
2 0 31.837500000000006 1.0 974
14 0 3.7325000000000017 1.0 202
10 1 54.83250000000001 1.0 193
1376440.2 7
8 0 34.3925 1.0 376
11 0 31.837500000000006 1.0 74
11 0 54.83250000000001 1.0 92
11 1 49.7225 1.0 89
8 0 29.2825 1.0 372
13 1 26.727500000000006 1.0 121
4 0 62.4975 1.0 798
666066.5 24
7 1 6.287500000000001 1.0 455
13 0 8.842500000000001 1.0 106
10 1 44.6125 1.0 185
24 0 1.177500000000002 1.0 1200
13 0 36.947500000000005 1.0 128
17 0 8.842500000000001 1.0 506
11 1 62.4975 1.0 99
13 0 31.837500000000006 1.0 124
13 0 21.617500000000007 1.0 116
11 0 59.94250000000001 1.0 96
11 1 59.94250000000001 1.0 97
11 1 16.507500000000007 1.0 63
14 0 31.837500000000006 1.0 224
14 1 44.6125 1.0 235
13 0 57.3875 1.0 144
4 0 42.057500000000005 1.0 782
13 0 1.177500000000002 1.0 100
11 1 39.5025 1.0 81
15 0 1.177500000000002 1.0 300
10 1 26.727500000000006 1.0 171
13 0 26.727500000000006 1.0 120
13 1 57.3875 1.0 145
13 0 44.6125 1.0 134
11 0 6.287500000000001 1.0 54
714481.5 15
13 0 16.507500000000007 1.0 112
13 1 3.7325000000000017 1.0 103
12 1 1.177500000000002 1.0 1
11 1 6.287500000000001 1.0 55
13 0 19.0625 1.0 114
14 0 16.507500000000007 1.0 212
22 1 62.4975 1.0 1049
13 0 54.83250000000001 1.0 142
2 0 49.7225 1.0 988
7 1 1.177500000000002 1.0 451
10 0 6.287500000000001 1.0 154
10 0 16.507500000000007 1.0 162
11 0 26.727500000000006 1.0 70
12 0 52.2775 1.0 40
14 0 49.7225 1.0 238
1136158.9 18
10 1 36.947500000000005 1.0 179
10 1 11.3975 1.0 159
13 1 26.727500000000006 1.0 121
7 1 16.507500000000007 1.0 463
12 1 42.057500000000005 1.0 33
14 1 59.94250000000001 1.0 247
14 0 49.7225 1.0 238
13 1 44.6125 1.0 135
13 0 49.7225 1.0 138
8 0 21.617500000000007 1.0 366
17 0 62.4975 1.0 548
12 0 59.94250000000001 1.0 46
2 1 59.94250000000001 1.0 997
12 1 39.5025 1.0 31
13 1 29.2825 1.0 123
17 1 42.057500000000005 1.0 533
13 0 62.4975 1.0 148
19 1 29.2825 1.0 723
1423451.8 16
15 0 59.94250000000001 1.0 346
11 1 11.3975 1.0 59
13 0 54.83250000000001 1.0 142
22 0 42.057500000000005 1.0 1032
11 0 34.3925 1.0 76
10 0 49.7225 1.0 188
12 0 42.057500000000005 1.0 32
13 1 62.4975 1.0 149
14 1 44.6125 1.0 235
21 0 6.287500000000001 1.0 904
12 1 59.94250000000001 1.0 47
10 1 36.947500000000005 1.0 179
11 0 47.167500000000004 1.0 86
12 0 6.287500000000001 1.0 4
24 0 47.167500000000004 1.0 1236
13 1 26.727500000000006 1.0 121
1042773.8 6
13 1 29.2825 1.0 123
10 0 11.3975 1.0 158
15 0 39.5025 1.0 330
22 0 3.7325000000000017 1.0 1002
7 1 39.5025 1.0 481
12 1 21.617500000000007 1.0 17
1016932.94 20
7 0 8.842500000000001 1.0 456
13 0 11.3975 1.0 108
14 1 34.3925 1.0 227
14 1 31.837500000000006 1.0 225
10 1 1.177500000000002 1.0 151
10 0 44.6125 1.0 184
12 1 47.167500000000004 1.0 37
13 0 47.167500000000004 1.0 136
11 0 19.0625 1.0 64
16 1 1.177500000000002 1.0 401
13 1 36.947500000000005 1.0 129
11 0 44.6125 1.0 84
12 1 34.3925 1.0 27
14 1 47.167500000000004 1.0 237
12 1 26.727500000000006 1.0 21
14 1 1.177500000000002 1.0 201
10 1 59.94250000000001 1.0 197
15 0 34.3925 1.0 326
11 0 31.837500000000006 1.0 74
14 1 39.5025 1.0 231
1142519.8 9
8 1 62.4975 1.0 399
14 1 59.94250000000001 1.0 247
14 1 24.1725 1.0 219
14 1 6.287500000000001 1.0 205
10 1 36.947500000000005 1.0 179
11 0 34.3925 1.0 76
14 0 19.0625 1.0 214
13 0 16.507500000000007 1.0 112
18 1 19.0625 1.0 615
826167.94 7
13 0 13.9525 1.0 110
12 1 44.6125 1.0 35
10 0 39.5025 1.0 180
11 1 3.7325000000000017 1.0 53
14 1 57.3875 1.0 245
14 1 49.7225 1.0 239
13 0 42.057500000000005 1.0 132
1934935.5 12
11 0 34.3925 1.0 76
12 0 3.7325000000000017 1.0 2
11 0 8.842500000000001 1.0 56
10 1 31.837500000000006 1.0 175
10 0 59.94250000000001 1.0 196
11 1 34.3925 1.0 77
14 0 3.7325000000000017 1.0 202
11 0 11.3975 1.0 58
13 1 36.947500000000005 1.0 129
14 0 62.4975 1.0 248
3 0 47.167500000000004 1.0 886
19 0 52.2775 1.0 740
1400995.4 6
2 0 8.842500000000001 1.0 956
10 1 19.0625 1.0 165
10 0 3.7325000000000017 1.0 152
13 1 57.3875 1.0 145
12 1 11.3975 1.0 9
11 1 6.287500000000001 1.0 55
1329310.8 15
1 1 34.3925 1.0 1077
10 0 1.177500000000002 1.0 150
14 0 3.7325000000000017 1.0 202
14 1 26.727500000000006 1.0 221
13 0 29.2825 1.0 122
14 1 11.3975 1.0 209
12 0 31.837500000000006 1.0 24
14 1 49.7225 1.0 239
11 1 34.3925 1.0 77
24 0 59.94250000000001 1.0 1246
13 0 36.947500000000005 1.0 128
12 1 8.842500000000001 1.0 7
10 1 62.4975 1.0 199
11 0 36.947500000000005 1.0 78
14 1 6.287500000000001 1.0 205
977243.3 21
12 1 16.507500000000007 1.0 13
24 0 24.1725 1.0 1218
10 1 3.7325000000000017 1.0 153
10 0 44.6125 1.0 184
14 0 21.617500000000007 1.0 216
14 0 6.287500000000001 1.0 204
12 1 8.842500000000001 1.0 7
12 1 11.3975 1.0 9
13 0 13.9525 1.0 110
11 0 8.842500000000001 1.0 56
14 1 11.3975 1.0 209
10 1 8.842500000000001 1.0 157
5 0 3.7325000000000017 1.0 652
10 1 31.837500000000006 1.0 175
14 1 3.7325000000000017 1.0 203
14 0 13.9525 1.0 210
16 0 59.94250000000001 1.0 446
11 0 57.3875 1.0 94
10 0 16.507500000000007 1.0 162
13 1 16.507500000000007 1.0 113
13 0 36.947500000000005 1.0 128
1996461.6 22
11 1 54.83250000000001 1.0 93
11 0 59.94250000000001 1.0 96
11 0 3.7325000000000017 1.0 52
13 0 52.2775 1.0 140
19 1 8.842500000000001 1.0 707
2 1 31.837500000000006 1.0 975
11 0 42.057500000000005 1.0 82
10 1 39.5025 1.0 181
12 1 16.507500000000007 1.0 13
15 0 34.3925 1.0 326
9 0 8.842500000000001 1.0 256
12 0 29.2825 1.0 22
10 1 1.177500000000002 1.0 151
14 0 42.057500000000005 1.0 232
13 0 54.83250000000001 1.0 142
13 0 24.1725 1.0 118
14 1 8.842500000000001 1.0 207
5 0 29.2825 1.0 672
19 0 16.507500000000007 1.0 712
18 0 1.177500000000002 1.0 600
10 0 16.507500000000007 1.0 162
16 1 21.617500000000007 1.0 417
947404.7 18
10 0 34.3925 1.0 176
12 0 49.7225 1.0 38
7 0 42.057500000000005 1.0 482
10 1 62.4975 1.0 199
14 0 54.83250000000001 1.0 242
14 1 36.947500000000005 1.0 229
14 1 21.617500000000007 1.0 217
14 1 54.83250000000001 1.0 243
11 0 52.2775 1.0 90
13 0 6.287500000000001 1.0 104
13 0 57.3875 1.0 144
20 0 6.287500000000001 1.0 804
10 1 47.167500000000004 1.0 187
13 0 36.947500000000005 1.0 128
12 1 13.9525 1.0 11
1 1 31.837500000000006 1.0 1075
16 1 57.3875 1.0 445
12 0 44.6125 1.0 34
