Numero de pedidos
150
duedate num_referencias // pasillo lado altura peso
543599.6 5
10 1 54.83250000000001 1.0 543
14 0 47.167500000000004 1.0 736
0 1 19.0625 1.0 15
10 0 57.3875 1.0 544
11 1 26.727500000000006 1.0 571
1773303.2 12
10 1 57.3875 1.0 545
13 1 8.842500000000001 1.0 657
17 1 57.3875 1.0 895
13 1 44.6125 1.0 685
1 1 8.842500000000001 1.0 57
7 0 47.167500000000004 1.0 386
14 1 3.7325000000000017 1.0 703
21 0 6.287500000000001 1.0 1054
12 0 19.0625 1.0 614
16 0 6.287500000000001 1.0 804
11 0 31.837500000000006 1.0 574
9 1 8.842500000000001 1.0 457
1328285.9 6
12 1 3.7325000000000017 1.0 603
3 0 34.3925 1.0 176
7 0 47.167500000000004 1.0 386
21 0 8.842500000000001 1.0 1056
23 0 52.2775 1.0 1190
21 0 59.94250000000001 1.0 1096
1459778.1 6
3 1 34.3925 1.0 177
13 0 19.0625 1.0 664
22 0 3.7325000000000017 1.0 1102
6 1 52.2775 1.0 341
24 0 6.287500000000001 1.0 1204
17 0 49.7225 1.0 888
934937.7 16
15 1 44.6125 1.0 785
0 1 8.842500000000001 1.0 7
6 1 52.2775 1.0 341
1 0 54.83250000000001 1.0 92
13 1 47.167500000000004 1.0 687
4 0 57.3875 1.0 244
12 1 19.0625 1.0 615
5 1 13.9525 1.0 261
11 1 57.3875 1.0 595
15 1 47.167500000000004 1.0 787
17 0 57.3875 1.0 894
11 0 49.7225 1.0 588
9 1 42.057500000000005 1.0 483
18 0 1.177500000000002 1.0 900
4 0 47.167500000000004 1.0 236
24 0 24.1725 1.0 1218
1192081.9 6
6 1 52.2775 1.0 341
13 1 8.842500000000001 1.0 657
6 0 19.0625 1.0 314
20 1 52.2775 1.0 1041
8 0 54.83250000000001 1.0 442
8 1 8.842500000000001 1.0 407
330767.72 7
2 1 8.842500000000001 1.0 107
12 0 8.842500000000001 1.0 606
9 1 52.2775 1.0 491
1 0 54.83250000000001 1.0 92
16 1 47.167500000000004 1.0 837
7 0 42.057500000000005 1.0 382
0 1 24.1725 1.0 19
920020.6 11
23 1 6.287500000000001 1.0 1155
20 1 52.2775 1.0 1041
24 0 44.6125 1.0 1234
6 1 36.947500000000005 1.0 329
16 1 47.167500000000004 1.0 837
18 1 1.177500000000002 1.0 901
20 0 21.617500000000007 1.0 1016
10 0 19.0625 1.0 514
2 1 57.3875 1.0 145
22 1 3.7325000000000017 1.0 1103
0 1 19.0625 1.0 15
1591176.9 8
18 0 8.842500000000001 1.0 906
3 1 49.7225 1.0 189
20 0 21.617500000000007 1.0 1016
16 0 21.617500000000007 1.0 816
19 1 49.7225 1.0 989
20 0 47.167500000000004 1.0 1036
9 1 21.617500000000007 1.0 467
24 0 6.287500000000001 1.0 1204
278635.62 11
7 0 47.167500000000004 1.0 386
2 0 36.947500000000005 1.0 128
0 0 31.837500000000006 1.0 24
6 1 54.83250000000001 1.0 343
17 1 36.947500000000005 1.0 879
0 0 26.727500000000006 1.0 20
3 1 62.4975 1.0 199
22 1 21.617500000000007 1.0 1117
2 0 6.287500000000001 1.0 104
6 1 34.3925 1.0 327
16 0 49.7225 1.0 838
388702.25 11
22 1 1.177500000000002 1.0 1101
11 1 3.7325000000000017 1.0 553
23 0 1.177500000000002 1.0 1150
5 1 11.3975 1.0 259
2 1 13.9525 1.0 111
9 1 39.5025 1.0 481
4 0 44.6125 1.0 234
20 1 26.727500000000006 1.0 1021
9 1 19.0625 1.0 465
5 1 13.9525 1.0 261
16 0 44.6125 1.0 834
711999.75 7
24 0 52.2775 1.0 1240
5 1 47.167500000000004 1.0 287
16 0 29.2825 1.0 822
9 1 19.0625 1.0 465
1 1 8.842500000000001 1.0 57
20 1 52.2775 1.0 1041
10 1 59.94250000000001 1.0 547
147643.22 12
6 1 8.842500000000001 1.0 307
22 1 24.1725 1.0 1119
3 1 62.4975 1.0 199
1 0 39.5025 1.0 80
8 1 54.83250000000001 1.0 443
1 0 29.2825 1.0 72
11 1 26.727500000000006 1.0 571
12 0 34.3925 1.0 626
19 1 49.7225 1.0 989
10 1 54.83250000000001 1.0 543
22 0 3.7325000000000017 1.0 1102
5 1 36.947500000000005 1.0 279
1595706.1 5
5 1 44.6125 1.0 285
10 1 19.0625 1.0 515
9 0 57.3875 1.0 494
8 1 29.2825 1.0 423
18 0 1.177500000000002 1.0 900
206066.1 8
0 1 8.842500000000001 1.0 7
7 0 47.167500000000004 1.0 386
19 1 62.4975 1.0 999
23 1 47.167500000000004 1.0 1187
20 1 52.2775 1.0 1041
12 1 24.1725 1.0 619
20 1 26.727500000000006 1.0 1021
16 0 47.167500000000004 1.0 836
1186527.6 5
2 0 13.9525 1.0 110
21 1 54.83250000000001 1.0 1093
9 1 39.5025 1.0 481
13 0 36.947500000000005 1.0 678
14 1 24.1725 1.0 719
341979.28 14
8 0 39.5025 1.0 430
5 1 44.6125 1.0 285
9 1 52.2775 1.0 491
17 1 29.2825 1.0 873
3 0 62.4975 1.0 198
9 1 42.057500000000005 1.0 483
21 1 57.3875 1.0 1095
24 0 1.177500000000002 1.0 1200
14 0 47.167500000000004 1.0 736
12 1 29.2825 1.0 623
11 0 52.2775 1.0 590
23 0 13.9525 1.0 1160
16 0 21.617500000000007 1.0 816
4 0 52.2775 1.0 240
104982.13 14
9 1 8.842500000000001 1.0 457
0 1 24.1725 1.0 19
1 1 29.2825 1.0 73
24 1 52.2775 1.0 1241
7 1 49.7225 1.0 389
11 1 8.842500000000001 1.0 557
0 0 42.057500000000005 1.0 32
16 0 44.6125 1.0 834
13 0 19.0625 1.0 664
11 0 49.7225 1.0 588
19 1 42.057500000000005 1.0 983
22 0 52.2775 1.0 1140
21 0 3.7325000000000017 1.0 1052
5 1 49.7225 1.0 289
800313.1 9
17 0 49.7225 1.0 888
2 0 6.287500000000001 1.0 104
12 1 19.0625 1.0 615
24 0 3.7325000000000017 1.0 1202
0 0 31.837500000000006 1.0 24
7 1 3.7325000000000017 1.0 353
6 1 62.4975 1.0 349
2 0 57.3875 1.0 144
11 1 26.727500000000006 1.0 571
870030.0 18
22 1 3.7325000000000017 1.0 1103
18 0 1.177500000000002 1.0 900
14 0 19.0625 1.0 714
13 1 36.947500000000005 1.0 679
4 1 11.3975 1.0 209
15 1 42.057500000000005 1.0 783
3 0 57.3875 1.0 194
4 0 52.2775 1.0 240
2 1 62.4975 1.0 149
6 0 54.83250000000001 1.0 342
24 0 1.177500000000002 1.0 1200
17 1 29.2825 1.0 873
24 1 1.177500000000002 1.0 1201
2 1 57.3875 1.0 145
16 1 26.727500000000006 1.0 821
1 0 59.94250000000001 1.0 96
11 1 36.947500000000005 1.0 579
3 0 62.4975 1.0 198
817167.2 15
8 1 42.057500000000005 1.0 433
3 1 34.3925 1.0 177
10 0 36.947500000000005 1.0 528
6 0 26.727500000000006 1.0 320
19 1 21.617500000000007 1.0 967
24 0 3.7325000000000017 1.0 1202
11 0 44.6125 1.0 584
2 1 57.3875 1.0 145
23 1 36.947500000000005 1.0 1179
4 0 34.3925 1.0 226
24 0 6.287500000000001 1.0 1204
20 1 47.167500000000004 1.0 1037
5 1 29.2825 1.0 273
21 0 24.1725 1.0 1068
22 0 52.2775 1.0 1140
1374118.8 9
3 1 44.6125 1.0 185
11 0 36.947500000000005 1.0 578
1 0 31.837500000000006 1.0 74
12 1 24.1725 1.0 619
24 0 6.287500000000001 1.0 1204
13 0 3.7325000000000017 1.0 652
5 1 49.7225 1.0 289
18 0 8.842500000000001 1.0 906
8 1 31.837500000000006 1.0 425
682197.7 6
1 0 49.7225 1.0 88
14 0 26.727500000000006 1.0 720
23 1 49.7225 1.0 1189
23 1 21.617500000000007 1.0 1167
20 0 16.507500000000007 1.0 1012
2 0 24.1725 1.0 118
1418200.0 21
17 1 36.947500000000005 1.0 879
8 1 31.837500000000006 1.0 425
12 0 31.837500000000006 1.0 624
16 0 21.617500000000007 1.0 816
1 1 49.7225 1.0 89
1 1 26.727500000000006 1.0 71
16 0 44.6125 1.0 834
20 0 8.842500000000001 1.0 1006
16 0 49.7225 1.0 838
20 0 21.617500000000007 1.0 1016
21 1 29.2825 1.0 1073
9 1 26.727500000000006 1.0 471
0 0 59.94250000000001 1.0 46
9 1 8.842500000000001 1.0 457
22 1 3.7325000000000017 1.0 1103
21 0 42.057500000000005 1.0 1082
11 0 42.057500000000005 1.0 582
1 1 57.3875 1.0 95
20 0 16.507500000000007 1.0 1012
8 1 13.9525 1.0 411
19 1 21.617500000000007 1.0 967
1703564.4 6
14 0 19.0625 1.0 714
13 0 34.3925 1.0 676
11 0 52.2775 1.0 590
10 0 34.3925 1.0 526
18 0 8.842500000000001 1.0 906
22 0 52.2775 1.0 1140
289851.7 6
18 0 1.177500000000002 1.0 900
3 1 49.7225 1.0 189
22 1 36.947500000000005 1.0 1129
10 0 34.3925 1.0 526
18 1 34.3925 1.0 927
17 1 1.177500000000002 1.0 851
824540.56 14
16 0 29.2825 1.0 822
9 1 42.057500000000005 1.0 483
11 1 39.5025 1.0 581
10 0 29.2825 1.0 522
5 0 24.1725 1.0 268
18 0 8.842500000000001 1.0 906
17 0 42.057500000000005 1.0 882
16 0 1.177500000000002 1.0 800
19 0 42.057500000000005 1.0 982
16 0 21.617500000000007 1.0 816
11 0 1.177500000000002 1.0 550
11 1 21.617500000000007 1.0 567
16 0 11.3975 1.0 808
8 0 42.057500000000005 1.0 432
220532.89 13
23 1 62.4975 1.0 1199
21 0 26.727500000000006 1.0 1070
3 0 52.2775 1.0 190
5 1 29.2825 1.0 273
24 0 19.0625 1.0 1214
18 1 49.7225 1.0 939
0 1 19.0625 1.0 15
22 1 36.947500000000005 1.0 1129
11 1 54.83250000000001 1.0 593
20 0 42.057500000000005 1.0 1032
14 0 6.287500000000001 1.0 704
8 1 42.057500000000005 1.0 433
17 0 36.947500000000005 1.0 878
197703.36 6
20 0 21.617500000000007 1.0 1016
7 1 36.947500000000005 1.0 379
6 1 34.3925 1.0 327
7 0 1.177500000000002 1.0 350
1 0 26.727500000000006 1.0 70
9 0 8.842500000000001 1.0 456
251953.48 11
13 0 36.947500000000005 1.0 678
15 1 42.057500000000005 1.0 783
21 0 24.1725 1.0 1068
9 1 36.947500000000005 1.0 479
22 0 11.3975 1.0 1108
3 0 62.4975 1.0 198
14 1 16.507500000000007 1.0 713
21 0 1.177500000000002 1.0 1050
3 1 24.1725 1.0 169
20 0 26.727500000000006 1.0 1020
17 1 47.167500000000004 1.0 887
1786653.8 15
17 1 29.2825 1.0 873
14 1 16.507500000000007 1.0 713
22 1 62.4975 1.0 1149
13 0 19.0625 1.0 664
23 0 3.7325000000000017 1.0 1152
1 1 26.727500000000006 1.0 71
11 0 16.507500000000007 1.0 562
2 0 3.7325000000000017 1.0 102
13 0 16.507500000000007 1.0 662
14 0 13.9525 1.0 710
0 1 24.1725 1.0 19
3 0 49.7225 1.0 188
24 1 1.177500000000002 1.0 1201
22 0 11.3975 1.0 1108
8 1 42.057500000000005 1.0 433
130948.234 16
20 1 36.947500000000005 1.0 1029
15 1 42.057500000000005 1.0 783
24 0 6.287500000000001 1.0 1204
23 0 57.3875 1.0 1194
1 1 57.3875 1.0 95
20 0 16.507500000000007 1.0 1012
12 1 8.842500000000001 1.0 607
9 1 36.947500000000005 1.0 479
10 0 3.7325000000000017 1.0 502
3 1 19.0625 1.0 165
5 1 36.947500000000005 1.0 279
11 1 21.617500000000007 1.0 567
14 0 6.287500000000001 1.0 704
16 0 11.3975 1.0 808
4 0 57.3875 1.0 244
20 0 8.842500000000001 1.0 1006
694134.9 22
23 1 21.617500000000007 1.0 1167
9 1 8.842500000000001 1.0 457
4 0 34.3925 1.0 226
24 0 44.6125 1.0 1234
3 1 16.507500000000007 1.0 163
16 0 21.617500000000007 1.0 816
24 1 24.1725 1.0 1219
0 1 29.2825 1.0 23
12 1 19.0625 1.0 615
8 0 16.507500000000007 1.0 412
22 0 52.2775 1.0 1140
12 1 24.1725 1.0 619
23 1 1.177500000000002 1.0 1151
5 0 13.9525 1.0 260
8 1 3.7325000000000017 1.0 403
2 1 42.057500000000005 1.0 133
15 1 42.057500000000005 1.0 783
20 0 42.057500000000005 1.0 1032
9 1 11.3975 1.0 459
13 0 3.7325000000000017 1.0 652
12 0 19.0625 1.0 614
10 1 47.167500000000004 1.0 537
1866605.6 9
15 1 44.6125 1.0 785
5 1 57.3875 1.0 295
0 0 31.837500000000006 1.0 24
3 1 62.4975 1.0 199
23 0 1.177500000000002 1.0 1150
20 1 3.7325000000000017 1.0 1003
20 0 36.947500000000005 1.0 1028
11 1 54.83250000000001 1.0 593
0 0 42.057500000000005 1.0 32
171793.6 7
5 0 24.1725 1.0 268
1 1 34.3925 1.0 77
11 1 21.617500000000007 1.0 567
20 1 3.7325000000000017 1.0 1003
20 1 44.6125 1.0 1035
23 1 1.177500000000002 1.0 1151
6 0 39.5025 1.0 330
1620022.8 7
11 0 1.177500000000002 1.0 550
19 1 21.617500000000007 1.0 967
5 0 13.9525 1.0 260
23 1 1.177500000000002 1.0 1151
6 0 13.9525 1.0 310
5 0 26.727500000000006 1.0 270
10 0 11.3975 1.0 508
1465871.4 18
16 0 11.3975 1.0 808
0 1 39.5025 1.0 31
18 0 24.1725 1.0 918
21 0 29.2825 1.0 1072
4 0 52.2775 1.0 240
20 0 44.6125 1.0 1034
8 1 47.167500000000004 1.0 437
9 1 39.5025 1.0 481
3 1 6.287500000000001 1.0 155
2 0 57.3875 1.0 144
18 0 8.842500000000001 1.0 906
18 1 59.94250000000001 1.0 947
0 1 34.3925 1.0 27
18 1 49.7225 1.0 939
10 0 57.3875 1.0 544
21 0 6.287500000000001 1.0 1054
18 1 62.4975 1.0 949
6 0 39.5025 1.0 330
1521003.0 21
9 0 1.177500000000002 1.0 450
4 0 6.287500000000001 1.0 204
9 1 26.727500000000006 1.0 471
23 1 31.837500000000006 1.0 1175
0 0 42.057500000000005 1.0 32
6 1 34.3925 1.0 327
3 1 62.4975 1.0 199
7 0 13.9525 1.0 360
18 1 49.7225 1.0 939
9 1 62.4975 1.0 499
3 1 6.287500000000001 1.0 155
10 1 59.94250000000001 1.0 547
9 1 19.0625 1.0 465
0 1 24.1725 1.0 19
11 0 59.94250000000001 1.0 596
12 1 49.7225 1.0 639
22 1 52.2775 1.0 1141
21 0 26.727500000000006 1.0 1070
8 0 39.5025 1.0 430
18 0 24.1725 1.0 918
2 0 57.3875 1.0 144
858242.94 17
0 1 19.0625 1.0 15
11 0 59.94250000000001 1.0 596
4 1 49.7225 1.0 239
4 1 1.177500000000002 1.0 201
21 0 26.727500000000006 1.0 1070
17 1 29.2825 1.0 873
5 1 44.6125 1.0 285
22 1 36.947500000000005 1.0 1129
3 1 49.7225 1.0 189
3 1 24.1725 1.0 169
16 1 54.83250000000001 1.0 843
9 1 21.617500000000007 1.0 467
16 0 11.3975 1.0 808
20 0 1.177500000000002 1.0 1000
6 0 13.9525 1.0 310
24 1 59.94250000000001 1.0 1247
12 1 57.3875 1.0 645
1436183.5 13
23 0 52.2775 1.0 1190
1 1 57.3875 1.0 95
4 1 57.3875 1.0 245
20 0 21.617500000000007 1.0 1016
24 0 1.177500000000002 1.0 1200
3 1 62.4975 1.0 199
8 1 42.057500000000005 1.0 433
14 0 57.3875 1.0 744
5 1 13.9525 1.0 261
0 1 39.5025 1.0 31
0 0 59.94250000000001 1.0 46
13 0 19.0625 1.0 664
3 0 52.2775 1.0 190
1828875.4 10
23 0 52.2775 1.0 1190
7 1 3.7325000000000017 1.0 353
1 1 42.057500000000005 1.0 83
23 1 6.287500000000001 1.0 1155
15 1 11.3975 1.0 759
15 0 21.617500000000007 1.0 766
1 0 29.2825 1.0 72
3 0 34.3925 1.0 176
20 0 16.507500000000007 1.0 1012
19 1 62.4975 1.0 999
162802.56 17
1 1 49.7225 1.0 89
14 1 6.287500000000001 1.0 705
2 0 24.1725 1.0 118
6 1 49.7225 1.0 339
9 0 49.7225 1.0 488
21 0 24.1725 1.0 1068
10 1 47.167500000000004 1.0 537
16 1 8.842500000000001 1.0 807
5 1 54.83250000000001 1.0 293
21 1 57.3875 1.0 1095
6 0 19.0625 1.0 314
0 1 42.057500000000005 1.0 33
12 0 13.9525 1.0 610
9 1 19.0625 1.0 465
14 0 16.507500000000007 1.0 712
10 1 31.837500000000006 1.0 525
11 1 36.947500000000005 1.0 579
1545780.0 5
9 0 49.7225 1.0 488
18 1 13.9525 1.0 911
0 0 19.0625 1.0 14
5 1 36.947500000000005 1.0 279
5 1 44.6125 1.0 285
790580.4 6
23 1 42.057500000000005 1.0 1183
0 0 42.057500000000005 1.0 32
24 1 31.837500000000006 1.0 1225
15 1 39.5025 1.0 781
12 1 3.7325000000000017 1.0 603
0 0 59.94250000000001 1.0 46
72667.35 9
20 0 1.177500000000002 1.0 1000
19 0 42.057500000000005 1.0 982
3 1 24.1725 1.0 169
8 1 3.7325000000000017 1.0 403
5 0 36.947500000000005 1.0 278
16 1 3.7325000000000017 1.0 803
24 1 1.177500000000002 1.0 1201
8 1 29.2825 1.0 423
4 0 47.167500000000004 1.0 236
673322.9 7
14 0 19.0625 1.0 714
12 0 8.842500000000001 1.0 606
2 1 57.3875 1.0 145
22 1 52.2775 1.0 1141
21 0 6.287500000000001 1.0 1054
9 1 21.617500000000007 1.0 467
1 0 26.727500000000006 1.0 70
253195.0 19
16 0 49.7225 1.0 838
18 1 49.7225 1.0 939
0 1 19.0625 1.0 15
1 1 29.2825 1.0 73
11 0 1.177500000000002 1.0 550
1 1 52.2775 1.0 91
10 1 54.83250000000001 1.0 543
4 0 47.167500000000004 1.0 236
2 0 13.9525 1.0 110
15 0 21.617500000000007 1.0 766
11 1 21.617500000000007 1.0 567
2 0 24.1725 1.0 118
8 1 29.2825 1.0 423
10 1 59.94250000000001 1.0 547
7 1 49.7225 1.0 389
3 1 24.1725 1.0 169
22 0 3.7325000000000017 1.0 1102
20 1 52.2775 1.0 1041
6 1 62.4975 1.0 349
1036108.56 7
3 0 62.4975 1.0 198
1 1 26.727500000000006 1.0 71
24 1 39.5025 1.0 1231
4 0 49.7225 1.0 238
6 1 36.947500000000005 1.0 329
13 1 13.9525 1.0 661
3 0 57.3875 1.0 194
86658.555 17
19 1 34.3925 1.0 977
1 0 31.837500000000006 1.0 74
24 0 6.287500000000001 1.0 1204
11 1 39.5025 1.0 581
13 0 3.7325000000000017 1.0 652
12 0 8.842500000000001 1.0 606
12 1 19.0625 1.0 615
23 1 16.507500000000007 1.0 1163
11 0 16.507500000000007 1.0 562
21 1 57.3875 1.0 1095
10 1 59.94250000000001 1.0 547
20 1 11.3975 1.0 1009
0 0 42.057500000000005 1.0 32
9 0 19.0625 1.0 464
22 1 52.2775 1.0 1141
8 1 29.2825 1.0 423
19 0 6.287500000000001 1.0 954
1593492.5 6
8 1 3.7325000000000017 1.0 403
19 0 19.0625 1.0 964
7 1 49.7225 1.0 389
16 0 11.3975 1.0 808
6 1 52.2775 1.0 341
16 1 3.7325000000000017 1.0 803
168570.97 8
16 0 44.6125 1.0 834
20 0 3.7325000000000017 1.0 1002
18 1 49.7225 1.0 939
23 0 13.9525 1.0 1160
20 1 26.727500000000006 1.0 1021
18 1 26.727500000000006 1.0 921
24 0 52.2775 1.0 1240
10 1 59.94250000000001 1.0 547
1850669.0 14
13 1 13.9525 1.0 661
9 1 52.2775 1.0 491
3 0 52.2775 1.0 190
24 1 52.2775 1.0 1241
23 0 11.3975 1.0 1158
19 0 8.842500000000001 1.0 956
13 0 19.0625 1.0 664
16 0 21.617500000000007 1.0 816
11 1 21.617500000000007 1.0 567
17 1 52.2775 1.0 891
13 0 8.842500000000001 1.0 656
16 1 3.7325000000000017 1.0 803
17 0 57.3875 1.0 894
1 1 49.7225 1.0 89
171280.38 14
0 1 29.2825 1.0 23
14 0 26.727500000000006 1.0 720
2 1 62.4975 1.0 149
3 1 34.3925 1.0 177
24 0 19.0625 1.0 1214
6 1 54.83250000000001 1.0 343
8 0 42.057500000000005 1.0 432
14 0 19.0625 1.0 714
16 1 8.842500000000001 1.0 807
20 0 52.2775 1.0 1040
1 1 44.6125 1.0 85
16 0 19.0625 1.0 814
17 1 1.177500000000002 1.0 851
11 0 31.837500000000006 1.0 574
1180151.6 19
4 0 57.3875 1.0 244
10 1 49.7225 1.0 539
14 0 13.9525 1.0 710
3 1 49.7225 1.0 189
5 0 31.837500000000006 1.0 274
2 0 57.3875 1.0 144
15 1 11.3975 1.0 759
14 0 16.507500000000007 1.0 712
1 0 26.727500000000006 1.0 70
12 1 8.842500000000001 1.0 607
5 0 11.3975 1.0 258
3 1 13.9525 1.0 161
23 1 1.177500000000002 1.0 1151
9 1 8.842500000000001 1.0 457
1 1 44.6125 1.0 85
14 1 13.9525 1.0 711
2 1 54.83250000000001 1.0 143
14 0 26.727500000000006 1.0 720
9 0 49.7225 1.0 488
1850460.5 21
9 1 42.057500000000005 1.0 483
4 1 49.7225 1.0 239
5 0 13.9525 1.0 260
3 1 34.3925 1.0 177
10 1 54.83250000000001 1.0 543
21 0 26.727500000000006 1.0 1070
21 0 42.057500000000005 1.0 1082
0 0 26.727500000000006 1.0 20
21 0 3.7325000000000017 1.0 1052
11 0 59.94250000000001 1.0 596
24 0 44.6125 1.0 1234
0 0 31.837500000000006 1.0 24
14 1 16.507500000000007 1.0 713
12 0 11.3975 1.0 608
4 0 57.3875 1.0 244
4 1 1.177500000000002 1.0 201
14 1 3.7325000000000017 1.0 703
20 1 19.0625 1.0 1015
13 0 44.6125 1.0 684
5 1 54.83250000000001 1.0 293
13 1 42.057500000000005 1.0 683
293437.28 18
1 1 49.7225 1.0 89
14 0 13.9525 1.0 710
15 1 1.177500000000002 1.0 751
14 1 44.6125 1.0 735
1 1 44.6125 1.0 85
22 1 1.177500000000002 1.0 1101
22 0 3.7325000000000017 1.0 1102
11 0 16.507500000000007 1.0 562
11 1 54.83250000000001 1.0 593
4 1 1.177500000000002 1.0 201
22 1 52.2775 1.0 1141
23 1 29.2825 1.0 1173
11 0 52.2775 1.0 590
14 1 1.177500000000002 1.0 701
1 1 8.842500000000001 1.0 57
23 0 36.947500000000005 1.0 1178
14 0 26.727500000000006 1.0 720
6 1 34.3925 1.0 327
180565.23 9
4 0 47.167500000000004 1.0 236
9 0 1.177500000000002 1.0 450
22 0 52.2775 1.0 1140
1 1 19.0625 1.0 65
11 0 52.2775 1.0 590
10 1 31.837500000000006 1.0 525
23 0 57.3875 1.0 1194
15 1 39.5025 1.0 781
6 0 19.0625 1.0 314
350031.6 11
24 0 6.287500000000001 1.0 1204
8 1 42.057500000000005 1.0 433
14 0 47.167500000000004 1.0 736
20 0 11.3975 1.0 1008
20 1 26.727500000000006 1.0 1021
5 1 11.3975 1.0 259
9 1 42.057500000000005 1.0 483
10 0 39.5025 1.0 530
15 1 11.3975 1.0 759
24 0 24.1725 1.0 1218
12 1 57.3875 1.0 645
57663.945 15
11 1 26.727500000000006 1.0 571
15 1 44.6125 1.0 785
24 0 52.2775 1.0 1240
8 0 16.507500000000007 1.0 412
5 0 13.9525 1.0 260
18 1 26.727500000000006 1.0 921
5 1 16.507500000000007 1.0 263
11 0 59.94250000000001 1.0 596
8 1 31.837500000000006 1.0 425
17 0 49.7225 1.0 888
3 0 57.3875 1.0 194
19 0 19.0625 1.0 964
3 1 57.3875 1.0 195
4 0 52.2775 1.0 240
18 1 49.7225 1.0 939
92168.016 14
24 0 52.2775 1.0 1240
1 1 49.7225 1.0 89
10 0 19.0625 1.0 514
10 0 3.7325000000000017 1.0 502
16 1 8.842500000000001 1.0 807
19 0 19.0625 1.0 964
18 0 44.6125 1.0 934
7 1 59.94250000000001 1.0 397
23 0 3.7325000000000017 1.0 1152
12 1 57.3875 1.0 645
21 0 42.057500000000005 1.0 1082
24 0 31.837500000000006 1.0 1224
1 1 54.83250000000001 1.0 93
15 1 39.5025 1.0 781
492254.22 11
18 1 49.7225 1.0 939
1 1 42.057500000000005 1.0 83
5 1 54.83250000000001 1.0 293
1 0 54.83250000000001 1.0 92
11 1 62.4975 1.0 599
12 0 8.842500000000001 1.0 606
23 1 21.617500000000007 1.0 1167
9 0 8.842500000000001 1.0 456
24 1 24.1725 1.0 1219
9 1 19.0625 1.0 465
5 1 36.947500000000005 1.0 279
1337617.9 6
14 1 44.6125 1.0 735
18 0 24.1725 1.0 918
14 0 57.3875 1.0 744
21 1 34.3925 1.0 1077
9 1 19.0625 1.0 465
3 1 62.4975 1.0 199
743917.1 6
9 1 36.947500000000005 1.0 479
5 1 11.3975 1.0 259
0 1 39.5025 1.0 31
5 1 29.2825 1.0 273
23 0 52.2775 1.0 1190
13 0 52.2775 1.0 690
588550.6 6
11 1 21.617500000000007 1.0 567
20 1 26.727500000000006 1.0 1021
23 1 1.177500000000002 1.0 1151
13 0 31.837500000000006 1.0 674
10 1 59.94250000000001 1.0 547
15 1 42.057500000000005 1.0 783
1894241.4 21
21 0 21.617500000000007 1.0 1066
10 0 3.7325000000000017 1.0 502
15 1 62.4975 1.0 799
16 0 11.3975 1.0 808
16 0 19.0625 1.0 814
2 1 57.3875 1.0 145
1 0 49.7225 1.0 88
9 1 52.2775 1.0 491
2 1 42.057500000000005 1.0 133
0 1 57.3875 1.0 45
24 0 39.5025 1.0 1230
23 1 36.947500000000005 1.0 1179
1 1 19.0625 1.0 65
16 1 8.842500000000001 1.0 807
21 0 8.842500000000001 1.0 1056
5 1 44.6125 1.0 285
4 0 39.5025 1.0 230
8 0 39.5025 1.0 430
9 1 36.947500000000005 1.0 479
22 0 11.3975 1.0 1108
6 0 3.7325000000000017 1.0 302
723779.0 7
21 0 34.3925 1.0 1076
10 1 57.3875 1.0 545
11 1 21.617500000000007 1.0 567
3 0 52.2775 1.0 190
20 0 47.167500000000004 1.0 1036
20 1 19.0625 1.0 1015
19 1 21.617500000000007 1.0 967
1560232.6 13
9 0 1.177500000000002 1.0 450
18 0 8.842500000000001 1.0 906
20 1 3.7325000000000017 1.0 1003
10 1 42.057500000000005 1.0 533
16 1 52.2775 1.0 841
8 1 34.3925 1.0 427
3 0 21.617500000000007 1.0 166
10 0 57.3875 1.0 544
21 0 3.7325000000000017 1.0 1052
24 0 52.2775 1.0 1240
3 1 24.1725 1.0 169
10 1 57.3875 1.0 545
19 0 19.0625 1.0 964
1052496.1 24
16 1 62.4975 1.0 849
1 1 8.842500000000001 1.0 57
21 1 36.947500000000005 1.0 1079
1 0 47.167500000000004 1.0 86
0 1 24.1725 1.0 19
23 0 57.3875 1.0 1194
1 1 44.6125 1.0 85
1 0 29.2825 1.0 72
12 1 3.7325000000000017 1.0 603
9 1 26.727500000000006 1.0 471
19 1 34.3925 1.0 977
9 1 36.947500000000005 1.0 479
16 0 52.2775 1.0 840
13 1 8.842500000000001 1.0 657
15 1 11.3975 1.0 759
1 1 21.617500000000007 1.0 67
10 1 57.3875 1.0 545
21 0 62.4975 1.0 1098
3 0 57.3875 1.0 194
3 0 34.3925 1.0 176
6 1 34.3925 1.0 327
4 0 52.2775 1.0 240
16 0 21.617500000000007 1.0 816
10 0 3.7325000000000017 1.0 502
155816.67 8
9 1 8.842500000000001 1.0 457
23 0 52.2775 1.0 1190
24 0 16.507500000000007 1.0 1212
11 0 52.2775 1.0 590
5 1 31.837500000000006 1.0 275
14 1 16.507500000000007 1.0 713
9 0 49.7225 1.0 488
14 1 54.83250000000001 1.0 743
898273.9 7
21 0 8.842500000000001 1.0 1056
10 0 34.3925 1.0 526
16 0 47.167500000000004 1.0 836
22 1 52.2775 1.0 1141
0 0 42.057500000000005 1.0 32
3 1 49.7225 1.0 189
3 0 24.1725 1.0 168
1311432.2 18
10 1 54.83250000000001 1.0 543
1 1 19.0625 1.0 65
14 0 26.727500000000006 1.0 720
12 1 3.7325000000000017 1.0 603
3 1 24.1725 1.0 169
6 1 52.2775 1.0 341
16 1 34.3925 1.0 827
3 1 34.3925 1.0 177
11 0 59.94250000000001 1.0 596
7 1 59.94250000000001 1.0 397
8 1 13.9525 1.0 411
16 1 47.167500000000004 1.0 837
19 0 42.057500000000005 1.0 982
5 0 31.837500000000006 1.0 274
8 1 3.7325000000000017 1.0 403
14 0 34.3925 1.0 726
2 0 47.167500000000004 1.0 136
14 0 13.9525 1.0 710
1882042.5 15
7 1 3.7325000000000017 1.0 353
19 0 36.947500000000005 1.0 978
6 0 39.5025 1.0 330
8 1 31.837500000000006 1.0 425
11 0 42.057500000000005 1.0 582
22 1 6.287500000000001 1.0 1105
10 1 19.0625 1.0 515
19 0 54.83250000000001 1.0 992
1 0 49.7225 1.0 88
7 0 39.5025 1.0 380
12 0 31.837500000000006 1.0 624
3 0 21.617500000000007 1.0 166
12 1 24.1725 1.0 619
9 1 39.5025 1.0 481
20 1 49.7225 1.0 1039
1074489.1 15
11 0 31.837500000000006 1.0 574
22 1 1.177500000000002 1.0 1101
8 1 19.0625 1.0 415
20 1 11.3975 1.0 1009
19 0 42.057500000000005 1.0 982
10 1 57.3875 1.0 545
24 1 1.177500000000002 1.0 1201
17 1 36.947500000000005 1.0 879
6 0 19.0625 1.0 314
20 0 31.837500000000006 1.0 1024
20 1 52.2775 1.0 1041
4 0 47.167500000000004 1.0 236
16 1 47.167500000000004 1.0 837
16 0 52.2775 1.0 840
20 1 3.7325000000000017 1.0 1003
379404.2 19
24 0 16.507500000000007 1.0 1212
3 0 34.3925 1.0 176
2 0 39.5025 1.0 130
2 1 11.3975 1.0 109
22 1 52.2775 1.0 1141
19 0 54.83250000000001 1.0 992
14 1 44.6125 1.0 735
20 0 16.507500000000007 1.0 1012
24 1 24.1725 1.0 1219
22 0 59.94250000000001 1.0 1146
8 0 42.057500000000005 1.0 432
9 1 26.727500000000006 1.0 471
6 0 3.7325000000000017 1.0 302
8 1 13.9525 1.0 411
11 1 21.617500000000007 1.0 567
15 1 49.7225 1.0 789
22 1 39.5025 1.0 1131
24 0 6.287500000000001 1.0 1204
15 0 49.7225 1.0 788
181673.03 12
24 0 24.1725 1.0 1218
21 0 42.057500000000005 1.0 1082
2 0 13.9525 1.0 110
24 0 3.7325000000000017 1.0 1202
21 0 52.2775 1.0 1090
20 0 8.842500000000001 1.0 1006
6 0 39.5025 1.0 330
8 1 29.2825 1.0 423
23 0 13.9525 1.0 1160
2 1 13.9525 1.0 111
21 0 26.727500000000006 1.0 1070
11 0 49.7225 1.0 588
1207089.5 21
10 0 3.7325000000000017 1.0 502
14 0 62.4975 1.0 748
1 1 49.7225 1.0 89
9 1 42.057500000000005 1.0 483
8 1 19.0625 1.0 415
9 1 36.947500000000005 1.0 479
19 1 26.727500000000006 1.0 971
8 0 16.507500000000007 1.0 412
5 1 49.7225 1.0 289
1 1 57.3875 1.0 95
20 1 19.0625 1.0 1015
4 1 29.2825 1.0 223
15 1 42.057500000000005 1.0 783
1 0 54.83250000000001 1.0 92
21 0 24.1725 1.0 1068
20 1 11.3975 1.0 1009
9 1 21.617500000000007 1.0 467
13 0 8.842500000000001 1.0 656
14 0 13.9525 1.0 710
22 1 3.7325000000000017 1.0 1103
21 0 19.0625 1.0 1064
1317500.1 20
5 0 19.0625 1.0 264
1 1 11.3975 1.0 59
22 0 34.3925 1.0 1126
24 0 3.7325000000000017 1.0 1202
21 0 8.842500000000001 1.0 1056
5 1 54.83250000000001 1.0 293
18 1 36.947500000000005 1.0 929
10 1 42.057500000000005 1.0 533
12 0 8.842500000000001 1.0 606
17 1 59.94250000000001 1.0 897
11 0 42.057500000000005 1.0 582
14 1 16.507500000000007 1.0 713
18 1 59.94250000000001 1.0 947
1 1 26.727500000000006 1.0 71
15 1 54.83250000000001 1.0 793
9 1 26.727500000000006 1.0 471
22 1 11.3975 1.0 1109
23 0 52.2775 1.0 1190
9 1 24.1725 1.0 469
8 1 44.6125 1.0 435
329243.28 16
2 1 24.1725 1.0 119
1 0 31.837500000000006 1.0 74
13 0 3.7325000000000017 1.0 652
11 0 31.837500000000006 1.0 574
1 1 11.3975 1.0 59
22 0 59.94250000000001 1.0 1146
6 1 34.3925 1.0 327
24 0 16.507500000000007 1.0 1212
22 0 3.7325000000000017 1.0 1102
0 0 42.057500000000005 1.0 32
19 0 62.4975 1.0 998
6 0 19.0625 1.0 314
17 1 29.2825 1.0 873
11 1 21.617500000000007 1.0 567
5 1 31.837500000000006 1.0 275
22 1 36.947500000000005 1.0 1129
1506771.4 10
11 0 31.837500000000006 1.0 574
21 0 19.0625 1.0 1064
20 0 26.727500000000006 1.0 1020
11 1 52.2775 1.0 591
5 0 24.1725 1.0 268
10 0 57.3875 1.0 544
1 0 29.2825 1.0 72
11 0 62.4975 1.0 598
13 1 29.2825 1.0 673
15 0 19.0625 1.0 764
914395.06 16
23 0 52.2775 1.0 1190
21 1 11.3975 1.0 1059
15 1 31.837500000000006 1.0 775
23 1 3.7325000000000017 1.0 1153
24 1 24.1725 1.0 1219
16 0 52.2775 1.0 840
19 1 6.287500000000001 1.0 955
8 1 44.6125 1.0 435
11 0 52.2775 1.0 590
23 0 24.1725 1.0 1168
3 0 52.2775 1.0 190
21 0 59.94250000000001 1.0 1096
8 1 3.7325000000000017 1.0 403
14 0 19.0625 1.0 714
18 1 26.727500000000006 1.0 921
11 1 19.0625 1.0 565
1400865.1 23
6 0 44.6125 1.0 334
9 1 29.2825 1.0 473
9 0 1.177500000000002 1.0 450
23 1 6.287500000000001 1.0 1155
0 1 39.5025 1.0 31
14 1 44.6125 1.0 735
22 0 24.1725 1.0 1118
5 1 11.3975 1.0 259
14 1 29.2825 1.0 723
20 0 47.167500000000004 1.0 1036
0 0 36.947500000000005 1.0 28
10 1 54.83250000000001 1.0 543
18 0 19.0625 1.0 914
21 1 26.727500000000006 1.0 1071
23 0 36.947500000000005 1.0 1178
3 1 24.1725 1.0 169
2 0 54.83250000000001 1.0 142
10 1 42.057500000000005 1.0 533
0 0 31.837500000000006 1.0 24
22 0 34.3925 1.0 1126
5 0 24.1725 1.0 268
15 0 21.617500000000007 1.0 766
0 0 26.727500000000006 1.0 20
1136264.6 13
6 1 49.7225 1.0 339
17 0 1.177500000000002 1.0 850
0 0 52.2775 1.0 40
15 0 29.2825 1.0 772
21 0 52.2775 1.0 1090
5 1 54.83250000000001 1.0 293
5 1 16.507500000000007 1.0 263
12 1 49.7225 1.0 639
20 0 21.617500000000007 1.0 1016
13 0 3.7325000000000017 1.0 652
12 1 62.4975 1.0 649
8 1 44.6125 1.0 435
0 1 24.1725 1.0 19
789512.25 14
2 0 6.287500000000001 1.0 104
3 1 62.4975 1.0 199
24 0 19.0625 1.0 1214
16 0 11.3975 1.0 808
3 1 6.287500000000001 1.0 155
24 0 52.2775 1.0 1240
7 1 49.7225 1.0 389
8 1 29.2825 1.0 423
1 1 11.3975 1.0 59
8 1 13.9525 1.0 411
9 0 49.7225 1.0 488
1 1 19.0625 1.0 65
23 1 42.057500000000005 1.0 1183
12 1 8.842500000000001 1.0 607
249838.9 6
9 1 62.4975 1.0 499
24 0 6.287500000000001 1.0 1204
5 1 54.83250000000001 1.0 293
13 1 47.167500000000004 1.0 687
4 0 52.2775 1.0 240
1 1 11.3975 1.0 59
582296.06 12
17 0 31.837500000000006 1.0 874
1 1 44.6125 1.0 85
20 1 19.0625 1.0 1015
18 0 44.6125 1.0 934
2 1 13.9525 1.0 111
11 0 3.7325000000000017 1.0 552
6 0 44.6125 1.0 334
12 1 49.7225 1.0 639
8 1 31.837500000000006 1.0 425
23 0 31.837500000000006 1.0 1174
0 0 31.837500000000006 1.0 24
10 1 19.0625 1.0 515
923385.75 8
9 1 21.617500000000007 1.0 467
5 1 21.617500000000007 1.0 267
5 1 36.947500000000005 1.0 279
2 0 57.3875 1.0 144
7 1 36.947500000000005 1.0 379
8 1 3.7325000000000017 1.0 403
15 0 42.057500000000005 1.0 782
23 0 52.2775 1.0 1190
1195160.2 5
2 0 6.287500000000001 1.0 104
7 1 3.7325000000000017 1.0 353
1 1 42.057500000000005 1.0 83
10 1 31.837500000000006 1.0 525
19 0 19.0625 1.0 964
114296.94 14
1 0 49.7225 1.0 88
6 1 54.83250000000001 1.0 343
13 1 47.167500000000004 1.0 687
6 0 44.6125 1.0 334
12 1 21.617500000000007 1.0 617
0 1 24.1725 1.0 19
6 1 52.2775 1.0 341
12 1 49.7225 1.0 639
2 0 13.9525 1.0 110
0 0 3.7325000000000017 1.0 2
24 1 1.177500000000002 1.0 1201
9 1 52.2775 1.0 491
11 0 31.837500000000006 1.0 574
8 1 3.7325000000000017 1.0 403
1965286.0 6
1 0 31.837500000000006 1.0 74
12 1 24.1725 1.0 619
22 0 11.3975 1.0 1108
15 0 29.2825 1.0 772
24 0 52.2775 1.0 1240
19 1 62.4975 1.0 999
1484365.6 11
15 1 42.057500000000005 1.0 783
9 1 8.842500000000001 1.0 457
16 0 16.507500000000007 1.0 812
3 1 16.507500000000007 1.0 163
15 1 1.177500000000002 1.0 751
20 1 11.3975 1.0 1009
22 0 59.94250000000001 1.0 1146
9 1 36.947500000000005 1.0 479
2 1 19.0625 1.0 115
11 0 16.507500000000007 1.0 562
11 0 1.177500000000002 1.0 550
1573988.6 13
1 1 26.727500000000006 1.0 71
7 1 49.7225 1.0 389
9 1 39.5025 1.0 481
20 0 44.6125 1.0 1034
9 0 8.842500000000001 1.0 456
8 1 42.057500000000005 1.0 433
6 1 42.057500000000005 1.0 333
22 1 36.947500000000005 1.0 1129
8 1 19.0625 1.0 415
8 1 13.9525 1.0 411
21 0 3.7325000000000017 1.0 1052
18 0 44.6125 1.0 934
8 1 3.7325000000000017 1.0 403
1507623.9 24
24 1 34.3925 1.0 1227
23 1 11.3975 1.0 1159
23 1 21.617500000000007 1.0 1167
5 0 39.5025 1.0 280
19 1 62.4975 1.0 999
24 1 3.7325000000000017 1.0 1203
15 0 42.057500000000005 1.0 782
11 0 49.7225 1.0 588
9 1 19.0625 1.0 465
21 0 24.1725 1.0 1068
11 1 34.3925 1.0 577
13 1 13.9525 1.0 661
21 0 3.7325000000000017 1.0 1052
14 0 57.3875 1.0 744
23 1 36.947500000000005 1.0 1179
21 0 8.842500000000001 1.0 1056
5 0 1.177500000000002 1.0 250
1 1 44.6125 1.0 85
3 1 16.507500000000007 1.0 163
13 1 21.617500000000007 1.0 667
22 0 31.837500000000006 1.0 1124
9 0 1.177500000000002 1.0 450
4 0 57.3875 1.0 244
22 1 6.287500000000001 1.0 1105
1950655.0 22
2 1 54.83250000000001 1.0 143
12 1 3.7325000000000017 1.0 603
17 1 36.947500000000005 1.0 879
14 0 57.3875 1.0 744
3 1 13.9525 1.0 161
6 0 39.5025 1.0 330
11 0 31.837500000000006 1.0 574
16 1 8.842500000000001 1.0 807
5 1 36.947500000000005 1.0 279
5 1 44.6125 1.0 285
22 0 57.3875 1.0 1144
8 1 29.2825 1.0 423
20 0 21.617500000000007 1.0 1016
12 0 19.0625 1.0 614
22 1 36.947500000000005 1.0 1129
10 1 42.057500000000005 1.0 533
14 1 16.507500000000007 1.0 713
12 0 8.842500000000001 1.0 606
0 0 44.6125 1.0 34
21 0 26.727500000000006 1.0 1070
15 1 8.842500000000001 1.0 757
0 0 26.727500000000006 1.0 20
320853.72 22
12 1 49.7225 1.0 639
16 0 52.2775 1.0 840
14 0 57.3875 1.0 744
5 1 11.3975 1.0 259
6 0 13.9525 1.0 310
8 1 42.057500000000005 1.0 433
12 1 57.3875 1.0 645
24 0 52.2775 1.0 1240
14 0 26.727500000000006 1.0 720
12 0 8.842500000000001 1.0 606
6 1 49.7225 1.0 339
3 0 52.2775 1.0 190
4 0 47.167500000000004 1.0 236
8 1 8.842500000000001 1.0 407
14 0 16.507500000000007 1.0 712
13 1 47.167500000000004 1.0 687
12 0 21.617500000000007 1.0 616
20 1 19.0625 1.0 1015
20 1 11.3975 1.0 1009
1 1 26.727500000000006 1.0 71
8 1 57.3875 1.0 445
15 1 62.4975 1.0 799
984924.56 11
11 0 29.2825 1.0 572
5 0 11.3975 1.0 258
0 1 29.2825 1.0 23
9 1 39.5025 1.0 481
4 0 62.4975 1.0 248
14 0 26.727500000000006 1.0 720
7 1 36.947500000000005 1.0 379
7 0 44.6125 1.0 384
23 1 47.167500000000004 1.0 1187
11 1 39.5025 1.0 581
0 1 6.287500000000001 1.0 5
756416.56 19
9 1 42.057500000000005 1.0 483
2 0 6.287500000000001 1.0 104
6 0 13.9525 1.0 310
3 1 62.4975 1.0 199
2 1 54.83250000000001 1.0 143
19 1 62.4975 1.0 999
9 0 62.4975 1.0 498
11 1 47.167500000000004 1.0 587
3 0 1.177500000000002 1.0 150
22 0 3.7325000000000017 1.0 1102
19 1 26.727500000000006 1.0 971
22 1 1.177500000000002 1.0 1101
7 0 44.6125 1.0 384
2 0 29.2825 1.0 122
10 0 3.7325000000000017 1.0 502
16 1 39.5025 1.0 831
2 0 57.3875 1.0 144
7 1 49.7225 1.0 389
9 1 26.727500000000006 1.0 471
1372758.2 10
20 0 57.3875 1.0 1044
4 0 57.3875 1.0 244
20 0 16.507500000000007 1.0 1012
8 1 29.2825 1.0 423
1 1 8.842500000000001 1.0 57
12 0 49.7225 1.0 638
11 0 42.057500000000005 1.0 582
5 0 21.617500000000007 1.0 266
3 0 62.4975 1.0 198
1 0 47.167500000000004 1.0 86
1482743.4 13
15 0 26.727500000000006 1.0 770
24 0 3.7325000000000017 1.0 1202
6 1 34.3925 1.0 327
23 0 57.3875 1.0 1194
15 0 42.057500000000005 1.0 782
14 0 6.287500000000001 1.0 704
8 1 8.842500000000001 1.0 407
4 1 49.7225 1.0 239
16 0 39.5025 1.0 830
20 1 11.3975 1.0 1009
6 0 44.6125 1.0 334
11 0 42.057500000000005 1.0 582
8 1 57.3875 1.0 445
1418675.2 15
23 1 11.3975 1.0 1159
0 0 31.837500000000006 1.0 24
11 0 3.7325000000000017 1.0 552
6 0 24.1725 1.0 318
3 1 24.1725 1.0 169
21 0 42.057500000000005 1.0 1082
12 1 57.3875 1.0 645
14 0 19.0625 1.0 714
24 0 6.287500000000001 1.0 1204
23 1 21.617500000000007 1.0 1167
8 0 42.057500000000005 1.0 432
21 1 34.3925 1.0 1077
2 1 8.842500000000001 1.0 107
2 1 42.057500000000005 1.0 133
7 1 49.7225 1.0 389
1418768.1 7
19 0 42.057500000000005 1.0 982
4 1 13.9525 1.0 211
1 0 54.83250000000001 1.0 92
2 0 39.5025 1.0 130
15 1 1.177500000000002 1.0 751
10 1 26.727500000000006 1.0 521
10 1 31.837500000000006 1.0 525
1151767.0 23
18 0 44.6125 1.0 934
20 1 52.2775 1.0 1041
24 1 34.3925 1.0 1227
19 0 19.0625 1.0 964
4 0 34.3925 1.0 226
15 1 1.177500000000002 1.0 751
14 0 19.0625 1.0 714
0 1 39.5025 1.0 31
17 1 36.947500000000005 1.0 879
12 0 21.617500000000007 1.0 616
1 1 42.057500000000005 1.0 83
16 0 31.837500000000006 1.0 824
0 1 24.1725 1.0 19
7 0 34.3925 1.0 376
16 0 47.167500000000004 1.0 836
5 1 29.2825 1.0 273
3 0 19.0625 1.0 164
4 0 47.167500000000004 1.0 236
10 1 16.507500000000007 1.0 513
20 0 8.842500000000001 1.0 1006
21 0 59.94250000000001 1.0 1096
14 0 57.3875 1.0 744
9 1 42.057500000000005 1.0 483
644570.2 13
10 1 29.2825 1.0 523
3 0 19.0625 1.0 164
1 1 26.727500000000006 1.0 71
24 0 39.5025 1.0 1230
6 1 24.1725 1.0 319
7 0 31.837500000000006 1.0 374
8 1 42.057500000000005 1.0 433
24 0 1.177500000000002 1.0 1200
16 1 3.7325000000000017 1.0 803
20 0 44.6125 1.0 1034
9 0 8.842500000000001 1.0 456
15 1 52.2775 1.0 791
11 0 1.177500000000002 1.0 550
476619.7 8
0 1 24.1725 1.0 19
12 0 26.727500000000006 1.0 620
9 1 21.617500000000007 1.0 467
7 1 3.7325000000000017 1.0 353
11 0 59.94250000000001 1.0 596
14 0 26.727500000000006 1.0 720
3 0 52.2775 1.0 190
3 0 57.3875 1.0 194
1299751.4 5
2 1 16.507500000000007 1.0 113
5 0 11.3975 1.0 258
16 1 8.842500000000001 1.0 807
20 1 3.7325000000000017 1.0 1003
23 0 52.2775 1.0 1190
447946.5 12
19 1 34.3925 1.0 977
9 1 42.057500000000005 1.0 483
1 1 1.177500000000002 1.0 51
9 0 1.177500000000002 1.0 450
18 1 59.94250000000001 1.0 947
19 0 44.6125 1.0 984
21 0 3.7325000000000017 1.0 1052
16 1 47.167500000000004 1.0 837
10 0 34.3925 1.0 526
5 0 11.3975 1.0 258
24 0 19.0625 1.0 1214
24 0 44.6125 1.0 1234
532261.94 7
24 0 3.7325000000000017 1.0 1202
9 1 42.057500000000005 1.0 483
22 1 57.3875 1.0 1145
10 0 34.3925 1.0 526
10 0 57.3875 1.0 544
10 1 42.057500000000005 1.0 533
22 0 31.837500000000006 1.0 1124
1459013.9 7
5 1 13.9525 1.0 261
22 1 16.507500000000007 1.0 1113
24 0 1.177500000000002 1.0 1200
4 1 1.177500000000002 1.0 201
23 1 36.947500000000005 1.0 1179
20 0 52.2775 1.0 1040
22 1 21.617500000000007 1.0 1117
769243.0 5
13 0 19.0625 1.0 664
16 1 3.7325000000000017 1.0 803
15 0 21.617500000000007 1.0 766
13 0 29.2825 1.0 672
15 1 16.507500000000007 1.0 763
1670464.9 10
23 1 34.3925 1.0 1177
8 1 3.7325000000000017 1.0 403
12 1 57.3875 1.0 645
11 1 21.617500000000007 1.0 567
17 0 49.7225 1.0 888
12 1 31.837500000000006 1.0 625
19 0 49.7225 1.0 988
20 1 3.7325000000000017 1.0 1003
23 0 52.2775 1.0 1190
23 0 13.9525 1.0 1160
1020130.5 9
20 1 52.2775 1.0 1041
6 1 54.83250000000001 1.0 343
20 0 8.842500000000001 1.0 1006
10 0 3.7325000000000017 1.0 502
11 1 36.947500000000005 1.0 579
10 1 47.167500000000004 1.0 537
13 0 13.9525 1.0 660
6 0 13.9525 1.0 310
19 0 54.83250000000001 1.0 992
1475795.9 17
13 0 36.947500000000005 1.0 678
5 1 36.947500000000005 1.0 279
17 1 31.837500000000006 1.0 875
1 0 49.7225 1.0 88
23 1 11.3975 1.0 1159
23 1 1.177500000000002 1.0 1151
19 0 39.5025 1.0 980
13 1 8.842500000000001 1.0 657
21 0 26.727500000000006 1.0 1070
22 0 31.837500000000006 1.0 1124
8 0 39.5025 1.0 430
10 1 54.83250000000001 1.0 543
11 0 1.177500000000002 1.0 550
9 1 42.057500000000005 1.0 483
10 1 31.837500000000006 1.0 525
19 0 8.842500000000001 1.0 956
23 0 36.947500000000005 1.0 1178
266361.16 24
21 0 26.727500000000006 1.0 1070
2 1 8.842500000000001 1.0 107
6 1 34.3925 1.0 327
20 0 36.947500000000005 1.0 1028
10 1 47.167500000000004 1.0 537
21 0 1.177500000000002 1.0 1050
20 0 16.507500000000007 1.0 1012
23 1 1.177500000000002 1.0 1151
9 0 8.842500000000001 1.0 456
23 1 52.2775 1.0 1191
21 0 8.842500000000001 1.0 1056
22 1 31.837500000000006 1.0 1125
24 1 24.1725 1.0 1219
11 1 62.4975 1.0 599
3 0 57.3875 1.0 194
10 0 29.2825 1.0 522
18 1 26.727500000000006 1.0 921
22 1 6.287500000000001 1.0 1105
7 1 49.7225 1.0 389
21 0 24.1725 1.0 1068
12 0 24.1725 1.0 618
12 1 57.3875 1.0 645
3 0 44.6125 1.0 184
9 1 8.842500000000001 1.0 457
1433644.0 5
2 1 54.83250000000001 1.0 143
23 1 11.3975 1.0 1159
7 1 19.0625 1.0 365
10 1 57.3875 1.0 545
19 1 21.617500000000007 1.0 967
729280.94 14
3 1 6.287500000000001 1.0 155
5 1 49.7225 1.0 289
11 0 13.9525 1.0 560
18 0 36.947500000000005 1.0 928
12 0 19.0625 1.0 614
8 1 13.9525 1.0 411
20 0 1.177500000000002 1.0 1000
19 0 6.287500000000001 1.0 954
23 1 11.3975 1.0 1159
6 0 13.9525 1.0 310
12 0 13.9525 1.0 610
20 0 16.507500000000007 1.0 1012
15 0 19.0625 1.0 764
20 0 39.5025 1.0 1030
1844869.5 16
22 0 52.2775 1.0 1140
0 1 21.617500000000007 1.0 17
9 1 21.617500000000007 1.0 467
3 1 36.947500000000005 1.0 179
16 1 57.3875 1.0 845
22 0 3.7325000000000017 1.0 1102
16 1 6.287500000000001 1.0 805
2 0 6.287500000000001 1.0 104
22 1 1.177500000000002 1.0 1101
20 1 11.3975 1.0 1009
10 1 19.0625 1.0 515
1 0 31.837500000000006 1.0 74
12 1 49.7225 1.0 639
2 0 57.3875 1.0 144
19 0 31.837500000000006 1.0 974
8 1 8.842500000000001 1.0 407
705903.44 20
10 1 42.057500000000005 1.0 533
4 0 52.2775 1.0 240
7 1 49.7225 1.0 389
3 0 49.7225 1.0 188
10 0 3.7325000000000017 1.0 502
7 1 31.837500000000006 1.0 375
3 0 34.3925 1.0 176
4 1 49.7225 1.0 239
14 0 26.727500000000006 1.0 720
24 0 52.2775 1.0 1240
13 1 8.842500000000001 1.0 657
11 0 11.3975 1.0 558
20 1 36.947500000000005 1.0 1029
0 1 39.5025 1.0 31
19 1 21.617500000000007 1.0 967
0 1 59.94250000000001 1.0 47
21 0 6.287500000000001 1.0 1054
13 1 21.617500000000007 1.0 667
23 0 11.3975 1.0 1158
5 0 24.1725 1.0 268
1800542.0 7
7 1 39.5025 1.0 381
8 0 44.6125 1.0 434
22 1 36.947500000000005 1.0 1129
8 0 42.057500000000005 1.0 432
3 1 16.507500000000007 1.0 163
17 1 36.947500000000005 1.0 879
20 1 3.7325000000000017 1.0 1003
1905718.9 17
5 1 54.83250000000001 1.0 293
14 0 16.507500000000007 1.0 712
2 1 42.057500000000005 1.0 133
8 1 42.057500000000005 1.0 433
18 1 26.727500000000006 1.0 921
19 1 62.4975 1.0 999
3 1 62.4975 1.0 199
16 0 52.2775 1.0 840
18 0 39.5025 1.0 930
22 1 52.2775 1.0 1141
3 1 49.7225 1.0 189
22 1 6.287500000000001 1.0 1105
20 0 21.617500000000007 1.0 1016
15 1 42.057500000000005 1.0 783
10 1 57.3875 1.0 545
2 0 6.287500000000001 1.0 104
4 1 44.6125 1.0 235
745352.4 15
3 1 34.3925 1.0 177
20 0 44.6125 1.0 1034
11 0 42.057500000000005 1.0 582
14 1 8.842500000000001 1.0 707
6 1 19.0625 1.0 315
21 0 26.727500000000006 1.0 1070
14 0 26.727500000000006 1.0 720
8 0 42.057500000000005 1.0 432
8 1 19.0625 1.0 415
19 0 52.2775 1.0 990
16 0 21.617500000000007 1.0 816
12 1 62.4975 1.0 649
21 0 8.842500000000001 1.0 1056
5 1 44.6125 1.0 285
3 0 34.3925 1.0 176
1229858.6 12
16 0 44.6125 1.0 834
22 0 11.3975 1.0 1108
5 0 13.9525 1.0 260
20 0 44.6125 1.0 1034
13 1 8.842500000000001 1.0 657
1 1 8.842500000000001 1.0 57
5 0 36.947500000000005 1.0 278
16 0 52.2775 1.0 840
14 0 16.507500000000007 1.0 712
1 0 26.727500000000006 1.0 70
1 0 29.2825 1.0 72
6 0 54.83250000000001 1.0 342
1441006.8 5
22 0 31.837500000000006 1.0 1124
2 0 13.9525 1.0 110
19 1 8.842500000000001 1.0 957
1 1 49.7225 1.0 89
14 1 6.287500000000001 1.0 705
519881.12 17
4 1 19.0625 1.0 215
6 0 26.727500000000006 1.0 320
5 0 24.1725 1.0 268
9 1 52.2775 1.0 491
2 0 6.287500000000001 1.0 104
22 1 52.2775 1.0 1141
24 0 3.7325000000000017 1.0 1202
22 0 31.837500000000006 1.0 1124
16 0 6.287500000000001 1.0 804
13 0 3.7325000000000017 1.0 652
19 1 57.3875 1.0 995
13 0 47.167500000000004 1.0 686
0 0 3.7325000000000017 1.0 2
5 0 31.837500000000006 1.0 274
16 1 47.167500000000004 1.0 837
9 1 39.5025 1.0 481
3 1 13.9525 1.0 161
1279732.9 24
23 1 1.177500000000002 1.0 1151
11 1 54.83250000000001 1.0 593
2 1 42.057500000000005 1.0 133
19 0 31.837500000000006 1.0 974
5 0 24.1725 1.0 268
24 0 59.94250000000001 1.0 1246
7 0 47.167500000000004 1.0 386
13 1 49.7225 1.0 689
2 0 6.287500000000001 1.0 104
19 0 6.287500000000001 1.0 954
4 0 47.167500000000004 1.0 236
19 0 8.842500000000001 1.0 956
5 1 13.9525 1.0 261
22 1 36.947500000000005 1.0 1129
19 0 19.0625 1.0 964
19 1 8.842500000000001 1.0 957
22 0 52.2775 1.0 1140
9 0 44.6125 1.0 484
11 1 62.4975 1.0 599
8 1 57.3875 1.0 445
5 0 36.947500000000005 1.0 278
8 0 39.5025 1.0 430
7 1 24.1725 1.0 369
16 0 11.3975 1.0 808
130956.04 19
20 1 3.7325000000000017 1.0 1003
12 0 11.3975 1.0 608
1 1 42.057500000000005 1.0 83
12 1 62.4975 1.0 649
12 1 3.7325000000000017 1.0 603
22 1 21.617500000000007 1.0 1117
3 0 34.3925 1.0 176
24 1 34.3925 1.0 1227
0 1 29.2825 1.0 23
10 1 19.0625 1.0 515
6 1 49.7225 1.0 339
18 0 8.842500000000001 1.0 906
13 0 3.7325000000000017 1.0 652
24 0 52.2775 1.0 1240
23 0 52.2775 1.0 1190
13 1 29.2825 1.0 673
23 0 3.7325000000000017 1.0 1152
16 0 21.617500000000007 1.0 816
14 0 16.507500000000007 1.0 712
1035644.9 23
21 0 8.842500000000001 1.0 1056
1 1 44.6125 1.0 85
11 1 26.727500000000006 1.0 571
4 0 52.2775 1.0 240
22 1 36.947500000000005 1.0 1129
7 1 3.7325000000000017 1.0 353
19 0 19.0625 1.0 964
14 0 6.287500000000001 1.0 704
1 1 29.2825 1.0 73
9 1 21.617500000000007 1.0 467
6 1 36.947500000000005 1.0 329
14 1 44.6125 1.0 735
6 1 34.3925 1.0 327
3 1 24.1725 1.0 169
23 1 21.617500000000007 1.0 1167
12 1 19.0625 1.0 615
0 0 42.057500000000005 1.0 32
16 1 47.167500000000004 1.0 837
11 0 26.727500000000006 1.0 570
24 0 39.5025 1.0 1230
21 0 3.7325000000000017 1.0 1052
3 1 16.507500000000007 1.0 163
5 1 29.2825 1.0 273
481333.44 18
5 1 11.3975 1.0 259
23 1 36.947500000000005 1.0 1179
3 0 19.0625 1.0 164
12 1 39.5025 1.0 631
5 1 29.2825 1.0 273
8 1 57.3875 1.0 445
24 1 49.7225 1.0 1239
11 0 49.7225 1.0 588
11 0 42.057500000000005 1.0 582
10 0 19.0625 1.0 514
11 1 36.947500000000005 1.0 579
9 0 8.842500000000001 1.0 456
10 1 19.0625 1.0 515
13 1 8.842500000000001 1.0 657
11 0 52.2775 1.0 590
7 0 44.6125 1.0 384
20 0 21.617500000000007 1.0 1016
3 0 49.7225 1.0 188
126478.1 13
14 1 44.6125 1.0 735
21 0 52.2775 1.0 1090
11 1 39.5025 1.0 581
12 0 11.3975 1.0 608
23 1 11.3975 1.0 1159
6 0 44.6125 1.0 334
12 1 19.0625 1.0 615
3 0 29.2825 1.0 172
23 0 13.9525 1.0 1160
9 0 49.7225 1.0 488
16 1 47.167500000000004 1.0 837
4 0 24.1725 1.0 218
20 1 42.057500000000005 1.0 1033
1637247.5 15
16 0 47.167500000000004 1.0 836
6 1 24.1725 1.0 319
22 0 29.2825 1.0 1122
7 0 21.617500000000007 1.0 366
3 1 62.4975 1.0 199
13 1 47.167500000000004 1.0 687
11 1 62.4975 1.0 599
10 1 19.0625 1.0 515
12 1 62.4975 1.0 649
12 1 8.842500000000001 1.0 607
10 1 8.842500000000001 1.0 507
11 0 59.94250000000001 1.0 596
15 1 13.9525 1.0 761
18 1 29.2825 1.0 923
12 0 11.3975 1.0 608
217413.84 12
11 1 21.617500000000007 1.0 567
17 1 59.94250000000001 1.0 897
23 0 11.3975 1.0 1158
21 0 26.727500000000006 1.0 1070
20 0 39.5025 1.0 1030
10 1 42.057500000000005 1.0 533
17 0 49.7225 1.0 888
2 1 54.83250000000001 1.0 143
20 0 16.507500000000007 1.0 1012
3 0 49.7225 1.0 188
1 1 44.6125 1.0 85
14 0 6.287500000000001 1.0 704
1692790.5 11
6 1 49.7225 1.0 339
10 1 54.83250000000001 1.0 543
1 1 49.7225 1.0 89
12 1 57.3875 1.0 645
10 0 3.7325000000000017 1.0 502
8 1 3.7325000000000017 1.0 403
21 0 6.287500000000001 1.0 1054
3 1 16.507500000000007 1.0 163
15 1 11.3975 1.0 759
15 1 31.837500000000006 1.0 775
20 0 42.057500000000005 1.0 1032
328716.5 18
1 1 44.6125 1.0 85
21 0 6.287500000000001 1.0 1054
19 1 21.617500000000007 1.0 967
20 0 42.057500000000005 1.0 1032
12 0 3.7325000000000017 1.0 602
5 0 11.3975 1.0 258
14 0 19.0625 1.0 714
22 0 47.167500000000004 1.0 1136
8 1 39.5025 1.0 431
23 1 36.947500000000005 1.0 1179
16 0 47.167500000000004 1.0 836
5 0 36.947500000000005 1.0 278
8 1 44.6125 1.0 435
23 1 6.287500000000001 1.0 1155
6 1 54.83250000000001 1.0 343
18 0 11.3975 1.0 908
24 1 26.727500000000006 1.0 1221
16 0 52.2775 1.0 840
1544872.9 19
24 0 1.177500000000002 1.0 1200
6 0 13.9525 1.0 310
6 1 36.947500000000005 1.0 329
1 0 49.7225 1.0 88
2 1 8.842500000000001 1.0 107
11 1 21.617500000000007 1.0 567
12 0 57.3875 1.0 644
3 1 49.7225 1.0 189
4 0 3.7325000000000017 1.0 202
8 0 16.507500000000007 1.0 412
9 0 8.842500000000001 1.0 456
0 1 3.7325000000000017 1.0 3
15 0 21.617500000000007 1.0 766
24 0 16.507500000000007 1.0 1212
10 1 57.3875 1.0 545
2 0 6.287500000000001 1.0 104
3 1 29.2825 1.0 173
16 0 52.2775 1.0 840
14 0 13.9525 1.0 710
1535433.6 10
20 0 1.177500000000002 1.0 1000
1 1 29.2825 1.0 73
6 0 13.9525 1.0 310
19 0 42.057500000000005 1.0 982
24 0 44.6125 1.0 1234
1 0 31.837500000000006 1.0 74
20 0 16.507500000000007 1.0 1012
12 0 8.842500000000001 1.0 606
2 0 13.9525 1.0 110
20 1 19.0625 1.0 1015
1669062.0 11
14 0 16.507500000000007 1.0 712
8 1 29.2825 1.0 423
10 1 31.837500000000006 1.0 525
15 1 1.177500000000002 1.0 751
12 1 49.7225 1.0 639
0 0 26.727500000000006 1.0 20
7 1 59.94250000000001 1.0 397
8 1 44.6125 1.0 435
7 1 24.1725 1.0 369
21 1 62.4975 1.0 1099
23 0 36.947500000000005 1.0 1178
867191.75 9
8 1 3.7325000000000017 1.0 403
6 0 19.0625 1.0 314
13 0 13.9525 1.0 660
24 0 44.6125 1.0 1234
6 0 44.6125 1.0 334
16 1 39.5025 1.0 831
11 1 39.5025 1.0 581
10 0 57.3875 1.0 544
0 1 19.0625 1.0 15
699981.2 8
15 0 29.2825 1.0 772
18 0 19.0625 1.0 914
20 0 31.837500000000006 1.0 1024
5 1 36.947500000000005 1.0 279
11 1 36.947500000000005 1.0 579
18 0 24.1725 1.0 918
22 0 31.837500000000006 1.0 1124
2 1 13.9525 1.0 111
756243.75 11
0 0 3.7325000000000017 1.0 2
13 1 36.947500000000005 1.0 679
16 0 19.0625 1.0 814
20 1 19.0625 1.0 1015
5 0 11.3975 1.0 258
23 1 36.947500000000005 1.0 1179
15 1 44.6125 1.0 785
12 1 44.6125 1.0 635
14 0 47.167500000000004 1.0 736
11 1 39.5025 1.0 581
20 1 44.6125 1.0 1035
1894017.8 20
11 0 31.837500000000006 1.0 574
13 0 3.7325000000000017 1.0 652
21 0 8.842500000000001 1.0 1056
13 0 19.0625 1.0 664
3 1 34.3925 1.0 177
12 1 49.7225 1.0 639
21 0 52.2775 1.0 1090
21 1 62.4975 1.0 1099
14 1 44.6125 1.0 735
24 0 24.1725 1.0 1218
8 1 44.6125 1.0 435
1 1 42.057500000000005 1.0 83
24 0 44.6125 1.0 1234
13 1 8.842500000000001 1.0 657
13 0 36.947500000000005 1.0 678
0 1 8.842500000000001 1.0 7
10 1 24.1725 1.0 519
8 1 31.837500000000006 1.0 425
16 0 52.2775 1.0 840
16 0 36.947500000000005 1.0 828
222510.97 9
18 0 1.177500000000002 1.0 900
8 1 54.83250000000001 1.0 443
23 1 44.6125 1.0 1185
18 0 19.0625 1.0 914
23 0 36.947500000000005 1.0 1178
18 1 49.7225 1.0 939
2 1 39.5025 1.0 131
6 1 34.3925 1.0 327
16 0 49.7225 1.0 838
726490.25 5
20 0 52.2775 1.0 1040
13 0 8.842500000000001 1.0 656
16 0 44.6125 1.0 834
23 0 36.947500000000005 1.0 1178
16 1 19.0625 1.0 815
109101.055 18
5 0 1.177500000000002 1.0 250
8 1 3.7325000000000017 1.0 403
22 1 3.7325000000000017 1.0 1103
7 0 47.167500000000004 1.0 386
0 1 29.2825 1.0 23
2 0 24.1725 1.0 118
16 0 44.6125 1.0 834
21 1 34.3925 1.0 1077
16 0 47.167500000000004 1.0 836
22 0 31.837500000000006 1.0 1124
3 0 8.842500000000001 1.0 156
9 1 52.2775 1.0 491
22 1 21.617500000000007 1.0 1117
18 1 26.727500000000006 1.0 921
10 0 57.3875 1.0 544
16 0 57.3875 1.0 844
21 0 52.2775 1.0 1090
9 1 19.0625 1.0 465
1036010.3 15
19 1 57.3875 1.0 995
10 1 57.3875 1.0 545
14 0 57.3875 1.0 744
16 1 47.167500000000004 1.0 837
11 1 39.5025 1.0 581
17 0 49.7225 1.0 888
18 0 26.727500000000006 1.0 920
2 0 54.83250000000001 1.0 142
23 0 57.3875 1.0 1194
22 1 36.947500000000005 1.0 1129
19 1 62.4975 1.0 999
11 1 36.947500000000005 1.0 579
5 0 11.3975 1.0 258
11 1 54.83250000000001 1.0 593
1 1 19.0625 1.0 65
825752.75 20
9 0 52.2775 1.0 490
6 0 26.727500000000006 1.0 320
16 0 6.287500000000001 1.0 804
10 0 19.0625 1.0 514
1 1 6.287500000000001 1.0 55
11 0 52.2775 1.0 590
24 0 6.287500000000001 1.0 1204
2 0 36.947500000000005 1.0 128
10 1 31.837500000000006 1.0 525
3 1 62.4975 1.0 199
12 1 39.5025 1.0 631
2 1 42.057500000000005 1.0 133
0 0 44.6125 1.0 34
11 0 16.507500000000007 1.0 562
16 0 49.7225 1.0 838
0 0 36.947500000000005 1.0 28
17 1 59.94250000000001 1.0 897
10 0 3.7325000000000017 1.0 502
13 1 49.7225 1.0 689
16 1 47.167500000000004 1.0 837
100368.18 21
18 0 8.842500000000001 1.0 906
10 1 19.0625 1.0 515
12 1 29.2825 1.0 623
3 0 52.2775 1.0 190
17 1 1.177500000000002 1.0 851
2 0 13.9525 1.0 110
16 0 44.6125 1.0 834
10 1 47.167500000000004 1.0 537
1 1 44.6125 1.0 85
21 0 6.287500000000001 1.0 1054
13 0 44.6125 1.0 684
20 1 3.7325000000000017 1.0 1003
0 0 42.057500000000005 1.0 32
11 0 49.7225 1.0 588
1 0 57.3875 1.0 94
20 0 42.057500000000005 1.0 1032
6 0 34.3925 1.0 326
10 0 57.3875 1.0 544
1 0 29.2825 1.0 72
11 0 44.6125 1.0 584
11 0 52.2775 1.0 590
1612171.0 18
6 1 54.83250000000001 1.0 343
2 0 13.9525 1.0 110
5 1 16.507500000000007 1.0 263
2 1 57.3875 1.0 145
0 1 34.3925 1.0 27
22 1 36.947500000000005 1.0 1129
10 1 47.167500000000004 1.0 537
16 1 39.5025 1.0 831
1 0 26.727500000000006 1.0 70
24 0 52.2775 1.0 1240
0 1 19.0625 1.0 15
20 0 24.1725 1.0 1018
13 0 3.7325000000000017 1.0 652
24 0 3.7325000000000017 1.0 1202
11 1 39.5025 1.0 581
8 1 59.94250000000001 1.0 447
16 0 47.167500000000004 1.0 836
11 0 13.9525 1.0 560
1583544.0 12
1 1 8.842500000000001 1.0 57
17 0 16.507500000000007 1.0 862
3 1 34.3925 1.0 177
12 0 16.507500000000007 1.0 612
3 1 62.4975 1.0 199
17 0 49.7225 1.0 888
12 1 39.5025 1.0 631
6 1 34.3925 1.0 327
14 1 16.507500000000007 1.0 713
5 1 16.507500000000007 1.0 263
13 0 19.0625 1.0 664
12 0 11.3975 1.0 608
1370344.2 22
3 0 49.7225 1.0 188
15 0 29.2825 1.0 772
18 1 49.7225 1.0 939
6 1 49.7225 1.0 339
10 0 26.727500000000006 1.0 520
21 0 52.2775 1.0 1090
16 1 8.842500000000001 1.0 807
20 0 21.617500000000007 1.0 1016
23 1 47.167500000000004 1.0 1187
16 1 3.7325000000000017 1.0 803
18 1 26.727500000000006 1.0 921
13 1 13.9525 1.0 661
3 1 16.507500000000007 1.0 163
24 0 13.9525 1.0 1210
22 0 31.837500000000006 1.0 1124
10 1 47.167500000000004 1.0 537
17 1 1.177500000000002 1.0 851
10 1 59.94250000000001 1.0 547
11 1 39.5025 1.0 581
3 1 19.0625 1.0 165
20 0 47.167500000000004 1.0 1036
1 1 29.2825 1.0 73
1831601.9 19
11 1 62.4975 1.0 599
5 1 16.507500000000007 1.0 263
18 1 13.9525 1.0 911
3 0 52.2775 1.0 190
3 1 49.7225 1.0 189
8 1 8.842500000000001 1.0 407
17 1 44.6125 1.0 885
20 1 13.9525 1.0 1011
10 1 31.837500000000006 1.0 525
17 1 31.837500000000006 1.0 875
4 1 49.7225 1.0 239
16 1 8.842500000000001 1.0 807
18 1 26.727500000000006 1.0 921
9 1 26.727500000000006 1.0 471
12 1 49.7225 1.0 639
24 0 44.6125 1.0 1234
5 0 54.83250000000001 1.0 292
2 1 19.0625 1.0 115
24 1 26.727500000000006 1.0 1221
304366.56 24
5 1 29.2825 1.0 273
9 1 52.2775 1.0 491
24 1 57.3875 1.0 1245
11 0 6.287500000000001 1.0 554
19 0 29.2825 1.0 972
20 0 8.842500000000001 1.0 1006
24 0 52.2775 1.0 1240
2 1 54.83250000000001 1.0 143
19 1 29.2825 1.0 973
22 1 3.7325000000000017 1.0 1103
20 1 26.727500000000006 1.0 1021
1 0 26.727500000000006 1.0 70
23 0 42.057500000000005 1.0 1182
19 0 19.0625 1.0 964
8 1 54.83250000000001 1.0 443
5 0 24.1725 1.0 268
16 0 52.2775 1.0 840
21 1 57.3875 1.0 1095
22 0 31.837500000000006 1.0 1124
11 1 26.727500000000006 1.0 571
5 0 29.2825 1.0 272
3 0 62.4975 1.0 198
19 1 21.617500000000007 1.0 967
15 0 31.837500000000006 1.0 774
1364366.6 23
16 0 52.2775 1.0 840
13 1 47.167500000000004 1.0 687
10 0 3.7325000000000017 1.0 502
2 0 24.1725 1.0 118
21 0 3.7325000000000017 1.0 1052
20 0 47.167500000000004 1.0 1036
21 0 29.2825 1.0 1072
24 1 1.177500000000002 1.0 1201
5 1 54.83250000000001 1.0 293
24 0 1.177500000000002 1.0 1200
3 1 24.1725 1.0 169
20 1 52.2775 1.0 1041
4 0 26.727500000000006 1.0 220
12 1 44.6125 1.0 635
22 0 3.7325000000000017 1.0 1102
22 1 26.727500000000006 1.0 1121
9 0 13.9525 1.0 460
22 0 59.94250000000001 1.0 1146
20 1 3.7325000000000017 1.0 1003
10 1 31.837500000000006 1.0 525
18 0 36.947500000000005 1.0 928
18 1 34.3925 1.0 927
4 1 49.7225 1.0 239
