Numero de pedidos
150
duedate num_referencias // pasillo lado altura peso
412726.53 13
20 0 6.287500000000001 1.0 1004
4 0 57.3875 1.0 244
4 1 36.947500000000005 1.0 229
7 1 62.4975 1.0 399
23 0 11.3975 1.0 1158
4 1 19.0625 1.0 215
8 1 6.287500000000001 1.0 405
18 0 6.287500000000001 1.0 904
13 1 59.94250000000001 1.0 697
10 1 52.2775 1.0 541
0 1 21.617500000000007 1.0 17
1 0 39.5025 1.0 80
19 0 62.4975 1.0 998
1563923.0 7
20 1 57.3875 1.0 1045
3 1 21.617500000000007 1.0 167
9 0 13.9525 1.0 460
10 1 54.83250000000001 1.0 543
2 1 44.6125 1.0 135
18 1 19.0625 1.0 915
12 1 8.842500000000001 1.0 607
897803.7 17
20 1 11.3975 1.0 1009
13 0 3.7325000000000017 1.0 652
3 1 16.507500000000007 1.0 163
24 1 19.0625 1.0 1215
21 1 42.057500000000005 1.0 1083
3 0 1.177500000000002 1.0 150
6 0 62.4975 1.0 348
2 1 1.177500000000002 1.0 101
7 0 31.837500000000006 1.0 374
0 1 21.617500000000007 1.0 17
1 1 54.83250000000001 1.0 93
6 0 19.0625 1.0 314
18 1 21.617500000000007 1.0 917
21 1 29.2825 1.0 1073
14 0 59.94250000000001 1.0 746
0 0 13.9525 1.0 10
23 0 62.4975 1.0 1198
1400342.8 18
6 1 36.947500000000005 1.0 329
2 0 49.7225 1.0 138
20 0 8.842500000000001 1.0 1006
6 0 1.177500000000002 1.0 300
0 1 21.617500000000007 1.0 17
2 0 57.3875 1.0 144
21 1 29.2825 1.0 1073
4 0 24.1725 1.0 218
1 1 34.3925 1.0 77
5 0 26.727500000000006 1.0 270
9 1 26.727500000000006 1.0 471
5 0 24.1725 1.0 268
23 1 57.3875 1.0 1195
1 1 21.617500000000007 1.0 67
21 0 36.947500000000005 1.0 1078
7 0 54.83250000000001 1.0 392
13 0 13.9525 1.0 660
20 1 11.3975 1.0 1009
837831.6 23
8 1 39.5025 1.0 431
24 1 36.947500000000005 1.0 1229
4 0 29.2825 1.0 222
10 1 16.507500000000007 1.0 513
16 1 6.287500000000001 1.0 805
21 1 29.2825 1.0 1073
5 1 31.837500000000006 1.0 275
19 1 57.3875 1.0 995
20 0 31.837500000000006 1.0 1024
2 1 44.6125 1.0 135
2 0 19.0625 1.0 114
10 1 6.287500000000001 1.0 505
8 0 52.2775 1.0 440
2 0 54.83250000000001 1.0 142
10 1 57.3875 1.0 545
23 1 6.287500000000001 1.0 1155
14 1 6.287500000000001 1.0 705
1 1 24.1725 1.0 69
20 1 62.4975 1.0 1049
8 0 39.5025 1.0 430
19 1 19.0625 1.0 965
2 0 44.6125 1.0 134
14 0 26.727500000000006 1.0 720
559488.8 13
20 1 62.4975 1.0 1049
9 0 34.3925 1.0 476
17 0 54.83250000000001 1.0 892
23 1 54.83250000000001 1.0 1193
1 0 21.617500000000007 1.0 66
18 0 29.2825 1.0 922
19 0 1.177500000000002 1.0 950
9 0 36.947500000000005 1.0 478
22 1 13.9525 1.0 1111
20 1 11.3975 1.0 1009
9 1 47.167500000000004 1.0 487
8 1 6.287500000000001 1.0 405
4 1 26.727500000000006 1.0 221
1326820.9 17
4 0 29.2825 1.0 222
12 0 52.2775 1.0 640
24 0 8.842500000000001 1.0 1206
8 1 24.1725 1.0 419
0 0 49.7225 1.0 38
19 0 62.4975 1.0 998
8 0 13.9525 1.0 410
8 0 52.2775 1.0 440
16 0 16.507500000000007 1.0 812
17 0 54.83250000000001 1.0 892
10 0 36.947500000000005 1.0 528
22 1 29.2825 1.0 1123
13 0 3.7325000000000017 1.0 652
0 1 47.167500000000004 1.0 37
16 0 1.177500000000002 1.0 800
2 0 44.6125 1.0 134
2 0 3.7325000000000017 1.0 102
348802.8 14
19 0 49.7225 1.0 988
23 0 59.94250000000001 1.0 1196
11 0 13.9525 1.0 560
7 0 13.9525 1.0 360
15 1 57.3875 1.0 795
20 1 11.3975 1.0 1009
9 1 57.3875 1.0 495
8 1 6.287500000000001 1.0 405
24 0 21.617500000000007 1.0 1216
9 0 29.2825 1.0 472
15 1 26.727500000000006 1.0 771
5 1 29.2825 1.0 273
14 0 42.057500000000005 1.0 732
12 0 34.3925 1.0 626
456598.53 24
21 0 36.947500000000005 1.0 1078
16 1 47.167500000000004 1.0 837
23 1 24.1725 1.0 1169
1 1 21.617500000000007 1.0 67
9 0 24.1725 1.0 468
5 0 54.83250000000001 1.0 292
0 0 24.1725 1.0 18
6 0 24.1725 1.0 318
18 0 47.167500000000004 1.0 936
5 0 13.9525 1.0 260
23 1 54.83250000000001 1.0 1193
16 0 16.507500000000007 1.0 812
5 0 8.842500000000001 1.0 256
20 1 44.6125 1.0 1035
10 0 11.3975 1.0 508
9 1 57.3875 1.0 495
21 0 54.83250000000001 1.0 1092
11 1 57.3875 1.0 595
3 1 16.507500000000007 1.0 163
13 0 8.842500000000001 1.0 656
14 1 42.057500000000005 1.0 733
23 1 21.617500000000007 1.0 1167
16 0 1.177500000000002 1.0 800
12 1 21.617500000000007 1.0 617
1529410.5 11
21 0 54.83250000000001 1.0 1092
1 1 19.0625 1.0 65
0 1 47.167500000000004 1.0 37
22 1 26.727500000000006 1.0 1121
15 0 21.617500000000007 1.0 766
17 0 42.057500000000005 1.0 882
9 0 24.1725 1.0 468
2 0 19.0625 1.0 114
20 0 24.1725 1.0 1018
14 1 42.057500000000005 1.0 733
18 1 24.1725 1.0 919
105809.17 18
9 0 13.9525 1.0 460
23 0 62.4975 1.0 1198
10 0 21.617500000000007 1.0 516
17 1 31.837500000000006 1.0 875
10 0 36.947500000000005 1.0 528
10 1 16.507500000000007 1.0 513
1 0 57.3875 1.0 94
13 1 47.167500000000004 1.0 687
20 1 36.947500000000005 1.0 1029
19 1 19.0625 1.0 965
7 1 42.057500000000005 1.0 383
10 1 42.057500000000005 1.0 533
20 1 11.3975 1.0 1009
12 1 19.0625 1.0 615
2 0 42.057500000000005 1.0 132
14 0 52.2775 1.0 740
8 0 49.7225 1.0 438
5 1 13.9525 1.0 261
64166.242 11
0 0 8.842500000000001 1.0 6
18 0 13.9525 1.0 910
8 1 24.1725 1.0 419
21 0 11.3975 1.0 1058
23 0 11.3975 1.0 1158
7 0 39.5025 1.0 380
10 1 13.9525 1.0 511
16 0 34.3925 1.0 826
15 0 49.7225 1.0 788
6 1 6.287500000000001 1.0 305
10 1 24.1725 1.0 519
1086204.5 9
23 0 11.3975 1.0 1158
5 1 29.2825 1.0 273
13 0 42.057500000000005 1.0 682
11 1 36.947500000000005 1.0 579
11 0 44.6125 1.0 584
24 0 31.837500000000006 1.0 1224
14 1 57.3875 1.0 745
12 0 21.617500000000007 1.0 616
23 0 47.167500000000004 1.0 1186
741682.0 9
9 0 29.2825 1.0 472
17 1 3.7325000000000017 1.0 853
16 1 1.177500000000002 1.0 801
24 0 24.1725 1.0 1218
19 0 52.2775 1.0 990
6 1 19.0625 1.0 315
1 1 21.617500000000007 1.0 67
8 1 31.837500000000006 1.0 425
13 0 54.83250000000001 1.0 692
702845.8 23
11 0 13.9525 1.0 560
8 1 6.287500000000001 1.0 405
12 0 31.837500000000006 1.0 624
8 1 57.3875 1.0 445
12 0 59.94250000000001 1.0 646
7 1 31.837500000000006 1.0 375
23 0 11.3975 1.0 1158
22 1 13.9525 1.0 1111
2 1 44.6125 1.0 135
23 1 24.1725 1.0 1169
5 0 42.057500000000005 1.0 282
19 0 39.5025 1.0 980
2 1 39.5025 1.0 131
21 0 54.83250000000001 1.0 1092
23 1 44.6125 1.0 1185
5 1 31.837500000000006 1.0 275
10 1 57.3875 1.0 545
23 0 26.727500000000006 1.0 1170
18 1 24.1725 1.0 919
10 0 42.057500000000005 1.0 532
10 0 59.94250000000001 1.0 546
4 0 21.617500000000007 1.0 216
6 1 49.7225 1.0 339
1938795.4 23
23 1 44.6125 1.0 1185
19 0 39.5025 1.0 980
1 1 11.3975 1.0 59
22 1 13.9525 1.0 1111
7 0 16.507500000000007 1.0 362
9 0 26.727500000000006 1.0 470
0 0 49.7225 1.0 38
10 0 42.057500000000005 1.0 532
9 1 57.3875 1.0 495
7 0 42.057500000000005 1.0 382
7 1 11.3975 1.0 359
10 1 34.3925 1.0 527
21 1 54.83250000000001 1.0 1093
2 0 34.3925 1.0 126
19 1 19.0625 1.0 965
8 1 13.9525 1.0 411
18 1 49.7225 1.0 939
21 0 54.83250000000001 1.0 1092
9 1 8.842500000000001 1.0 457
21 1 29.2825 1.0 1073
11 1 52.2775 1.0 591
3 0 1.177500000000002 1.0 150
21 0 13.9525 1.0 1060
913757.2 8
10 1 57.3875 1.0 545
13 0 8.842500000000001 1.0 656
4 1 31.837500000000006 1.0 225
24 1 6.287500000000001 1.0 1205
9 0 36.947500000000005 1.0 478
9 1 8.842500000000001 1.0 457
12 0 52.2775 1.0 640
22 1 13.9525 1.0 1111
1097561.8 14
23 1 62.4975 1.0 1199
23 0 39.5025 1.0 1180
23 1 6.287500000000001 1.0 1155
16 0 36.947500000000005 1.0 828
10 0 16.507500000000007 1.0 512
0 1 1.177500000000002 1.0 1
7 1 52.2775 1.0 391
13 1 62.4975 1.0 699
16 1 11.3975 1.0 809
17 1 52.2775 1.0 891
1 1 11.3975 1.0 59
1 1 13.9525 1.0 61
23 0 26.727500000000006 1.0 1170
16 1 24.1725 1.0 819
1228087.2 16
19 1 19.0625 1.0 965
8 0 49.7225 1.0 438
23 0 31.837500000000006 1.0 1174
14 1 21.617500000000007 1.0 717
21 1 42.057500000000005 1.0 1083
10 0 3.7325000000000017 1.0 502
0 1 16.507500000000007 1.0 13
3 0 29.2825 1.0 172
9 0 6.287500000000001 1.0 454
9 0 42.057500000000005 1.0 482
6 1 19.0625 1.0 315
9 0 11.3975 1.0 458
18 0 47.167500000000004 1.0 936
0 1 21.617500000000007 1.0 17
15 1 57.3875 1.0 795
9 1 8.842500000000001 1.0 457
334395.8 21
12 0 21.617500000000007 1.0 616
24 0 16.507500000000007 1.0 1212
22 0 36.947500000000005 1.0 1128
15 1 29.2825 1.0 773
20 0 24.1725 1.0 1018
10 1 16.507500000000007 1.0 513
11 1 52.2775 1.0 591
23 0 21.617500000000007 1.0 1166
15 1 54.83250000000001 1.0 793
12 0 34.3925 1.0 626
2 0 11.3975 1.0 108
14 1 6.287500000000001 1.0 705
17 1 3.7325000000000017 1.0 853
3 0 1.177500000000002 1.0 150
14 1 42.057500000000005 1.0 733
9 1 8.842500000000001 1.0 457
2 0 52.2775 1.0 140
8 0 1.177500000000002 1.0 400
18 0 47.167500000000004 1.0 936
23 1 44.6125 1.0 1185
24 0 21.617500000000007 1.0 1216
1058900.6 13
18 1 47.167500000000004 1.0 937
20 0 8.842500000000001 1.0 1006
5 0 24.1725 1.0 268
13 0 11.3975 1.0 658
8 0 62.4975 1.0 448
10 0 3.7325000000000017 1.0 502
21 1 26.727500000000006 1.0 1071
2 0 54.83250000000001 1.0 142
10 1 34.3925 1.0 527
4 1 36.947500000000005 1.0 229
11 0 36.947500000000005 1.0 578
19 0 52.2775 1.0 990
4 0 31.837500000000006 1.0 224
1230954.6 6
14 1 11.3975 1.0 709
11 1 6.287500000000001 1.0 555
3 0 19.0625 1.0 164
19 1 1.177500000000002 1.0 951
13 0 1.177500000000002 1.0 650
2 0 24.1725 1.0 118
1588438.5 13
12 0 24.1725 1.0 618
9 0 36.947500000000005 1.0 478
3 0 1.177500000000002 1.0 150
19 1 49.7225 1.0 989
20 1 29.2825 1.0 1023
15 0 44.6125 1.0 784
7 1 34.3925 1.0 377
12 0 19.0625 1.0 614
0 1 39.5025 1.0 31
16 1 11.3975 1.0 809
23 1 54.83250000000001 1.0 1193
2 0 57.3875 1.0 144
23 0 31.837500000000006 1.0 1174
113702.86 22
16 1 11.3975 1.0 809
3 0 19.0625 1.0 164
2 1 19.0625 1.0 115
24 0 6.287500000000001 1.0 1204
23 0 54.83250000000001 1.0 1192
14 1 21.617500000000007 1.0 717
13 0 3.7325000000000017 1.0 652
21 0 8.842500000000001 1.0 1056
6 0 62.4975 1.0 348
20 0 24.1725 1.0 1018
18 1 29.2825 1.0 923
23 1 57.3875 1.0 1195
4 0 59.94250000000001 1.0 246
4 0 29.2825 1.0 222
20 0 1.177500000000002 1.0 1000
23 1 54.83250000000001 1.0 1193
8 0 44.6125 1.0 434
20 1 11.3975 1.0 1009
10 0 21.617500000000007 1.0 516
0 0 1.177500000000002 1.0 0
21 1 29.2825 1.0 1073
18 1 21.617500000000007 1.0 917
1968020.8 5
18 1 19.0625 1.0 915
10 1 16.507500000000007 1.0 513
2 0 13.9525 1.0 110
8 1 39.5025 1.0 431
5 1 39.5025 1.0 281
1405828.4 20
14 0 26.727500000000006 1.0 720
13 0 26.727500000000006 1.0 670
1 0 47.167500000000004 1.0 86
22 0 1.177500000000002 1.0 1100
13 0 13.9525 1.0 660
22 1 44.6125 1.0 1135
24 1 16.507500000000007 1.0 1213
22 1 47.167500000000004 1.0 1137
7 0 24.1725 1.0 368
8 0 13.9525 1.0 410
14 1 34.3925 1.0 727
2 0 44.6125 1.0 134
4 1 57.3875 1.0 245
15 1 13.9525 1.0 761
7 1 62.4975 1.0 399
16 0 16.507500000000007 1.0 812
8 1 36.947500000000005 1.0 429
16 0 47.167500000000004 1.0 836
20 0 31.837500000000006 1.0 1024
17 0 3.7325000000000017 1.0 852
1013321.94 24
5 0 62.4975 1.0 298
10 1 52.2775 1.0 541
9 1 29.2825 1.0 473
15 1 54.83250000000001 1.0 793
5 1 29.2825 1.0 273
0 1 21.617500000000007 1.0 17
1 0 49.7225 1.0 88
22 1 1.177500000000002 1.0 1101
15 0 36.947500000000005 1.0 778
12 1 54.83250000000001 1.0 643
23 1 24.1725 1.0 1169
1 0 24.1725 1.0 68
19 1 19.0625 1.0 965
16 1 24.1725 1.0 819
17 1 3.7325000000000017 1.0 853
5 1 52.2775 1.0 291
11 0 44.6125 1.0 584
19 0 52.2775 1.0 990
5 1 31.837500000000006 1.0 275
10 0 42.057500000000005 1.0 532
11 0 34.3925 1.0 576
13 1 62.4975 1.0 699
21 1 54.83250000000001 1.0 1093
24 1 49.7225 1.0 1239
576374.4 9
16 0 47.167500000000004 1.0 836
20 0 29.2825 1.0 1022
21 1 39.5025 1.0 1081
13 1 13.9525 1.0 661
22 1 1.177500000000002 1.0 1101
21 0 54.83250000000001 1.0 1092
24 0 31.837500000000006 1.0 1224
14 1 26.727500000000006 1.0 721
18 1 54.83250000000001 1.0 943
1786973.4 13
23 1 6.287500000000001 1.0 1155
13 1 62.4975 1.0 699
8 0 16.507500000000007 1.0 412
19 0 52.2775 1.0 990
24 1 59.94250000000001 1.0 1247
20 1 11.3975 1.0 1009
12 0 52.2775 1.0 640
8 0 1.177500000000002 1.0 400
18 1 36.947500000000005 1.0 929
18 1 19.0625 1.0 915
8 1 36.947500000000005 1.0 429
12 1 62.4975 1.0 649
2 0 44.6125 1.0 134
1747910.1 10
4 0 29.2825 1.0 222
7 0 6.287500000000001 1.0 354
14 1 54.83250000000001 1.0 743
10 1 52.2775 1.0 541
18 1 21.617500000000007 1.0 917
1 1 21.617500000000007 1.0 67
20 0 29.2825 1.0 1022
8 1 57.3875 1.0 445
2 1 62.4975 1.0 149
21 0 39.5025 1.0 1080
468818.9 11
7 0 42.057500000000005 1.0 382
21 0 54.83250000000001 1.0 1092
1 1 13.9525 1.0 61
2 1 57.3875 1.0 145
23 0 47.167500000000004 1.0 1186
23 1 54.83250000000001 1.0 1193
7 1 34.3925 1.0 377
21 1 16.507500000000007 1.0 1063
13 0 31.837500000000006 1.0 674
12 0 54.83250000000001 1.0 642
22 0 36.947500000000005 1.0 1128
573267.5 7
5 1 6.287500000000001 1.0 255
24 0 62.4975 1.0 1248
16 1 47.167500000000004 1.0 837
14 1 6.287500000000001 1.0 705
23 1 21.617500000000007 1.0 1167
3 1 31.837500000000006 1.0 175
5 0 42.057500000000005 1.0 282
1743217.1 20
15 0 54.83250000000001 1.0 792
8 1 16.507500000000007 1.0 413
15 0 21.617500000000007 1.0 766
5 0 62.4975 1.0 298
11 0 44.6125 1.0 584
1 1 47.167500000000004 1.0 87
11 1 52.2775 1.0 591
9 0 13.9525 1.0 460
7 1 1.177500000000002 1.0 351
10 1 21.617500000000007 1.0 517
16 1 52.2775 1.0 841
2 0 44.6125 1.0 134
20 0 24.1725 1.0 1018
14 1 54.83250000000001 1.0 743
18 1 21.617500000000007 1.0 917
14 1 1.177500000000002 1.0 701
22 0 42.057500000000005 1.0 1132
8 1 6.287500000000001 1.0 405
7 0 21.617500000000007 1.0 366
0 1 49.7225 1.0 39
1194351.5 6
14 1 44.6125 1.0 735
8 0 13.9525 1.0 410
14 0 42.057500000000005 1.0 732
21 0 36.947500000000005 1.0 1078
7 1 19.0625 1.0 365
14 1 34.3925 1.0 727
1707467.2 16
14 1 49.7225 1.0 739
13 0 8.842500000000001 1.0 656
16 0 16.507500000000007 1.0 812
0 0 31.837500000000006 1.0 24
18 0 36.947500000000005 1.0 928
24 1 49.7225 1.0 1239
12 0 24.1725 1.0 618
13 0 11.3975 1.0 658
22 1 1.177500000000002 1.0 1101
17 0 54.83250000000001 1.0 892
12 1 59.94250000000001 1.0 647
16 1 1.177500000000002 1.0 801
23 0 47.167500000000004 1.0 1186
20 1 21.617500000000007 1.0 1017
6 1 31.837500000000006 1.0 325
12 0 34.3925 1.0 626
325264.0 15
19 0 52.2775 1.0 990
7 0 13.9525 1.0 360
21 1 13.9525 1.0 1061
18 0 13.9525 1.0 910
8 1 57.3875 1.0 445
21 1 26.727500000000006 1.0 1071
2 0 49.7225 1.0 138
14 0 16.507500000000007 1.0 712
2 0 19.0625 1.0 114
12 0 19.0625 1.0 614
19 0 39.5025 1.0 980
15 0 54.83250000000001 1.0 792
7 1 62.4975 1.0 399
10 0 21.617500000000007 1.0 516
16 1 59.94250000000001 1.0 847
844515.3 7
14 0 26.727500000000006 1.0 720
17 0 8.842500000000001 1.0 856
13 0 8.842500000000001 1.0 656
9 0 24.1725 1.0 468
16 0 3.7325000000000017 1.0 802
22 0 36.947500000000005 1.0 1128
4 0 31.837500000000006 1.0 224
480102.6 19
10 0 1.177500000000002 1.0 500
7 0 13.9525 1.0 360
15 0 21.617500000000007 1.0 766
23 0 21.617500000000007 1.0 1166
15 0 54.83250000000001 1.0 792
11 0 11.3975 1.0 558
5 0 31.837500000000006 1.0 274
16 1 49.7225 1.0 839
8 1 24.1725 1.0 419
2 1 62.4975 1.0 149
9 1 47.167500000000004 1.0 487
23 0 62.4975 1.0 1198
24 0 36.947500000000005 1.0 1228
10 0 54.83250000000001 1.0 542
13 1 29.2825 1.0 673
19 0 39.5025 1.0 980
21 0 39.5025 1.0 1080
0 1 8.842500000000001 1.0 7
3 0 36.947500000000005 1.0 178
1324420.1 22
10 1 24.1725 1.0 519
11 0 49.7225 1.0 588
13 0 26.727500000000006 1.0 670
21 1 21.617500000000007 1.0 1067
20 1 29.2825 1.0 1023
8 1 42.057500000000005 1.0 433
9 1 29.2825 1.0 473
4 0 11.3975 1.0 208
24 1 59.94250000000001 1.0 1247
23 1 6.287500000000001 1.0 1155
11 1 31.837500000000006 1.0 575
17 1 49.7225 1.0 889
14 1 42.057500000000005 1.0 733
18 0 36.947500000000005 1.0 928
12 1 57.3875 1.0 645
19 1 11.3975 1.0 959
6 1 29.2825 1.0 323
12 0 52.2775 1.0 640
10 1 3.7325000000000017 1.0 503
8 1 13.9525 1.0 411
13 0 3.7325000000000017 1.0 652
4 1 36.947500000000005 1.0 229
1688584.8 23
20 0 29.2825 1.0 1022
23 0 47.167500000000004 1.0 1186
23 0 21.617500000000007 1.0 1166
7 0 57.3875 1.0 394
3 0 1.177500000000002 1.0 150
11 0 49.7225 1.0 588
24 1 19.0625 1.0 1215
14 1 39.5025 1.0 731
4 1 1.177500000000002 1.0 201
23 1 6.287500000000001 1.0 1155
15 1 52.2775 1.0 791
9 1 47.167500000000004 1.0 487
12 1 19.0625 1.0 615
16 0 11.3975 1.0 808
19 1 49.7225 1.0 989
4 1 57.3875 1.0 245
4 0 16.507500000000007 1.0 212
13 0 8.842500000000001 1.0 656
9 0 11.3975 1.0 458
24 0 21.617500000000007 1.0 1216
20 1 29.2825 1.0 1023
2 0 11.3975 1.0 108
9 0 26.727500000000006 1.0 470
385837.2 17
19 1 57.3875 1.0 995
9 1 47.167500000000004 1.0 487
19 0 52.2775 1.0 990
1 0 39.5025 1.0 80
8 0 1.177500000000002 1.0 400
23 1 54.83250000000001 1.0 1193
7 1 34.3925 1.0 377
12 0 59.94250000000001 1.0 646
12 0 49.7225 1.0 638
14 1 31.837500000000006 1.0 725
2 1 19.0625 1.0 115
14 0 1.177500000000002 1.0 700
17 0 59.94250000000001 1.0 896
16 1 47.167500000000004 1.0 837
18 1 24.1725 1.0 919
23 0 54.83250000000001 1.0 1192
11 1 52.2775 1.0 591
1936284.8 16
20 1 29.2825 1.0 1023
2 0 13.9525 1.0 110
18 1 49.7225 1.0 939
23 1 57.3875 1.0 1195
15 0 54.83250000000001 1.0 792
14 0 42.057500000000005 1.0 732
12 0 42.057500000000005 1.0 632
9 0 54.83250000000001 1.0 492
23 0 26.727500000000006 1.0 1170
4 0 31.837500000000006 1.0 224
24 1 59.94250000000001 1.0 1247
5 1 29.2825 1.0 273
5 1 31.837500000000006 1.0 275
20 1 57.3875 1.0 1045
20 1 52.2775 1.0 1041
19 1 49.7225 1.0 989
211298.11 17
20 0 1.177500000000002 1.0 1000
7 0 6.287500000000001 1.0 354
14 1 11.3975 1.0 709
13 1 16.507500000000007 1.0 663
23 1 24.1725 1.0 1169
7 0 42.057500000000005 1.0 382
20 1 49.7225 1.0 1039
6 0 62.4975 1.0 348
0 1 34.3925 1.0 27
2 0 54.83250000000001 1.0 142
5 0 26.727500000000006 1.0 270
3 0 36.947500000000005 1.0 178
11 1 34.3925 1.0 577
10 0 26.727500000000006 1.0 520
22 0 36.947500000000005 1.0 1128
16 1 21.617500000000007 1.0 817
11 0 13.9525 1.0 560
1036813.06 22
18 1 11.3975 1.0 909
13 1 62.4975 1.0 699
16 0 36.947500000000005 1.0 828
11 1 52.2775 1.0 591
18 0 36.947500000000005 1.0 928
23 1 21.617500000000007 1.0 1167
21 1 26.727500000000006 1.0 1071
12 1 24.1725 1.0 619
20 0 47.167500000000004 1.0 1036
16 1 6.287500000000001 1.0 805
15 1 26.727500000000006 1.0 771
24 0 21.617500000000007 1.0 1216
15 1 52.2775 1.0 791
7 1 21.617500000000007 1.0 367
24 0 62.4975 1.0 1248
23 0 31.837500000000006 1.0 1174
23 1 24.1725 1.0 1169
18 0 59.94250000000001 1.0 946
2 1 44.6125 1.0 135
21 1 16.507500000000007 1.0 1063
24 0 57.3875 1.0 1244
10 0 36.947500000000005 1.0 528
1980734.8 18
6 1 19.0625 1.0 315
16 1 1.177500000000002 1.0 801
23 0 47.167500000000004 1.0 1186
24 1 59.94250000000001 1.0 1247
2 0 19.0625 1.0 114
13 0 8.842500000000001 1.0 656
20 1 29.2825 1.0 1023
0 1 21.617500000000007 1.0 17
23 0 62.4975 1.0 1198
6 1 36.947500000000005 1.0 329
11 1 6.287500000000001 1.0 555
8 1 6.287500000000001 1.0 405
8 0 52.2775 1.0 440
13 0 6.287500000000001 1.0 654
6 0 62.4975 1.0 348
3 0 1.177500000000002 1.0 150
20 1 54.83250000000001 1.0 1043
21 1 26.727500000000006 1.0 1071
354048.6 21
7 1 62.4975 1.0 399
18 1 24.1725 1.0 919
2 0 44.6125 1.0 134
1 1 39.5025 1.0 81
12 0 24.1725 1.0 618
16 1 16.507500000000007 1.0 813
17 1 31.837500000000006 1.0 875
9 1 47.167500000000004 1.0 487
18 1 3.7325000000000017 1.0 903
20 1 49.7225 1.0 1039
24 1 19.0625 1.0 1215
21 1 21.617500000000007 1.0 1067
14 1 49.7225 1.0 739
8 1 57.3875 1.0 445
21 0 39.5025 1.0 1080
19 0 39.5025 1.0 980
5 0 49.7225 1.0 288
19 1 49.7225 1.0 989
13 0 54.83250000000001 1.0 692
11 0 47.167500000000004 1.0 586
23 1 44.6125 1.0 1185
1823307.1 24
16 1 11.3975 1.0 809
24 1 59.94250000000001 1.0 1247
9 1 36.947500000000005 1.0 479
16 1 1.177500000000002 1.0 801
4 0 21.617500000000007 1.0 216
2 0 44.6125 1.0 134
8 0 26.727500000000006 1.0 420
23 1 1.177500000000002 1.0 1151
0 0 49.7225 1.0 38
22 1 34.3925 1.0 1127
19 0 34.3925 1.0 976
4 1 57.3875 1.0 245
20 1 52.2775 1.0 1041
17 1 49.7225 1.0 889
24 1 19.0625 1.0 1215
8 1 52.2775 1.0 441
20 0 24.1725 1.0 1018
22 1 1.177500000000002 1.0 1101
19 1 26.727500000000006 1.0 971
15 1 62.4975 1.0 799
24 0 26.727500000000006 1.0 1220
12 0 29.2825 1.0 622
4 0 54.83250000000001 1.0 242
6 1 31.837500000000006 1.0 325
368973.5 22
16 0 1.177500000000002 1.0 800
15 0 13.9525 1.0 760
23 0 21.617500000000007 1.0 1166
13 1 59.94250000000001 1.0 697
1 1 11.3975 1.0 59
1 1 13.9525 1.0 61
12 0 21.617500000000007 1.0 616
5 1 29.2825 1.0 273
2 0 54.83250000000001 1.0 142
4 1 31.837500000000006 1.0 225
19 0 39.5025 1.0 980
4 1 39.5025 1.0 231
19 1 49.7225 1.0 989
13 0 11.3975 1.0 658
8 0 57.3875 1.0 444
0 1 21.617500000000007 1.0 17
14 1 16.507500000000007 1.0 713
20 1 13.9525 1.0 1011
23 1 62.4975 1.0 1199
12 1 24.1725 1.0 619
21 1 42.057500000000005 1.0 1083
23 1 57.3875 1.0 1195
110194.15 23
5 0 1.177500000000002 1.0 250
18 1 11.3975 1.0 909
16 0 3.7325000000000017 1.0 802
20 0 8.842500000000001 1.0 1006
18 0 47.167500000000004 1.0 936
9 1 8.842500000000001 1.0 457
18 1 29.2825 1.0 923
21 0 36.947500000000005 1.0 1078
8 1 52.2775 1.0 441
10 1 52.2775 1.0 541
8 0 34.3925 1.0 426
9 0 6.287500000000001 1.0 454
6 0 3.7325000000000017 1.0 302
20 0 29.2825 1.0 1022
2 1 52.2775 1.0 141
8 1 57.3875 1.0 445
0 0 24.1725 1.0 18
5 1 19.0625 1.0 265
7 0 31.837500000000006 1.0 374
12 0 19.0625 1.0 614
2 1 54.83250000000001 1.0 143
23 1 1.177500000000002 1.0 1151
4 1 1.177500000000002 1.0 201
1850997.5 23
2 1 39.5025 1.0 131
12 0 42.057500000000005 1.0 632
16 1 47.167500000000004 1.0 837
8 1 6.287500000000001 1.0 405
4 1 57.3875 1.0 245
24 1 19.0625 1.0 1215
11 0 34.3925 1.0 576
6 1 57.3875 1.0 345
16 0 11.3975 1.0 808
15 0 6.287500000000001 1.0 754
19 0 39.5025 1.0 980
13 0 26.727500000000006 1.0 670
13 1 13.9525 1.0 661
24 0 19.0625 1.0 1214
20 1 1.177500000000002 1.0 1001
8 0 6.287500000000001 1.0 404
21 1 42.057500000000005 1.0 1083
19 0 49.7225 1.0 988
23 0 31.837500000000006 1.0 1174
15 1 54.83250000000001 1.0 793
1 0 36.947500000000005 1.0 78
7 1 31.837500000000006 1.0 375
20 1 29.2825 1.0 1023
1724117.4 11
12 1 19.0625 1.0 615
24 0 19.0625 1.0 1214
2 0 59.94250000000001 1.0 146
3 1 13.9525 1.0 161
20 1 62.4975 1.0 1049
12 1 59.94250000000001 1.0 647
3 0 34.3925 1.0 176
13 1 3.7325000000000017 1.0 653
14 1 34.3925 1.0 727
21 0 39.5025 1.0 1080
18 1 19.0625 1.0 915
963039.7 11
12 0 26.727500000000006 1.0 620
6 1 31.837500000000006 1.0 325
21 1 42.057500000000005 1.0 1083
3 1 11.3975 1.0 159
8 1 13.9525 1.0 411
14 0 16.507500000000007 1.0 712
21 0 49.7225 1.0 1088
16 0 36.947500000000005 1.0 828
19 1 16.507500000000007 1.0 963
5 1 31.837500000000006 1.0 275
2 0 57.3875 1.0 144
510533.0 6
4 0 11.3975 1.0 208
0 0 1.177500000000002 1.0 0
2 1 39.5025 1.0 131
2 1 19.0625 1.0 115
16 0 21.617500000000007 1.0 816
9 0 31.837500000000006 1.0 474
327300.84 21
5 0 26.727500000000006 1.0 270
2 1 19.0625 1.0 115
19 1 29.2825 1.0 973
18 0 13.9525 1.0 910
12 0 31.837500000000006 1.0 624
8 1 59.94250000000001 1.0 447
23 0 11.3975 1.0 1158
14 1 8.842500000000001 1.0 707
20 1 29.2825 1.0 1023
16 1 1.177500000000002 1.0 801
7 0 39.5025 1.0 380
10 1 49.7225 1.0 539
0 0 1.177500000000002 1.0 0
4 1 31.837500000000006 1.0 225
1 1 54.83250000000001 1.0 93
22 0 52.2775 1.0 1140
18 1 21.617500000000007 1.0 917
5 1 31.837500000000006 1.0 275
22 0 36.947500000000005 1.0 1128
13 1 31.837500000000006 1.0 675
4 0 11.3975 1.0 208
768143.1 17
9 1 47.167500000000004 1.0 487
13 0 42.057500000000005 1.0 682
9 0 3.7325000000000017 1.0 452
14 1 52.2775 1.0 741
14 0 13.9525 1.0 710
20 0 8.842500000000001 1.0 1006
3 0 36.947500000000005 1.0 178
16 0 34.3925 1.0 826
7 1 62.4975 1.0 399
19 1 1.177500000000002 1.0 951
13 0 8.842500000000001 1.0 656
21 1 26.727500000000006 1.0 1071
1 1 19.0625 1.0 65
6 0 62.4975 1.0 348
5 1 59.94250000000001 1.0 297
1 1 54.83250000000001 1.0 93
7 0 16.507500000000007 1.0 362
1046273.4 21
12 0 52.2775 1.0 640
18 0 6.287500000000001 1.0 904
5 0 59.94250000000001 1.0 296
14 1 49.7225 1.0 739
7 0 21.617500000000007 1.0 366
2 1 6.287500000000001 1.0 105
7 0 24.1725 1.0 368
2 1 34.3925 1.0 127
21 1 42.057500000000005 1.0 1083
9 0 6.287500000000001 1.0 454
10 0 3.7325000000000017 1.0 502
4 0 49.7225 1.0 238
24 0 6.287500000000001 1.0 1204
8 1 39.5025 1.0 431
7 1 34.3925 1.0 377
7 1 52.2775 1.0 391
13 0 52.2775 1.0 690
1 1 13.9525 1.0 61
12 1 59.94250000000001 1.0 647
2 0 6.287500000000001 1.0 104
16 0 11.3975 1.0 808
703911.75 20
3 1 8.842500000000001 1.0 157
18 0 47.167500000000004 1.0 936
4 0 11.3975 1.0 208
5 0 57.3875 1.0 294
3 0 34.3925 1.0 176
14 1 26.727500000000006 1.0 721
16 0 11.3975 1.0 808
13 1 47.167500000000004 1.0 687
4 1 1.177500000000002 1.0 201
14 1 34.3925 1.0 727
24 1 16.507500000000007 1.0 1213
4 1 49.7225 1.0 239
8 0 39.5025 1.0 430
23 1 57.3875 1.0 1195
10 1 54.83250000000001 1.0 543
1 1 21.617500000000007 1.0 67
12 1 19.0625 1.0 615
15 1 26.727500000000006 1.0 771
5 0 24.1725 1.0 268
12 0 24.1725 1.0 618
976285.5 5
15 1 54.83250000000001 1.0 793
5 0 24.1725 1.0 268
6 1 19.0625 1.0 315
23 0 13.9525 1.0 1160
7 1 1.177500000000002 1.0 351
1548158.1 17
21 0 39.5025 1.0 1080
16 1 1.177500000000002 1.0 801
16 1 59.94250000000001 1.0 847
3 1 29.2825 1.0 173
11 1 52.2775 1.0 591
15 0 54.83250000000001 1.0 792
23 0 54.83250000000001 1.0 1192
10 0 42.057500000000005 1.0 532
12 0 21.617500000000007 1.0 616
23 0 42.057500000000005 1.0 1182
1 1 24.1725 1.0 69
19 1 49.7225 1.0 989
8 1 6.287500000000001 1.0 405
2 1 44.6125 1.0 135
2 0 49.7225 1.0 138
9 1 57.3875 1.0 495
24 0 19.0625 1.0 1214
1704278.4 14
13 0 54.83250000000001 1.0 692
16 1 8.842500000000001 1.0 807
22 0 36.947500000000005 1.0 1128
2 0 19.0625 1.0 114
12 0 34.3925 1.0 626
14 1 1.177500000000002 1.0 701
21 1 42.057500000000005 1.0 1083
21 1 54.83250000000001 1.0 1093
2 0 11.3975 1.0 108
7 0 13.9525 1.0 360
18 0 6.287500000000001 1.0 904
23 1 57.3875 1.0 1195
4 1 57.3875 1.0 245
21 0 36.947500000000005 1.0 1078
871934.44 8
2 0 19.0625 1.0 114
12 0 62.4975 1.0 648
20 1 13.9525 1.0 1011
23 0 21.617500000000007 1.0 1166
3 1 19.0625 1.0 165
8 0 8.842500000000001 1.0 406
16 0 47.167500000000004 1.0 836
13 1 54.83250000000001 1.0 693
1455399.9 21
10 0 3.7325000000000017 1.0 502
8 1 13.9525 1.0 411
17 0 8.842500000000001 1.0 856
13 0 31.837500000000006 1.0 674
9 1 26.727500000000006 1.0 471
13 1 62.4975 1.0 699
0 1 47.167500000000004 1.0 37
22 0 16.507500000000007 1.0 1112
24 1 36.947500000000005 1.0 1229
20 1 29.2825 1.0 1023
4 0 11.3975 1.0 208
4 1 1.177500000000002 1.0 201
2 0 42.057500000000005 1.0 132
7 0 21.617500000000007 1.0 366
2 0 24.1725 1.0 118
21 1 16.507500000000007 1.0 1063
24 0 54.83250000000001 1.0 1242
23 0 36.947500000000005 1.0 1178
2 0 57.3875 1.0 144
8 1 39.5025 1.0 431
20 0 29.2825 1.0 1022
1957763.8 6
2 0 57.3875 1.0 144
23 0 54.83250000000001 1.0 1192
2 1 62.4975 1.0 149
0 1 47.167500000000004 1.0 37
15 1 52.2775 1.0 791
5 1 29.2825 1.0 273
1047054.6 21
19 1 1.177500000000002 1.0 951
23 1 54.83250000000001 1.0 1193
24 0 34.3925 1.0 1226
24 1 49.7225 1.0 1239
6 1 36.947500000000005 1.0 329
8 0 16.507500000000007 1.0 412
2 0 57.3875 1.0 144
11 0 47.167500000000004 1.0 586
8 1 39.5025 1.0 431
14 1 11.3975 1.0 709
1 1 34.3925 1.0 77
10 1 52.2775 1.0 541
13 1 29.2825 1.0 673
20 0 24.1725 1.0 1018
4 0 21.617500000000007 1.0 216
24 0 19.0625 1.0 1214
1 1 54.83250000000001 1.0 93
13 0 3.7325000000000017 1.0 652
23 0 13.9525 1.0 1160
12 1 42.057500000000005 1.0 633
17 0 3.7325000000000017 1.0 852
1538648.4 14
14 1 21.617500000000007 1.0 717
16 1 24.1725 1.0 819
21 1 54.83250000000001 1.0 1093
15 0 6.287500000000001 1.0 754
2 1 19.0625 1.0 115
20 1 29.2825 1.0 1023
8 1 57.3875 1.0 445
20 1 11.3975 1.0 1009
5 1 29.2825 1.0 273
6 1 52.2775 1.0 341
20 1 8.842500000000001 1.0 1007
2 0 42.057500000000005 1.0 132
17 0 3.7325000000000017 1.0 852
1 1 13.9525 1.0 61
1568941.6 23
12 0 42.057500000000005 1.0 632
17 0 54.83250000000001 1.0 892
24 1 59.94250000000001 1.0 1247
7 1 36.947500000000005 1.0 379
14 1 39.5025 1.0 731
0 1 16.507500000000007 1.0 13
24 1 19.0625 1.0 1215
5 1 16.507500000000007 1.0 263
14 1 42.057500000000005 1.0 733
0 0 62.4975 1.0 48
13 0 13.9525 1.0 660
10 1 24.1725 1.0 519
8 1 52.2775 1.0 441
10 0 16.507500000000007 1.0 512
5 1 31.837500000000006 1.0 275
1 1 24.1725 1.0 69
2 0 49.7225 1.0 138
7 1 34.3925 1.0 377
20 1 62.4975 1.0 1049
13 0 21.617500000000007 1.0 666
8 1 39.5025 1.0 431
7 0 31.837500000000006 1.0 374
19 0 8.842500000000001 1.0 956
628491.9 18
17 0 54.83250000000001 1.0 892
9 1 57.3875 1.0 495
3 0 34.3925 1.0 176
15 0 54.83250000000001 1.0 792
19 0 29.2825 1.0 972
7 0 21.617500000000007 1.0 366
19 0 52.2775 1.0 990
8 1 42.057500000000005 1.0 433
0 1 16.507500000000007 1.0 13
14 0 49.7225 1.0 738
4 1 57.3875 1.0 245
21 1 29.2825 1.0 1073
3 1 11.3975 1.0 159
1 1 54.83250000000001 1.0 93
16 1 59.94250000000001 1.0 847
20 1 29.2825 1.0 1023
23 1 1.177500000000002 1.0 1151
2 0 11.3975 1.0 108
617627.5 11
14 1 49.7225 1.0 739
1 1 3.7325000000000017 1.0 53
24 0 24.1725 1.0 1218
0 1 47.167500000000004 1.0 37
16 0 34.3925 1.0 826
15 0 1.177500000000002 1.0 750
8 1 57.3875 1.0 445
24 1 19.0625 1.0 1215
3 1 11.3975 1.0 159
8 0 39.5025 1.0 430
11 1 21.617500000000007 1.0 567
41041.613 8
16 1 26.727500000000006 1.0 821
4 1 26.727500000000006 1.0 221
16 0 11.3975 1.0 808
15 1 34.3925 1.0 777
20 1 52.2775 1.0 1041
4 1 39.5025 1.0 231
4 0 11.3975 1.0 208
2 0 54.83250000000001 1.0 142
1021408.06 23
7 0 3.7325000000000017 1.0 352
23 1 21.617500000000007 1.0 1167
14 1 34.3925 1.0 727
19 1 52.2775 1.0 991
11 0 13.9525 1.0 560
8 1 6.287500000000001 1.0 405
9 0 31.837500000000006 1.0 474
13 0 6.287500000000001 1.0 654
24 0 19.0625 1.0 1214
24 0 62.4975 1.0 1248
8 0 16.507500000000007 1.0 412
16 0 11.3975 1.0 808
11 0 57.3875 1.0 594
23 0 31.837500000000006 1.0 1174
24 1 59.94250000000001 1.0 1247
13 0 31.837500000000006 1.0 674
9 0 36.947500000000005 1.0 478
3 0 1.177500000000002 1.0 150
23 0 26.727500000000006 1.0 1170
8 0 8.842500000000001 1.0 406
23 1 54.83250000000001 1.0 1193
9 1 29.2825 1.0 473
16 1 11.3975 1.0 809
947592.94 16
1 1 54.83250000000001 1.0 93
10 1 49.7225 1.0 539
3 0 6.287500000000001 1.0 154
4 1 57.3875 1.0 245
0 0 24.1725 1.0 18
20 0 8.842500000000001 1.0 1006
14 0 16.507500000000007 1.0 712
2 0 49.7225 1.0 138
9 1 6.287500000000001 1.0 455
17 0 3.7325000000000017 1.0 852
4 1 36.947500000000005 1.0 229
14 0 54.83250000000001 1.0 742
24 0 47.167500000000004 1.0 1236
7 1 62.4975 1.0 399
4 0 19.0625 1.0 214
1 1 34.3925 1.0 77
375938.0 17
20 1 11.3975 1.0 1009
6 0 62.4975 1.0 348
21 0 24.1725 1.0 1068
0 0 49.7225 1.0 38
19 0 54.83250000000001 1.0 992
23 1 44.6125 1.0 1185
15 0 54.83250000000001 1.0 792
19 1 57.3875 1.0 995
10 0 21.617500000000007 1.0 516
4 1 57.3875 1.0 245
10 1 57.3875 1.0 545
24 0 3.7325000000000017 1.0 1202
12 0 21.617500000000007 1.0 616
10 0 24.1725 1.0 518
23 0 62.4975 1.0 1198
16 1 11.3975 1.0 809
21 0 54.83250000000001 1.0 1092
741926.9 18
23 0 31.837500000000006 1.0 1174
4 0 29.2825 1.0 222
4 1 31.837500000000006 1.0 225
7 1 31.837500000000006 1.0 375
14 1 34.3925 1.0 727
20 0 54.83250000000001 1.0 1042
16 0 26.727500000000006 1.0 820
12 1 59.94250000000001 1.0 647
19 1 1.177500000000002 1.0 951
0 0 34.3925 1.0 26
12 1 24.1725 1.0 619
0 1 34.3925 1.0 27
16 1 21.617500000000007 1.0 817
7 0 42.057500000000005 1.0 382
4 1 1.177500000000002 1.0 201
9 1 47.167500000000004 1.0 487
1 1 24.1725 1.0 69
19 0 52.2775 1.0 990
564285.25 5
4 0 29.2825 1.0 222
10 1 52.2775 1.0 541
18 1 21.617500000000007 1.0 917
24 1 59.94250000000001 1.0 1247
20 0 8.842500000000001 1.0 1006
1871860.2 19
3 1 16.507500000000007 1.0 163
5 1 31.837500000000006 1.0 275
22 1 8.842500000000001 1.0 1107
15 0 3.7325000000000017 1.0 752
12 0 31.837500000000006 1.0 624
17 1 3.7325000000000017 1.0 853
16 0 3.7325000000000017 1.0 802
8 1 52.2775 1.0 441
10 0 21.617500000000007 1.0 516
15 1 6.287500000000001 1.0 755
16 1 29.2825 1.0 823
7 0 13.9525 1.0 360
21 1 54.83250000000001 1.0 1093
19 0 39.5025 1.0 980
15 0 1.177500000000002 1.0 750
1 1 54.83250000000001 1.0 93
24 0 19.0625 1.0 1214
8 1 39.5025 1.0 431
8 0 8.842500000000001 1.0 406
865433.4 9
11 1 13.9525 1.0 561
23 0 54.83250000000001 1.0 1192
6 1 36.947500000000005 1.0 329
21 1 16.507500000000007 1.0 1063
9 0 29.2825 1.0 472
24 1 19.0625 1.0 1215
5 1 52.2775 1.0 291
16 0 16.507500000000007 1.0 812
14 0 26.727500000000006 1.0 720
717461.75 6
7 1 31.837500000000006 1.0 375
9 1 36.947500000000005 1.0 479
5 1 13.9525 1.0 261
15 0 1.177500000000002 1.0 750
7 1 62.4975 1.0 399
2 0 49.7225 1.0 138
1127826.4 9
24 0 24.1725 1.0 1218
16 1 39.5025 1.0 831
10 1 49.7225 1.0 539
7 1 1.177500000000002 1.0 351
11 0 8.842500000000001 1.0 556
23 1 44.6125 1.0 1185
1 0 19.0625 1.0 64
7 0 39.5025 1.0 380
14 0 26.727500000000006 1.0 720
1418993.4 7
0 0 24.1725 1.0 18
10 1 49.7225 1.0 539
18 1 29.2825 1.0 923
1 1 19.0625 1.0 65
23 1 57.3875 1.0 1195
12 0 59.94250000000001 1.0 646
23 1 1.177500000000002 1.0 1151
741643.56 22
1 0 24.1725 1.0 68
24 0 31.837500000000006 1.0 1224
23 1 57.3875 1.0 1195
9 0 13.9525 1.0 460
10 0 21.617500000000007 1.0 516
23 1 24.1725 1.0 1169
9 0 34.3925 1.0 476
23 1 62.4975 1.0 1199
22 1 13.9525 1.0 1111
24 0 19.0625 1.0 1214
19 0 52.2775 1.0 990
12 1 24.1725 1.0 619
4 0 11.3975 1.0 208
1 1 13.9525 1.0 61
18 1 29.2825 1.0 923
16 1 47.167500000000004 1.0 837
16 0 16.507500000000007 1.0 812
4 1 57.3875 1.0 245
14 1 42.057500000000005 1.0 733
22 0 36.947500000000005 1.0 1128
3 0 36.947500000000005 1.0 178
2 0 13.9525 1.0 110
1313231.9 16
1 1 13.9525 1.0 61
16 1 16.507500000000007 1.0 813
8 1 13.9525 1.0 411
0 0 59.94250000000001 1.0 46
10 0 44.6125 1.0 534
12 1 24.1725 1.0 619
8 0 39.5025 1.0 430
13 0 11.3975 1.0 658
8 1 6.287500000000001 1.0 405
20 0 8.842500000000001 1.0 1006
8 0 13.9525 1.0 410
9 1 39.5025 1.0 481
18 0 47.167500000000004 1.0 936
16 1 57.3875 1.0 845
18 1 24.1725 1.0 919
23 1 44.6125 1.0 1185
956143.6 24
23 1 44.6125 1.0 1185
23 0 54.83250000000001 1.0 1192
4 1 47.167500000000004 1.0 237
4 1 52.2775 1.0 241
2 0 11.3975 1.0 108
5 1 52.2775 1.0 291
15 0 54.83250000000001 1.0 792
17 0 16.507500000000007 1.0 862
2 0 57.3875 1.0 144
0 1 16.507500000000007 1.0 13
5 0 24.1725 1.0 268
23 1 62.4975 1.0 1199
9 1 57.3875 1.0 495
23 0 47.167500000000004 1.0 1186
7 1 62.4975 1.0 399
19 1 57.3875 1.0 995
20 1 62.4975 1.0 1049
14 1 42.057500000000005 1.0 733
5 1 29.2825 1.0 273
8 1 39.5025 1.0 431
24 0 8.842500000000001 1.0 1206
21 1 29.2825 1.0 1073
15 0 6.287500000000001 1.0 754
20 1 21.617500000000007 1.0 1017
70818.195 23
1 1 24.1725 1.0 69
13 1 21.617500000000007 1.0 667
18 1 24.1725 1.0 919
7 1 34.3925 1.0 377
22 1 6.287500000000001 1.0 1105
11 1 36.947500000000005 1.0 579
6 1 6.287500000000001 1.0 305
3 1 39.5025 1.0 181
21 0 36.947500000000005 1.0 1078
9 0 36.947500000000005 1.0 478
18 0 6.287500000000001 1.0 904
23 1 6.287500000000001 1.0 1155
13 1 16.507500000000007 1.0 663
14 0 16.507500000000007 1.0 712
23 0 11.3975 1.0 1158
23 0 31.837500000000006 1.0 1174
9 0 6.287500000000001 1.0 454
9 1 26.727500000000006 1.0 471
20 1 1.177500000000002 1.0 1001
24 0 31.837500000000006 1.0 1224
8 1 13.9525 1.0 411
6 1 36.947500000000005 1.0 329
11 0 44.6125 1.0 584
1541183.4 10
1 1 13.9525 1.0 61
14 1 42.057500000000005 1.0 733
15 0 6.287500000000001 1.0 754
16 1 24.1725 1.0 819
19 1 57.3875 1.0 995
11 0 31.837500000000006 1.0 574
8 1 52.2775 1.0 441
21 1 26.727500000000006 1.0 1071
1 1 34.3925 1.0 77
9 1 8.842500000000001 1.0 457
1045070.44 17
4 0 11.3975 1.0 208
20 1 29.2825 1.0 1023
13 1 13.9525 1.0 661
23 0 13.9525 1.0 1160
23 1 6.287500000000001 1.0 1155
19 1 11.3975 1.0 959
22 0 52.2775 1.0 1140
1 0 39.5025 1.0 80
13 0 54.83250000000001 1.0 692
1 1 19.0625 1.0 65
16 1 11.3975 1.0 809
8 1 13.9525 1.0 411
23 1 44.6125 1.0 1185
17 1 21.617500000000007 1.0 867
2 1 62.4975 1.0 149
20 1 11.3975 1.0 1009
12 0 34.3925 1.0 626
1757487.0 14
17 1 47.167500000000004 1.0 887
8 0 1.177500000000002 1.0 400
23 0 13.9525 1.0 1160
13 0 54.83250000000001 1.0 692
17 1 31.837500000000006 1.0 875
7 1 62.4975 1.0 399
3 1 16.507500000000007 1.0 163
18 0 36.947500000000005 1.0 928
9 1 49.7225 1.0 489
24 0 21.617500000000007 1.0 1216
8 0 8.842500000000001 1.0 406
20 0 29.2825 1.0 1022
0 1 21.617500000000007 1.0 17
13 0 26.727500000000006 1.0 670
648719.0 14
4 0 24.1725 1.0 218
4 0 11.3975 1.0 208
4 1 36.947500000000005 1.0 229
16 1 16.507500000000007 1.0 813
8 1 59.94250000000001 1.0 447
12 1 26.727500000000006 1.0 621
14 1 36.947500000000005 1.0 729
13 0 6.287500000000001 1.0 654
16 0 16.507500000000007 1.0 812
5 1 52.2775 1.0 291
18 0 36.947500000000005 1.0 928
9 1 26.727500000000006 1.0 471
6 0 3.7325000000000017 1.0 302
4 1 57.3875 1.0 245
955500.44 20
0 1 21.617500000000007 1.0 17
9 0 26.727500000000006 1.0 470
19 1 13.9525 1.0 961
6 0 62.4975 1.0 348
3 1 31.837500000000006 1.0 175
0 0 34.3925 1.0 26
7 0 42.057500000000005 1.0 382
1 1 54.83250000000001 1.0 93
18 1 29.2825 1.0 923
3 0 1.177500000000002 1.0 150
4 1 29.2825 1.0 223
12 1 19.0625 1.0 615
19 1 57.3875 1.0 995
16 1 24.1725 1.0 819
1 0 24.1725 1.0 68
9 0 6.287500000000001 1.0 454
23 1 1.177500000000002 1.0 1151
12 1 59.94250000000001 1.0 647
11 0 52.2775 1.0 590
5 0 54.83250000000001 1.0 292
1525612.6 13
9 1 26.727500000000006 1.0 471
17 1 3.7325000000000017 1.0 853
23 1 57.3875 1.0 1195
21 1 29.2825 1.0 1073
21 0 8.842500000000001 1.0 1056
23 1 62.4975 1.0 1199
24 0 6.287500000000001 1.0 1204
14 0 52.2775 1.0 740
2 0 49.7225 1.0 138
22 1 13.9525 1.0 1111
8 1 13.9525 1.0 411
12 1 59.94250000000001 1.0 647
1 1 24.1725 1.0 69
1047718.06 7
6 0 24.1725 1.0 318
20 1 36.947500000000005 1.0 1029
16 0 16.507500000000007 1.0 812
8 0 13.9525 1.0 410
9 0 36.947500000000005 1.0 478
20 1 13.9525 1.0 1011
10 0 21.617500000000007 1.0 516
719483.8 8
24 0 24.1725 1.0 1218
4 1 47.167500000000004 1.0 237
22 1 8.842500000000001 1.0 1107
18 1 29.2825 1.0 923
3 1 11.3975 1.0 159
7 1 62.4975 1.0 399
12 1 19.0625 1.0 615
12 0 31.837500000000006 1.0 624
1537273.8 16
23 0 26.727500000000006 1.0 1170
17 0 3.7325000000000017 1.0 852
16 1 1.177500000000002 1.0 801
2 0 54.83250000000001 1.0 142
8 0 62.4975 1.0 448
20 1 11.3975 1.0 1009
20 1 36.947500000000005 1.0 1029
9 0 6.287500000000001 1.0 454
11 1 6.287500000000001 1.0 555
2 1 19.0625 1.0 115
1 1 19.0625 1.0 65
7 0 42.057500000000005 1.0 382
16 1 6.287500000000001 1.0 805
5 0 59.94250000000001 1.0 296
2 0 44.6125 1.0 134
3 1 13.9525 1.0 161
60553.887 7
3 0 19.0625 1.0 164
7 1 31.837500000000006 1.0 375
13 0 54.83250000000001 1.0 692
15 0 62.4975 1.0 798
14 1 11.3975 1.0 709
13 1 31.837500000000006 1.0 675
12 0 52.2775 1.0 640
1052730.6 9
0 0 54.83250000000001 1.0 42
5 0 42.057500000000005 1.0 282
8 0 26.727500000000006 1.0 420
2 1 19.0625 1.0 115
15 1 26.727500000000006 1.0 771
4 0 21.617500000000007 1.0 216
20 1 57.3875 1.0 1045
24 1 59.94250000000001 1.0 1247
15 1 57.3875 1.0 795
778550.75 8
10 1 39.5025 1.0 531
13 1 36.947500000000005 1.0 679
16 1 16.507500000000007 1.0 813
20 0 8.842500000000001 1.0 1006
13 1 59.94250000000001 1.0 697
9 1 29.2825 1.0 473
23 1 6.287500000000001 1.0 1155
13 0 31.837500000000006 1.0 674
885732.7 6
1 1 11.3975 1.0 59
5 0 54.83250000000001 1.0 292
24 1 19.0625 1.0 1215
19 1 49.7225 1.0 989
19 0 49.7225 1.0 988
4 1 29.2825 1.0 223
711249.4 8
12 1 59.94250000000001 1.0 647
18 1 54.83250000000001 1.0 943
19 1 1.177500000000002 1.0 951
5 1 29.2825 1.0 273
10 1 52.2775 1.0 541
6 0 24.1725 1.0 318
23 0 21.617500000000007 1.0 1166
19 1 26.727500000000006 1.0 971
504576.78 24
4 1 31.837500000000006 1.0 225
19 1 57.3875 1.0 995
9 1 24.1725 1.0 469
23 1 44.6125 1.0 1185
17 0 62.4975 1.0 898
13 1 31.837500000000006 1.0 675
11 0 34.3925 1.0 576
0 0 47.167500000000004 1.0 36
9 0 34.3925 1.0 476
3 1 11.3975 1.0 159
13 1 47.167500000000004 1.0 687
13 0 42.057500000000005 1.0 682
23 1 1.177500000000002 1.0 1151
13 0 54.83250000000001 1.0 692
17 0 54.83250000000001 1.0 892
2 0 11.3975 1.0 108
16 0 11.3975 1.0 808
20 0 8.842500000000001 1.0 1006
11 1 26.727500000000006 1.0 571
22 1 36.947500000000005 1.0 1129
13 1 54.83250000000001 1.0 693
4 0 54.83250000000001 1.0 242
21 0 54.83250000000001 1.0 1092
24 0 8.842500000000001 1.0 1206
116074.83 19
13 0 13.9525 1.0 660
10 0 3.7325000000000017 1.0 502
18 0 19.0625 1.0 914
12 1 47.167500000000004 1.0 637
21 0 36.947500000000005 1.0 1078
16 1 11.3975 1.0 809
16 1 13.9525 1.0 811
14 0 42.057500000000005 1.0 732
23 0 11.3975 1.0 1158
5 0 59.94250000000001 1.0 296
18 1 49.7225 1.0 939
0 0 49.7225 1.0 38
10 0 21.617500000000007 1.0 516
0 0 54.83250000000001 1.0 42
11 1 6.287500000000001 1.0 555
17 0 54.83250000000001 1.0 892
8 0 47.167500000000004 1.0 436
0 0 1.177500000000002 1.0 0
9 0 13.9525 1.0 460
1517108.2 11
13 0 42.057500000000005 1.0 682
18 1 31.837500000000006 1.0 925
19 0 39.5025 1.0 980
1 1 21.617500000000007 1.0 67
21 1 42.057500000000005 1.0 1083
24 0 44.6125 1.0 1234
20 1 36.947500000000005 1.0 1029
14 1 39.5025 1.0 731
17 1 31.837500000000006 1.0 875
8 1 42.057500000000005 1.0 433
4 0 59.94250000000001 1.0 246
714438.5 9
7 1 31.837500000000006 1.0 375
22 1 44.6125 1.0 1135
24 1 59.94250000000001 1.0 1247
6 1 52.2775 1.0 341
14 1 11.3975 1.0 709
21 1 54.83250000000001 1.0 1093
16 0 47.167500000000004 1.0 836
11 1 52.2775 1.0 591
21 1 42.057500000000005 1.0 1083
1787804.0 11
9 1 47.167500000000004 1.0 487
5 0 26.727500000000006 1.0 270
5 0 59.94250000000001 1.0 296
2 1 39.5025 1.0 131
19 0 62.4975 1.0 998
19 0 49.7225 1.0 988
2 0 49.7225 1.0 138
22 0 36.947500000000005 1.0 1128
7 0 6.287500000000001 1.0 354
17 1 52.2775 1.0 891
14 0 42.057500000000005 1.0 732
1835912.6 13
9 1 29.2825 1.0 473
22 1 11.3975 1.0 1109
10 1 52.2775 1.0 541
15 1 57.3875 1.0 795
20 1 13.9525 1.0 1011
20 0 1.177500000000002 1.0 1000
22 1 13.9525 1.0 1111
20 0 29.2825 1.0 1022
20 1 49.7225 1.0 1039
14 0 42.057500000000005 1.0 732
18 1 54.83250000000001 1.0 943
17 1 36.947500000000005 1.0 879
23 1 54.83250000000001 1.0 1193
298888.84 24
12 1 19.0625 1.0 615
21 0 47.167500000000004 1.0 1086
23 0 13.9525 1.0 1160
16 0 1.177500000000002 1.0 800
10 1 16.507500000000007 1.0 513
2 0 26.727500000000006 1.0 120
22 0 36.947500000000005 1.0 1128
7 1 34.3925 1.0 377
7 1 11.3975 1.0 359
7 0 24.1725 1.0 368
1 0 24.1725 1.0 68
23 1 24.1725 1.0 1169
4 1 8.842500000000001 1.0 207
15 0 1.177500000000002 1.0 750
23 0 3.7325000000000017 1.0 1152
19 0 47.167500000000004 1.0 986
1 0 19.0625 1.0 64
18 1 29.2825 1.0 923
18 1 16.507500000000007 1.0 913
16 0 34.3925 1.0 826
24 0 57.3875 1.0 1244
16 0 47.167500000000004 1.0 836
0 1 21.617500000000007 1.0 17
3 0 52.2775 1.0 190
483802.28 24
23 0 62.4975 1.0 1198
5 0 42.057500000000005 1.0 282
10 0 36.947500000000005 1.0 528
7 1 11.3975 1.0 359
18 1 11.3975 1.0 909
21 0 39.5025 1.0 1080
20 0 8.842500000000001 1.0 1006
21 0 26.727500000000006 1.0 1070
11 0 13.9525 1.0 560
13 1 62.4975 1.0 699
11 0 34.3925 1.0 576
4 1 54.83250000000001 1.0 243
23 0 54.83250000000001 1.0 1192
11 0 44.6125 1.0 584
6 1 19.0625 1.0 315
18 0 52.2775 1.0 940
14 0 29.2825 1.0 722
23 0 21.617500000000007 1.0 1166
16 1 1.177500000000002 1.0 801
16 0 36.947500000000005 1.0 828
7 1 1.177500000000002 1.0 351
20 1 36.947500000000005 1.0 1029
8 0 16.507500000000007 1.0 412
23 0 11.3975 1.0 1158
345097.72 17
3 0 19.0625 1.0 164
6 0 24.1725 1.0 318
12 1 39.5025 1.0 631
15 1 57.3875 1.0 795
4 0 16.507500000000007 1.0 212
4 0 59.94250000000001 1.0 246
12 1 19.0625 1.0 615
16 0 34.3925 1.0 826
2 0 44.6125 1.0 134
13 0 3.7325000000000017 1.0 652
17 1 31.837500000000006 1.0 875
20 1 29.2825 1.0 1023
7 1 62.4975 1.0 399
13 1 31.837500000000006 1.0 675
16 1 59.94250000000001 1.0 847
0 1 24.1725 1.0 19
14 1 11.3975 1.0 709
1603542.0 9
11 0 44.6125 1.0 584
16 0 26.727500000000006 1.0 820
7 1 62.4975 1.0 399
13 1 13.9525 1.0 661
1 1 19.0625 1.0 65
23 1 57.3875 1.0 1195
14 0 26.727500000000006 1.0 720
8 1 36.947500000000005 1.0 429
5 1 29.2825 1.0 273
718968.1 12
20 1 11.3975 1.0 1009
8 1 24.1725 1.0 419
7 0 39.5025 1.0 380
0 1 16.507500000000007 1.0 13
17 0 8.842500000000001 1.0 856
8 1 52.2775 1.0 441
7 0 31.837500000000006 1.0 374
7 1 11.3975 1.0 359
14 1 59.94250000000001 1.0 747
4 0 29.2825 1.0 222
22 1 1.177500000000002 1.0 1101
6 1 36.947500000000005 1.0 329
1880407.5 8
2 1 6.287500000000001 1.0 105
23 0 47.167500000000004 1.0 1186
9 1 26.727500000000006 1.0 471
1 0 39.5025 1.0 80
16 1 59.94250000000001 1.0 847
5 0 59.94250000000001 1.0 296
10 0 21.617500000000007 1.0 516
13 0 8.842500000000001 1.0 656
500409.8 14
15 1 26.727500000000006 1.0 771
7 0 6.287500000000001 1.0 354
16 1 47.167500000000004 1.0 837
11 0 44.6125 1.0 584
2 0 49.7225 1.0 138
1 1 11.3975 1.0 59
7 1 31.837500000000006 1.0 375
18 1 29.2825 1.0 923
0 1 21.617500000000007 1.0 17
13 1 13.9525 1.0 661
1 1 34.3925 1.0 77
5 0 42.057500000000005 1.0 282
16 0 34.3925 1.0 826
8 0 8.842500000000001 1.0 406
1240471.0 5
6 1 36.947500000000005 1.0 329
7 1 34.3925 1.0 377
23 1 21.617500000000007 1.0 1167
24 0 24.1725 1.0 1218
17 0 24.1725 1.0 868
874312.2 5
20 0 24.1725 1.0 1018
16 0 36.947500000000005 1.0 828
1 0 24.1725 1.0 68
9 1 62.4975 1.0 499
1 0 42.057500000000005 1.0 82
908723.56 9
15 1 54.83250000000001 1.0 793
4 1 31.837500000000006 1.0 225
13 0 8.842500000000001 1.0 656
24 1 59.94250000000001 1.0 1247
7 0 49.7225 1.0 388
3 0 34.3925 1.0 176
9 1 47.167500000000004 1.0 487
19 0 52.2775 1.0 990
8 1 13.9525 1.0 411
116111.375 11
9 1 57.3875 1.0 495
5 0 13.9525 1.0 260
0 1 21.617500000000007 1.0 17
4 0 11.3975 1.0 208
21 1 29.2825 1.0 1073
19 1 1.177500000000002 1.0 951
22 1 44.6125 1.0 1135
15 0 1.177500000000002 1.0 750
23 0 47.167500000000004 1.0 1186
8 0 8.842500000000001 1.0 406
2 0 13.9525 1.0 110
1587889.4 18
9 1 47.167500000000004 1.0 487
10 0 42.057500000000005 1.0 532
19 1 49.7225 1.0 989
12 0 59.94250000000001 1.0 646
16 0 47.167500000000004 1.0 836
8 1 24.1725 1.0 419
14 1 6.287500000000001 1.0 705
9 0 54.83250000000001 1.0 492
21 1 16.507500000000007 1.0 1063
23 0 11.3975 1.0 1158
16 0 42.057500000000005 1.0 832
7 1 47.167500000000004 1.0 387
22 1 13.9525 1.0 1111
19 0 44.6125 1.0 984
20 1 1.177500000000002 1.0 1001
14 0 26.727500000000006 1.0 720
6 0 62.4975 1.0 348
1 1 34.3925 1.0 77
1240860.1 8
19 1 57.3875 1.0 995
0 0 34.3925 1.0 26
7 0 13.9525 1.0 360
10 0 21.617500000000007 1.0 516
21 1 54.83250000000001 1.0 1093
20 0 29.2825 1.0 1022
24 1 49.7225 1.0 1239
10 1 49.7225 1.0 539
932732.3 12
14 1 21.617500000000007 1.0 717
18 0 6.287500000000001 1.0 904
16 1 24.1725 1.0 819
23 1 1.177500000000002 1.0 1151
15 0 31.837500000000006 1.0 774
23 0 26.727500000000006 1.0 1170
7 0 54.83250000000001 1.0 392
2 1 44.6125 1.0 135
10 1 49.7225 1.0 539
16 1 21.617500000000007 1.0 817
3 0 44.6125 1.0 184
9 1 8.842500000000001 1.0 457
73858.54 8
17 1 26.727500000000006 1.0 871
6 0 24.1725 1.0 318
13 0 54.83250000000001 1.0 692
17 0 54.83250000000001 1.0 892
16 0 3.7325000000000017 1.0 802
13 0 36.947500000000005 1.0 678
20 1 29.2825 1.0 1023
13 1 62.4975 1.0 699
245849.81 11
1 1 21.617500000000007 1.0 67
17 1 29.2825 1.0 873
23 0 62.4975 1.0 1198
23 0 31.837500000000006 1.0 1174
11 1 6.287500000000001 1.0 555
4 0 21.617500000000007 1.0 216
10 0 42.057500000000005 1.0 532
23 1 57.3875 1.0 1195
16 1 21.617500000000007 1.0 817
0 1 21.617500000000007 1.0 17
23 1 62.4975 1.0 1199
1405728.1 8
23 0 47.167500000000004 1.0 1186
20 0 16.507500000000007 1.0 1012
13 0 26.727500000000006 1.0 670
16 0 8.842500000000001 1.0 806
2 0 57.3875 1.0 144
3 1 16.507500000000007 1.0 163
24 1 59.94250000000001 1.0 1247
2 1 39.5025 1.0 131
1004539.25 7
21 0 42.057500000000005 1.0 1082
15 0 54.83250000000001 1.0 792
2 0 24.1725 1.0 118
10 0 21.617500000000007 1.0 516
3 0 1.177500000000002 1.0 150
7 0 24.1725 1.0 368
9 1 8.842500000000001 1.0 457
143619.36 23
0 0 34.3925 1.0 26
7 0 39.5025 1.0 380
13 1 62.4975 1.0 699
1 0 8.842500000000001 1.0 56
20 0 6.287500000000001 1.0 1004
23 0 62.4975 1.0 1198
10 1 24.1725 1.0 519
8 1 24.1725 1.0 419
12 0 34.3925 1.0 626
5 1 29.2825 1.0 273
7 0 21.617500000000007 1.0 366
14 0 16.507500000000007 1.0 712
12 0 42.057500000000005 1.0 632
2 1 39.5025 1.0 131
14 0 42.057500000000005 1.0 732
13 1 13.9525 1.0 661
13 1 47.167500000000004 1.0 687
9 0 59.94250000000001 1.0 496
4 0 21.617500000000007 1.0 216
23 0 42.057500000000005 1.0 1182
0 0 24.1725 1.0 18
17 1 31.837500000000006 1.0 875
1 1 19.0625 1.0 65
1210481.8 15
23 0 31.837500000000006 1.0 1174
16 0 47.167500000000004 1.0 836
15 0 21.617500000000007 1.0 766
12 0 42.057500000000005 1.0 632
4 1 31.837500000000006 1.0 225
5 0 29.2825 1.0 272
23 0 13.9525 1.0 1160
2 0 6.287500000000001 1.0 104
7 1 31.837500000000006 1.0 375
15 1 52.2775 1.0 791
23 0 47.167500000000004 1.0 1186
9 0 29.2825 1.0 472
13 0 42.057500000000005 1.0 682
10 1 57.3875 1.0 545
15 1 11.3975 1.0 759
894281.9 22
15 1 52.2775 1.0 791
20 1 52.2775 1.0 1041
23 0 13.9525 1.0 1160
18 1 19.0625 1.0 915
21 0 39.5025 1.0 1080
5 0 34.3925 1.0 276
20 1 36.947500000000005 1.0 1029
1 1 21.617500000000007 1.0 67
15 1 26.727500000000006 1.0 771
17 0 57.3875 1.0 894
13 0 52.2775 1.0 690
10 1 57.3875 1.0 545
16 0 16.507500000000007 1.0 812
11 1 6.287500000000001 1.0 555
20 1 11.3975 1.0 1009
7 0 6.287500000000001 1.0 354
9 1 57.3875 1.0 495
9 0 42.057500000000005 1.0 482
1 1 11.3975 1.0 59
16 1 47.167500000000004 1.0 837
11 1 16.507500000000007 1.0 563
8 0 8.842500000000001 1.0 406
1976188.5 14
19 1 1.177500000000002 1.0 951
17 0 54.83250000000001 1.0 892
1 0 49.7225 1.0 88
3 0 36.947500000000005 1.0 178
9 1 8.842500000000001 1.0 457
10 0 36.947500000000005 1.0 528
20 0 39.5025 1.0 1030
9 1 57.3875 1.0 495
0 1 16.507500000000007 1.0 13
3 1 16.507500000000007 1.0 163
24 0 8.842500000000001 1.0 1206
5 1 13.9525 1.0 261
14 0 59.94250000000001 1.0 746
10 0 3.7325000000000017 1.0 502
335189.94 21
16 0 11.3975 1.0 808
20 0 24.1725 1.0 1018
22 1 8.842500000000001 1.0 1107
4 0 31.837500000000006 1.0 224
18 0 1.177500000000002 1.0 900
9 1 42.057500000000005 1.0 483
9 0 42.057500000000005 1.0 482
12 1 59.94250000000001 1.0 647
9 0 16.507500000000007 1.0 462
8 0 1.177500000000002 1.0 400
21 1 54.83250000000001 1.0 1093
10 1 16.507500000000007 1.0 513
2 0 49.7225 1.0 138
14 1 49.7225 1.0 739
1 0 21.617500000000007 1.0 66
16 1 1.177500000000002 1.0 801
18 1 29.2825 1.0 923
17 1 62.4975 1.0 899
13 0 11.3975 1.0 658
7 1 34.3925 1.0 377
23 1 1.177500000000002 1.0 1151
1427251.9 10
19 0 39.5025 1.0 980
19 1 1.177500000000002 1.0 951
4 1 57.3875 1.0 245
3 0 31.837500000000006 1.0 174
7 1 1.177500000000002 1.0 351
21 1 54.83250000000001 1.0 1093
12 0 42.057500000000005 1.0 632
2 0 44.6125 1.0 134
24 0 19.0625 1.0 1214
4 0 29.2825 1.0 222
1345976.8 18
1 0 52.2775 1.0 90
17 0 8.842500000000001 1.0 856
13 0 26.727500000000006 1.0 670
6 1 19.0625 1.0 315
14 0 26.727500000000006 1.0 720
12 1 24.1725 1.0 619
2 0 54.83250000000001 1.0 142
2 0 49.7225 1.0 138
10 0 36.947500000000005 1.0 528
18 0 21.617500000000007 1.0 916
17 0 54.83250000000001 1.0 892
0 0 49.7225 1.0 38
6 0 42.057500000000005 1.0 332
15 1 57.3875 1.0 795
23 1 24.1725 1.0 1169
18 1 21.617500000000007 1.0 917
19 0 62.4975 1.0 998
8 0 39.5025 1.0 430
260725.56 20
16 0 11.3975 1.0 808
11 1 34.3925 1.0 577
13 1 62.4975 1.0 699
24 0 31.837500000000006 1.0 1224
11 0 47.167500000000004 1.0 586
22 1 16.507500000000007 1.0 1113
16 0 36.947500000000005 1.0 828
5 0 24.1725 1.0 268
5 0 54.83250000000001 1.0 292
15 0 21.617500000000007 1.0 766
2 0 8.842500000000001 1.0 106
10 0 1.177500000000002 1.0 500
2 1 39.5025 1.0 131
1 1 21.617500000000007 1.0 67
17 1 3.7325000000000017 1.0 853
10 1 57.3875 1.0 545
6 0 62.4975 1.0 348
7 1 34.3925 1.0 377
16 0 16.507500000000007 1.0 812
3 1 59.94250000000001 1.0 197
1458343.4 19
8 0 1.177500000000002 1.0 400
13 0 8.842500000000001 1.0 656
11 1 6.287500000000001 1.0 555
2 0 19.0625 1.0 114
21 1 54.83250000000001 1.0 1093
12 0 42.057500000000005 1.0 632
0 0 24.1725 1.0 18
19 0 1.177500000000002 1.0 950
22 1 16.507500000000007 1.0 1113
9 0 54.83250000000001 1.0 492
3 0 1.177500000000002 1.0 150
24 1 19.0625 1.0 1215
21 0 26.727500000000006 1.0 1070
0 0 1.177500000000002 1.0 0
0 1 47.167500000000004 1.0 37
3 1 11.3975 1.0 159
13 1 62.4975 1.0 699
21 1 26.727500000000006 1.0 1071
11 0 34.3925 1.0 576
406013.62 10
13 0 42.057500000000005 1.0 682
11 0 44.6125 1.0 584
9 0 54.83250000000001 1.0 492
23 0 54.83250000000001 1.0 1192
2 1 44.6125 1.0 135
15 1 57.3875 1.0 795
23 1 6.287500000000001 1.0 1155
7 0 31.837500000000006 1.0 374
5 0 54.83250000000001 1.0 292
21 1 16.507500000000007 1.0 1063
1236302.4 16
19 1 19.0625 1.0 965
19 0 31.837500000000006 1.0 974
9 0 26.727500000000006 1.0 470
21 1 42.057500000000005 1.0 1083
22 0 36.947500000000005 1.0 1128
7 1 11.3975 1.0 359
13 0 42.057500000000005 1.0 682
14 1 39.5025 1.0 731
2 0 24.1725 1.0 118
24 0 31.837500000000006 1.0 1224
20 0 29.2825 1.0 1022
21 1 29.2825 1.0 1073
24 1 6.287500000000001 1.0 1205
13 1 59.94250000000001 1.0 697
2 0 44.6125 1.0 134
14 0 13.9525 1.0 710
443668.34 10
1 1 34.3925 1.0 77
17 0 54.83250000000001 1.0 892
2 0 19.0625 1.0 114
10 1 49.7225 1.0 539
22 1 11.3975 1.0 1109
11 1 6.287500000000001 1.0 555
21 1 42.057500000000005 1.0 1083
16 1 47.167500000000004 1.0 837
0 1 47.167500000000004 1.0 37
2 0 11.3975 1.0 108
1992314.1 14
21 0 39.5025 1.0 1080
10 0 16.507500000000007 1.0 512
20 0 1.177500000000002 1.0 1000
9 1 26.727500000000006 1.0 471
5 1 31.837500000000006 1.0 275
5 0 54.83250000000001 1.0 292
10 1 49.7225 1.0 539
0 0 49.7225 1.0 38
6 0 13.9525 1.0 310
1 1 19.0625 1.0 65
18 1 11.3975 1.0 909
12 1 24.1725 1.0 619
22 1 13.9525 1.0 1111
24 1 49.7225 1.0 1239
1951706.9 6
10 0 21.617500000000007 1.0 516
6 0 24.1725 1.0 318
18 0 47.167500000000004 1.0 936
12 1 59.94250000000001 1.0 647
12 0 21.617500000000007 1.0 616
22 1 8.842500000000001 1.0 1107
758254.3 22
11 0 44.6125 1.0 584
13 1 47.167500000000004 1.0 687
7 1 3.7325000000000017 1.0 353
7 1 26.727500000000006 1.0 371
19 0 39.5025 1.0 980
5 0 59.94250000000001 1.0 296
7 1 16.507500000000007 1.0 363
13 1 59.94250000000001 1.0 697
8 0 59.94250000000001 1.0 446
11 1 11.3975 1.0 559
14 0 42.057500000000005 1.0 732
7 0 31.837500000000006 1.0 374
21 1 54.83250000000001 1.0 1093
11 0 52.2775 1.0 590
9 0 29.2825 1.0 472
13 0 26.727500000000006 1.0 670
18 1 42.057500000000005 1.0 933
13 0 42.057500000000005 1.0 682
15 0 6.287500000000001 1.0 754
12 0 21.617500000000007 1.0 616
3 1 62.4975 1.0 199
21 0 11.3975 1.0 1058
1100344.4 5
0 1 16.507500000000007 1.0 13
16 0 16.507500000000007 1.0 812
8 1 59.94250000000001 1.0 447
13 1 31.837500000000006 1.0 675
9 0 31.837500000000006 1.0 474
118452.91 14
21 1 8.842500000000001 1.0 1057
16 0 47.167500000000004 1.0 836
22 0 54.83250000000001 1.0 1142
13 0 3.7325000000000017 1.0 652
14 1 29.2825 1.0 723
20 0 24.1725 1.0 1018
10 0 42.057500000000005 1.0 532
11 0 34.3925 1.0 576
1 1 19.0625 1.0 65
9 1 29.2825 1.0 473
10 1 57.3875 1.0 545
17 0 54.83250000000001 1.0 892
10 0 21.617500000000007 1.0 516
15 1 52.2775 1.0 791
473871.88 19
18 0 13.9525 1.0 910
5 1 29.2825 1.0 273
8 1 13.9525 1.0 411
16 0 11.3975 1.0 808
23 1 6.287500000000001 1.0 1155
23 1 44.6125 1.0 1185
9 0 13.9525 1.0 460
2 1 57.3875 1.0 145
17 0 29.2825 1.0 872
10 0 49.7225 1.0 538
21 1 42.057500000000005 1.0 1083
13 0 42.057500000000005 1.0 682
16 1 1.177500000000002 1.0 801
0 1 47.167500000000004 1.0 37
14 1 42.057500000000005 1.0 733
22 0 59.94250000000001 1.0 1146
16 0 34.3925 1.0 826
0 0 11.3975 1.0 8
13 0 13.9525 1.0 660
673443.8 14
3 0 36.947500000000005 1.0 178
9 0 31.837500000000006 1.0 474
9 0 36.947500000000005 1.0 478
19 0 57.3875 1.0 994
9 0 6.287500000000001 1.0 454
8 0 16.507500000000007 1.0 412
9 1 29.2825 1.0 473
20 1 11.3975 1.0 1009
8 0 8.842500000000001 1.0 406
10 0 62.4975 1.0 548
13 0 11.3975 1.0 658
18 1 21.617500000000007 1.0 917
20 0 13.9525 1.0 1010
15 0 6.287500000000001 1.0 754
1941800.9 20
4 1 57.3875 1.0 245
14 0 52.2775 1.0 740
14 0 26.727500000000006 1.0 720
5 1 49.7225 1.0 289
8 0 1.177500000000002 1.0 400
12 0 31.837500000000006 1.0 624
5 0 42.057500000000005 1.0 282
12 0 34.3925 1.0 626
13 1 13.9525 1.0 661
14 1 42.057500000000005 1.0 733
10 0 3.7325000000000017 1.0 502
7 0 42.057500000000005 1.0 382
4 0 21.617500000000007 1.0 216
7 0 21.617500000000007 1.0 366
24 0 62.4975 1.0 1248
17 1 31.837500000000006 1.0 875
19 1 19.0625 1.0 965
12 0 21.617500000000007 1.0 616
16 1 21.617500000000007 1.0 817
23 0 13.9525 1.0 1160
1978637.2 23
13 0 26.727500000000006 1.0 670
14 1 24.1725 1.0 719
20 1 13.9525 1.0 1011
12 1 59.94250000000001 1.0 647
17 0 29.2825 1.0 872
20 0 24.1725 1.0 1018
8 1 24.1725 1.0 419
18 1 3.7325000000000017 1.0 903
1 0 24.1725 1.0 68
17 0 3.7325000000000017 1.0 852
24 0 62.4975 1.0 1248
18 0 26.727500000000006 1.0 920
17 0 42.057500000000005 1.0 882
21 1 34.3925 1.0 1077
7 0 24.1725 1.0 368
15 1 36.947500000000005 1.0 779
3 0 36.947500000000005 1.0 178
14 0 26.727500000000006 1.0 720
1 0 21.617500000000007 1.0 66
15 0 54.83250000000001 1.0 792
14 1 6.287500000000001 1.0 705
6 0 44.6125 1.0 334
24 1 36.947500000000005 1.0 1229
1253908.0 21
11 0 44.6125 1.0 584
8 0 16.507500000000007 1.0 412
13 0 42.057500000000005 1.0 682
0 0 34.3925 1.0 26
8 1 13.9525 1.0 411
13 0 31.837500000000006 1.0 674
10 1 1.177500000000002 1.0 501
17 0 8.842500000000001 1.0 856
20 1 29.2825 1.0 1023
23 1 21.617500000000007 1.0 1167
15 1 29.2825 1.0 773
16 0 47.167500000000004 1.0 836
7 0 21.617500000000007 1.0 366
13 0 26.727500000000006 1.0 670
13 0 8.842500000000001 1.0 656
20 1 57.3875 1.0 1045
9 1 57.3875 1.0 495
22 1 34.3925 1.0 1127
12 0 3.7325000000000017 1.0 602
12 1 19.0625 1.0 615
11 1 6.287500000000001 1.0 555
489660.75 10
19 1 13.9525 1.0 961
4 0 21.617500000000007 1.0 216
11 0 13.9525 1.0 560
13 1 13.9525 1.0 661
13 0 19.0625 1.0 664
18 1 21.617500000000007 1.0 917
2 0 44.6125 1.0 134
9 1 34.3925 1.0 477
8 1 24.1725 1.0 419
14 1 49.7225 1.0 739
1665616.0 21
3 0 34.3925 1.0 176
5 0 62.4975 1.0 298
8 1 42.057500000000005 1.0 433
11 0 52.2775 1.0 590
17 1 31.837500000000006 1.0 875
16 1 6.287500000000001 1.0 805
1 1 19.0625 1.0 65
14 0 21.617500000000007 1.0 716
4 1 1.177500000000002 1.0 201
18 1 49.7225 1.0 939
9 1 29.2825 1.0 473
2 0 19.0625 1.0 114
15 1 29.2825 1.0 773
14 1 6.287500000000001 1.0 705
18 1 57.3875 1.0 945
24 1 59.94250000000001 1.0 1247
6 1 19.0625 1.0 315
18 0 6.287500000000001 1.0 904
20 1 57.3875 1.0 1045
15 0 54.83250000000001 1.0 792
23 1 36.947500000000005 1.0 1179
1811392.5 18
9 0 13.9525 1.0 460
0 0 34.3925 1.0 26
7 0 24.1725 1.0 368
24 0 31.837500000000006 1.0 1224
14 0 31.837500000000006 1.0 724
20 0 36.947500000000005 1.0 1028
24 0 62.4975 1.0 1248
3 0 1.177500000000002 1.0 150
2 1 3.7325000000000017 1.0 103
9 1 47.167500000000004 1.0 487
15 0 1.177500000000002 1.0 750
12 1 26.727500000000006 1.0 621
11 0 13.9525 1.0 560
8 1 13.9525 1.0 411
8 0 16.507500000000007 1.0 412
13 1 62.4975 1.0 699
1 0 47.167500000000004 1.0 86
5 1 31.837500000000006 1.0 275
872565.75 18
18 0 21.617500000000007 1.0 916
5 0 19.0625 1.0 264
14 1 49.7225 1.0 739
9 1 47.167500000000004 1.0 487
13 0 26.727500000000006 1.0 670
13 1 62.4975 1.0 699
15 1 26.727500000000006 1.0 771
12 0 19.0625 1.0 614
16 1 21.617500000000007 1.0 817
12 0 59.94250000000001 1.0 646
21 0 54.83250000000001 1.0 1092
24 0 19.0625 1.0 1214
9 0 54.83250000000001 1.0 492
10 1 52.2775 1.0 541
23 0 21.617500000000007 1.0 1166
19 0 49.7225 1.0 988
9 0 36.947500000000005 1.0 478
9 0 11.3975 1.0 458
691758.8 10
23 1 24.1725 1.0 1169
3 0 26.727500000000006 1.0 170
4 1 13.9525 1.0 211
10 0 42.057500000000005 1.0 532
2 0 54.83250000000001 1.0 142
5 1 29.2825 1.0 273
10 1 24.1725 1.0 519
24 0 19.0625 1.0 1214
8 0 42.057500000000005 1.0 432
12 0 6.287500000000001 1.0 604
150834.6 21
0 0 6.287500000000001 1.0 4
24 0 57.3875 1.0 1244
14 0 42.057500000000005 1.0 732
5 0 24.1725 1.0 268
8 1 6.287500000000001 1.0 405
1 1 13.9525 1.0 61
8 1 42.057500000000005 1.0 433
21 1 29.2825 1.0 1073
16 1 47.167500000000004 1.0 837
21 0 49.7225 1.0 1088
17 0 8.842500000000001 1.0 856
16 1 6.287500000000001 1.0 805
4 1 36.947500000000005 1.0 229
18 0 36.947500000000005 1.0 928
7 1 62.4975 1.0 399
1 1 54.83250000000001 1.0 93
21 0 54.83250000000001 1.0 1092
13 1 21.617500000000007 1.0 667
10 1 57.3875 1.0 545
2 0 11.3975 1.0 108
5 1 29.2825 1.0 273
1598693.4 13
11 0 49.7225 1.0 588
5 1 52.2775 1.0 291
19 1 3.7325000000000017 1.0 953
16 1 59.94250000000001 1.0 847
20 1 13.9525 1.0 1011
16 1 24.1725 1.0 819
14 0 42.057500000000005 1.0 732
8 1 24.1725 1.0 419
7 0 21.617500000000007 1.0 366
18 0 47.167500000000004 1.0 936
4 0 11.3975 1.0 208
23 1 21.617500000000007 1.0 1167
2 0 49.7225 1.0 138
