Numero de pedidos
100
duedate num_referencias // pasillo lado altura peso
1717488.8 24
0 0 52.2775 1.0 40
14 1 19.0625 1.0 715
2 1 42.057500000000005 1.0 133
9 1 8.842500000000001 1.0 457
11 1 26.727500000000006 1.0 571
6 1 6.287500000000001 1.0 305
3 0 59.94250000000001 1.0 196
12 0 29.2825 1.0 622
8 0 26.727500000000006 1.0 420
8 0 1.177500000000002 1.0 400
20 1 11.3975 1.0 1009
16 0 29.2825 1.0 822
8 0 62.4975 1.0 448
14 0 57.3875 1.0 744
9 1 34.3925 1.0 477
17 1 44.6125 1.0 885
0 1 6.287500000000001 1.0 5
22 0 19.0625 1.0 1114
12 1 52.2775 1.0 641
8 1 6.287500000000001 1.0 405
18 1 34.3925 1.0 927
13 0 24.1725 1.0 668
11 0 44.6125 1.0 584
5 1 29.2825 1.0 273
926712.1 14
10 0 52.2775 1.0 540
12 0 49.7225 1.0 638
15 0 26.727500000000006 1.0 770
22 0 39.5025 1.0 1130
19 1 44.6125 1.0 985
12 1 52.2775 1.0 641
24 0 57.3875 1.0 1244
18 0 8.842500000000001 1.0 906
4 0 49.7225 1.0 238
18 0 1.177500000000002 1.0 900
11 1 24.1725 1.0 569
9 1 36.947500000000005 1.0 479
24 1 57.3875 1.0 1245
21 1 39.5025 1.0 1081
1340738.1 16
22 1 36.947500000000005 1.0 1129
14 0 1.177500000000002 1.0 700
24 1 34.3925 1.0 1227
23 1 3.7325000000000017 1.0 1153
21 1 13.9525 1.0 1061
17 0 42.057500000000005 1.0 882
2 1 29.2825 1.0 123
16 0 8.842500000000001 1.0 806
21 1 3.7325000000000017 1.0 1053
24 0 57.3875 1.0 1244
12 1 8.842500000000001 1.0 607
18 0 19.0625 1.0 914
9 0 34.3925 1.0 476
16 1 1.177500000000002 1.0 801
3 1 31.837500000000006 1.0 175
16 0 47.167500000000004 1.0 836
172792.39 21
17 1 34.3925 1.0 877
11 0 44.6125 1.0 584
11 1 62.4975 1.0 599
23 1 3.7325000000000017 1.0 1153
9 1 34.3925 1.0 477
14 1 19.0625 1.0 715
11 0 42.057500000000005 1.0 582
21 1 36.947500000000005 1.0 1079
12 1 52.2775 1.0 641
20 0 47.167500000000004 1.0 1036
15 0 39.5025 1.0 780
16 1 57.3875 1.0 845
22 0 44.6125 1.0 1134
23 0 26.727500000000006 1.0 1170
21 1 19.0625 1.0 1065
18 1 49.7225 1.0 939
15 1 62.4975 1.0 799
23 0 13.9525 1.0 1160
8 1 3.7325000000000017 1.0 403
9 0 31.837500000000006 1.0 474
23 0 6.287500000000001 1.0 1154
196768.52 18
9 1 54.83250000000001 1.0 493
18 0 31.837500000000006 1.0 924
17 0 1.177500000000002 1.0 850
24 1 19.0625 1.0 1215
17 1 21.617500000000007 1.0 867
21 0 11.3975 1.0 1058
15 0 1.177500000000002 1.0 750
5 1 29.2825 1.0 273
21 1 39.5025 1.0 1081
13 0 3.7325000000000017 1.0 652
11 0 16.507500000000007 1.0 562
3 1 19.0625 1.0 165
16 0 49.7225 1.0 838
17 1 26.727500000000006 1.0 871
24 1 26.727500000000006 1.0 1221
21 0 6.287500000000001 1.0 1054
23 1 57.3875 1.0 1195
13 0 52.2775 1.0 690
355469.25 10
9 1 54.83250000000001 1.0 493
6 1 44.6125 1.0 335
21 0 42.057500000000005 1.0 1082
0 0 52.2775 1.0 40
18 0 8.842500000000001 1.0 906
8 0 6.287500000000001 1.0 404
18 1 8.842500000000001 1.0 907
21 0 57.3875 1.0 1094
8 0 62.4975 1.0 448
10 1 49.7225 1.0 539
506136.88 7
18 0 44.6125 1.0 934
11 0 34.3925 1.0 576
1 1 49.7225 1.0 89
18 0 13.9525 1.0 910
24 1 26.727500000000006 1.0 1221
14 0 8.842500000000001 1.0 706
17 1 34.3925 1.0 877
350738.9 7
22 1 42.057500000000005 1.0 1133
8 0 62.4975 1.0 448
23 1 3.7325000000000017 1.0 1153
15 0 1.177500000000002 1.0 750
9 0 13.9525 1.0 460
12 0 29.2825 1.0 622
6 0 29.2825 1.0 322
1858733.0 16
11 0 8.842500000000001 1.0 556
22 0 54.83250000000001 1.0 1142
7 1 29.2825 1.0 373
8 1 3.7325000000000017 1.0 403
4 0 11.3975 1.0 208
18 1 29.2825 1.0 923
9 1 34.3925 1.0 477
3 1 31.837500000000006 1.0 175
6 0 3.7325000000000017 1.0 302
10 1 19.0625 1.0 515
19 0 31.837500000000006 1.0 974
13 0 6.287500000000001 1.0 654
23 1 3.7325000000000017 1.0 1153
21 0 57.3875 1.0 1094
15 1 8.842500000000001 1.0 757
14 1 34.3925 1.0 727
1821252.1 17
23 1 31.837500000000006 1.0 1175
13 0 24.1725 1.0 668
7 0 11.3975 1.0 358
11 1 26.727500000000006 1.0 571
8 1 57.3875 1.0 445
14 0 57.3875 1.0 744
14 1 29.2825 1.0 723
23 0 42.057500000000005 1.0 1182
16 1 8.842500000000001 1.0 807
1 0 54.83250000000001 1.0 92
14 0 49.7225 1.0 738
16 1 1.177500000000002 1.0 801
1 1 54.83250000000001 1.0 93
9 1 11.3975 1.0 459
7 1 13.9525 1.0 361
17 0 1.177500000000002 1.0 850
2 1 31.837500000000006 1.0 125
1017366.4 9
21 1 36.947500000000005 1.0 1079
9 0 34.3925 1.0 476
18 0 54.83250000000001 1.0 942
2 1 42.057500000000005 1.0 133
2 1 29.2825 1.0 123
14 0 1.177500000000002 1.0 700
21 1 19.0625 1.0 1065
14 1 8.842500000000001 1.0 707
9 1 11.3975 1.0 459
1411271.5 23
22 1 42.057500000000005 1.0 1133
12 1 6.287500000000001 1.0 605
9 0 11.3975 1.0 458
24 0 57.3875 1.0 1244
17 0 1.177500000000002 1.0 850
20 0 62.4975 1.0 1048
3 0 31.837500000000006 1.0 174
16 0 6.287500000000001 1.0 804
16 0 54.83250000000001 1.0 842
10 0 52.2775 1.0 540
15 0 6.287500000000001 1.0 754
18 0 1.177500000000002 1.0 900
12 0 24.1725 1.0 618
18 0 19.0625 1.0 914
19 1 8.842500000000001 1.0 957
9 1 29.2825 1.0 473
23 0 57.3875 1.0 1194
23 1 31.837500000000006 1.0 1175
14 0 1.177500000000002 1.0 700
18 0 62.4975 1.0 948
23 0 24.1725 1.0 1168
17 0 19.0625 1.0 864
4 0 11.3975 1.0 208
1548922.4 18
16 1 31.837500000000006 1.0 825
6 0 29.2825 1.0 322
13 0 47.167500000000004 1.0 686
21 0 6.287500000000001 1.0 1054
15 0 26.727500000000006 1.0 770
13 0 52.2775 1.0 690
10 0 52.2775 1.0 540
18 1 29.2825 1.0 923
23 0 44.6125 1.0 1184
13 0 59.94250000000001 1.0 696
7 1 59.94250000000001 1.0 397
23 0 21.617500000000007 1.0 1166
11 1 21.617500000000007 1.0 567
15 1 31.837500000000006 1.0 775
4 0 11.3975 1.0 208
16 1 21.617500000000007 1.0 817
21 1 49.7225 1.0 1089
3 1 24.1725 1.0 169
1509646.5 5
17 0 8.842500000000001 1.0 856
4 1 1.177500000000002 1.0 201
21 1 19.0625 1.0 1065
15 1 31.837500000000006 1.0 775
11 0 34.3925 1.0 576
142963.16 9
18 1 3.7325000000000017 1.0 903
18 1 8.842500000000001 1.0 907
1 0 19.0625 1.0 64
21 0 42.057500000000005 1.0 1082
9 1 34.3925 1.0 477
24 1 34.3925 1.0 1227
22 0 24.1725 1.0 1118
2 0 47.167500000000004 1.0 136
21 1 13.9525 1.0 1061
823597.1 23
15 0 26.727500000000006 1.0 770
20 0 13.9525 1.0 1010
22 0 44.6125 1.0 1134
22 0 39.5025 1.0 1130
19 0 26.727500000000006 1.0 970
18 0 39.5025 1.0 930
6 1 19.0625 1.0 315
3 0 42.057500000000005 1.0 182
22 0 59.94250000000001 1.0 1146
24 1 1.177500000000002 1.0 1201
24 0 49.7225 1.0 1238
3 1 59.94250000000001 1.0 197
3 1 13.9525 1.0 161
18 1 1.177500000000002 1.0 901
4 0 11.3975 1.0 208
8 1 21.617500000000007 1.0 417
12 1 59.94250000000001 1.0 647
4 1 42.057500000000005 1.0 233
14 1 8.842500000000001 1.0 707
2 0 6.287500000000001 1.0 104
16 1 59.94250000000001 1.0 847
19 0 31.837500000000006 1.0 974
16 1 57.3875 1.0 845
1186814.9 11
7 1 13.9525 1.0 361
7 0 47.167500000000004 1.0 386
5 1 62.4975 1.0 299
10 1 31.837500000000006 1.0 525
16 1 13.9525 1.0 811
6 1 21.617500000000007 1.0 317
4 1 1.177500000000002 1.0 201
11 0 11.3975 1.0 558
12 0 29.2825 1.0 622
24 1 19.0625 1.0 1215
16 1 42.057500000000005 1.0 833
1563887.8 23
11 1 54.83250000000001 1.0 593
21 0 57.3875 1.0 1094
22 0 19.0625 1.0 1114
21 0 42.057500000000005 1.0 1082
2 0 19.0625 1.0 114
2 1 24.1725 1.0 119
22 1 11.3975 1.0 1109
19 0 62.4975 1.0 998
7 1 59.94250000000001 1.0 397
11 1 1.177500000000002 1.0 551
19 0 13.9525 1.0 960
11 1 62.4975 1.0 599
4 1 1.177500000000002 1.0 201
8 1 3.7325000000000017 1.0 403
11 0 44.6125 1.0 584
19 1 52.2775 1.0 991
21 1 42.057500000000005 1.0 1083
24 1 26.727500000000006 1.0 1221
12 1 6.287500000000001 1.0 605
22 0 39.5025 1.0 1130
13 0 49.7225 1.0 688
3 1 49.7225 1.0 189
11 0 42.057500000000005 1.0 582
1021135.2 11
16 0 31.837500000000006 1.0 824
1 1 54.83250000000001 1.0 93
4 1 42.057500000000005 1.0 233
16 0 6.287500000000001 1.0 804
9 0 34.3925 1.0 476
6 1 6.287500000000001 1.0 305
4 0 16.507500000000007 1.0 212
7 0 24.1725 1.0 368
14 0 8.842500000000001 1.0 706
18 1 6.287500000000001 1.0 905
18 1 8.842500000000001 1.0 907
618510.8 9
15 1 3.7325000000000017 1.0 753
0 0 13.9525 1.0 10
2 0 47.167500000000004 1.0 136
22 0 44.6125 1.0 1134
17 0 24.1725 1.0 868
21 1 42.057500000000005 1.0 1083
15 1 19.0625 1.0 765
20 0 3.7325000000000017 1.0 1002
16 1 1.177500000000002 1.0 801
1911710.8 19
22 1 36.947500000000005 1.0 1129
4 0 52.2775 1.0 240
5 1 49.7225 1.0 289
14 1 8.842500000000001 1.0 707
19 0 1.177500000000002 1.0 950
21 1 24.1725 1.0 1069
24 0 57.3875 1.0 1244
0 1 34.3925 1.0 27
21 1 3.7325000000000017 1.0 1053
23 1 57.3875 1.0 1195
14 0 11.3975 1.0 708
8 0 47.167500000000004 1.0 436
24 0 26.727500000000006 1.0 1220
11 0 21.617500000000007 1.0 566
18 0 36.947500000000005 1.0 928
18 0 34.3925 1.0 926
24 1 19.0625 1.0 1215
23 0 44.6125 1.0 1184
21 1 36.947500000000005 1.0 1079
1883571.2 23
1 1 49.7225 1.0 89
23 1 31.837500000000006 1.0 1175
20 0 19.0625 1.0 1014
21 1 34.3925 1.0 1077
17 1 44.6125 1.0 885
21 1 13.9525 1.0 1061
11 1 47.167500000000004 1.0 587
2 1 21.617500000000007 1.0 117
14 1 19.0625 1.0 715
14 0 19.0625 1.0 714
19 1 54.83250000000001 1.0 993
19 0 13.9525 1.0 960
0 0 1.177500000000002 1.0 0
15 1 62.4975 1.0 799
9 0 26.727500000000006 1.0 470
24 1 57.3875 1.0 1245
7 0 13.9525 1.0 360
15 0 6.287500000000001 1.0 754
7 1 57.3875 1.0 395
18 0 62.4975 1.0 948
9 0 34.3925 1.0 476
2 1 24.1725 1.0 119
22 0 44.6125 1.0 1134
617108.6 17
19 0 1.177500000000002 1.0 950
16 0 49.7225 1.0 838
19 1 8.842500000000001 1.0 957
14 1 36.947500000000005 1.0 729
0 1 36.947500000000005 1.0 29
18 0 39.5025 1.0 930
12 0 24.1725 1.0 618
15 1 62.4975 1.0 799
3 1 42.057500000000005 1.0 183
15 1 3.7325000000000017 1.0 753
13 1 11.3975 1.0 659
7 1 54.83250000000001 1.0 393
21 1 62.4975 1.0 1099
4 0 52.2775 1.0 240
5 1 29.2825 1.0 273
22 0 24.1725 1.0 1118
8 0 62.4975 1.0 448
927084.56 19
18 0 31.837500000000006 1.0 924
9 1 36.947500000000005 1.0 479
2 1 62.4975 1.0 149
21 1 3.7325000000000017 1.0 1053
13 0 16.507500000000007 1.0 662
17 0 8.842500000000001 1.0 856
5 1 1.177500000000002 1.0 251
23 0 8.842500000000001 1.0 1156
22 0 26.727500000000006 1.0 1120
5 0 44.6125 1.0 284
15 1 21.617500000000007 1.0 767
8 1 6.287500000000001 1.0 405
5 0 36.947500000000005 1.0 278
4 0 16.507500000000007 1.0 212
2 0 54.83250000000001 1.0 142
6 1 21.617500000000007 1.0 317
5 1 8.842500000000001 1.0 257
23 0 29.2825 1.0 1172
12 0 57.3875 1.0 644
655868.44 20
20 0 44.6125 1.0 1034
8 0 62.4975 1.0 448
24 0 52.2775 1.0 1240
5 1 49.7225 1.0 289
19 1 8.842500000000001 1.0 957
16 1 3.7325000000000017 1.0 803
9 1 29.2825 1.0 473
16 1 26.727500000000006 1.0 821
14 0 49.7225 1.0 738
4 1 36.947500000000005 1.0 229
22 1 42.057500000000005 1.0 1133
24 1 34.3925 1.0 1227
11 0 16.507500000000007 1.0 562
0 1 1.177500000000002 1.0 1
21 1 19.0625 1.0 1065
12 0 6.287500000000001 1.0 604
10 1 42.057500000000005 1.0 533
19 1 52.2775 1.0 991
12 0 13.9525 1.0 610
8 1 54.83250000000001 1.0 443
1953035.0 6
4 0 52.2775 1.0 240
16 0 31.837500000000006 1.0 824
22 0 44.6125 1.0 1134
5 1 49.7225 1.0 289
18 1 1.177500000000002 1.0 901
0 0 52.2775 1.0 40
1590771.9 10
15 1 31.837500000000006 1.0 775
19 1 49.7225 1.0 989
22 0 6.287500000000001 1.0 1104
21 0 42.057500000000005 1.0 1082
2 1 31.837500000000006 1.0 125
18 0 44.6125 1.0 934
12 1 52.2775 1.0 641
10 1 29.2825 1.0 523
23 0 44.6125 1.0 1184
16 1 3.7325000000000017 1.0 803
235715.11 22
22 0 21.617500000000007 1.0 1116
0 0 52.2775 1.0 40
10 1 49.7225 1.0 539
14 0 11.3975 1.0 708
7 1 13.9525 1.0 361
16 1 44.6125 1.0 835
1 1 1.177500000000002 1.0 51
5 1 8.842500000000001 1.0 257
23 0 29.2825 1.0 1172
1 1 54.83250000000001 1.0 93
11 1 47.167500000000004 1.0 587
24 0 57.3875 1.0 1244
16 1 57.3875 1.0 845
16 0 49.7225 1.0 838
12 1 8.842500000000001 1.0 607
8 1 6.287500000000001 1.0 405
15 0 1.177500000000002 1.0 750
11 0 39.5025 1.0 580
24 0 13.9525 1.0 1210
22 0 44.6125 1.0 1134
23 0 44.6125 1.0 1184
4 0 49.7225 1.0 238
1736983.9 10
4 0 49.7225 1.0 238
21 1 36.947500000000005 1.0 1079
12 1 62.4975 1.0 649
12 0 62.4975 1.0 648
22 1 42.057500000000005 1.0 1133
24 0 8.842500000000001 1.0 1206
11 1 59.94250000000001 1.0 597
2 1 24.1725 1.0 119
19 1 8.842500000000001 1.0 957
4 1 1.177500000000002 1.0 201
714370.5 17
15 1 62.4975 1.0 799
6 1 59.94250000000001 1.0 347
24 1 19.0625 1.0 1215
19 0 44.6125 1.0 984
23 0 8.842500000000001 1.0 1156
9 1 3.7325000000000017 1.0 453
19 1 19.0625 1.0 965
1 0 59.94250000000001 1.0 96
9 1 26.727500000000006 1.0 471
9 1 34.3925 1.0 477
10 0 16.507500000000007 1.0 512
20 0 47.167500000000004 1.0 1036
19 1 8.842500000000001 1.0 957
10 0 52.2775 1.0 540
12 1 62.4975 1.0 649
13 1 59.94250000000001 1.0 697
0 1 24.1725 1.0 19
1145883.9 19
5 0 49.7225 1.0 288
0 0 52.2775 1.0 40
21 0 19.0625 1.0 1064
13 1 39.5025 1.0 681
3 0 44.6125 1.0 184
7 0 13.9525 1.0 360
14 0 1.177500000000002 1.0 700
7 1 24.1725 1.0 369
22 0 19.0625 1.0 1114
4 0 52.2775 1.0 240
18 0 1.177500000000002 1.0 900
23 0 8.842500000000001 1.0 1156
22 0 11.3975 1.0 1108
16 0 31.837500000000006 1.0 824
12 0 39.5025 1.0 630
19 0 29.2825 1.0 972
18 0 54.83250000000001 1.0 942
22 0 44.6125 1.0 1134
6 0 44.6125 1.0 334
1705609.6 24
9 0 31.837500000000006 1.0 474
22 0 19.0625 1.0 1114
23 0 6.287500000000001 1.0 1154
12 1 62.4975 1.0 649
21 1 24.1725 1.0 1069
4 0 44.6125 1.0 234
21 0 36.947500000000005 1.0 1078
19 1 19.0625 1.0 965
0 1 6.287500000000001 1.0 5
13 1 62.4975 1.0 699
9 1 36.947500000000005 1.0 479
13 0 3.7325000000000017 1.0 652
21 1 36.947500000000005 1.0 1079
5 1 29.2825 1.0 273
19 0 31.837500000000006 1.0 974
2 0 8.842500000000001 1.0 106
24 1 34.3925 1.0 1227
21 1 19.0625 1.0 1065
18 0 19.0625 1.0 914
17 0 24.1725 1.0 868
10 0 47.167500000000004 1.0 536
1 1 8.842500000000001 1.0 57
5 0 1.177500000000002 1.0 250
18 1 8.842500000000001 1.0 907
186141.12 17
9 0 13.9525 1.0 460
14 1 31.837500000000006 1.0 725
15 0 26.727500000000006 1.0 770
6 0 19.0625 1.0 314
24 0 54.83250000000001 1.0 1242
18 1 62.4975 1.0 949
11 1 1.177500000000002 1.0 551
14 1 8.842500000000001 1.0 707
13 0 24.1725 1.0 668
1 0 54.83250000000001 1.0 92
19 1 19.0625 1.0 965
23 0 24.1725 1.0 1168
3 1 31.837500000000006 1.0 175
11 1 11.3975 1.0 559
6 1 26.727500000000006 1.0 321
20 0 1.177500000000002 1.0 1000
11 0 44.6125 1.0 584
1115773.4 8
12 0 36.947500000000005 1.0 628
3 1 36.947500000000005 1.0 179
20 0 3.7325000000000017 1.0 1002
17 1 34.3925 1.0 877
14 1 13.9525 1.0 711
8 1 36.947500000000005 1.0 429
6 0 29.2825 1.0 322
18 1 29.2825 1.0 923
1816472.9 20
8 1 6.287500000000001 1.0 405
22 0 59.94250000000001 1.0 1146
17 0 1.177500000000002 1.0 850
16 1 3.7325000000000017 1.0 803
16 1 42.057500000000005 1.0 833
5 1 52.2775 1.0 291
0 1 49.7225 1.0 39
24 0 3.7325000000000017 1.0 1202
12 0 39.5025 1.0 630
14 0 29.2825 1.0 722
24 0 52.2775 1.0 1240
22 1 44.6125 1.0 1135
14 1 8.842500000000001 1.0 707
11 1 62.4975 1.0 599
11 1 54.83250000000001 1.0 593
21 0 49.7225 1.0 1088
6 1 26.727500000000006 1.0 321
15 1 52.2775 1.0 791
22 0 21.617500000000007 1.0 1116
6 1 19.0625 1.0 315
765714.75 10
13 0 59.94250000000001 1.0 696
24 0 26.727500000000006 1.0 1220
19 1 44.6125 1.0 985
17 1 44.6125 1.0 885
23 0 6.287500000000001 1.0 1154
13 0 42.057500000000005 1.0 682
12 1 29.2825 1.0 623
18 0 62.4975 1.0 948
18 1 1.177500000000002 1.0 901
13 1 21.617500000000007 1.0 667
1996400.9 5
0 1 39.5025 1.0 31
4 1 1.177500000000002 1.0 201
18 1 1.177500000000002 1.0 901
9 0 29.2825 1.0 472
11 0 34.3925 1.0 576
335716.7 7
15 0 39.5025 1.0 780
10 0 24.1725 1.0 518
14 0 44.6125 1.0 734
4 0 19.0625 1.0 214
21 0 19.0625 1.0 1064
17 0 19.0625 1.0 864
0 1 49.7225 1.0 39
1134401.9 20
22 1 42.057500000000005 1.0 1133
15 1 62.4975 1.0 799
3 0 44.6125 1.0 184
20 1 13.9525 1.0 1011
23 0 11.3975 1.0 1158
18 1 57.3875 1.0 945
6 1 19.0625 1.0 315
22 0 21.617500000000007 1.0 1116
21 1 19.0625 1.0 1065
12 1 62.4975 1.0 649
14 1 8.842500000000001 1.0 707
19 0 13.9525 1.0 960
6 0 6.287500000000001 1.0 304
11 1 39.5025 1.0 581
14 1 26.727500000000006 1.0 721
2 1 31.837500000000006 1.0 125
7 0 26.727500000000006 1.0 370
1 1 54.83250000000001 1.0 93
11 1 47.167500000000004 1.0 587
4 0 59.94250000000001 1.0 246
945722.06 14
12 1 8.842500000000001 1.0 607
14 0 26.727500000000006 1.0 720
2 1 29.2825 1.0 123
15 0 26.727500000000006 1.0 770
11 0 44.6125 1.0 584
7 1 6.287500000000001 1.0 355
14 0 29.2825 1.0 722
6 1 6.287500000000001 1.0 305
16 1 3.7325000000000017 1.0 803
5 0 49.7225 1.0 288
13 1 59.94250000000001 1.0 697
8 1 31.837500000000006 1.0 425
16 1 31.837500000000006 1.0 825
20 0 3.7325000000000017 1.0 1002
895288.44 16
12 0 19.0625 1.0 614
16 0 49.7225 1.0 838
11 0 39.5025 1.0 580
11 0 21.617500000000007 1.0 566
17 0 8.842500000000001 1.0 856
2 1 62.4975 1.0 149
15 1 52.2775 1.0 791
8 0 26.727500000000006 1.0 420
19 1 8.842500000000001 1.0 957
10 1 49.7225 1.0 539
19 1 39.5025 1.0 981
2 1 11.3975 1.0 109
23 1 31.837500000000006 1.0 1175
9 1 54.83250000000001 1.0 493
13 1 62.4975 1.0 699
22 0 8.842500000000001 1.0 1106
794997.25 6
8 1 54.83250000000001 1.0 443
9 1 29.2825 1.0 473
16 1 26.727500000000006 1.0 821
18 1 29.2825 1.0 923
11 1 11.3975 1.0 559
22 1 13.9525 1.0 1111
1567619.8 7
11 1 54.83250000000001 1.0 593
4 0 26.727500000000006 1.0 220
11 0 34.3925 1.0 576
3 1 42.057500000000005 1.0 183
17 0 24.1725 1.0 868
0 1 36.947500000000005 1.0 29
16 1 57.3875 1.0 845
225710.06 11
14 1 26.727500000000006 1.0 721
12 0 6.287500000000001 1.0 604
23 1 21.617500000000007 1.0 1167
3 0 42.057500000000005 1.0 182
5 0 62.4975 1.0 298
12 1 6.287500000000001 1.0 605
21 0 49.7225 1.0 1088
13 0 6.287500000000001 1.0 654
12 0 29.2825 1.0 622
6 1 19.0625 1.0 315
11 0 42.057500000000005 1.0 582
409254.5 14
3 0 62.4975 1.0 198
7 1 59.94250000000001 1.0 397
15 0 26.727500000000006 1.0 770
20 0 19.0625 1.0 1014
1 1 49.7225 1.0 89
0 1 19.0625 1.0 15
21 0 57.3875 1.0 1094
0 1 59.94250000000001 1.0 47
5 1 29.2825 1.0 273
5 0 39.5025 1.0 280
2 0 6.287500000000001 1.0 104
23 1 21.617500000000007 1.0 1167
11 0 42.057500000000005 1.0 582
14 1 36.947500000000005 1.0 729
1402906.1 12
16 0 47.167500000000004 1.0 836
7 0 47.167500000000004 1.0 386
18 0 39.5025 1.0 930
7 1 24.1725 1.0 369
17 1 11.3975 1.0 859
11 0 1.177500000000002 1.0 550
8 1 39.5025 1.0 431
10 1 49.7225 1.0 539
7 0 6.287500000000001 1.0 354
12 1 8.842500000000001 1.0 607
5 0 62.4975 1.0 298
13 0 3.7325000000000017 1.0 652
1831927.5 23
15 1 3.7325000000000017 1.0 753
24 1 52.2775 1.0 1241
11 1 31.837500000000006 1.0 575
14 0 26.727500000000006 1.0 720
8 0 11.3975 1.0 408
12 1 29.2825 1.0 623
0 1 49.7225 1.0 39
0 1 59.94250000000001 1.0 47
1 1 8.842500000000001 1.0 57
1 1 36.947500000000005 1.0 79
17 0 8.842500000000001 1.0 856
9 1 36.947500000000005 1.0 479
24 1 19.0625 1.0 1215
9 1 29.2825 1.0 473
22 0 21.617500000000007 1.0 1116
12 1 44.6125 1.0 635
1 0 54.83250000000001 1.0 92
14 0 1.177500000000002 1.0 700
2 1 62.4975 1.0 149
6 1 8.842500000000001 1.0 307
19 1 19.0625 1.0 965
18 1 6.287500000000001 1.0 905
22 0 19.0625 1.0 1114
1534029.5 20
20 0 62.4975 1.0 1048
18 0 39.5025 1.0 930
12 0 49.7225 1.0 638
18 0 1.177500000000002 1.0 900
11 0 42.057500000000005 1.0 582
4 1 6.287500000000001 1.0 205
1 1 8.842500000000001 1.0 57
14 1 19.0625 1.0 715
18 1 62.4975 1.0 949
12 1 6.287500000000001 1.0 605
20 0 42.057500000000005 1.0 1032
9 1 29.2825 1.0 473
3 1 31.837500000000006 1.0 175
23 1 31.837500000000006 1.0 1175
24 1 26.727500000000006 1.0 1221
4 0 49.7225 1.0 238
11 0 39.5025 1.0 580
6 0 1.177500000000002 1.0 300
3 0 1.177500000000002 1.0 150
11 1 26.727500000000006 1.0 571
492713.94 11
14 0 29.2825 1.0 722
12 0 49.7225 1.0 638
3 0 42.057500000000005 1.0 182
19 1 44.6125 1.0 985
18 0 44.6125 1.0 934
19 1 8.842500000000001 1.0 957
12 1 36.947500000000005 1.0 629
18 0 39.5025 1.0 930
7 1 57.3875 1.0 395
22 1 54.83250000000001 1.0 1143
7 0 47.167500000000004 1.0 386
214500.19 5
18 0 62.4975 1.0 948
6 0 11.3975 1.0 308
21 0 6.287500000000001 1.0 1054
1 0 49.7225 1.0 88
12 1 36.947500000000005 1.0 629
869056.56 11
16 1 57.3875 1.0 845
6 0 24.1725 1.0 318
23 1 57.3875 1.0 1195
23 0 8.842500000000001 1.0 1156
23 1 3.7325000000000017 1.0 1153
6 1 19.0625 1.0 315
18 1 8.842500000000001 1.0 907
11 0 44.6125 1.0 584
9 0 34.3925 1.0 476
12 1 8.842500000000001 1.0 607
2 0 16.507500000000007 1.0 112
1543331.2 8
9 0 34.3925 1.0 476
23 1 21.617500000000007 1.0 1167
19 1 8.842500000000001 1.0 957
3 1 59.94250000000001 1.0 197
7 0 16.507500000000007 1.0 362
7 1 13.9525 1.0 361
3 1 36.947500000000005 1.0 179
5 1 49.7225 1.0 289
1629902.8 6
15 0 6.287500000000001 1.0 754
12 1 49.7225 1.0 639
0 1 24.1725 1.0 19
9 0 13.9525 1.0 460
9 1 8.842500000000001 1.0 457
11 1 44.6125 1.0 585
1466728.5 13
24 0 57.3875 1.0 1244
21 0 57.3875 1.0 1094
9 0 6.287500000000001 1.0 454
12 0 24.1725 1.0 618
17 1 49.7225 1.0 889
7 1 59.94250000000001 1.0 397
7 1 29.2825 1.0 373
9 1 54.83250000000001 1.0 493
17 1 44.6125 1.0 885
18 0 21.617500000000007 1.0 916
24 0 62.4975 1.0 1248
3 1 13.9525 1.0 161
3 0 36.947500000000005 1.0 178
699043.3 8
6 1 26.727500000000006 1.0 321
9 1 49.7225 1.0 489
17 0 8.842500000000001 1.0 856
22 0 59.94250000000001 1.0 1146
21 0 13.9525 1.0 1060
22 0 21.617500000000007 1.0 1116
21 0 6.287500000000001 1.0 1054
10 0 31.837500000000006 1.0 524
1331486.5 10
22 0 8.842500000000001 1.0 1106
14 1 39.5025 1.0 731
13 0 6.287500000000001 1.0 654
18 0 44.6125 1.0 934
5 0 62.4975 1.0 298
16 0 59.94250000000001 1.0 846
23 1 11.3975 1.0 1159
2 1 62.4975 1.0 149
19 0 31.837500000000006 1.0 974
18 0 16.507500000000007 1.0 912
693990.1 14
9 1 54.83250000000001 1.0 493
24 1 29.2825 1.0 1223
19 0 1.177500000000002 1.0 950
16 0 31.837500000000006 1.0 824
14 0 1.177500000000002 1.0 700
22 0 26.727500000000006 1.0 1120
11 0 34.3925 1.0 576
12 1 59.94250000000001 1.0 647
0 0 1.177500000000002 1.0 0
18 1 3.7325000000000017 1.0 903
8 1 6.287500000000001 1.0 405
12 1 36.947500000000005 1.0 629
1 1 8.842500000000001 1.0 57
13 1 62.4975 1.0 699
1665884.5 24
18 0 1.177500000000002 1.0 900
20 1 13.9525 1.0 1011
13 1 21.617500000000007 1.0 667
21 1 24.1725 1.0 1069
0 1 3.7325000000000017 1.0 3
2 1 29.2825 1.0 123
2 0 6.287500000000001 1.0 104
22 1 54.83250000000001 1.0 1143
19 1 8.842500000000001 1.0 957
0 1 13.9525 1.0 11
5 1 42.057500000000005 1.0 283
20 0 54.83250000000001 1.0 1042
11 0 59.94250000000001 1.0 596
7 0 47.167500000000004 1.0 386
16 0 47.167500000000004 1.0 836
12 0 39.5025 1.0 630
12 0 6.287500000000001 1.0 604
6 1 13.9525 1.0 311
9 0 13.9525 1.0 460
2 1 24.1725 1.0 119
18 0 31.837500000000006 1.0 924
4 1 13.9525 1.0 211
21 0 36.947500000000005 1.0 1078
20 0 3.7325000000000017 1.0 1002
979848.1 24
10 0 52.2775 1.0 540
3 0 59.94250000000001 1.0 196
19 0 13.9525 1.0 960
19 1 39.5025 1.0 981
15 0 13.9525 1.0 760
2 0 47.167500000000004 1.0 136
8 1 3.7325000000000017 1.0 403
0 0 29.2825 1.0 22
11 1 62.4975 1.0 599
24 1 57.3875 1.0 1245
3 1 16.507500000000007 1.0 163
21 0 42.057500000000005 1.0 1082
21 0 6.287500000000001 1.0 1054
24 0 26.727500000000006 1.0 1220
5 0 39.5025 1.0 280
18 0 1.177500000000002 1.0 900
12 1 62.4975 1.0 649
11 0 11.3975 1.0 558
13 0 26.727500000000006 1.0 670
5 1 47.167500000000004 1.0 287
16 1 3.7325000000000017 1.0 803
4 0 19.0625 1.0 214
13 0 24.1725 1.0 668
13 0 3.7325000000000017 1.0 652
1750077.4 8
12 0 39.5025 1.0 630
12 0 36.947500000000005 1.0 628
21 1 24.1725 1.0 1069
4 1 29.2825 1.0 223
9 0 34.3925 1.0 476
23 0 44.6125 1.0 1184
19 0 31.837500000000006 1.0 974
20 0 31.837500000000006 1.0 1024
157049.5 23
15 1 31.837500000000006 1.0 775
5 0 39.5025 1.0 280
20 0 62.4975 1.0 1048
22 1 42.057500000000005 1.0 1133
16 1 26.727500000000006 1.0 821
8 1 21.617500000000007 1.0 417
11 1 11.3975 1.0 559
18 0 19.0625 1.0 914
11 0 11.3975 1.0 558
19 1 44.6125 1.0 985
7 0 47.167500000000004 1.0 386
0 0 52.2775 1.0 40
6 0 57.3875 1.0 344
5 1 52.2775 1.0 291
8 1 13.9525 1.0 411
21 0 42.057500000000005 1.0 1082
1 1 54.83250000000001 1.0 93
14 0 1.177500000000002 1.0 700
2 1 11.3975 1.0 109
14 1 39.5025 1.0 731
2 0 6.287500000000001 1.0 104
22 1 34.3925 1.0 1127
14 0 29.2825 1.0 722
1122204.0 18
23 0 26.727500000000006 1.0 1170
4 0 1.177500000000002 1.0 200
18 0 62.4975 1.0 948
12 1 52.2775 1.0 641
22 0 19.0625 1.0 1114
0 1 49.7225 1.0 39
14 1 36.947500000000005 1.0 729
18 0 39.5025 1.0 930
8 0 1.177500000000002 1.0 400
14 0 6.287500000000001 1.0 704
20 0 62.4975 1.0 1048
15 1 11.3975 1.0 759
11 1 11.3975 1.0 559
4 1 6.287500000000001 1.0 205
3 1 59.94250000000001 1.0 197
9 0 13.9525 1.0 460
21 1 39.5025 1.0 1081
21 0 6.287500000000001 1.0 1054
744692.5 22
11 1 54.83250000000001 1.0 593
4 1 62.4975 1.0 249
0 1 49.7225 1.0 39
20 0 3.7325000000000017 1.0 1002
24 1 52.2775 1.0 1241
22 1 42.057500000000005 1.0 1133
8 0 26.727500000000006 1.0 420
6 1 26.727500000000006 1.0 321
22 0 19.0625 1.0 1114
10 1 8.842500000000001 1.0 507
0 0 11.3975 1.0 8
24 1 26.727500000000006 1.0 1221
4 1 16.507500000000007 1.0 213
16 1 1.177500000000002 1.0 801
2 1 11.3975 1.0 109
22 1 54.83250000000001 1.0 1143
1 1 49.7225 1.0 89
19 1 52.2775 1.0 991
11 0 44.6125 1.0 584
4 1 42.057500000000005 1.0 233
14 0 57.3875 1.0 744
6 0 24.1725 1.0 318
959830.56 19
6 0 29.2825 1.0 322
5 0 62.4975 1.0 298
15 1 3.7325000000000017 1.0 753
0 1 24.1725 1.0 19
13 1 52.2775 1.0 691
24 1 19.0625 1.0 1215
20 1 13.9525 1.0 1011
2 1 29.2825 1.0 123
14 1 39.5025 1.0 731
18 0 1.177500000000002 1.0 900
12 0 29.2825 1.0 622
9 0 31.837500000000006 1.0 474
7 1 13.9525 1.0 361
8 1 6.287500000000001 1.0 405
16 1 62.4975 1.0 849
6 0 24.1725 1.0 318
11 1 62.4975 1.0 599
9 1 39.5025 1.0 481
15 1 11.3975 1.0 759
1042779.9 15
8 1 6.287500000000001 1.0 405
3 0 42.057500000000005 1.0 182
23 1 31.837500000000006 1.0 1175
14 0 16.507500000000007 1.0 712
20 0 62.4975 1.0 1048
1 1 8.842500000000001 1.0 57
12 1 6.287500000000001 1.0 605
2 0 47.167500000000004 1.0 136
21 0 13.9525 1.0 1060
7 1 29.2825 1.0 373
20 1 6.287500000000001 1.0 1005
12 1 59.94250000000001 1.0 647
22 0 39.5025 1.0 1130
4 1 6.287500000000001 1.0 205
0 1 54.83250000000001 1.0 43
1772599.5 21
11 0 11.3975 1.0 558
13 0 11.3975 1.0 658
6 0 47.167500000000004 1.0 336
12 1 29.2825 1.0 623
9 1 36.947500000000005 1.0 479
11 1 26.727500000000006 1.0 571
3 1 3.7325000000000017 1.0 153
8 0 39.5025 1.0 430
0 0 31.837500000000006 1.0 24
5 1 47.167500000000004 1.0 287
14 1 36.947500000000005 1.0 729
16 1 8.842500000000001 1.0 807
14 0 49.7225 1.0 738
12 0 6.287500000000001 1.0 604
19 1 29.2825 1.0 973
13 0 57.3875 1.0 694
13 1 36.947500000000005 1.0 679
1 0 62.4975 1.0 98
24 0 8.842500000000001 1.0 1206
23 0 26.727500000000006 1.0 1170
8 0 47.167500000000004 1.0 436
922848.75 5
2 0 34.3925 1.0 126
19 1 8.842500000000001 1.0 957
24 1 42.057500000000005 1.0 1233
20 1 39.5025 1.0 1031
0 0 1.177500000000002 1.0 0
537922.3 13
4 1 1.177500000000002 1.0 201
22 0 39.5025 1.0 1130
4 1 62.4975 1.0 249
12 0 24.1725 1.0 618
14 0 8.842500000000001 1.0 706
16 1 8.842500000000001 1.0 807
14 0 26.727500000000006 1.0 720
5 1 49.7225 1.0 289
18 0 31.837500000000006 1.0 924
13 0 6.287500000000001 1.0 654
24 0 8.842500000000001 1.0 1206
14 1 8.842500000000001 1.0 707
1 1 54.83250000000001 1.0 93
68685.29 18
4 0 16.507500000000007 1.0 212
23 1 31.837500000000006 1.0 1175
15 1 54.83250000000001 1.0 793
17 0 8.842500000000001 1.0 856
10 1 49.7225 1.0 539
3 1 42.057500000000005 1.0 183
13 1 36.947500000000005 1.0 679
15 0 11.3975 1.0 758
1 0 31.837500000000006 1.0 74
1 1 8.842500000000001 1.0 57
11 0 11.3975 1.0 558
13 0 24.1725 1.0 668
17 0 26.727500000000006 1.0 870
6 1 26.727500000000006 1.0 321
18 0 62.4975 1.0 948
0 1 6.287500000000001 1.0 5
5 1 47.167500000000004 1.0 287
18 0 42.057500000000005 1.0 932
1132264.6 24
21 0 57.3875 1.0 1094
13 1 59.94250000000001 1.0 697
15 1 54.83250000000001 1.0 793
5 1 21.617500000000007 1.0 267
21 1 19.0625 1.0 1065
13 0 24.1725 1.0 668
22 0 21.617500000000007 1.0 1116
11 0 34.3925 1.0 576
14 1 39.5025 1.0 731
6 1 26.727500000000006 1.0 321
17 1 34.3925 1.0 877
4 0 11.3975 1.0 208
19 1 19.0625 1.0 965
3 1 59.94250000000001 1.0 197
6 1 6.287500000000001 1.0 305
15 1 62.4975 1.0 799
5 0 36.947500000000005 1.0 278
12 1 49.7225 1.0 639
9 1 8.842500000000001 1.0 457
24 1 19.0625 1.0 1215
9 0 34.3925 1.0 476
1 0 62.4975 1.0 98
0 1 59.94250000000001 1.0 47
1 1 54.83250000000001 1.0 93
1286453.4 8
15 1 62.4975 1.0 799
23 0 29.2825 1.0 1172
21 1 6.287500000000001 1.0 1055
19 1 44.6125 1.0 985
12 0 24.1725 1.0 618
18 1 1.177500000000002 1.0 901
9 1 34.3925 1.0 477
20 1 59.94250000000001 1.0 1047
514007.8 11
4 1 6.287500000000001 1.0 205
4 1 42.057500000000005 1.0 233
3 1 36.947500000000005 1.0 179
20 0 19.0625 1.0 1014
16 1 31.837500000000006 1.0 825
6 0 24.1725 1.0 318
2 1 62.4975 1.0 149
3 1 42.057500000000005 1.0 183
11 1 47.167500000000004 1.0 587
13 0 34.3925 1.0 676
9 1 36.947500000000005 1.0 479
87773.04 17
21 1 42.057500000000005 1.0 1083
21 1 39.5025 1.0 1081
10 1 31.837500000000006 1.0 525
13 0 11.3975 1.0 658
17 0 24.1725 1.0 868
5 0 49.7225 1.0 288
15 1 47.167500000000004 1.0 787
3 1 36.947500000000005 1.0 179
10 1 49.7225 1.0 539
11 1 11.3975 1.0 559
20 0 3.7325000000000017 1.0 1002
13 1 21.617500000000007 1.0 667
24 1 19.0625 1.0 1215
9 1 16.507500000000007 1.0 463
16 1 8.842500000000001 1.0 807
12 1 6.287500000000001 1.0 605
4 1 1.177500000000002 1.0 201
827645.1 18
5 0 49.7225 1.0 288
21 0 21.617500000000007 1.0 1066
4 0 52.2775 1.0 240
1 1 49.7225 1.0 89
13 0 6.287500000000001 1.0 654
23 1 36.947500000000005 1.0 1179
13 1 21.617500000000007 1.0 667
14 1 36.947500000000005 1.0 729
15 0 1.177500000000002 1.0 750
16 1 8.842500000000001 1.0 807
13 1 34.3925 1.0 677
8 1 54.83250000000001 1.0 443
2 1 42.057500000000005 1.0 133
7 1 57.3875 1.0 395
17 0 24.1725 1.0 868
12 1 49.7225 1.0 639
11 1 26.727500000000006 1.0 571
20 0 62.4975 1.0 1048
1243122.4 6
6 1 26.727500000000006 1.0 321
17 1 34.3925 1.0 877
15 1 62.4975 1.0 799
5 1 47.167500000000004 1.0 287
23 1 31.837500000000006 1.0 1175
4 1 1.177500000000002 1.0 201
70582.39 20
21 0 42.057500000000005 1.0 1082
19 0 47.167500000000004 1.0 986
4 0 1.177500000000002 1.0 200
0 1 26.727500000000006 1.0 21
20 1 47.167500000000004 1.0 1037
13 1 11.3975 1.0 659
15 1 31.837500000000006 1.0 775
0 1 24.1725 1.0 19
5 1 52.2775 1.0 291
3 0 13.9525 1.0 160
1 0 62.4975 1.0 98
19 1 34.3925 1.0 977
1 0 31.837500000000006 1.0 74
4 1 1.177500000000002 1.0 201
4 0 19.0625 1.0 214
5 1 1.177500000000002 1.0 251
20 0 19.0625 1.0 1014
12 0 24.1725 1.0 618
22 0 44.6125 1.0 1134
2 1 42.057500000000005 1.0 133
1339411.9 9
3 1 59.94250000000001 1.0 197
3 1 36.947500000000005 1.0 179
23 1 3.7325000000000017 1.0 1153
9 1 54.83250000000001 1.0 493
11 1 62.4975 1.0 599
11 0 6.287500000000001 1.0 554
14 0 11.3975 1.0 708
11 0 42.057500000000005 1.0 582
19 0 1.177500000000002 1.0 950
1342826.2 14
15 1 59.94250000000001 1.0 797
21 1 8.842500000000001 1.0 1057
4 1 42.057500000000005 1.0 233
15 0 1.177500000000002 1.0 750
21 0 39.5025 1.0 1080
13 0 11.3975 1.0 658
8 1 59.94250000000001 1.0 447
23 1 57.3875 1.0 1195
21 1 36.947500000000005 1.0 1079
0 0 6.287500000000001 1.0 4
16 1 34.3925 1.0 827
8 0 24.1725 1.0 418
17 0 8.842500000000001 1.0 856
24 0 26.727500000000006 1.0 1220
1178542.8 19
17 1 44.6125 1.0 885
18 0 19.0625 1.0 914
11 0 21.617500000000007 1.0 566
16 0 31.837500000000006 1.0 824
14 1 19.0625 1.0 715
11 1 54.83250000000001 1.0 593
11 1 44.6125 1.0 585
13 0 19.0625 1.0 664
5 0 29.2825 1.0 272
22 0 39.5025 1.0 1130
14 1 13.9525 1.0 711
2 0 47.167500000000004 1.0 136
8 1 54.83250000000001 1.0 443
5 0 62.4975 1.0 298
21 1 13.9525 1.0 1061
21 0 6.287500000000001 1.0 1054
3 1 44.6125 1.0 185
15 1 62.4975 1.0 799
13 0 29.2825 1.0 672
1651748.9 5
14 0 57.3875 1.0 744
1 0 31.837500000000006 1.0 74
18 0 19.0625 1.0 914
16 0 49.7225 1.0 838
3 0 36.947500000000005 1.0 178
452573.7 19
12 1 6.287500000000001 1.0 605
11 1 47.167500000000004 1.0 587
5 0 49.7225 1.0 288
6 1 26.727500000000006 1.0 321
6 1 19.0625 1.0 315
20 0 8.842500000000001 1.0 1006
16 1 8.842500000000001 1.0 807
11 1 26.727500000000006 1.0 571
17 1 16.507500000000007 1.0 863
21 0 11.3975 1.0 1058
14 1 19.0625 1.0 715
0 0 52.2775 1.0 40
9 1 34.3925 1.0 477
15 1 54.83250000000001 1.0 793
18 0 19.0625 1.0 914
2 1 31.837500000000006 1.0 125
4 0 16.507500000000007 1.0 212
7 1 29.2825 1.0 373
14 1 36.947500000000005 1.0 729
714393.2 21
17 0 19.0625 1.0 864
3 1 16.507500000000007 1.0 163
0 1 6.287500000000001 1.0 5
3 1 3.7325000000000017 1.0 153
0 0 52.2775 1.0 40
4 0 1.177500000000002 1.0 200
3 1 42.057500000000005 1.0 183
0 1 13.9525 1.0 11
17 1 44.6125 1.0 885
14 0 1.177500000000002 1.0 700
8 1 3.7325000000000017 1.0 403
15 0 26.727500000000006 1.0 770
19 1 13.9525 1.0 961
12 0 6.287500000000001 1.0 604
21 1 42.057500000000005 1.0 1083
18 1 11.3975 1.0 909
22 1 42.057500000000005 1.0 1133
16 1 6.287500000000001 1.0 805
4 1 42.057500000000005 1.0 233
16 0 11.3975 1.0 808
18 0 8.842500000000001 1.0 906
948785.4 23
5 0 36.947500000000005 1.0 278
15 1 31.837500000000006 1.0 775
17 0 62.4975 1.0 898
21 0 49.7225 1.0 1088
2 1 31.837500000000006 1.0 125
9 1 36.947500000000005 1.0 479
4 1 1.177500000000002 1.0 201
15 1 47.167500000000004 1.0 787
21 0 11.3975 1.0 1058
23 1 21.617500000000007 1.0 1167
2 0 6.287500000000001 1.0 104
2 0 47.167500000000004 1.0 136
11 0 34.3925 1.0 576
12 1 62.4975 1.0 649
13 1 21.617500000000007 1.0 667
4 1 57.3875 1.0 245
1 0 57.3875 1.0 94
14 1 36.947500000000005 1.0 729
8 0 62.4975 1.0 448
2 1 11.3975 1.0 109
4 0 34.3925 1.0 226
9 1 8.842500000000001 1.0 457
23 1 3.7325000000000017 1.0 1153
49261.64 21
22 0 44.6125 1.0 1134
16 0 31.837500000000006 1.0 824
9 0 26.727500000000006 1.0 470
12 0 57.3875 1.0 644
13 0 11.3975 1.0 658
10 0 34.3925 1.0 526
17 0 24.1725 1.0 868
0 1 26.727500000000006 1.0 21
20 0 13.9525 1.0 1010
13 0 52.2775 1.0 690
2 1 62.4975 1.0 149
19 1 52.2775 1.0 991
18 0 31.837500000000006 1.0 924
11 1 62.4975 1.0 599
9 0 42.057500000000005 1.0 482
1 0 62.4975 1.0 98
3 1 59.94250000000001 1.0 197
1 0 42.057500000000005 1.0 82
8 1 6.287500000000001 1.0 405
14 1 39.5025 1.0 731
23 0 44.6125 1.0 1184
1726630.2 13
1 0 49.7225 1.0 88
18 1 62.4975 1.0 949
3 0 59.94250000000001 1.0 196
24 0 8.842500000000001 1.0 1206
0 1 49.7225 1.0 39
24 1 57.3875 1.0 1245
18 0 8.842500000000001 1.0 906
21 0 6.287500000000001 1.0 1054
4 0 49.7225 1.0 238
23 0 6.287500000000001 1.0 1154
13 0 57.3875 1.0 694
12 1 8.842500000000001 1.0 607
21 1 13.9525 1.0 1061
1314002.8 22
5 0 39.5025 1.0 280
9 1 36.947500000000005 1.0 479
5 0 49.7225 1.0 288
14 0 54.83250000000001 1.0 742
16 1 42.057500000000005 1.0 833
23 0 8.842500000000001 1.0 1156
22 0 59.94250000000001 1.0 1146
11 0 11.3975 1.0 558
21 1 3.7325000000000017 1.0 1053
0 1 57.3875 1.0 45
18 1 3.7325000000000017 1.0 903
19 1 52.2775 1.0 991
7 1 42.057500000000005 1.0 383
8 1 49.7225 1.0 439
16 0 6.287500000000001 1.0 804
13 1 21.617500000000007 1.0 667
8 0 1.177500000000002 1.0 400
16 0 49.7225 1.0 838
2 0 6.287500000000001 1.0 104
2 1 26.727500000000006 1.0 121
17 1 54.83250000000001 1.0 893
8 0 29.2825 1.0 422
1840718.4 16
18 0 8.842500000000001 1.0 906
5 1 42.057500000000005 1.0 283
23 1 39.5025 1.0 1181
2 1 24.1725 1.0 119
6 0 29.2825 1.0 322
5 1 49.7225 1.0 289
2 0 47.167500000000004 1.0 136
8 0 62.4975 1.0 448
19 1 44.6125 1.0 985
11 0 16.507500000000007 1.0 562
9 1 54.83250000000001 1.0 493
22 1 42.057500000000005 1.0 1133
3 1 31.837500000000006 1.0 175
13 0 11.3975 1.0 658
14 1 26.727500000000006 1.0 721
5 1 54.83250000000001 1.0 293
1615906.1 8
19 1 19.0625 1.0 965
16 1 26.727500000000006 1.0 821
24 1 34.3925 1.0 1227
11 0 11.3975 1.0 558
9 0 34.3925 1.0 476
14 0 21.617500000000007 1.0 716
15 1 3.7325000000000017 1.0 753
13 0 11.3975 1.0 658
260537.42 12
15 0 26.727500000000006 1.0 770
18 1 29.2825 1.0 923
24 0 8.842500000000001 1.0 1206
0 1 6.287500000000001 1.0 5
17 1 34.3925 1.0 877
4 0 59.94250000000001 1.0 246
16 0 47.167500000000004 1.0 836
8 0 44.6125 1.0 434
11 0 42.057500000000005 1.0 582
16 0 49.7225 1.0 838
16 1 34.3925 1.0 827
9 0 26.727500000000006 1.0 470
1685174.2 7
12 1 62.4975 1.0 649
11 0 44.6125 1.0 584
22 0 19.0625 1.0 1114
14 0 1.177500000000002 1.0 700
14 0 29.2825 1.0 722
2 1 62.4975 1.0 149
14 0 57.3875 1.0 744
1284694.6 12
14 0 29.2825 1.0 722
10 1 42.057500000000005 1.0 533
23 0 36.947500000000005 1.0 1178
3 1 36.947500000000005 1.0 179
20 1 62.4975 1.0 1049
23 1 21.617500000000007 1.0 1167
16 0 6.287500000000001 1.0 804
21 1 6.287500000000001 1.0 1055
11 0 6.287500000000001 1.0 554
5 0 49.7225 1.0 288
3 0 57.3875 1.0 194
23 0 49.7225 1.0 1188
1124429.9 10
12 0 57.3875 1.0 644
2 0 59.94250000000001 1.0 146
14 0 6.287500000000001 1.0 704
13 1 62.4975 1.0 699
22 1 42.057500000000005 1.0 1133
6 0 44.6125 1.0 334
8 1 6.287500000000001 1.0 405
13 0 16.507500000000007 1.0 662
0 1 49.7225 1.0 39
14 1 8.842500000000001 1.0 707
1650855.8 24
6 1 52.2775 1.0 341
19 1 57.3875 1.0 995
18 1 3.7325000000000017 1.0 903
24 0 42.057500000000005 1.0 1232
16 1 62.4975 1.0 849
4 0 19.0625 1.0 214
20 0 62.4975 1.0 1048
16 1 3.7325000000000017 1.0 803
11 1 62.4975 1.0 599
7 1 59.94250000000001 1.0 397
1 0 47.167500000000004 1.0 86
13 0 11.3975 1.0 658
8 0 47.167500000000004 1.0 436
21 1 13.9525 1.0 1061
0 1 6.287500000000001 1.0 5
4 1 31.837500000000006 1.0 225
7 1 13.9525 1.0 361
18 0 8.842500000000001 1.0 906
23 1 21.617500000000007 1.0 1167
17 0 54.83250000000001 1.0 892
12 1 39.5025 1.0 631
14 1 39.5025 1.0 731
18 0 62.4975 1.0 948
21 0 49.7225 1.0 1088
1508899.1 6
15 0 1.177500000000002 1.0 750
21 0 39.5025 1.0 1080
9 1 29.2825 1.0 473
20 0 3.7325000000000017 1.0 1002
2 0 8.842500000000001 1.0 106
16 1 26.727500000000006 1.0 821
1370029.1 21
6 1 6.287500000000001 1.0 305
16 0 49.7225 1.0 838
10 0 47.167500000000004 1.0 536
9 1 34.3925 1.0 477
15 1 3.7325000000000017 1.0 753
4 1 29.2825 1.0 223
13 0 1.177500000000002 1.0 650
11 0 42.057500000000005 1.0 582
18 1 29.2825 1.0 923
5 0 49.7225 1.0 288
14 0 29.2825 1.0 722
1 1 54.83250000000001 1.0 93
24 1 57.3875 1.0 1245
16 1 31.837500000000006 1.0 825
19 0 13.9525 1.0 960
3 1 59.94250000000001 1.0 197
4 0 36.947500000000005 1.0 228
15 0 47.167500000000004 1.0 786
2 1 42.057500000000005 1.0 133
0 1 21.617500000000007 1.0 17
15 1 52.2775 1.0 791
73933.97 24
18 0 1.177500000000002 1.0 900
1 1 8.842500000000001 1.0 57
10 0 1.177500000000002 1.0 500
24 1 57.3875 1.0 1245
2 1 62.4975 1.0 149
22 0 26.727500000000006 1.0 1120
15 0 39.5025 1.0 780
7 1 24.1725 1.0 369
23 0 11.3975 1.0 1158
24 1 42.057500000000005 1.0 1233
21 0 11.3975 1.0 1058
22 1 21.617500000000007 1.0 1117
10 0 47.167500000000004 1.0 536
16 0 8.842500000000001 1.0 806
9 0 13.9525 1.0 460
2 1 29.2825 1.0 123
13 0 24.1725 1.0 668
18 0 31.837500000000006 1.0 924
6 1 19.0625 1.0 315
12 1 62.4975 1.0 649
0 0 1.177500000000002 1.0 0
11 1 13.9525 1.0 561
13 1 21.617500000000007 1.0 667
17 0 8.842500000000001 1.0 856
902674.1 24
18 0 31.837500000000006 1.0 924
7 1 59.94250000000001 1.0 397
1 0 31.837500000000006 1.0 74
9 0 13.9525 1.0 460
23 1 21.617500000000007 1.0 1167
12 1 6.287500000000001 1.0 605
18 0 39.5025 1.0 930
15 0 11.3975 1.0 758
19 0 31.837500000000006 1.0 974
21 0 57.3875 1.0 1094
14 1 16.507500000000007 1.0 713
18 1 62.4975 1.0 949
5 0 62.4975 1.0 298
22 1 36.947500000000005 1.0 1129
14 1 39.5025 1.0 731
7 1 42.057500000000005 1.0 383
24 1 54.83250000000001 1.0 1243
3 1 6.287500000000001 1.0 155
11 1 26.727500000000006 1.0 571
11 0 16.507500000000007 1.0 562
24 1 34.3925 1.0 1227
21 1 3.7325000000000017 1.0 1053
22 0 3.7325000000000017 1.0 1102
18 0 62.4975 1.0 948
457290.44 13
6 0 29.2825 1.0 322
8 1 3.7325000000000017 1.0 403
18 0 39.5025 1.0 930
2 0 47.167500000000004 1.0 136
19 1 49.7225 1.0 989
16 1 31.837500000000006 1.0 825
13 1 21.617500000000007 1.0 667
17 0 19.0625 1.0 864
13 0 52.2775 1.0 690
23 0 49.7225 1.0 1188
24 1 39.5025 1.0 1231
18 1 29.2825 1.0 923
18 0 31.837500000000006 1.0 924
100649.25 10
22 0 19.0625 1.0 1114
1 1 49.7225 1.0 89
21 0 49.7225 1.0 1088
15 0 26.727500000000006 1.0 770
2 1 8.842500000000001 1.0 107
1 0 24.1725 1.0 68
7 1 57.3875 1.0 395
21 1 42.057500000000005 1.0 1083
10 1 42.057500000000005 1.0 533
13 0 52.2775 1.0 690
1733414.0 6
5 0 36.947500000000005 1.0 278
15 0 39.5025 1.0 780
11 0 49.7225 1.0 588
8 0 62.4975 1.0 448
16 0 49.7225 1.0 838
21 1 42.057500000000005 1.0 1083
