 Numero de pedidos 
 100
 duedate num_referencias // pasillo lado altura peso
 670412.625517 6
 2 1 65.277778 1.000000 47
 3 0 65.277778 1.000000 166
 2 0 31.944444 1.000000 22
 2 0 23.611111 1.000000 16
 2 0 4.166667 1.000000 2
 1 0 43.055556 1.000000 90
 725646.171945 5
 2 1 6.944444 1.000000 5
 2 1 15.277778 1.000000 11
 2 1 56.944444 1.000000 41
 2 1 26.388889 1.000000 19
 1 1 59.722222 1.000000 103
 906055.732512 3
 2 1 9.722222 1.000000 7
 2 1 26.388889 1.000000 19
 2 1 45.833333 1.000000 33
 1649187.991307 3
 2 1 37.500000 1.000000 27
 2 1 43.055556 1.000000 31
 2 0 40.277778 1.000000 28
 1092180.912910 5
 2 0 48.611111 1.000000 34
 2 0 43.055556 1.000000 30
 2 1 34.722222 1.000000 25
 2 0 40.277778 1.000000 28
 2 1 20.833333 1.000000 15
 967331.635769 3
 2 1 48.611111 1.000000 35
 0 1 12.500000 1.000000 189
 2 1 34.722222 1.000000 25
 1079466.651585 6
 2 0 15.277778 1.000000 10
 2 0 45.833333 1.000000 32
 2 1 40.277778 1.000000 29
 2 1 62.500000 1.000000 45
 2 0 4.166667 1.000000 2
 2 1 9.722222 1.000000 7
 1633585.707542 3
 2 0 15.277778 1.000000 10
 2 1 40.277778 1.000000 29
 2 1 62.500000 1.000000 45
 60850.553895 6
 2 0 48.611111 1.000000 34
 2 0 26.388889 1.000000 18
 2 1 56.944444 1.000000 41
 2 1 15.277778 1.000000 11
 2 0 9.722222 1.000000 6
 2 0 56.944444 1.000000 40
 723224.817423 5
 2 1 12.500000 1.000000 9
 2 1 15.277778 1.000000 11
 2 0 45.833333 1.000000 32
 2 0 26.388889 1.000000 18
 2 0 1.388889 1.000000 0
 1544481.852811 4
 1 1 1.388889 1.000000 61
 0 1 1.388889 1.000000 181
 2 1 48.611111 1.000000 35
 2 0 29.166667 1.000000 20
 508783.901496 6
 2 0 51.388889 1.000000 36
 2 0 37.500000 1.000000 26
 2 1 31.944444 1.000000 23
 2 0 12.500000 1.000000 8
 2 1 56.944444 1.000000 41
 2 1 1.388889 1.000000 1
 1222337.363764 5
 2 1 9.722222 1.000000 7
 2 1 43.055556 1.000000 31
 1 1 68.055556 1.000000 109
 2 0 65.277778 1.000000 46
 2 0 79.166667 1.000000 56
 871202.598340 4
 2 0 20.833333 1.000000 14
 2 0 43.055556 1.000000 30
 2 1 15.277778 1.000000 11
 2 0 48.611111 1.000000 34
 535662.218209 4
 2 0 65.277778 1.000000 46
 2 0 45.833333 1.000000 32
 2 1 54.166667 1.000000 39
 2 0 29.166667 1.000000 20
 588535.758810 2
 2 0 12.500000 1.000000 8
 2 1 34.722222 1.000000 25
 575362.453319 5
 2 1 43.055556 1.000000 31
 2 1 31.944444 1.000000 23
 0 0 48.611111 1.000000 214
 2 0 59.722222 1.000000 42
 2 1 79.166667 1.000000 57
 346488.919345 5
 1 1 12.500000 1.000000 69
 3 1 31.944444 1.000000 143
 2 1 45.833333 1.000000 33
 2 0 48.611111 1.000000 34
 2 1 73.611111 1.000000 53
 1447708.025690 1
 2 0 48.611111 1.000000 34
 1716090.237198 1
 2 1 62.500000 1.000000 45
 1779098.270675 3
 2 0 18.055556 1.000000 12
 2 1 20.833333 1.000000 15
 2 0 26.388889 1.000000 18
 524318.709636 5
 2 0 18.055556 1.000000 12
 2 1 20.833333 1.000000 15
 2 1 40.277778 1.000000 29
 3 1 12.500000 1.000000 129
 2 1 29.166667 1.000000 21
 1099859.971190 1
 2 1 12.500000 1.000000 9
 1106973.339499 2
 2 0 59.722222 1.000000 42
 2 1 34.722222 1.000000 25
 751462.354973 2
 2 1 59.722222 1.000000 43
 2 1 31.944444 1.000000 23
 795042.138209 5
 2 0 9.722222 1.000000 6
 2 1 51.388889 1.000000 37
 2 1 6.944444 1.000000 5
 2 0 48.611111 1.000000 34
 2 1 40.277778 1.000000 29
 1676113.708893 3
 3 1 29.166667 1.000000 141
 2 1 15.277778 1.000000 11
 2 0 31.944444 1.000000 22
 1271832.650021 5
 2 0 6.944444 1.000000 4
 0 1 59.722222 1.000000 223
 2 1 65.277778 1.000000 47
 2 1 31.944444 1.000000 23
 2 1 6.944444 1.000000 5
 660910.321651 6
 2 1 43.055556 1.000000 31
 2 0 34.722222 1.000000 24
 2 0 76.388889 1.000000 54
 2 1 20.833333 1.000000 15
 2 1 9.722222 1.000000 7
 2 0 18.055556 1.000000 12
 195163.573490 2
 2 1 34.722222 1.000000 25
 2 0 54.166667 1.000000 38
 217336.264466 4
 2 0 51.388889 1.000000 36
 2 0 56.944444 1.000000 40
 2 1 29.166667 1.000000 21
 2 0 18.055556 1.000000 12
 1741657.684064 4
 2 1 65.277778 1.000000 47
 2 0 31.944444 1.000000 22
 2 1 45.833333 1.000000 33
 1 0 4.166667 1.000000 62
 1938829.533224 5
 2 1 59.722222 1.000000 43
 2 1 56.944444 1.000000 41
 2 1 23.611111 1.000000 17
 2 1 1.388889 1.000000 1
 0 0 76.388889 1.000000 234
 1606110.614429 3
 2 0 65.277778 1.000000 46
 2 0 37.500000 1.000000 26
 1 1 9.722222 1.000000 67
 1812453.724357 3
 1 1 29.166667 1.000000 81
 2 1 59.722222 1.000000 43
 2 1 34.722222 1.000000 25
 168602.149435 5
 2 0 1.388889 1.000000 0
 2 1 26.388889 1.000000 19
 2 1 12.500000 1.000000 9
 2 1 43.055556 1.000000 31
 2 0 18.055556 1.000000 12
 1983493.075568 5
 2 0 65.277778 1.000000 46
 2 1 34.722222 1.000000 25
 2 1 31.944444 1.000000 23
 2 0 59.722222 1.000000 42
 2 0 4.166667 1.000000 2
 1290844.612257 3
 1 0 51.388889 1.000000 96
 2 0 20.833333 1.000000 14
 1 0 34.722222 1.000000 84
 1587609.359523 6
 2 1 56.944444 1.000000 41
 2 0 9.722222 1.000000 6
 2 1 12.500000 1.000000 9
 2 1 15.277778 1.000000 11
 1 1 23.611111 1.000000 77
 2 0 12.500000 1.000000 8
 1186018.066325 5
 3 1 29.166667 1.000000 141
 2 1 56.944444 1.000000 41
 2 1 43.055556 1.000000 31
 2 1 48.611111 1.000000 35
 2 0 37.500000 1.000000 26
 763718.805184 1
 2 0 6.944444 1.000000 4
 620461.952267 6
 2 1 45.833333 1.000000 33
 2 0 45.833333 1.000000 32
 2 0 59.722222 1.000000 42
 2 1 34.722222 1.000000 25
 2 0 4.166667 1.000000 2
 2 0 65.277778 1.000000 46
 181768.338635 3
 2 0 15.277778 1.000000 10
 2 0 1.388889 1.000000 0
 2 0 34.722222 1.000000 24
 1036103.671098 4
 2 0 45.833333 1.000000 32
 2 0 1.388889 1.000000 0
 2 1 12.500000 1.000000 9
 2 0 56.944444 1.000000 40
 1963271.435929 4
 2 0 45.833333 1.000000 32
 2 0 31.944444 1.000000 22
 2 0 56.944444 1.000000 40
 2 0 23.611111 1.000000 16
 878666.579779 1
 2 0 48.611111 1.000000 34
 910943.085175 4
 2 1 73.611111 1.000000 53
 2 0 1.388889 1.000000 0
 2 0 31.944444 1.000000 22
 2 1 56.944444 1.000000 41
 449499.450982 3
 2 1 45.833333 1.000000 33
 2 1 51.388889 1.000000 37
 2 1 65.277778 1.000000 47
 261592.783584 3
 2 1 20.833333 1.000000 15
 2 0 48.611111 1.000000 34
 2 1 26.388889 1.000000 19
 1039513.236396 1
 2 1 29.166667 1.000000 21
 1249696.084470 5
 2 1 15.277778 1.000000 11
 2 1 31.944444 1.000000 23
 2 1 4.166667 1.000000 3
 2 0 29.166667 1.000000 20
 1 1 6.944444 1.000000 65
 1875086.191592 1
 0 0 56.944444 1.000000 220
 1626500.181941 6
 3 0 79.166667 1.000000 176
 2 0 45.833333 1.000000 32
 2 1 26.388889 1.000000 19
 2 1 43.055556 1.000000 31
 2 1 68.055556 1.000000 49
 2 0 54.166667 1.000000 38
 1772221.125463 2
 1 0 68.055556 1.000000 108
 2 1 26.388889 1.000000 19
 1818256.969405 5
 2 1 26.388889 1.000000 19
 2 1 4.166667 1.000000 3
 2 0 23.611111 1.000000 16
 2 0 48.611111 1.000000 34
 2 1 34.722222 1.000000 25
 1778529.006587 4
 2 0 43.055556 1.000000 30
 2 1 15.277778 1.000000 11
 0 0 79.166667 1.000000 236
 2 1 37.500000 1.000000 27
 1789288.418847 6
 2 0 23.611111 1.000000 16
 2 0 34.722222 1.000000 24
 2 1 56.944444 1.000000 41
 1 0 1.388889 1.000000 60
 2 0 26.388889 1.000000 18
 2 1 43.055556 1.000000 31
 1326567.491072 1
 2 1 56.944444 1.000000 41
 1956008.104345 2
 1 1 23.611111 1.000000 77
 2 0 43.055556 1.000000 30
 1800824.878682 5
 1 1 12.500000 1.000000 69
 2 1 56.944444 1.000000 41
 2 0 45.833333 1.000000 32
 2 0 31.944444 1.000000 22
 2 1 20.833333 1.000000 15
 1091046.188851 1
 2 1 65.277778 1.000000 47
 66292.976395 5
 2 1 59.722222 1.000000 43
 2 0 65.277778 1.000000 46
 2 0 43.055556 1.000000 30
 2 1 4.166667 1.000000 3
 2 1 9.722222 1.000000 7
 854231.410946 3
 2 1 45.833333 1.000000 33
 2 0 15.277778 1.000000 10
 2 1 54.166667 1.000000 39
 630556.923575 1
 2 0 26.388889 1.000000 18
 1195529.819334 1
 1 0 29.166667 1.000000 80
 923213.870192 5
 2 1 26.388889 1.000000 19
 3 0 9.722222 1.000000 126
 2 1 51.388889 1.000000 37
 2 0 18.055556 1.000000 12
 2 0 9.722222 1.000000 6
 142620.395116 4
 2 0 43.055556 1.000000 30
 2 0 6.944444 1.000000 4
 2 0 15.277778 1.000000 10
 2 1 20.833333 1.000000 15
 1822832.513127 6
 2 0 29.166667 1.000000 20
 2 0 62.500000 1.000000 44
 1 1 9.722222 1.000000 67
 2 1 34.722222 1.000000 25
 2 1 45.833333 1.000000 33
 2 1 31.944444 1.000000 23
 750825.976688 5
 1 0 34.722222 1.000000 84
 1 1 81.944444 1.000000 119
 2 1 51.388889 1.000000 37
 2 1 48.611111 1.000000 35
 2 1 26.388889 1.000000 19
 1080573.741030 2
 2 1 26.388889 1.000000 19
 2 0 31.944444 1.000000 22
 1160371.545293 6
 2 0 56.944444 1.000000 40
 2 1 12.500000 1.000000 9
 2 1 31.944444 1.000000 23
 2 1 6.944444 1.000000 5
 2 1 43.055556 1.000000 31
 2 1 26.388889 1.000000 19
 269044.813267 2
 2 1 59.722222 1.000000 43
 1 0 6.944444 1.000000 64
 459616.063228 1
 2 1 34.722222 1.000000 25
 1064643.803008 2
 2 0 9.722222 1.000000 6
 2 1 51.388889 1.000000 37
 1031048.387825 2
 2 1 6.944444 1.000000 5
 2 0 40.277778 1.000000 28
 881928.413344 2
 1 1 29.166667 1.000000 81
 2 1 59.722222 1.000000 43
 1959403.387774 4
 2 1 37.500000 1.000000 27
 2 0 48.611111 1.000000 34
 2 1 62.500000 1.000000 45
 2 0 59.722222 1.000000 42
 492764.153263 6
 2 1 23.611111 1.000000 17
 2 0 12.500000 1.000000 8
 2 0 23.611111 1.000000 16
 2 0 54.166667 1.000000 38
 2 0 70.833333 1.000000 50
 2 0 40.277778 1.000000 28
 211227.697922 3
 1 1 65.277778 1.000000 107
 2 1 6.944444 1.000000 5
 1 0 45.833333 1.000000 92
 246088.655724 2
 2 0 43.055556 1.000000 30
 2 0 23.611111 1.000000 16
 461777.556735 2
 2 1 56.944444 1.000000 41
 2 1 62.500000 1.000000 45
 81327.172537 5
 2 0 1.388889 1.000000 0
 2 1 34.722222 1.000000 25
 2 1 20.833333 1.000000 15
 2 0 31.944444 1.000000 22
 2 0 26.388889 1.000000 18
 312860.955593 3
 2 0 15.277778 1.000000 10
 0 0 51.388889 1.000000 216
 2 0 51.388889 1.000000 36
 1493410.558483 5
 2 0 37.500000 1.000000 26
 2 1 29.166667 1.000000 21
 2 0 20.833333 1.000000 14
 2 1 6.944444 1.000000 5
 2 1 54.166667 1.000000 39
 86796.089693 6
 2 0 45.833333 1.000000 32
 2 0 51.388889 1.000000 36
 3 0 43.055556 1.000000 150
 2 1 81.944444 1.000000 59
 2 0 43.055556 1.000000 30
 2 0 34.722222 1.000000 24
 1248353.484743 2
 2 0 12.500000 1.000000 8
 2 0 65.277778 1.000000 46
 882657.656634 4
 2 1 45.833333 1.000000 33
 2 1 1.388889 1.000000 1
 2 0 59.722222 1.000000 42
 2 0 45.833333 1.000000 32
 1099333.047075 5
 2 1 34.722222 1.000000 25
 2 0 6.944444 1.000000 4
 2 1 56.944444 1.000000 41
 2 1 37.500000 1.000000 27
 2 1 48.611111 1.000000 35
 486407.293215 5
 1 1 62.500000 1.000000 105
 2 1 9.722222 1.000000 7
 2 0 34.722222 1.000000 24
 2 1 6.944444 1.000000 5
 2 0 26.388889 1.000000 18
 546224.935328 6
 2 1 62.500000 1.000000 45
 2 0 15.277778 1.000000 10
 2 1 56.944444 1.000000 41
 0 1 56.944444 1.000000 221
 2 0 79.166667 1.000000 56
 0 0 9.722222 1.000000 186
 696718.272873 6
 2 0 15.277778 1.000000 10
 2 1 51.388889 1.000000 37
 2 1 15.277778 1.000000 11
 2 0 62.500000 1.000000 44
 2 1 20.833333 1.000000 15
 1 0 56.944444 1.000000 100
 1812538.654382 3
 2 1 9.722222 1.000000 7
 2 1 31.944444 1.000000 23
 1 1 23.611111 1.000000 77
 398584.382850 4
 2 1 23.611111 1.000000 17
 2 1 34.722222 1.000000 25
 2 1 18.055556 1.000000 13
 2 0 54.166667 1.000000 38
 473070.044682 6
 2 1 26.388889 1.000000 19
 2 1 12.500000 1.000000 9
 2 0 43.055556 1.000000 30
 3 1 15.277778 1.000000 131
 2 0 26.388889 1.000000 18
 2 1 65.277778 1.000000 47
 1345968.777531 4
 2 1 29.166667 1.000000 21
 2 1 26.388889 1.000000 19
 1 0 48.611111 1.000000 94
 2 0 26.388889 1.000000 18
 1739241.750044 5
 2 1 29.166667 1.000000 21
 2 1 65.277778 1.000000 47
 2 1 54.166667 1.000000 39
 2 1 43.055556 1.000000 31
 2 1 48.611111 1.000000 35
 1014986.266762 6
 2 1 9.722222 1.000000 7
 2 1 34.722222 1.000000 25
 0 0 65.277778 1.000000 226
 2 0 65.277778 1.000000 46
 3 1 37.500000 1.000000 147
 2 0 18.055556 1.000000 12
 315048.171615 4
 1 0 6.944444 1.000000 64
 2 1 62.500000 1.000000 45
 2 0 40.277778 1.000000 28
 2 0 76.388889 1.000000 54
 763881.076166 4
 2 1 54.166667 1.000000 39
 2 0 18.055556 1.000000 12
 2 1 45.833333 1.000000 33
 2 1 6.944444 1.000000 5
 1596477.934661 2
 2 1 37.500000 1.000000 27
 2 1 40.277778 1.000000 29