 Numero de pedidos 
 100
 duedate num_referencias // pasillo lado altura peso
 1105520.704214 6
 0 1 54.166667 1.000000 39
 3 1 45.833333 1.000000 213
 2 1 73.611111 1.000000 173
 3 1 37.500000 1.000000 207
 3 0 45.833333 1.000000 212
 0 0 45.833333 1.000000 32
 1077572.216614 6
 0 0 48.611111 1.000000 34
 0 1 43.055556 1.000000 31
 0 1 37.500000 1.000000 27
 1 0 73.611111 1.000000 112
 1 1 15.277778 1.000000 71
 2 1 65.277778 1.000000 167
 1603507.550323 2
 3 1 37.500000 1.000000 207
 3 1 12.500000 1.000000 189
 510912.590879 1
 0 0 56.944444 1.000000 40
 765905.107598 1
 2 0 23.611111 1.000000 136
 539053.644584 4
 3 0 62.500000 1.000000 224
 3 1 12.500000 1.000000 189
 2 1 73.611111 1.000000 173
 0 1 43.055556 1.000000 31
 1478237.355071 3
 0 1 81.944444 1.000000 59
 3 0 26.388889 1.000000 198
 1 0 73.611111 1.000000 112
 1154847.245736 6
 0 0 6.944444 1.000000 4
 0 1 34.722222 1.000000 25
 1 1 34.722222 1.000000 85
 1 0 34.722222 1.000000 84
 2 1 76.388889 1.000000 175
 3 0 23.611111 1.000000 196
 1856102.610555 5
 3 0 20.833333 1.000000 194
 0 0 45.833333 1.000000 32
 3 0 45.833333 1.000000 212
 1 1 73.611111 1.000000 113
 3 1 18.055556 1.000000 193
 1285958.939868 1
 0 0 70.833333 1.000000 50
 1142991.124123 1
 3 0 45.833333 1.000000 212
 791396.222949 1
 1 0 37.500000 1.000000 86
 895106.783386 2
 0 0 45.833333 1.000000 32
 3 1 18.055556 1.000000 193
 1998522.278349 4
 3 1 29.166667 1.000000 201
 2 0 9.722222 1.000000 126
 3 1 23.611111 1.000000 197
 1 1 62.500000 1.000000 105
 1448725.851629 2
 0 0 54.166667 1.000000 38
 1 0 34.722222 1.000000 84
 1911714.358177 5
 3 1 29.166667 1.000000 201
 1 0 6.944444 1.000000 64
 0 1 45.833333 1.000000 33
 3 1 20.833333 1.000000 195
 1 0 37.500000 1.000000 86
 222895.870760 6
 2 0 76.388889 1.000000 174
 2 0 1.388889 1.000000 120
 0 0 20.833333 1.000000 14
 1 0 73.611111 1.000000 112
 0 1 68.055556 1.000000 49
 1 1 34.722222 1.000000 85
 953881.086052 2
 1 0 73.611111 1.000000 112
 3 1 18.055556 1.000000 193
 1939025.176940 4
 1 0 9.722222 1.000000 66
 3 1 40.277778 1.000000 209
 3 1 37.500000 1.000000 207
 0 1 45.833333 1.000000 33
 1953404.568375 1
 1 0 37.500000 1.000000 86
 489412.263971 3
 0 0 26.388889 1.000000 18
 0 1 68.055556 1.000000 49
 1 0 62.500000 1.000000 104
 1448997.466345 5
 3 0 56.944444 1.000000 220
 3 0 62.500000 1.000000 224
 1 0 34.722222 1.000000 84
 0 1 37.500000 1.000000 27
 0 1 23.611111 1.000000 17
 186130.855431 1
 1 1 15.277778 1.000000 71
 1094429.256755 1
 0 1 43.055556 1.000000 31
 1694789.495028 5
 1 0 62.500000 1.000000 104
 2 0 4.166667 1.000000 122
 1 1 9.722222 1.000000 67
 0 1 37.500000 1.000000 27
 3 1 37.500000 1.000000 207
 810616.219663 5
 2 0 76.388889 1.000000 174
 3 0 23.611111 1.000000 196
 1 1 15.277778 1.000000 71
 0 1 54.166667 1.000000 39
 2 0 81.944444 1.000000 178
 1692842.965188 1
 1 0 54.166667 1.000000 98
 949349.656584 1
 1 0 73.611111 1.000000 112
 511734.345961 5
 1 1 15.277778 1.000000 71
 1 1 37.500000 1.000000 87
 3 0 15.277778 1.000000 190
 3 1 76.388889 1.000000 235
 0 0 65.277778 1.000000 46
 1477252.966667 1
 0 1 54.166667 1.000000 39
 995299.694312 3
 3 1 18.055556 1.000000 193
 2 0 81.944444 1.000000 178
 3 0 81.944444 1.000000 238
 1660521.979546 5
 1 0 56.944444 1.000000 100
 3 0 76.388889 1.000000 234
 2 0 20.833333 1.000000 134
 0 0 20.833333 1.000000 14
 3 0 45.833333 1.000000 212
 442347.182651 6
 3 1 40.277778 1.000000 209
 1 0 56.944444 1.000000 100
 1 0 68.055556 1.000000 108
 2 1 65.277778 1.000000 167
 0 1 37.500000 1.000000 27
 3 0 26.388889 1.000000 198
 83849.606330 1
 3 0 73.611111 1.000000 232
 746478.942869 1
 3 0 40.277778 1.000000 208
 1820042.754291 1
 3 0 20.833333 1.000000 194
 528895.867005 6
 3 0 76.388889 1.000000 234
 3 1 29.166667 1.000000 201
 1 1 34.722222 1.000000 85
 1 1 51.388889 1.000000 97
 0 0 45.833333 1.000000 32
 2 0 9.722222 1.000000 126
 1167423.438042 2
 0 1 23.611111 1.000000 17
 1 1 9.722222 1.000000 67
 189387.813373 4
 1 0 37.500000 1.000000 86
 2 0 76.388889 1.000000 174
 2 1 45.833333 1.000000 153
 2 1 65.277778 1.000000 167
 820155.608198 1
 3 0 79.166667 1.000000 236
 1524404.916579 6
 2 0 76.388889 1.000000 174
 3 0 1.388889 1.000000 180
 1 1 73.611111 1.000000 113
 3 0 20.833333 1.000000 194
 1 1 51.388889 1.000000 97
 1 1 9.722222 1.000000 67
 1387503.339270 5
 0 1 6.944444 1.000000 5
 1 0 34.722222 1.000000 84
 3 0 45.833333 1.000000 212
 2 1 65.277778 1.000000 167
 0 1 45.833333 1.000000 33
 1888596.063819 6
 3 1 40.277778 1.000000 209
 3 0 62.500000 1.000000 224
 1 1 51.388889 1.000000 97
 3 0 15.277778 1.000000 190
 2 0 76.388889 1.000000 174
 3 1 29.166667 1.000000 201
 1867708.901683 5
 1 0 54.166667 1.000000 98
 1 1 34.722222 1.000000 85
 1 1 62.500000 1.000000 105
 3 0 54.166667 1.000000 218
 0 1 23.611111 1.000000 17
 1222346.536360 4
 3 0 15.277778 1.000000 190
 2 0 20.833333 1.000000 134
 3 0 76.388889 1.000000 234
 3 1 20.833333 1.000000 195
 782553.442429 4
 0 1 23.611111 1.000000 17
 1 0 79.166667 1.000000 116
 3 0 45.833333 1.000000 212
 2 1 34.722222 1.000000 145
 1385960.846313 3
 0 1 34.722222 1.000000 25
 1 0 20.833333 1.000000 74
 3 1 40.277778 1.000000 209
 1646588.049534 4
 1 0 68.055556 1.000000 108
 3 1 12.500000 1.000000 189
 3 0 26.388889 1.000000 198
 0 1 76.388889 1.000000 55
 1732555.325466 3
 3 1 29.166667 1.000000 201
 1 1 15.277778 1.000000 71
 0 0 70.833333 1.000000 50
 1647153.161767 4
 2 0 81.944444 1.000000 178
 1 1 62.500000 1.000000 105
 2 0 9.722222 1.000000 126
 3 0 56.944444 1.000000 220
 1711405.020259 3
 2 1 51.388889 1.000000 157
 0 0 31.944444 1.000000 22
 1 0 68.055556 1.000000 108
 637523.407134 2
 3 0 26.388889 1.000000 198
 1 0 9.722222 1.000000 66
 773506.586707 5
 1 0 73.611111 1.000000 112
 2 0 20.833333 1.000000 134
 0 1 34.722222 1.000000 25
 0 0 45.833333 1.000000 32
 2 0 23.611111 1.000000 136
 1243190.696818 5
 3 0 79.166667 1.000000 236
 1 0 56.944444 1.000000 100
 1 0 20.833333 1.000000 74
 1 1 51.388889 1.000000 97
 0 1 54.166667 1.000000 39
 638254.611808 3
 2 0 37.500000 1.000000 146
 0 0 70.833333 1.000000 50
 3 0 62.500000 1.000000 224
 1235861.416550 1
 1 0 37.500000 1.000000 86
 529535.503615 4
 0 1 23.611111 1.000000 17
 3 0 20.833333 1.000000 194
 0 1 20.833333 1.000000 15
 0 1 37.500000 1.000000 27
 78103.030584 5
 1 1 9.722222 1.000000 67
 2 0 9.722222 1.000000 126
 0 1 20.833333 1.000000 15
 0 1 54.166667 1.000000 39
 1 1 43.055556 1.000000 91
 1451833.071733 5
 1 0 20.833333 1.000000 74
 1 1 9.722222 1.000000 67
 0 0 20.833333 1.000000 14
 1 0 62.500000 1.000000 104
 1 0 68.055556 1.000000 108
 1204162.019866 3
 0 1 45.833333 1.000000 33
 1 1 34.722222 1.000000 85
 2 0 76.388889 1.000000 174
 837896.046004 5
 2 1 73.611111 1.000000 173
 2 1 18.055556 1.000000 133
 3 0 1.388889 1.000000 180
 2 0 23.611111 1.000000 136
 0 0 56.944444 1.000000 40
 231154.586911 6
 1 1 15.277778 1.000000 71
 3 1 70.833333 1.000000 231
 1 1 51.388889 1.000000 97
 2 1 15.277778 1.000000 131
 3 1 40.277778 1.000000 209
 0 1 34.722222 1.000000 25
 1695122.574351 1
 2 1 65.277778 1.000000 167
 1595409.955157 5
 1 1 51.388889 1.000000 97
 2 1 73.611111 1.000000 173
 2 0 81.944444 1.000000 178
 0 0 70.833333 1.000000 50
 1 0 62.500000 1.000000 104
 1259965.486610 4
 0 1 54.166667 1.000000 39
 3 1 37.500000 1.000000 207
 1 1 34.722222 1.000000 85
 2 0 76.388889 1.000000 174
 881648.460236 2
 3 0 73.611111 1.000000 232
 1 1 31.944444 1.000000 83
 295691.237625 1
 2 0 76.388889 1.000000 174
 1135124.472107 4
 1 1 34.722222 1.000000 85
 2 1 51.388889 1.000000 157
 1 0 37.500000 1.000000 86
 0 1 54.166667 1.000000 39
 624511.753816 5
 3 0 45.833333 1.000000 212
 1 1 62.500000 1.000000 105
 0 1 23.611111 1.000000 17
 3 1 37.500000 1.000000 207
 2 0 81.944444 1.000000 178
 1162713.127436 2
 3 1 40.277778 1.000000 209
 1 1 68.055556 1.000000 109
 1987916.421736 2
 3 0 20.833333 1.000000 194
 3 0 62.500000 1.000000 224
 820958.362772 3
 1 1 73.611111 1.000000 113
 0 1 68.055556 1.000000 49
 3 1 40.277778 1.000000 209
 1542552.589356 5
 0 1 20.833333 1.000000 15
 3 0 15.277778 1.000000 190
 1 1 15.277778 1.000000 71
 1 0 54.166667 1.000000 98
 1 1 62.500000 1.000000 105
 1493994.479558 3
 0 0 18.055556 1.000000 12
 2 1 73.611111 1.000000 173
 0 0 45.833333 1.000000 32
 1497892.371052 1
 2 0 23.611111 1.000000 136
 1928084.339857 3
 1 1 15.277778 1.000000 71
 0 1 9.722222 1.000000 7
 1 0 73.611111 1.000000 112
 554146.447682 2
 3 0 45.833333 1.000000 212
 3 0 15.277778 1.000000 190
 1791407.372500 5
 0 1 34.722222 1.000000 25
 0 0 56.944444 1.000000 40
 3 1 18.055556 1.000000 193
 1 0 54.166667 1.000000 98
 1 0 73.611111 1.000000 112
 647506.433524 2
 3 0 45.833333 1.000000 212
 0 0 68.055556 1.000000 48
 798782.984819 3
 0 1 20.833333 1.000000 15
 2 0 79.166667 1.000000 176
 2 0 9.722222 1.000000 126
 1493624.514534 4
 3 0 15.277778 1.000000 190
 0 1 45.833333 1.000000 33
 0 0 40.277778 1.000000 28
 3 0 54.166667 1.000000 218
 775485.400434 5
 3 1 40.277778 1.000000 209
 1 0 48.611111 1.000000 94
 2 0 23.611111 1.000000 136
 2 1 76.388889 1.000000 175
 0 0 4.166667 1.000000 2
 623555.972047 5
 0 1 37.500000 1.000000 27
 1 0 68.055556 1.000000 108
 1 0 37.500000 1.000000 86
 2 1 40.277778 1.000000 149
 2 1 73.611111 1.000000 173
 589397.367681 6
 3 0 26.388889 1.000000 198
 1 0 37.500000 1.000000 86
 1 0 9.722222 1.000000 66
 3 0 62.500000 1.000000 224
 1 1 62.500000 1.000000 105
 2 1 65.277778 1.000000 167
 755662.149003 1
 1 0 54.166667 1.000000 98
 1619389.684973 5
 1 1 51.388889 1.000000 97
 1 1 15.277778 1.000000 71
 3 0 20.833333 1.000000 194
 1 0 37.500000 1.000000 86
 2 0 9.722222 1.000000 126
 1770779.846856 2
 0 0 4.166667 1.000000 2
 1 0 20.833333 1.000000 74
 1604774.647264 3
 1 1 73.611111 1.000000 113
 0 1 34.722222 1.000000 25
 0 1 37.500000 1.000000 27
 594833.804720 6
 0 0 20.833333 1.000000 14
 3 0 54.166667 1.000000 218
 2 0 76.388889 1.000000 174
 3 0 56.944444 1.000000 220
 0 1 43.055556 1.000000 31
 2 0 70.833333 1.000000 170
 1622032.042473 5
 0 1 43.055556 1.000000 31
 1 1 37.500000 1.000000 87
 3 1 37.500000 1.000000 207
 1 0 73.611111 1.000000 112
 3 0 70.833333 1.000000 230
 1043437.053935 6
 3 0 62.500000 1.000000 224
 1 1 34.722222 1.000000 85
 1 0 54.166667 1.000000 98
 3 0 79.166667 1.000000 236
 1 0 62.500000 1.000000 104
 2 1 51.388889 1.000000 157
 626211.643045 3
 1 1 20.833333 1.000000 75
 1 0 73.611111 1.000000 112
 2 0 81.944444 1.000000 178
 1315817.237718 5
 1 0 68.055556 1.000000 108
 0 0 65.277778 1.000000 46
 3 0 15.277778 1.000000 190
 3 0 26.388889 1.000000 198
 1 1 9.722222 1.000000 67
 422868.904799 1
 1 0 73.611111 1.000000 112
 297369.014964 1
 0 1 29.166667 1.000000 21
 1746881.627192 6
 0 0 45.833333 1.000000 32
 3 0 18.055556 1.000000 192
 1 1 51.388889 1.000000 97
 0 1 45.833333 1.000000 33
 1 0 23.611111 1.000000 76
 1 0 62.500000 1.000000 104
 1574641.862444 4
 3 0 62.500000 1.000000 224
 3 1 18.055556 1.000000 193
 1 1 73.611111 1.000000 113
 1 1 34.722222 1.000000 85
 1179677.725164 4
 1 1 73.611111 1.000000 113
 3 1 40.277778 1.000000 209
 2 1 65.277778 1.000000 167
 1 0 20.833333 1.000000 74
 515474.144796 5
 3 0 26.388889 1.000000 198
 3 1 12.500000 1.000000 189
 1 1 62.500000 1.000000 105
 1 0 34.722222 1.000000 84
 2 0 23.611111 1.000000 136
 1284217.427133 2
 3 1 15.277778 1.000000 191
 3 0 54.166667 1.000000 218