Numero de pedidos iniciales: 0
Numero de pedidos entregados: 80
42539
69437
65813
26516
64191
96402
92940
47563
33457
31753
38155
21588
97852
179473
139744
2678
24934
106829
16812
85321
1898
42984
224491
108681
210061
167
32049
333657
89343
114026
187597
22161
17239
160439
363803
7397
6290
82795
19638
66154
21960
139428
8474
32145
134511
232052
31325
11638
31665
47448
336422
95865
14659
64457
9447
39285
146362
177073
31997
117402
699325
53360
220514
165177
21278
41782
126172
266894
100694
181856
91632
306848
47344
20460
13251
171526
287040
6184
18058
75700
117762
