Numero de pedidos iniciales: 0
Numero de pedidos entregados: 80
28359
46291
43875
17678
42794
64268
61960
31709
22305
21169
25436
14392
65235
119649
93163
1785
16623
71219
11208
56880
1265
28656
149660
72454
140041
111
21366
222438
59562
76018
125065
14774
11493
106960
242535
4931
4193
55197
13092
44102
14640
92952
5649
21430
89674
154701
20883
7758
21110
31632
224281
63910
9773
42972
6298
26190
97574
118049
21331
78268
466216
35573
147010
110118
14185
27855
84114
177930
67129
121237
61088
204565
31563
13640
8834
114351
191360
4123
12039
50467
78508
