Numero de pedidos iniciales: 0
Numero de pedidos entregados: 80
14180
23146
21938
8839
21397
32134
30980
15854
11152
10584
12718
7196
32617
59824
46581
893
8311
35610
5604
28440
633
14328
74830
36227
70020
56
10683
111219
29781
38009
62532
7387
5746
53480
121268
2466
2097
27598
6546
22051
7320
46476
2825
10715
44837
77351
10442
3879
10555
15816
112141
31955
4886
21486
3149
13095
48787
59024
10666
39134
233108
17787
73505
55059
7093
13927
42057
88965
33565
60619
30544
102283
15781
6820
4417
57175
95680
2061
6019
25233
39254
