Numero de pedidos iniciales: 0
Numero de pedidos entregados: 100
34031
55549
52650
21213
51353
77122
74352
38051
26765
25403
30524
17271
78281
143579
111795
2142
19947
85463
13449
68257
1518
34387
179593
86945
168049
134
25639
266926
71474
91221
150078
17729
13791
128352
291042
5917
5032
66236
15711
52923
17568
111542
6779
25716
107609
185641
25060
9310
25332
37959
269137
76692
11727
51566
7558
31428
117089
141659
25598
93921
559460
42688
176411
132142
17022
33426
100937
213516
80555
145485
73306
245478
37875
16368
10601
137221
229632
4947
14447
60560
94209
51665
503073
113093
75909
19187
168688
31018
82722
7231
296714
222861
64176
76105
216376
7298
30574
208844
50005
32087
75069
