 Numero de pedidos 
 250
 duedate num_referencias // pasillo lado altura peso
 853802.100594 5
 2 0 34.722222 1.000000 144
 2 0 43.055556 1.000000 150
 3 0 54.166667 1.000000 218
 0 0 59.722222 1.000000 42
 1 1 56.944444 1.000000 101
 202031.088845 3
 2 0 45.833333 1.000000 152
 2 0 70.833333 1.000000 170
 1 1 48.611111 1.000000 95
 1167200.715545 3
 0 0 26.388889 1.000000 18
 0 1 18.055556 1.000000 13
 2 0 37.500000 1.000000 146
 636606.477013 5
 0 1 29.166667 1.000000 21
 3 1 18.055556 1.000000 193
 2 0 70.833333 1.000000 170
 0 0 68.055556 1.000000 48
 2 1 56.944444 1.000000 161
 789299.556422 6
 2 0 45.833333 1.000000 152
 1 1 48.611111 1.000000 95
 3 0 26.388889 1.000000 198
 3 0 1.388889 1.000000 180
 3 1 6.944444 1.000000 185
 0 1 1.388889 1.000000 1
 1615815.230168 2
 3 1 48.611111 1.000000 215
 2 1 45.833333 1.000000 153
 759787.417743 4
 3 1 81.944444 1.000000 239
 0 1 68.055556 1.000000 49
 2 0 81.944444 1.000000 178
 1 0 1.388889 1.000000 60
 1294093.269228 2
 1 1 34.722222 1.000000 85
 3 0 31.944444 1.000000 202
 654416.713256 6
 0 1 76.388889 1.000000 55
 2 0 59.722222 1.000000 162
 3 1 45.833333 1.000000 213
 2 1 6.944444 1.000000 125
 2 1 70.833333 1.000000 171
 0 1 34.722222 1.000000 25
 186651.794085 4
 3 0 51.388889 1.000000 216
 2 0 45.833333 1.000000 152
 2 0 59.722222 1.000000 162
 3 0 4.166667 1.000000 182
 490358.602987 4
 1 0 45.833333 1.000000 92
 1 1 62.500000 1.000000 105
 2 1 65.277778 1.000000 167
 0 0 23.611111 1.000000 16
 277999.212871 5
 1 1 68.055556 1.000000 109
 1 0 9.722222 1.000000 66
 3 0 45.833333 1.000000 212
 1 1 29.166667 1.000000 81
 2 0 48.611111 1.000000 154
 1037625.963352 6
 3 0 56.944444 1.000000 220
 1 1 48.611111 1.000000 95
 3 1 56.944444 1.000000 221
 2 0 45.833333 1.000000 152
 0 1 29.166667 1.000000 21
 2 0 76.388889 1.000000 174
 1566584.103725 4
 3 0 12.500000 1.000000 188
 3 1 34.722222 1.000000 205
 1 1 12.500000 1.000000 69
 1 0 23.611111 1.000000 76
 419215.227058 3
 2 0 70.833333 1.000000 170
 1 1 48.611111 1.000000 95
 0 0 59.722222 1.000000 42
 47741.300505 5
 1 1 12.500000 1.000000 69
 0 1 65.277778 1.000000 47
 3 0 26.388889 1.000000 198
 1 0 1.388889 1.000000 60
 2 0 43.055556 1.000000 150
 867602.118006 3
 0 0 59.722222 1.000000 42
 3 1 18.055556 1.000000 193
 0 1 26.388889 1.000000 19
 1876613.140421 5
 2 0 12.500000 1.000000 128
 3 1 18.055556 1.000000 193
 1 0 81.944444 1.000000 118
 3 1 48.611111 1.000000 215
 2 1 18.055556 1.000000 133
 1437171.258348 6
 1 1 56.944444 1.000000 101
 1 1 48.611111 1.000000 95
 1 1 9.722222 1.000000 67
 0 1 1.388889 1.000000 1
 3 0 1.388889 1.000000 180
 0 1 65.277778 1.000000 47
 1377396.996681 5
 2 1 26.388889 1.000000 139
 2 0 45.833333 1.000000 152
 0 0 18.055556 1.000000 12
 0 0 62.500000 1.000000 44
 0 1 1.388889 1.000000 1
 1209401.730732 2
 2 0 70.833333 1.000000 170
 1 1 29.166667 1.000000 81
 1349491.179450 4
 0 1 15.277778 1.000000 11
 1 1 12.500000 1.000000 69
 1 0 4.166667 1.000000 62
 0 0 62.500000 1.000000 44
 1058492.752285 6
 2 1 65.277778 1.000000 167
 0 1 31.944444 1.000000 23
 0 0 9.722222 1.000000 6
 0 1 68.055556 1.000000 49
 0 1 18.055556 1.000000 13
 2 0 34.722222 1.000000 144
 1846392.882805 4
 0 1 18.055556 1.000000 13
 1 1 68.055556 1.000000 109
 1 1 62.500000 1.000000 105
 3 0 4.166667 1.000000 182
 882048.522328 5
 2 1 62.500000 1.000000 165
 2 0 76.388889 1.000000 174
 0 1 65.277778 1.000000 47
 2 1 68.055556 1.000000 169
 1 0 1.388889 1.000000 60
 214697.753980 4
 3 0 65.277778 1.000000 226
 0 1 1.388889 1.000000 1
 1 1 62.500000 1.000000 105
 2 1 68.055556 1.000000 169
 1355283.442938 1
 2 0 70.833333 1.000000 170
 1369592.409828 4
 0 1 51.388889 1.000000 37
 2 0 45.833333 1.000000 152
 1 1 48.611111 1.000000 95
 2 0 76.388889 1.000000 174
 714549.112317 2
 0 0 23.611111 1.000000 16
 0 1 34.722222 1.000000 25
 1864588.797961 2
 0 1 15.277778 1.000000 11
 1 1 68.055556 1.000000 109
 386560.713959 6
 0 1 65.277778 1.000000 47
 1 1 12.500000 1.000000 69
 3 0 43.055556 1.000000 210
 2 0 76.388889 1.000000 174
 0 1 15.277778 1.000000 11
 0 0 76.388889 1.000000 54
 1529239.293621 5
 2 0 34.722222 1.000000 144
 3 1 1.388889 1.000000 181
 1 1 20.833333 1.000000 75
 1 0 1.388889 1.000000 60
 0 1 20.833333 1.000000 15
 486053.899101 2
 2 1 18.055556 1.000000 133
 0 0 29.166667 1.000000 20
 215977.758270 6
 1 0 1.388889 1.000000 60
 1 0 23.611111 1.000000 76
 1 1 4.166667 1.000000 63
 3 0 65.277778 1.000000 226
 3 1 51.388889 1.000000 217
 2 1 20.833333 1.000000 135
 1845708.501267 1
 3 1 6.944444 1.000000 185
 716844.041085 6
 0 0 23.611111 1.000000 16
 3 1 18.055556 1.000000 193
 2 0 59.722222 1.000000 162
 0 1 9.722222 1.000000 7
 1 1 56.944444 1.000000 101
 2 1 4.166667 1.000000 123
 279726.103302 6
 1 1 23.611111 1.000000 77
 1 1 68.055556 1.000000 109
 3 0 4.166667 1.000000 182
 1 0 51.388889 1.000000 96
 0 0 62.500000 1.000000 44
 1 0 45.833333 1.000000 92
 42021.951397 4
 1 1 20.833333 1.000000 75
 3 1 40.277778 1.000000 209
 3 1 31.944444 1.000000 203
 3 0 45.833333 1.000000 212
 1384322.120503 3
 0 1 1.388889 1.000000 1
 2 1 4.166667 1.000000 123
 0 0 62.500000 1.000000 44
 1245219.806491 4
 0 1 68.055556 1.000000 49
 2 0 43.055556 1.000000 150
 0 1 1.388889 1.000000 1
 3 0 40.277778 1.000000 208
 1298286.649742 5
 3 0 65.277778 1.000000 226
 2 0 6.944444 1.000000 124
 1 1 20.833333 1.000000 75
 0 0 23.611111 1.000000 16
 2 1 62.500000 1.000000 165
 859331.187242 5
 1 1 20.833333 1.000000 75
 1 0 23.611111 1.000000 76
 1 1 12.500000 1.000000 69
 1 0 15.277778 1.000000 70
 0 1 40.277778 1.000000 29
 409742.960934 5
 0 0 23.611111 1.000000 16
 2 0 48.611111 1.000000 154
 0 0 76.388889 1.000000 54
 3 0 4.166667 1.000000 182
 1 1 56.944444 1.000000 101
 1555944.038348 4
 3 0 31.944444 1.000000 202
 2 1 65.277778 1.000000 167
 3 0 1.388889 1.000000 180
 3 0 37.500000 1.000000 206
 1422486.445933 2
 2 0 48.611111 1.000000 154
 0 1 81.944444 1.000000 59
 334014.070991 5
 0 0 23.611111 1.000000 16
 0 0 26.388889 1.000000 18
 1 0 18.055556 1.000000 72
 2 1 65.277778 1.000000 167
 3 1 56.944444 1.000000 221
 552545.711022 2
 3 1 73.611111 1.000000 233
 0 0 29.166667 1.000000 20
 1384856.660154 1
 1 0 23.611111 1.000000 76
 986342.215271 1
 2 0 45.833333 1.000000 152
 1457857.577139 6
 3 0 1.388889 1.000000 180
 2 1 65.277778 1.000000 167
 2 1 12.500000 1.000000 129
 0 0 26.388889 1.000000 18
 0 0 73.611111 1.000000 52
 3 0 62.500000 1.000000 224
 948738.466887 1
 0 1 15.277778 1.000000 11
 1149825.211982 3
 1 0 31.944444 1.000000 82
 0 0 65.277778 1.000000 46
 0 0 76.388889 1.000000 54
 621138.816840 5
 1 1 20.833333 1.000000 75
 0 1 68.055556 1.000000 49
 0 1 65.277778 1.000000 47
 1 0 81.944444 1.000000 118
 0 0 76.388889 1.000000 54
 1630335.451528 2
 3 1 45.833333 1.000000 213
 2 0 76.388889 1.000000 174
 103801.739581 1
 2 0 76.388889 1.000000 174
 634730.075092 1
 1 0 1.388889 1.000000 60
 609512.939253 5
 1 1 12.500000 1.000000 69
 0 1 34.722222 1.000000 25
 1 0 12.500000 1.000000 68
 1 0 4.166667 1.000000 62
 0 1 1.388889 1.000000 1
 124118.092435 4
 1 0 23.611111 1.000000 76
 0 0 9.722222 1.000000 6
 0 0 26.388889 1.000000 18
 1 1 9.722222 1.000000 67
 1185850.509920 2
 1 1 34.722222 1.000000 85
 2 0 9.722222 1.000000 126
 306453.794123 5
 2 0 18.055556 1.000000 132
 3 1 18.055556 1.000000 193
 0 1 68.055556 1.000000 49
 2 0 48.611111 1.000000 154
 3 0 51.388889 1.000000 216
 961856.644620 6
 0 1 65.277778 1.000000 47
 2 1 12.500000 1.000000 129
 0 0 59.722222 1.000000 42
 3 0 45.833333 1.000000 212
 3 1 48.611111 1.000000 215
 3 1 6.944444 1.000000 185
 1351373.140603 6
 0 0 76.388889 1.000000 54
 1 1 56.944444 1.000000 101
 0 0 26.388889 1.000000 18
 0 1 34.722222 1.000000 25
 0 1 51.388889 1.000000 37
 1 1 68.055556 1.000000 109
 1623747.826304 1
 2 0 45.833333 1.000000 152
 668478.970168 4
 3 1 6.944444 1.000000 185
 3 1 18.055556 1.000000 193
 2 1 56.944444 1.000000 161
 3 0 51.388889 1.000000 216
 1789577.121972 2
 2 0 34.722222 1.000000 144
 0 0 29.166667 1.000000 20
 1133718.501150 4
 3 1 48.611111 1.000000 215
 2 0 70.833333 1.000000 170
 0 1 15.277778 1.000000 11
 3 0 18.055556 1.000000 192
 1468124.695713 4
 3 1 18.055556 1.000000 193
 3 0 18.055556 1.000000 192
 1 1 54.166667 1.000000 99
 3 1 40.277778 1.000000 209
 1704510.704495 2
 2 1 56.944444 1.000000 161
 0 1 34.722222 1.000000 25
 715461.325625 2
 3 1 45.833333 1.000000 213
 1 0 1.388889 1.000000 60
 305709.145435 1
 0 1 6.944444 1.000000 5
 1378327.891053 3
 1 0 51.388889 1.000000 96
 1 1 23.611111 1.000000 77
 0 1 65.277778 1.000000 47
 268799.598286 1
 0 0 76.388889 1.000000 54
 1657022.766497 6
 0 1 15.277778 1.000000 11
 3 0 31.944444 1.000000 202
 3 1 45.833333 1.000000 213
 0 0 9.722222 1.000000 6
 2 0 76.388889 1.000000 174
 1 1 62.500000 1.000000 105
 1085039.553123 6
 3 0 4.166667 1.000000 182
 3 1 56.944444 1.000000 221
 1 1 12.500000 1.000000 69
 0 1 68.055556 1.000000 49
 1 1 62.500000 1.000000 105
 0 0 62.500000 1.000000 44
 1063290.477276 2
 0 1 68.055556 1.000000 49
 3 0 26.388889 1.000000 198
 367730.786227 5
 2 1 68.055556 1.000000 169
 3 0 51.388889 1.000000 216
 2 1 4.166667 1.000000 123
 0 0 23.611111 1.000000 16
 2 0 34.722222 1.000000 144
 244314.564301 2
 1 1 34.722222 1.000000 85
 2 0 76.388889 1.000000 174
 265208.409198 6
 0 0 76.388889 1.000000 54
 3 1 48.611111 1.000000 215
 0 0 62.500000 1.000000 44
 3 0 31.944444 1.000000 202
 3 1 81.944444 1.000000 239
 1 1 23.611111 1.000000 77
 1145152.951677 1
 0 0 76.388889 1.000000 54
 88027.294859 5
 0 1 65.277778 1.000000 47
 1 0 18.055556 1.000000 72
 2 0 34.722222 1.000000 144
 0 0 23.611111 1.000000 16
 1 1 12.500000 1.000000 69
 1874177.987759 6
 1 1 12.500000 1.000000 69
 0 0 1.388889 1.000000 0
 2 0 43.055556 1.000000 150
 1 1 23.611111 1.000000 77
 0 0 26.388889 1.000000 18
 0 1 1.388889 1.000000 1
 922566.327808 1
 0 0 9.722222 1.000000 6
 486511.846206 1
 3 0 40.277778 1.000000 208
 898599.521769 6
 1 1 34.722222 1.000000 85
 2 0 15.277778 1.000000 130
 3 1 76.388889 1.000000 235
 1 0 1.388889 1.000000 60
 0 0 26.388889 1.000000 18
 0 0 59.722222 1.000000 42
 1102854.496139 3
 0 1 26.388889 1.000000 19
 0 0 76.388889 1.000000 54
 2 0 59.722222 1.000000 162
 1127774.685383 6
 0 1 1.388889 1.000000 1
 1 1 48.611111 1.000000 95
 2 0 59.722222 1.000000 162
 0 1 65.277778 1.000000 47
 3 1 65.277778 1.000000 227
 2 1 65.277778 1.000000 167
 1709385.604332 5
 3 1 40.277778 1.000000 209
 1 0 81.944444 1.000000 118
 1 1 12.500000 1.000000 69
 2 0 59.722222 1.000000 162
 2 0 62.500000 1.000000 164
 100673.191594 6
 2 1 12.500000 1.000000 129
 3 1 45.833333 1.000000 213
 0 1 54.166667 1.000000 39
 0 1 26.388889 1.000000 19
 2 0 70.833333 1.000000 170
 1 1 56.944444 1.000000 101
 1783217.087566 2
 2 0 45.833333 1.000000 152
 3 1 48.611111 1.000000 215
 511398.501169 1
 1 1 48.611111 1.000000 95
 1555843.006538 2
 1 0 51.388889 1.000000 96
 0 1 51.388889 1.000000 37
 1996773.705909 3
 0 0 9.722222 1.000000 6
 1 0 1.388889 1.000000 60
 3 1 18.055556 1.000000 193
 853407.410632 3
 1 1 20.833333 1.000000 75
 1 0 18.055556 1.000000 72
 1 1 62.500000 1.000000 105
 736609.753415 6
 2 1 12.500000 1.000000 129
 3 1 20.833333 1.000000 195
 2 0 70.833333 1.000000 170
 3 1 45.833333 1.000000 213
 2 0 59.722222 1.000000 162
 3 0 6.944444 1.000000 184
 191807.687502 3
 0 0 81.944444 1.000000 58
 2 0 48.611111 1.000000 154
 2 0 43.055556 1.000000 150
 1447316.446196 5
 2 0 34.722222 1.000000 144
 1 1 68.055556 1.000000 109
 0 1 26.388889 1.000000 19
 1 0 4.166667 1.000000 62
 2 0 45.833333 1.000000 152
 841001.605914 5
 1 0 45.833333 1.000000 92
 2 1 4.166667 1.000000 123
 1 1 48.611111 1.000000 95
 1 1 62.500000 1.000000 105
 3 1 9.722222 1.000000 187
 959818.449058 4
 2 0 45.833333 1.000000 152
 0 0 26.388889 1.000000 18
 3 0 31.944444 1.000000 202
 1 0 23.611111 1.000000 76
 1752326.410838 3
 2 1 65.277778 1.000000 167
 2 0 34.722222 1.000000 144
 1 1 68.055556 1.000000 109
 310633.991654 2
 2 1 68.055556 1.000000 169
 3 0 4.166667 1.000000 182
 1300419.716416 5
 2 0 76.388889 1.000000 174
 0 0 59.722222 1.000000 42
 3 0 29.166667 1.000000 200
 1 1 34.722222 1.000000 85
 0 1 26.388889 1.000000 19
 119153.522942 1
 2 1 65.277778 1.000000 167
 1422218.108709 5
 1 0 23.611111 1.000000 76
 2 1 12.500000 1.000000 129
 0 1 51.388889 1.000000 37
 0 1 68.055556 1.000000 49
 2 1 4.166667 1.000000 123
 789904.129072 4
 2 0 1.388889 1.000000 120
 1 0 9.722222 1.000000 66
 1 0 23.611111 1.000000 76
 3 1 62.500000 1.000000 225
 1665754.849755 3
 0 1 65.277778 1.000000 47
 3 1 48.611111 1.000000 215
 1 0 23.611111 1.000000 76
 1197526.935356 6
 2 1 56.944444 1.000000 161
 1 1 20.833333 1.000000 75
 0 1 15.277778 1.000000 11
 3 0 31.944444 1.000000 202
 3 0 37.500000 1.000000 206
 1 0 18.055556 1.000000 72
 1729019.789849 5
 0 1 51.388889 1.000000 37
 3 0 4.166667 1.000000 182
 2 0 48.611111 1.000000 154
 3 0 31.944444 1.000000 202
 1 1 68.055556 1.000000 109
 703510.254409 3
 0 1 51.388889 1.000000 37
 0 1 15.277778 1.000000 11
 2 1 23.611111 1.000000 137
 928217.582483 4
 3 0 81.944444 1.000000 238
 0 1 15.277778 1.000000 11
 2 1 56.944444 1.000000 161
 1 0 51.388889 1.000000 96
 418048.184429 3
 2 1 4.166667 1.000000 123
 2 1 68.055556 1.000000 169
 2 0 34.722222 1.000000 144
 1590669.468078 5
 1 0 51.388889 1.000000 96
 1 0 45.833333 1.000000 92
 2 0 59.722222 1.000000 162
 1 1 51.388889 1.000000 97
 1 0 4.166667 1.000000 62
 1032070.915062 6
 0 0 59.722222 1.000000 42
 1 0 51.388889 1.000000 96
 3 0 4.166667 1.000000 182
 2 0 43.055556 1.000000 150
 2 1 68.055556 1.000000 169
 0 0 54.166667 1.000000 38
 197800.116203 1
 3 0 45.833333 1.000000 212
 1396586.881725 1
 2 1 70.833333 1.000000 171
 645513.330626 5
 0 0 62.500000 1.000000 44
 0 0 26.388889 1.000000 18
 0 1 26.388889 1.000000 19
 0 0 76.388889 1.000000 54
 3 1 81.944444 1.000000 239
 721419.817545 2
 1 0 18.055556 1.000000 72
 0 1 34.722222 1.000000 25
 314609.587358 2
 2 1 12.500000 1.000000 129
 1 1 48.611111 1.000000 95
 1206643.208920 5
 3 0 79.166667 1.000000 236
 1 0 81.944444 1.000000 118
 0 0 18.055556 1.000000 12
 2 1 56.944444 1.000000 161
 0 0 59.722222 1.000000 42
 893927.501502 6
 3 1 45.833333 1.000000 213
 2 0 76.388889 1.000000 174
 0 1 68.055556 1.000000 49
 1 0 51.388889 1.000000 96
 1 1 48.611111 1.000000 95
 2 1 56.944444 1.000000 161
 1734842.006199 3
 2 1 4.166667 1.000000 123
 1 1 68.055556 1.000000 109
 0 1 26.388889 1.000000 19
 636587.225514 2
 1 0 1.388889 1.000000 60
 0 0 59.722222 1.000000 42
 1717231.560963 5
 2 0 34.722222 1.000000 144
 2 1 56.944444 1.000000 161
 1 1 34.722222 1.000000 85
 3 1 68.055556 1.000000 229
 0 0 23.611111 1.000000 16
 1013639.213989 2
 0 1 65.277778 1.000000 47
 1 1 12.500000 1.000000 69
 1727797.669660 6
 2 0 34.722222 1.000000 144
 3 1 34.722222 1.000000 205
 0 1 65.277778 1.000000 47
 3 0 4.166667 1.000000 182
 1 0 4.166667 1.000000 62
 0 1 6.944444 1.000000 5
 718886.378463 6
 0 0 59.722222 1.000000 42
 0 1 68.055556 1.000000 49
 1 1 48.611111 1.000000 95
 1 1 23.611111 1.000000 77
 0 0 76.388889 1.000000 54
 3 0 4.166667 1.000000 182
 1678998.716697 3
 1 0 51.388889 1.000000 96
 0 1 76.388889 1.000000 55
 1 1 56.944444 1.000000 101
 89561.176528 3
 1 1 62.500000 1.000000 105
 0 0 9.722222 1.000000 6
 1 0 1.388889 1.000000 60
 40484.985728 6
 3 0 4.166667 1.000000 182
 1 0 51.388889 1.000000 96
 1 0 4.166667 1.000000 62
 0 1 40.277778 1.000000 29
 1 1 48.611111 1.000000 95
 2 0 34.722222 1.000000 144
 344290.296447 1
 3 0 45.833333 1.000000 212
 297056.129955 2
 2 1 56.944444 1.000000 161
 2 0 34.722222 1.000000 144
 1756084.784864 2
 0 1 51.388889 1.000000 37
 1 0 51.388889 1.000000 96
 229444.459970 3
 2 0 76.388889 1.000000 174
 2 1 18.055556 1.000000 133
 0 0 59.722222 1.000000 42
 641654.044353 3
 0 0 26.388889 1.000000 18
 2 0 43.055556 1.000000 150
 0 0 62.500000 1.000000 44
 1830539.092846 2
 1 1 34.722222 1.000000 85
 3 1 12.500000 1.000000 189
 1655776.471726 6
 0 0 26.388889 1.000000 18
 1 0 1.388889 1.000000 60
 0 0 59.722222 1.000000 42
 3 0 31.944444 1.000000 202
 3 0 1.388889 1.000000 180
 0 1 1.388889 1.000000 1
 1019282.363010 2
 2 1 65.277778 1.000000 167
 2 0 34.722222 1.000000 144
 1292624.868943 3
 2 1 12.500000 1.000000 129
 2 0 48.611111 1.000000 154
 3 0 65.277778 1.000000 226
 878185.964952 2
 1 1 34.722222 1.000000 85
 1 1 12.500000 1.000000 69
 478208.927269 3
 0 0 62.500000 1.000000 44
 2 0 43.055556 1.000000 150
 3 0 1.388889 1.000000 180
 1124387.612568 4
 1 1 62.500000 1.000000 105
 0 0 9.722222 1.000000 6
 2 1 68.055556 1.000000 169
 1 1 48.611111 1.000000 95
 1672772.916161 4
 2 1 43.055556 1.000000 151
 0 1 65.277778 1.000000 47
 1 0 1.388889 1.000000 60
 2 0 48.611111 1.000000 154
 1013001.777890 1
 2 1 65.277778 1.000000 167
 1126828.214939 3
 0 1 51.388889 1.000000 37
 2 1 56.944444 1.000000 161
 2 0 70.833333 1.000000 170
 1035158.532278 4
 3 0 51.388889 1.000000 216
 1 1 54.166667 1.000000 99
 2 0 59.722222 1.000000 162
 2 0 70.833333 1.000000 170
 1119764.849599 3
 1 0 23.611111 1.000000 76
 0 1 26.388889 1.000000 19
 3 1 6.944444 1.000000 185
 272021.491356 6
 3 1 79.166667 1.000000 237
 0 1 18.055556 1.000000 13
 3 1 59.722222 1.000000 223
 3 0 68.055556 1.000000 228
 3 0 1.388889 1.000000 180
 1 1 48.611111 1.000000 95
 304195.080225 4
 3 1 1.388889 1.000000 181
 1 1 23.611111 1.000000 77
 0 0 9.722222 1.000000 6
 1 0 23.611111 1.000000 76
 1150994.975358 3
 0 1 15.277778 1.000000 11
 3 0 31.944444 1.000000 202
 1 1 23.611111 1.000000 77
 1261937.700632 5
 0 1 18.055556 1.000000 13
 3 1 6.944444 1.000000 185
 1 0 23.611111 1.000000 76
 1 1 34.722222 1.000000 85
 2 1 56.944444 1.000000 161
 1928511.451524 1
 0 0 26.388889 1.000000 18
 1228590.274113 6
 0 0 26.388889 1.000000 18
 0 1 76.388889 1.000000 55
 1 0 23.611111 1.000000 76
 0 0 70.833333 1.000000 50
 2 0 59.722222 1.000000 162
 0 1 68.055556 1.000000 49
 78927.581254 1
 2 0 48.611111 1.000000 154
 1967661.292538 5
 2 0 59.722222 1.000000 162
 3 0 45.833333 1.000000 212
 0 0 9.722222 1.000000 6
 0 1 9.722222 1.000000 7
 3 0 4.166667 1.000000 182
 1357302.069383 5
 0 1 18.055556 1.000000 13
 0 0 23.611111 1.000000 16
 3 0 65.277778 1.000000 226
 0 1 1.388889 1.000000 1
 1 1 81.944444 1.000000 119
 377276.607443 6
 2 1 56.944444 1.000000 161
 2 1 79.166667 1.000000 177
 3 1 48.611111 1.000000 215
 3 0 1.388889 1.000000 180
 3 1 6.944444 1.000000 185
 3 1 51.388889 1.000000 217
 229404.948442 1
 1 1 56.944444 1.000000 101
 1812976.492966 1
 0 1 34.722222 1.000000 25
 1001731.340681 2
 1 1 62.500000 1.000000 105
 0 0 70.833333 1.000000 50
 1729991.226182 6
 0 1 59.722222 1.000000 43
 0 0 59.722222 1.000000 42
 2 1 12.500000 1.000000 129
 1 1 20.833333 1.000000 75
 2 1 65.277778 1.000000 167
 0 1 65.277778 1.000000 47
 1543664.788075 5
 3 0 6.944444 1.000000 184
 0 1 26.388889 1.000000 19
 2 0 54.166667 1.000000 158
 1 1 48.611111 1.000000 95
 0 1 15.277778 1.000000 11
 1703914.847180 6
 2 1 4.166667 1.000000 123
 1 0 23.611111 1.000000 76
 3 0 51.388889 1.000000 216
 2 0 45.833333 1.000000 152
 0 0 9.722222 1.000000 6
 1 0 31.944444 1.000000 82
 772026.105063 1
 2 0 45.833333 1.000000 152
 1142184.712376 1
 3 1 6.944444 1.000000 185
 632291.054424 2
 2 0 48.611111 1.000000 154
 1 0 4.166667 1.000000 62
 1158901.553265 6
 0 1 65.277778 1.000000 47
 0 1 18.055556 1.000000 13
 2 0 59.722222 1.000000 162
 3 0 45.833333 1.000000 212
 1 0 45.833333 1.000000 92
 1 1 34.722222 1.000000 85
 1665085.122467 4
 2 1 12.500000 1.000000 129
 2 1 65.277778 1.000000 167
 0 0 26.388889 1.000000 18
 3 0 37.500000 1.000000 206
 974946.250401 1
 2 0 48.611111 1.000000 154
 1963623.738458 1
 1 1 62.500000 1.000000 105
 583292.303152 1
 0 1 68.055556 1.000000 49
 652659.607107 5
 1 1 48.611111 1.000000 95
 3 1 45.833333 1.000000 213
 1 0 43.055556 1.000000 90
 2 0 76.388889 1.000000 174
 3 0 4.166667 1.000000 182
 1789827.841422 4
 0 0 23.611111 1.000000 16
 0 0 43.055556 1.000000 30
 3 0 37.500000 1.000000 206
 3 1 45.833333 1.000000 213
 532936.369094 5
 2 1 15.277778 1.000000 131
 1 1 23.611111 1.000000 77
 1 0 51.388889 1.000000 96
 3 0 4.166667 1.000000 182
 2 0 34.722222 1.000000 144
 1680862.381030 6
 1 1 34.722222 1.000000 85
 1 0 23.611111 1.000000 76
 3 0 31.944444 1.000000 202
 0 1 68.055556 1.000000 49
 1 1 12.500000 1.000000 69
 3 0 1.388889 1.000000 180
 776259.994682 3
 0 1 51.388889 1.000000 37
 3 1 48.611111 1.000000 215
 3 0 1.388889 1.000000 180
 1686549.521092 3
 1 0 18.055556 1.000000 72
 1 1 26.388889 1.000000 79
 3 0 37.500000 1.000000 206
 321194.590405 1
 3 0 56.944444 1.000000 220
 822157.921112 2
 0 1 51.388889 1.000000 37
 2 0 45.833333 1.000000 152
 323495.583126 1
 3 1 18.055556 1.000000 193
 1073941.495919 6
 1 1 23.611111 1.000000 77
 3 0 18.055556 1.000000 192
 1 1 20.833333 1.000000 75
 0 1 15.277778 1.000000 11
 1 0 18.055556 1.000000 72
 0 1 26.388889 1.000000 19
 511050.759382 1
 2 1 18.055556 1.000000 133
 468098.891912 2
 2 1 56.944444 1.000000 161
 1 1 68.055556 1.000000 109
 49487.258070 6
 3 0 51.388889 1.000000 216
 0 1 51.388889 1.000000 37
 1 0 1.388889 1.000000 60
 0 1 45.833333 1.000000 33
 0 1 15.277778 1.000000 11
 2 1 45.833333 1.000000 153
 1745625.019868 3
 2 1 56.944444 1.000000 161
 0 1 34.722222 1.000000 25
 0 0 26.388889 1.000000 18
 1027766.942246 5
 2 1 65.277778 1.000000 167
 2 0 76.388889 1.000000 174
 3 1 48.611111 1.000000 215
 2 0 48.611111 1.000000 154
 2 0 70.833333 1.000000 170
 844844.534846 1
 1 1 68.055556 1.000000 109
 987030.534179 4
 3 1 6.944444 1.000000 185
 1 0 18.055556 1.000000 72
 1 0 51.388889 1.000000 96
 3 0 51.388889 1.000000 216
 552937.435635 5
 0 1 15.277778 1.000000 11
 3 0 51.388889 1.000000 216
 0 1 18.055556 1.000000 13
 2 0 45.833333 1.000000 152
 0 0 59.722222 1.000000 42
 132381.588375 3
 0 0 9.722222 1.000000 6
 0 1 68.055556 1.000000 49
 0 1 15.277778 1.000000 11
 1659349.149512 2
 1 1 18.055556 1.000000 73
 2 0 43.055556 1.000000 150
 1826290.703223 6
 0 1 76.388889 1.000000 55
 2 0 56.944444 1.000000 160
 0 1 18.055556 1.000000 13
 2 0 59.722222 1.000000 162
 3 1 31.944444 1.000000 203
 2 0 48.611111 1.000000 154
 1619364.811266 3
 0 1 18.055556 1.000000 13
 0 1 23.611111 1.000000 17
 0 1 51.388889 1.000000 37
 204072.926065 1
 1 0 68.055556 1.000000 108
 444365.840128 6
 0 1 68.055556 1.000000 49
 1 1 34.722222 1.000000 85
 0 1 18.055556 1.000000 13
 1 1 62.500000 1.000000 105
 2 1 23.611111 1.000000 137
 2 1 4.166667 1.000000 123
 1977212.005806 3
 3 0 4.166667 1.000000 182
 0 1 68.055556 1.000000 49
 1 1 12.500000 1.000000 69
 1425779.570372 4
 1 1 20.833333 1.000000 75
 2 0 70.833333 1.000000 170
 3 1 45.833333 1.000000 213
 2 1 70.833333 1.000000 171
 679870.626200 1
 2 0 70.833333 1.000000 170
 1303611.225832 6
 2 1 4.166667 1.000000 123
 0 1 65.277778 1.000000 47
 0 0 62.500000 1.000000 44
 1 1 34.722222 1.000000 85
 2 0 70.833333 1.000000 170
 0 0 59.722222 1.000000 42
 936109.956101 3
 1 0 23.611111 1.000000 76
 1 0 18.055556 1.000000 72
 2 1 12.500000 1.000000 129
 580905.736955 1
 1 0 4.166667 1.000000 62
 691978.142658 2
 1 0 18.055556 1.000000 72
 0 0 12.500000 1.000000 8
 469943.404230 5
 0 1 68.055556 1.000000 49
 3 0 37.500000 1.000000 206
 0 0 62.500000 1.000000 44
 1 1 68.055556 1.000000 109
 1 0 51.388889 1.000000 96
 365851.139671 5
 2 0 34.722222 1.000000 144
 0 0 23.611111 1.000000 16
 2 1 65.277778 1.000000 167
 3 0 45.833333 1.000000 212
 1 1 48.611111 1.000000 95
 815527.723178 2
 1 1 56.944444 1.000000 101
 1 0 1.388889 1.000000 60
 1711122.055254 1
 2 0 59.722222 1.000000 162
 787397.546986 6
 1 1 12.500000 1.000000 69
 0 1 76.388889 1.000000 55
 2 1 4.166667 1.000000 123
 1 1 20.833333 1.000000 75
 1 1 62.500000 1.000000 105
 3 0 62.500000 1.000000 224
 346813.624681 6
 0 1 34.722222 1.000000 25
 0 0 76.388889 1.000000 54
 3 0 51.388889 1.000000 216
 2 0 45.833333 1.000000 152
 1 1 62.500000 1.000000 105
 2 0 37.500000 1.000000 146
 548457.582625 6
 2 0 45.833333 1.000000 152
 0 1 68.055556 1.000000 49
 0 1 51.388889 1.000000 37
 3 0 51.388889 1.000000 216
 0 1 26.388889 1.000000 19
 3 0 37.500000 1.000000 206
 1057890.379232 1
 2 0 59.722222 1.000000 162
 1808349.336278 3
 2 0 48.611111 1.000000 154
 1 0 26.388889 1.000000 78
 0 1 68.055556 1.000000 49
 1124072.158320 4
 0 0 23.611111 1.000000 16
 1 1 12.500000 1.000000 69
 2 1 29.166667 1.000000 141
 1 0 18.055556 1.000000 72
 1135383.772727 6
 2 0 9.722222 1.000000 126
 3 0 37.500000 1.000000 206
 0 1 65.277778 1.000000 47
 2 0 15.277778 1.000000 130
 2 0 43.055556 1.000000 150
 1 1 29.166667 1.000000 81
 1431566.500976 6
 0 1 15.277778 1.000000 11
 3 0 29.166667 1.000000 200
 1 0 1.388889 1.000000 60
 1 0 23.611111 1.000000 76
 2 1 43.055556 1.000000 151
 2 0 48.611111 1.000000 154
 1823389.887523 5
 3 0 37.500000 1.000000 206
 0 0 62.500000 1.000000 44
 0 1 37.500000 1.000000 27
 3 1 4.166667 1.000000 183
 3 1 43.055556 1.000000 211
 382034.631065 4
 2 1 18.055556 1.000000 133
 0 1 51.388889 1.000000 37
 0 1 18.055556 1.000000 13
 2 0 48.611111 1.000000 154
 1176739.830271 6
 0 1 65.277778 1.000000 47
 3 0 65.277778 1.000000 226
 2 1 65.277778 1.000000 167
 3 0 56.944444 1.000000 220
 2 0 73.611111 1.000000 172
 3 1 48.611111 1.000000 215
 1523949.000223 4
 2 1 56.944444 1.000000 161
 0 1 26.388889 1.000000 19
 1 0 1.388889 1.000000 60
 1 0 23.611111 1.000000 76
 61175.668119 6
 3 0 4.166667 1.000000 182
 1 1 20.833333 1.000000 75
 2 0 34.722222 1.000000 144
 3 1 18.055556 1.000000 193
 0 1 26.388889 1.000000 19
 1 1 68.055556 1.000000 109
 1644675.387109 4
 0 0 59.722222 1.000000 42
 3 1 45.833333 1.000000 213
 3 0 62.500000 1.000000 224
 2 0 59.722222 1.000000 162
 1817789.834187 1
 2 1 26.388889 1.000000 139
 721717.298069 4
 3 1 70.833333 1.000000 231
 1 0 23.611111 1.000000 76
 3 0 1.388889 1.000000 180
 3 0 48.611111 1.000000 214
 119621.400181 5
 0 1 65.277778 1.000000 47
 2 1 56.944444 1.000000 161
 2 1 12.500000 1.000000 129
 0 1 51.388889 1.000000 37
 3 0 65.277778 1.000000 226
 401864.467599 5
 1 0 6.944444 1.000000 64
 1 1 12.500000 1.000000 69
 2 0 68.055556 1.000000 168
 1 1 56.944444 1.000000 101
 3 0 51.388889 1.000000 216
 269383.365116 6
 3 0 1.388889 1.000000 180
 2 1 68.055556 1.000000 169
 3 0 4.166667 1.000000 182
 3 1 18.055556 1.000000 193
 3 1 6.944444 1.000000 185
 1 1 68.055556 1.000000 109
 657542.103314 6
 2 0 59.722222 1.000000 162
 3 1 45.833333 1.000000 213
 1 0 37.500000 1.000000 86
 1 0 81.944444 1.000000 118
 2 1 23.611111 1.000000 137
 2 1 4.166667 1.000000 123
 761500.709914 3
 1 1 6.944444 1.000000 65
 3 0 1.388889 1.000000 180
 3 1 45.833333 1.000000 213
 726738.389007 6
 1 0 45.833333 1.000000 92
 0 1 20.833333 1.000000 15
 1 0 1.388889 1.000000 60
 1 1 23.611111 1.000000 77
 2 1 56.944444 1.000000 161
 3 1 48.611111 1.000000 215
 1592656.296190 5
 2 1 45.833333 1.000000 153
 0 0 23.611111 1.000000 16
 1 1 34.722222 1.000000 85
 0 1 68.055556 1.000000 49
 0 1 26.388889 1.000000 19
 477738.853170 1
 1 0 1.388889 1.000000 60
 946287.374900 4
 2 0 48.611111 1.000000 154
 2 1 18.055556 1.000000 133
 2 1 4.166667 1.000000 123
 1 1 20.833333 1.000000 75
 290393.302222 3
 3 1 18.055556 1.000000 193
 2 0 70.833333 1.000000 170
 1 0 1.388889 1.000000 60
 1953082.000573 1
 3 0 62.500000 1.000000 224
 1509202.376376 5
 0 1 34.722222 1.000000 25
 2 1 18.055556 1.000000 133
 3 0 65.277778 1.000000 226
 1 0 1.388889 1.000000 60
 3 1 37.500000 1.000000 207
 458070.895159 3
 1 1 68.055556 1.000000 109
 1 1 12.500000 1.000000 69
 0 1 40.277778 1.000000 29
 1729611.975387 6
 1 1 20.833333 1.000000 75
 3 0 45.833333 1.000000 212
 1 0 56.944444 1.000000 100
 3 1 79.166667 1.000000 237
 3 1 45.833333 1.000000 213
 0 0 9.722222 1.000000 6
 300962.943053 3
 0 1 15.277778 1.000000 11
 0 0 23.611111 1.000000 16
 0 0 1.388889 1.000000 0
 1758759.788591 5
 2 1 79.166667 1.000000 177
 0 1 51.388889 1.000000 37
 1 0 51.388889 1.000000 96
 1 0 62.500000 1.000000 104
 3 0 1.388889 1.000000 180
 1413384.089159 3
 0 0 76.388889 1.000000 54
 2 0 70.833333 1.000000 170
 0 1 68.055556 1.000000 49
 557965.829055 5
 0 0 9.722222 1.000000 6
 1 0 4.166667 1.000000 62
 3 0 51.388889 1.000000 216
 2 1 68.055556 1.000000 169
 1 1 56.944444 1.000000 101
 495748.633992 4
 1 1 56.944444 1.000000 101
 1 1 23.611111 1.000000 77
 0 1 68.055556 1.000000 49
 2 0 48.611111 1.000000 154
 1068246.353338 1
 1 0 18.055556 1.000000 72
 332396.342667 2
 3 1 6.944444 1.000000 185
 3 0 65.277778 1.000000 226
 461551.350477 2
 1 1 20.833333 1.000000 75
 2 1 26.388889 1.000000 139
 372260.644945 5
 0 1 15.277778 1.000000 11
 2 0 34.722222 1.000000 144
 2 0 18.055556 1.000000 132
 0 0 23.611111 1.000000 16
 2 1 68.055556 1.000000 169
 933599.942277 1
 1 0 23.611111 1.000000 76
 81081.012004 4
 2 0 43.055556 1.000000 150
 0 0 59.722222 1.000000 42
 0 0 23.611111 1.000000 16
 1 0 18.055556 1.000000 72
 974896.566875 2
 2 0 48.611111 1.000000 154
 3 0 37.500000 1.000000 206
 1197194.430119 5
 1 0 1.388889 1.000000 60
 0 0 26.388889 1.000000 18
 1 0 51.388889 1.000000 96
 0 1 26.388889 1.000000 19
 0 1 51.388889 1.000000 37
 429272.788777 6
 2 0 34.722222 1.000000 144
 3 0 31.944444 1.000000 202
 3 1 45.833333 1.000000 213
 1 1 34.722222 1.000000 85
 3 1 40.277778 1.000000 209
 2 0 48.611111 1.000000 154
 138616.373492 1
 0 1 1.388889 1.000000 1
 457562.051554 4
 2 0 70.833333 1.000000 170
 1 0 4.166667 1.000000 62
 2 0 9.722222 1.000000 126
 1 1 81.944444 1.000000 119