1000
numProducts product quantity
14 4 3 160 3 290 4 306 4 377 4 427 4 609 3 849 4 886 3 986 4 993 4 1325 3 1356 3 1423 4
13 14 3 486 4 627 3 629 4 665 4 914 3 962 3 1014 2 1137 3 1437 5 1470 3 1484 4 1501 3
13 23 4 69 2 206 3 304 3 365 3 471 4 481 3 572 4 639 2 714 4 1126 3 1346 3 1428 4
12 72 4 225 2 241 4 474 3 534 3 564 5 637 4 804 3 880 2 1143 3 1460 3 1512 2
12 27 3 70 2 90 4 101 3 190 2 287 4 312 3 583 3 612 4 645 3 1196 3 1361 2
12 61 4 292 3 597 4 604 4 735 2 758 4 897 4 941 3 964 2 991 3 1341 3 1373 3
12 5 3 6 3 504 2 505 2 737 3 738 4 959 4 961 4 1313 3 1315 3 1479 4 1481 4
12 54 3 277 3 569 4 593 3 652 2 664 3 908 3 1136 2 1158 3 1279 3 1285 4 1395 3
11 337 3 443 3 447 4 453 2 686 4 909 4 1179 4 1262 7 1428 4 1512 3 1518 2
11 36 4 586 2 613 4 918 3 929 3 1058 4 1202 3 1345 3 1401 4 1511 3 1535 3
11 75 4 151 5 351 2 403 4 441 5 507 3 569 3 1225 3 1445 3 1450 4 1534 2
11 251 2 261 4 334 3 501 3 627 2 638 2 734 3 738 4 1150 4 1470 3 1553 3
11 17 4 107 3 384 3 423 3 434 4 593 4 710 3 727 3 1000 3 1055 3 1270 3
10 6 3 231 3 239 3 260 2 461 3 815 4 903 3 930 3 1064 3 1279 3
10 25 3 402 3 481 3 531 2 808 4 824 4 947 4 1097 4 1328 3 1367 2
10 27 3 197 2 260 4 446 4 475 3 896 3 1118 3 1145 2 1162 2 1495 4
10 9 2 213 3 347 3 390 4 429 3 673 4 813 3 1262 2 1338 2 1382 4
9 175 3 385 2 428 2 445 3 711 3 784 3 851 4 1160 2 1420 3
9 140 3 199 3 220 2 557 4 603 2 626 4 1016 4 1106 3 1368 3
9 218 4 354 5 781 3 791 3 837 3 900 4 947 3 1030 3 1529 4
9 180 3 552 3 650 4 856 2 864 2 1118 4 1401 4 1426 3 1540 3
9 85 4 560 3 622 4 628 4 782 4 921 4 965 3 1136 2 1398 4
9 85 4 534 3 727 4 857 2 917 3 1033 2 1200 2 1217 4 1266 2
8 48 4 198 4 358 2 785 2 808 4 1053 2 1190 4 1268 3
8 20 4 368 5 729 3 1095 4 1162 3 1378 3 1477 3 1532 3
8 7 4 90 3 510 3 583 3 827 3 993 2 1316 3 1459 4
8 187 3 420 3 459 2 493 2 509 2 1057 3 1373 3 1502 3
8 1 3 201 3 311 3 547 3 857 2 910 2 1277 2 1300 2
8 105 3 338 3 376 2 566 4 959 4 974 3 1291 3 1420 3
8 160 5 165 2 438 3 576 5 808 3 1035 4 1125 4 1280 5
8 225 2 323 3 334 4 924 3 1041 4 1089 3 1274 3 1499 2
8 92 4 97 2 370 2 508 3 740 2 968 3 1057 3 1212 4
8 413 4 490 3 873 3 883 2 906 3 923 3 1066 2 1445 5
7 631 3 665 4 748 3 1004 3 1253 4 1380 3 1490 3
7 183 3 505 3 566 3 672 3 682 2 915 4 1425 2
7 352 5 556 4 828 2 1065 4 1099 5 1115 2 1215 5
7 191 2 218 3 228 4 301 3 468 3 711 3 1117 2
7 304 3 360 3 364 3 471 3 554 2 1053 3 1286 4
7 18 2 239 2 328 2 518 4 755 4 921 4 1337 3
7 232 4 233 5 470 3 503 3 520 5 842 3 914 2
7 617 3 650 4 733 2 989 3 1239 4 1366 3 1476 2
7 41 4 181 6 683 5 727 2 1010 5 1156 3 1390 4
7 272 3 322 2 360 4 832 2 982 3 1275 5 1547 4
7 160 2 349 4 686 3 742 3 925 3 1169 2 1362 2
7 219 3 269 2 306 4 778 2 928 3 1221 4 1494 4
7 46 2 400 4 456 2 566 3 649 2 1149 2 1382 3
7 38 4 514 2 751 4 784 4 801 3 901 3 1124 3
7 463 2 620 3 819 3 1185 3 1345 5 1402 4 1468 5
7 10 2 139 3 382 4 615 4 1191 4 1224 4 1251 3
7 67 5 571 3 643 4 887 5 1376 3 1392 4 1519 3
7 3 3 86 2 342 3 585 2 818 3 1041 4 1394 4
7 124 3 174 2 211 3 683 4 1126 3 1382 3 1399 4
7 32 2 78 3 188 3 787 2 1153 3 1220 2 1436 2
7 30 2 339 3 557 3 955 3 1027 5 1233 2 1389 4
7 40 3 311 3 327 3 560 3 650 4 966 2 1136 4
7 423 3 566 2 666 3 899 3 1122 3 1438 3 1508 2
7 86 3 132 2 269 3 636 4 702 3 815 2 1491 2
7 81 3 91 3 297 3 517 4 607 3 1256 5 1260 4
7 337 3 393 2 397 2 503 3 587 2 1086 2 1319 3
7 567 3 598 3 777 3 784 3 1027 4 1077 2 1227 4
7 195 4 445 3 545 2 572 3 1081 2 1381 3 1414 2
7 45 4 156 4 228 3 472 3 1021 4 1104 4 1210 3
7 100 5 187 4 653 4 809 4 1150 4 1294 4 1375 2
7 158 2 329 2 391 4 967 4 1028 3 1134 3 1217 3
7 109 4 575 4 941 5 1008 3 1218 5 1224 3 1378 3
7 264 2 447 3 518 4 524 3 724 2 813 4 880 2
7 24 4 490 4 497 4 646 3 940 3 1212 3 1495 3
7 46 2 418 4 589 3 651 3 1228 3 1261 3 1288 2
7 66 2 138 4 442 3 548 3 947 3 954 4 1284 2
7 45 3 68 2 112 3 224 2 328 3 528 3 823 2
7 71 4 121 2 537 3 687 3 847 4 1476 3 1542 4
7 145 2 178 2 494 2 1004 3 1180 4 1280 3 1307 2
7 258 3 274 4 507 3 597 4 913 2 1083 4 1545 2
7 1080 4 1283 3 1379 2 1412 4 1429 4 1500 3 1529 2
7 303 4 387 3 643 4 892 4 1019 2 1125 4 1129 5
7 8 2 362 4 418 2 528 3 611 2 1111 2 1344 3
7 168 3 491 3 551 3 657 2 668 2 901 3 1410 2
7 154 2 404 4 530 2 637 5 641 5 1373 4 1456 4
7 9 5 38 5 504 4 1147 4 1284 3 1307 4 1350 3
7 156 5 206 4 302 5 745 4 1387 2 1414 3 1431 5
7 391 4 464 3 707 3 1162 3 1196 3 1212 3 1339 3
7 248 3 338 4 441 2 764 3 930 4 941 3 1346 3
7 124 2 650 3 706 4 727 5 889 3 1132 3 1326 2
7 13 2 366 4 422 2 533 3 616 2 1115 2 1348 3
7 413 3 473 3 579 2 590 3 823 3 919 2 1235 3
7 493 2 640 2 820 4 837 4 966 4 1056 3 1109 4
7 24 3 390 3 457 2 702 2 1239 3 1245 3 1399 2
7 107 3 138 3 756 4 939 3 1139 2 1149 4 1355 3
7 94 4 336 2 369 2 1085 3 1182 4 1372 5 1471 3
7 137 4 160 3 204 3 316 3 420 3 620 4 915 3
7 232 3 688 4 721 4 738 3 838 4 865 3 1474 3
7 16 2 93 4 352 3 911 2 1011 3 1134 4 1434 4
7 635 4 708 5 885 5 1011 2 1118 5 1440 4 1523 4
7 133 4 333 5 443 2 526 2 1042 2 1408 2 1431 3
7 13 2 43 2 509 3 1151 3 1355 2 1451 3 1501 3
7 283 4 333 4 565 3 581 3 652 3 702 3 1268 4
7 268 2 329 3 351 3 607 2 984 2 1090 3 1094 3
7 136 3 186 2 223 4 695 4 1138 4 1394 3 1411 5
7 34 4 693 5 816 3 822 3 1159 3 1226 4 1496 3
7 556 4 606 3 883 3 899 3 1022 2 1172 3 1332 3
7 60 3 146 2 203 3 313 3 396 3 815 3 1181 3
7 398 4 405 3 554 3 848 3 1120 3 1403 3 1490 4
7 162 3 538 2 644 4 648 2 1027 4 1037 3 1464 4
7 224 2 474 2 601 2 707 3 711 4 1443 3 1526 3
7 52 3 158 4 168 4 401 4 1034 3 1227 4 1550 3
7 168 3 230 3 840 4 867 3 1166 3 1183 3 1455 2
7 168 2 391 5 690 4 707 2 777 4 1250 3 1393 5
7 273 3 334 3 357 4 613 3 989 2 1095 3 1099 3
7 277 3 310 4 337 3 454 3 687 5 1196 4 1226 5
7 67 4 543 3 780 4 813 3 830 3 930 3 1152 3
7 54 2 107 5 364 4 1049 4 1196 2 1376 4 1392 5
7 159 3 375 3 525 4 685 3 1313 3 1380 3 1517 4
7 79 2 605 3 662 4 682 4 845 3 1088 3 1281 2
7 90 2 383 2 612 3 656 2 816 2 939 3 1492 3
7 225 4 270 3 311 4 464 2 774 3 786 3 953 3
7 228 3 245 3 374 3 517 2 850 2 1459 3 1509 4
7 570 4 629 3 916 2 1016 2 1139 3 1439 4 1472 2
7 27 3 116 4 420 5 432 3 603 3 982 4 1065 4
7 16 3 488 3 631 3 731 2 964 4 1187 3 1503 3
7 313 3 396 3 652 3 901 3 1028 2 1134 4 1138 4
7 17 2 371 4 427 2 537 3 620 2 1120 2 1353 3
7 79 1 375 2 1017 2 1155 2 1177 1 1221 2 1437 2
6 148 2 520 3 691 3 753 2 1363 4 1390 2
6 424 2 474 1 670 1 751 1 799 2 1040 1
6 118 3 501 3 511 5 628 2 1027 4 1337 3
6 109 2 481 3 652 3 714 3 1324 2 1351 2
6 373 2 433 3 549 2 782 2 878 4 1321 4
6 63 4 400 5 457 4 640 3 1076 4 1432 4
6 51 2 596 2 600 3 989 4 1393 3 1505 3
6 82 3 109 2 619 4 918 4 951 3 1540 3
6 11 3 21 3 227 3 537 3 1186 4 1190 3
6 165 2 465 2 498 3 515 3 615 3 642 3
6 287 2 443 4 1009 5 1169 5 1225 2 1291 5
6 349 2 532 3 775 3 1324 2 1337 3 1514 3
6 14 3 480 4 1122 4 1283 3 1326 3 1543 3
6 120 2 153 3 170 3 270 2 297 4 906 2
6 39 3 282 3 831 2 1021 2 1414 3 1524 4
6 6 2 488 3 492 3 871 4 881 3 1308 3
6 301 2 546 3 1083 2 1089 4 1243 3 1426 3
6 593 4 620 3 937 2 1066 3 1209 3 1542 3
6 249 3 299 4 575 3 592 3 721 3 864 4
6 303 4 532 2 693 2 736 4 952 4 1395 4
6 14 4 197 5 274 5 473 3 563 4 629 4
6 118 3 267 4 428 3 1056 5 1122 4 1260 5
6 476 3 480 3 869 3 1273 3 1296 3 1551 2
6 69 2 129 3 245 3 478 4 988 4 1017 3
6 207 2 790 4 851 5 1045 4 1355 5 1534 3
6 127 3 370 4 603 3 826 4 1142 3 1213 3
6 373 4 816 4 1072 2 1088 4 1421 3 1458 2
6 241 3 900 2 1023 2 1183 3 1366 3 1443 4
6 147 3 164 3 234 3 284 3 706 3 850 3
6 40 3 144 4 294 2 1082 4 1149 3 1286 3
6 364 3 397 4 414 3 541 2 1150 2 1466 2
6 270 3 331 3 437 3 447 3 680 3 1092 3
6 93 4 536 4 1179 3 1206 3 1222 2 1555 4
6 272 3 332 3 438 3 448 3 681 3 1093 3
6 37 3 259 4 576 3 646 5 1119 4 1262 4
6 26 3 636 4 663 3 979 3 1252 3 1522 2
6 341 4 774 4 984 3 990 3 1144 3 1433 4
6 198 3 258 3 364 2 374 3 607 2 1433 4
6 271 4 421 4 714 3 987 2 1270 2 1357 4
6 176 3 725 2 808 3 914 2 1418 4 1491 3
6 45 3 55 3 261 3 571 3 1220 4 1224 3
6 373 3 389 3 460 2 510 4 932 3 1076 3
6 297 4 507 3 550 3 833 2 973 3 1129 3
6 317 4 390 4 633 3 1122 3 1139 3 1266 3
6 167 4 243 4 443 2 533 4 599 3 1541 4
6 602 2 968 3 1035 3 1251 3 1405 2 1451 3
6 97 3 257 2 1039 4 1089 4 1366 3 1505 3
6 115 3 481 4 547 2 1336 4 1490 4 1536 2
6 9 2 951 2 1135 2 1211 3 1411 2 1501 4
6 796 3 812 3 883 3 933 4 1349 2 1499 3
6 400 2 1043 2 1247 4 1343 3 1463 4 1492 3
6 11 3 138 3 533 3 566 2 649 3 1319 3
6 189 2 249 4 366 3 599 3 1108 2 1551 3
6 36 2 445 2 488 4 561 2 804 4 828 4
6 375 2 458 2 978 2 1067 3 1384 3 1554 2
6 174 4 823 5 1006 2 1206 2 1216 3 1422 3
6 29 3 569 3 639 4 982 3 1111 2 1255 3
6 32 3 531 3 764 3 987 3 1340 3 1506 4
6 411 2 484 4 788 3 894 3 1216 2 1300 3
6 140 4 789 4 972 2 1172 2 1183 4 1389 3
6 386 2 619 4 842 4 1196 3 1362 4 1445 3
6 57 2 583 2 640 3 660 4 823 2 1259 2
6 557 3 630 4 934 3 1040 4 1362 4 1446 2
6 421 3 493 3 737 4 1226 4 1369 4 1475 4
6 82 3 289 3 791 2 1158 2 1180 2 1440 3
6 88 4 737 4 920 3 1120 2 1130 4 1336 3
6 432 4 875 4 1131 3 1147 4 1480 5 1518 3
6 679 3 889 4 1188 3 1221 3 1238 5 1338 3
6 582 2 609 3 925 3 1054 4 1197 3 1530 3
6 78 3 311 4 315 3 481 4 1136 4 1519 4
6 3 4 506 3 579 3 822 3 1311 3 1454 4
6 53 2 429 3 535 3 539 4 1271 4 1355 3
6 116 3 896 4 918 4 1075 2 1158 3 1378 4
6 228 4 473 3 1010 2 1016 4 1170 3 1353 3
6 217 4 777 4 877 4 1000 4 1299 4 1420 4
6 328 3 557 2 717 2 760 4 977 3 1420 4
6 51 2 191 2 760 4 960 3 1073 2 1543 3
6 800 3 1000 3 1010 3 1077 3 1216 3 1526 3
6 107 4 190 3 706 3 1072 2 1508 3 1554 3
6 36 4 59 2 692 3 729 3 802 2 1212 4
6 53 2 542 3 958 3 1141 2 1418 2 1507 4
6 211 3 294 3 550 3 927 2 1033 3 1037 4
6 162 3 395 3 617 3 933 3 971 3 1476 3
6 85 2 201 2 434 2 438 2 944 4 1387 4
6 132 3 365 3 941 3 1002 3 1318 3 1447 3
6 8 3 251 3 484 3 1060 3 1121 3 1437 3
6 436 4 879 4 1135 2 1152 4 1485 4 1522 3
6 517 4 600 2 856 3 1105 3 1232 4 1342 3
6 258 4 354 2 528 3 705 3 797 2 1466 2
6 504 4 554 4 830 4 847 2 970 2 1119 3
6 556 3 688 3 945 2 989 4 1205 3 1551 4
6 389 3 439 5 715 4 732 3 1005 3 1275 3
6 258 4 690 4 900 4 907 4 1200 3 1350 3
6 62 4 534 4 678 2 1010 3 1533 3 1549 3
6 232 2 378 3 478 3 1015 2 1021 3 1314 3
6 768 3 978 3 985 3 1278 4 1328 3 1428 2
6 108 2 141 3 158 2 258 2 285 3 894 4
6 299 4 349 4 626 3 642 3 862 4 915 3
6 551 4 584 3 668 3 924 3 1173 4 1300 3
6 61 1 172 1 255 2 771 1 1137 1 1160 2
6 27 4 83 4 150 2 703 3 859 4 1059 2
6 498 4 571 3 814 5 1303 3 1447 3 1553 5
6 236 4 795 4 895 4 1018 4 1317 4 1438 4
6 320 2 494 4 763 2 1018 3 1135 4 1368 4
6 209 2 768 3 868 3 991 2 997 3 1291 3
6 58 4 561 3 634 3 877 3 1366 3 1510 3
6 413 4 457 3 740 4 879 3 1329 2 1449 4
6 616 4 682 3 820 4 1019 2 1132 4 1236 3
6 51 3 661 4 688 4 1004 3 1276 3 1547 2
6 217 3 450 3 673 4 989 3 1026 3 1532 3
6 343 4 393 4 669 3 686 3 959 3 1229 3
6 741 3 951 3 958 3 1251 4 1301 2 1401 2
6 409 4 493 2 748 3 998 3 1125 4 1235 3
6 387 3 537 4 697 2 1392 3 1479 3 1529 3
6 190 3 579 2 779 3 1288 3 1422 3 1465 4
6 501 2 658 4 954 2 1481 2 1506 2 1537 4
6 884 3 1094 2 1101 3 1394 4 1444 4 1544 2
6 53 3 157 4 306 2 1095 2 1161 3 1298 3
6 139 3 885 5 971 2 1181 3 1268 2 1387 2
6 755 3 771 3 842 4 892 4 1308 3 1458 3
6 104 4 304 4 599 3 1379 4 1402 2 1446 4
6 457 2 507 3 783 3 800 3 929 3 1073 3
6 220 4 250 4 370 2 892 2 936 2 1219 4
6 52 4 535 3 539 2 591 2 1307 4 1354 3
6 118 2 490 3 661 3 723 3 1333 2 1360 2
6 281 3 297 3 368 2 418 3 840 3 984 3
6 132 4 158 4 188 3 808 3 964 3 1433 3
6 9 3 718 3 1084 3 1151 3 1367 3 1521 2
6 110 4 680 3 992 4 1246 3 1462 3 1529 4
6 315 2 471 3 1037 4 1197 4 1253 2 1319 4
6 4 2 499 2 1045 2 1345 3 1346 3 1494 3
6 193 3 276 2 532 2 908 3 1014 3 1018 4
6 586 4 613 3 929 3 1058 2 1201 3 1534 3
6 59 4 111 2 301 3 808 2 877 3 1120 2
6 375 1 395 1 778 1 801 2 1471 2 1544 2
6 1048 3 1252 3 1348 4 1398 4 1468 3 1497 2
6 14 2 263 3 353 4 426 4 669 5 1301 4
6 118 4 513 3 547 2 630 3 1299 3 1549 4
6 169 4 245 4 445 2 535 4 601 3 1544 4
6 235 2 624 4 668 4 878 2 884 4 1327 4
6 189 2 230 3 290 3 299 2 382 2 979 3
6 13 4 456 4 1099 3 1126 3 1143 3 1476 4
6 154 3 337 3 408 4 414 4 703 4 770 4
6 377 3 410 4 427 3 553 2 1163 3 1479 3
6 201 2 711 4 740 2 1383 3 1410 3 1526 3
6 604 2 970 3 1037 3 1253 3 1407 2 1453 3
6 94 4 131 3 603 3 1046 4 1302 2 1319 4
6 201 2 261 4 368 3 378 4 1023 3 1243 3
6 24 2 161 2 217 2 527 3 706 3 1536 2
6 375 3 391 3 462 2 512 2 934 3 1078 3
6 13 3 40 3 550 4 849 4 882 3 1471 4
6 894 3 1104 2 1215 4 1298 4 1416 3 1449 3
6 24 3 119 3 436 4 1172 3 1232 3 1349 3
6 404 2 481 4 874 4 1057 2 1080 3 1435 2
6 441 4 884 4 1140 2 1156 4 1489 4 1527 3
6 451 4 481 3 1123 3 1150 2 1167 2 1500 4
6 527 3 618 3 934 3 1063 4 1469 2 1539 3
6 56 1 209 1 255 1 366 2 965 2 1331 1
6 12 5 515 3 588 4 831 3 1320 3 1464 4
6 62 2 438 3 544 3 548 4 1281 4 1364 3
5 564 1 774 1 840 1 980 2 1289 1
5 85 4 89 3 594 3 1293 3 1410 3
5 254 3 281 2 597 3 726 3 1203 2
5 98 4 254 4 454 3 980 2 1036 2
5 96 3 905 4 965 4 1071 4 1155 5
5 126 3 132 3 286 2 469 2 901 4
5 111 3 115 4 504 4 907 3 1020 3
5 29 2 328 4 361 2 950 3 1050 3
5 135 4 688 4 844 4 1366 3 1410 2
5 181 2 214 3 231 3 331 2 358 4
5 463 2 775 3 1245 2 1312 4 1451 3
5 607 3 828 2 1343 2 1510 3 1520 4
5 271 3 427 2 993 3 1153 3 1276 3
5 40 2 323 4 462 3 1032 3 1554 3
5 797 3 871 5 1050 2 1354 4 1552 3
5 400 3 604 3 820 4 1113 2 1263 4
5 7 2 307 4 340 2 1343 3 1443 3
5 417 2 444 3 760 3 1303 3 1366 2
5 34 3 604 3 916 2 1169 4 1452 4
5 25 5 114 3 430 3 601 4 1063 3
5 242 3 312 3 785 3 1261 2 1484 2
5 91 4 401 3 1030 3 1233 3 1433 3
5 856 3 993 3 1305 3 1409 4 1559 3
5 39 2 765 3 1235 2 1301 4 1441 2
5 522 3 948 4 1005 3 1115 3 1198 3
5 259 5 459 3 571 3 1041 4 1247 3
5 179 3 412 4 1049 4 1365 3 1494 4
5 30 4 456 4 622 3 1278 4 1498 3
5 37 3 93 3 203 3 286 3 785 3
5 211 3 244 4 833 3 933 2 1470 3
5 338 2 575 3 608 3 625 3 724 2
5 49 4 692 4 736 2 1018 3 1314 5
5 113 3 179 3 1122 3 1305 2 1382 3
5 226 2 868 3 895 4 1245 3 1341 4
5 102 3 491 3 512 4 894 4 1421 3
5 37 4 281 3 769 3 913 3 1522 2
5 373 3 1153 4 1176 2 1220 4 1436 3
5 196 3 639 2 895 3 1245 3 1282 4
5 321 3 475 4 521 2 658 3 1024 4
5 114 2 414 4 447 2 1450 3 1550 3
5 490 4 646 3 1212 4 1372 3 1495 4
5 10 4 443 5 653 4 659 5 813 3
5 248 2 308 2 425 2 658 4 754 3
5 372 3 389 3 460 3 510 3 1075 3
5 592 3 625 3 1214 4 1314 4 1341 3
5 340 3 546 2 1315 3 1428 4 1505 3
5 860 3 960 2 1082 4 1382 3 1415 4
5 138 3 161 3 317 2 400 4 621 2
5 80 4 469 2 489 3 872 3 1398 3
5 128 3 199 3 671 3 1147 2 1370 2
5 146 3 179 3 196 3 296 2 323 2
5 81 4 241 2 1073 3 1349 3 1489 4
5 151 2 211 2 328 4 561 4 656 5
5 371 4 484 3 560 4 954 2 1137 3
5 454 3 527 4 830 2 1259 3 1342 4
5 434 5 877 4 1150 3 1483 3 1520 4
5 13 2 97 4 979 4 1405 3 1461 3
5 195 4 232 3 305 4 715 4 1121 5
5 327 2 404 3 797 5 1003 3 1359 3
5 242 4 698 4 1051 5 1218 5 1301 4
5 138 3 182 4 465 4 1174 4 1467 2
5 896 4 1100 4 1299 3 1412 3 1516 4
5 114 2 213 3 750 4 1049 3 1112 3
5 444 2 681 3 714 2 731 3 831 2
5 498 3 798 3 831 3 848 3 948 3
5 233 4 300 4 437 4 749 5 853 3
5 48 4 198 5 358 2 1190 5 1466 4
5 301 3 374 4 617 4 1250 3 1356 4
5 284 4 750 3 820 4 826 3 1182 4
5 13 4 179 3 834 2 1217 4 1334 2
5 347 3 390 3 600 4 607 4 1516 4
5 285 3 927 2 954 5 1304 4 1400 5
5 38 2 145 4 913 3 1107 3 1429 2
5 291 3 447 2 1013 4 1173 3 1296 3
5 176 4 686 3 1325 4 1385 3 1501 2
5 606 3 623 3 694 3 744 3 1309 4
5 62 2 361 4 394 2 1397 3 1497 3
5 437 3 464 2 780 3 1323 4 1386 2
5 93 2 819 3 1289 2 1355 4 1495 2
5 6 2 89 4 971 4 1397 2 1453 3
5 231 3 454 2 807 4 1057 3 1556 3
5 626 3 896 2 1235 3 1308 4 1551 3
5 124 4 633 3 1272 4 1332 3 1449 3
5 310 3 466 3 1192 4 1248 3 1315 4
5 187 2 287 2 823 2 1123 3 1185 3
5 53 4 1224 4 1461 3 1495 4 1511 3
5 45 3 410 3 420 3 794 3 936 3
5 32 2 331 4 364 2 1367 3 1467 3
5 289 2 932 2 959 4 1309 3 1404 4
5 27 3 597 3 909 2 1162 4 1445 4
5 68 2 112 4 395 3 983 3 1104 3
5 354 3 383 2 1026 2 1053 4 1402 4
5 426 4 526 3 649 3 948 3 1425 2
5 469 4 1072 2 1162 3 1234 2 1478 3
5 3 2 466 4 676 2 912 2 1301 2
5 72 2 355 4 442 3 1064 4 1357 2
5 21 4 464 3 1107 4 1150 3 1483 2
5 108 2 131 3 440 3 591 3 701 4
5 45 2 135 3 561 3 728 3 1383 3
5 582 3 792 3 1091 4 1141 2 1241 2
5 223 4 866 3 1070 3 1286 4 1315 4
5 614 2 657 3 940 3 1500 3 1529 3
5 303 3 507 2 1016 4 1066 2 1166 2
5 571 2 615 1 898 1 1043 2 1486 2
5 542 3 698 3 1220 4 1264 2 1547 4
5 374 4 528 3 574 4 711 4 1077 3
5 495 4 861 3 1298 2 1344 2 1454 3
5 60 4 889 3 935 4 1129 3 1439 3
5 252 2 548 4 752 2 968 4 997 2
5 418 4 574 4 1140 4 1300 4 1423 4
5 425 1 1007 1 1028 1 1190 1 1434 2
5 493 4 792 4 826 3 842 4 942 3
5 157 2 230 4 534 3 640 3 1046 4
5 30 4 263 3 486 2 839 4 1345 2
5 304 2 361 4 381 3 980 3 1336 3
5 452 3 662 4 962 4 1012 3 1111 3
5 372 3 405 2 422 3 521 2 548 2
5 81 4 617 4 623 3 960 3 1393 3
5 103 4 712 4 1484 2 1517 3 1534 2
5 442 3 485 4 768 4 1064 4 1357 3
5 112 2 184 4 594 4 977 3 1000 3
5 457 4 507 4 807 3 857 3 956 3
5 382 3 548 3 1203 3 1424 2 1513 3
5 15 3 648 3 918 4 1257 4 1330 4
5 84 3 342 4 353 4 1518 2 1522 3
5 438 2 494 2 612 2 775 4 1470 3
5 133 4 166 3 1168 4 1268 3 1295 3
5 37 3 44 4 337 4 400 4 1059 3
5 484 4 694 5 994 5 1044 3 1143 3
5 84 4 393 3 1022 3 1226 3 1425 3
5 243 5 247 4 636 2 1040 4 1063 5
5 377 3 410 2 427 3 527 2 554 2
5 99 4 625 4 1095 2 1301 4 1457 2
5 684 4 1397 4 1430 3 1447 5 1547 4
5 462 2 618 3 1184 2 1467 3 1554 3
5 88 2 814 3 1284 2 1351 4 1490 2
5 224 4 546 2 607 3 617 4 1133 4
5 11 5 171 3 1004 3 1280 2 1420 4
5 2 2 185 2 262 3 551 2 618 3
5 415 2 625 4 691 3 831 2 1141 2
5 284 3 490 2 1259 3 1372 4 1448 3
5 407 4 463 2 483 3 646 4 1438 5
5 376 3 519 3 852 3 1391 3 1462 3
5 294 2 937 2 964 4 1313 3 1409 4
5 202 4 546 3 675 3 818 4 1407 4
5 599 4 803 5 899 4 948 4 1048 3
5 77 3 326 2 453 3 849 2 882 3
4 371 3 671 4 721 4 821 3
4 482 3 1218 4 1384 2 1395 3
4 337 3 649 2 1186 2 1325 2
4 184 3 284 2 406 3 706 3
4 501 3 904 4 1121 3 1430 3
4 81 4 264 4 341 3 630 3
4 18 3 407 4 451 4 667 2
4 696 3 752 3 1372 2 1528 3
4 216 3 915 3 1032 4 1265 4
4 220 3 985 3 1375 4 1395 3
4 162 3 224 2 861 3 1549 4
4 530 4 563 3 1152 5 1279 4
4 353 2 609 3 958 4 1468 4
4 69 3 298 2 342 3 1184 4
4 606 3 946 4 1195 5 1322 2
4 508 4 541 2 558 3 658 5
4 153 3 935 3 1278 4 1355 4
4 66 3 70 3 1275 4 1391 2
4 482 3 886 3 1102 3 1412 3
4 348 2 914 3 1197 4 1336 3
4 105 4 139 3 1141 3 1268 3
4 539 2 749 2 955 3 1265 2
4 354 4 708 3 957 3 1456 3
4 283 4 992 3 1514 3 1558 3
4 482 2 692 2 898 3 1208 2
4 653 3 690 4 1481 4 1495 2
4 413 3 819 2 989 4 1368 4
4 375 4 568 3 891 4 1057 4
4 357 3 656 2 706 3 806 3
4 296 4 706 3 1088 3 1111 4
4 419 3 689 2 1028 2 1344 3
4 199 1 328 2 472 2 1414 2
4 541 3 841 4 891 3 991 3
4 408 3 628 4 1144 3 1311 4
4 454 4 460 3 816 4 1476 2
4 136 2 765 4 968 3 1384 3
4 547 3 863 4 1299 4 1495 3
4 231 4 865 3 1048 2 1414 4
4 487 3 1223 4 1390 2 1400 3
4 884 3 894 4 1100 3 1410 3
4 356 2 559 4 776 4 805 2
4 1038 4 1098 3 1215 2 1448 4
4 491 4 497 4 1267 2 1513 4
4 1035 3 1068 2 1085 3 1185 4
4 127 3 137 4 1302 2 1306 3
4 39 3 668 3 1071 2 1287 3
4 52 2 1434 2 1467 1 1483 2
4 11 3 887 4 1080 4 1390 3
4 143 4 326 4 403 4 693 3
4 718 3 1200 4 1310 3 1394 3
4 382 3 386 3 765 3 1201 3
4 451 3 751 3 801 4 901 3
4 455 3 675 4 1191 4 1357 4
4 614 3 964 3 1473 4 1503 2
4 378 4 860 4 971 4 1054 3
4 966 4 977 3 1086 3 1396 3
4 266 2 456 3 1032 3 1275 2
4 177 3 610 2 1392 3 1398 4
4 22 3 411 4 455 4 671 2
4 349 4 516 5 599 4 1098 3
4 263 3 350 2 1266 3 1538 3
4 568 4 761 3 1083 3 1250 4
4 238 4 300 2 960 3 1496 3
4 311 3 781 3 987 2 1557 3
4 517 3 577 3 1265 3 1498 3
4 740 4 894 4 1077 5 1510 4
4 267 4 504 5 537 5 554 2
4 424 5 834 5 1217 4 1337 5
4 387 5 1290 5 1306 3 1433 3
4 634 3 984 3 1080 4 1523 2
4 343 3 709 3 732 3 992 4
4 311 4 665 3 914 3 1414 4
4 127 4 597 4 803 5 1373 3
4 201 5 634 4 850 4 1004 5
4 359 3 365 4 721 3 1380 2
4 264 4 580 4 623 4 727 3
4 652 3 991 3 1241 4 1367 2
4 600 3 783 3 860 2 1215 3
4 857 4 1040 3 1317 2 1406 3
4 162 2 351 3 927 3 1171 2
4 43 3 486 4 1092 3 1129 4
4 706 3 805 4 1228 3 1261 3
4 77 2 233 3 1056 2 1081 3
4 329 3 799 4 1005 3 1161 3
4 703 5 763 3 952 4 1451 5
4 592 3 996 3 1108 4 1212 3
4 229 3 699 3 905 2 1475 3
4 792 3 981 3 1374 4 1557 2
4 72 4 505 2 1287 3 1293 3
4 19 3 173 4 356 4 722 3
4 73 2 615 3 1092 1 1314 1
4 194 5 610 3 1070 4 1159 3
4 62 4 96 3 1098 3 1225 3
4 7 4 117 3 1082 4 1105 3
4 378 4 732 3 981 3 1481 3
4 1202 4 1319 2 1552 3 1556 3
4 76 2 679 3 841 4 1085 2
4 65 4 447 4 458 3 974 3
4 696 4 1036 4 1285 5 1412 2
4 103 3 731 4 935 3 1351 3
4 117 3 549 2 1332 5 1338 4
4 206 2 396 3 972 3 1215 2
4 164 2 797 3 1406 3 1479 2
4 422 3 905 5 1015 5 1098 5
4 275 4 468 3 791 3 957 4
4 250 3 260 4 1425 2 1429 3
4 336 2 719 2 742 2 1485 2
4 82 3 1230 4 1291 4 1407 2
4 294 3 500 2 856 2 1382 4
4 7 4 663 4 1162 4 1399 4
4 638 3 804 3 887 3 1387 3
4 16 3 78 2 714 4 1403 3
4 997 2 1097 3 1519 3 1552 3
4 3 4 258 4 635 4 1477 5
4 659 3 853 3 1175 3 1342 4
4 322 3 359 5 432 4 1247 3
4 118 4 334 4 1243 3 1472 2
4 605 4 960 2 1487 2 1543 3
4 74 3 330 4 707 2 817 3
4 296 2 339 3 1182 3 1211 3
4 98 3 451 2 1200 3 1433 4
4 592 3 1202 2 1275 2 1518 2
4 244 3 714 3 920 3 1076 3
4 229 4 520 3 842 4 911 4
4 718 3 774 4 1394 2 1550 4
4 305 3 405 4 528 3 827 3
4 76 3 286 2 293 4 1202 3
4 2 3 445 4 1050 3 1087 3
4 404 3 408 4 1223 4 1479 4
4 504 4 914 4 1297 3 1319 3
4 276 3 746 3 952 2 1521 3
4 127 3 892 3 1281 4 1302 3
4 410 3 453 3 736 3 1325 3
4 222 4 1225 3 1454 4 1497 4
4 229 4 302 3 703 2 1118 3
4 1022 3 1344 3 1511 2 1521 2
4 519 3 740 3 1255 3 1422 4
4 447 4 851 4 963 4 1067 3
4 41 2 1166 3 1237 5 1243 5
4 228 2 831 1 1224 3 1407 2
4 376 3 675 2 725 3 825 3
4 48 2 104 4 1079 4 1269 4
4 683 4 1022 3 1369 4 1399 2
4 68 3 711 2 1087 4 1183 4
4 369 3 402 2 991 3 1118 3
4 930 3 1253 4 1419 2 1429 4
4 4 2 718 2 768 3 867 3
4 1227 4 1283 3 1393 4 1476 3
4 247 4 524 2 663 3 973 2
4 26 3 881 3 969 3 1019 3
4 545 3 895 2 1404 4 1433 2
4 469 3 502 3 1091 3 1217 2
4 453 4 1189 4 1356 2 1366 3
4 255 2 915 4 1037 2 1337 5
4 237 3 447 2 453 4 1362 3
4 995 3 1006 4 1212 3 1522 3
4 1116 2 1172 2 1282 3 1365 3
4 44 2 61 4 383 3 1332 3
4 454 4 1109 3 1330 3 1419 3
4 563 3 862 4 912 4 1012 3
4 2 3 62 4 179 3 412 5
4 31 3 1180 4 1240 4 1356 3
4 720 3 996 3 1136 4 1286 4
4 120 2 752 3 1362 3 1435 2
4 594 3 798 2 1014 4 1044 2
4 142 2 880 2 1384 2 1457 2
4 229 5 595 3 618 3 1078 5
4 41 3 292 4 475 4 841 3
4 223 3 883 3 1006 2 1305 5
4 787 5 924 3 1340 3 1490 4
4 923 3 1245 4 1411 2 1422 2
4 804 4 1008 2 1320 3 1424 3
4 515 4 575 3 692 4 1337 4
4 959 4 1281 4 1448 3 1458 3
4 7 4 263 4 640 2 750 3
4 212 2 275 2 934 1 1471 1
4 347 4 358 4 1523 2 1527 3
4 243 1 809 2 1091 2 1231 1
3 725 3 769 3 1052 2
3 624 4 741 4 973 3
3 465 4 1401 3 1434 3
3 122 4 342 4 1024 3
3 423 4 760 3 1193 3
3 173 3 179 4 1521 3
3 1104 4 1110 3 1466 3
3 651 2 1227 2 1470 3
3 893 3 1022 4 1499 4
3 964 4 1401 4 1447 3
3 277 4 483 3 1365 4
3 115 3 126 4 1291 3
3 462 4 508 5 1011 4
3 293 3 1298 3 1435 2
3 124 2 1345 3 1499 2
3 651 4 1187 2 1487 5
3 337 2 1341 3 1479 3
3 37 2 640 2 803 3
3 70 2 1292 3 1445 2
3 194 3 970 4 1216 2
3 115 3 477 4 1136 3
3 1043 3 1206 3 1449 3
3 222 3 971 2 1427 2
3 8 5 651 4 1123 3
3 800 2 1006 3 1316 2
3 291 3 807 3 911 4
3 288 4 908 3 1218 3
3 379 4 862 3 972 3
3 95 3 1250 3 1271 3
3 844 3 1354 2 1383 4
3 142 5 159 2 1430 3
3 446 4 1161 2 1199 4
3 41 3 230 4 806 2
3 342 4 658 3 1291 4
3 847 3 870 4 1330 3
3 604 4 787 4 1153 4
3 637 3 1053 5 1363 2
3 808 3 841 2 858 2
3 138 4 255 4 488 3
3 102 4 322 2 1004 3
3 263 3 446 4 812 4
3 194 2 410 4 1319 3
3 973 3 1500 2 1556 4
3 116 2 353 2 1174 3
3 296 2 712 3 1022 4
3 761 3 795 3 811 3
3 223 2 972 2 1428 2
3 252 4 858 4 1367 4
3 1150 3 1313 3 1556 3
3 1069 2 1452 4 1462 3
3 780 3 897 3 1134 2
3 98 3 481 4 1246 2
3 307 4 345 3 1233 3
3 479 4 529 4 629 4
3 1013 4 1036 3 1496 5
3 406 2 595 3 988 5
3 407 3 495 4 1110 3
3 104 3 990 3 1433 3
3 414 3 1450 3 1550 4
3 615 3 771 3 1497 2
3 139 4 626 4 1441 3
3 36 3 47 2 1212 2
3 344 3 593 5 1092 3
3 360 4 554 3 1043 3
3 38 3 776 2 1352 2
3 224 2 1299 2 1322 3
3 507 3 990 4 1100 4
3 307 3 490 3 856 4
3 70 4 646 3 1025 3
3 1097 3 1260 3 1503 3
3 440 2 962 2 1369 4
3 214 3 990 4 1236 2
3 88 2 258 3 1240 3
3 274 2 296 2 1052 1
3 353 4 880 3 1508 3
3 1109 2 1219 4 1303 3
3 329 3 389 3 1077 3
3 123 2 551 4 1304 2
3 21 4 836 4 1506 4
3 896 3 1439 5 1502 4
3 114 2 137 3 892 2
3 12 3 1165 3 1327 3
3 143 3 337 2 826 2
3 597 2 1173 2 1417 3
3 137 3 713 3 1092 3
3 82 2 319 3 1141 3
3 1287 2 1347 3 1464 4
3 395 3 611 3 1520 3
3 408 2 441 2 458 2
3 340 3 1415 4 1438 3
3 862 2 951 4 1544 3
3 183 3 722 3 1264 2
3 674 4 957 3 1044 4
3 331 3 341 3 857 3
3 383 3 566 3 932 4
3 1055 4 1061 3 1417 3
3 341 3 1117 4 1362 2
3 362 3 611 4 1111 2
3 375 4 691 5 1323 4
3 13 2 416 3 1178 3
3 321 2 594 4 1536 3
3 277 4 754 2 976 3
3 30 4 706 3 862 3
3 761 4 916 4 1522 3
3 392 1 1128 2 1294 2
3 16 4 439 3 1475 3
3 462 4 1398 3 1431 4
3 53 3 1351 3 1534 4
3 183 2 633 3 1531 3
3 443 2 726 4 1435 2
3 976 4 999 3 1458 5
3 143 3 499 3 898 4
3 587 3 1070 4 1180 4
3 122 3 126 2 505 3
3 137 3 464 3 753 2
3 254 3 503 4 1003 3
3 398 1 565 1 648 1
3 405 2 1025 2 1335 3
3 394 4 999 4 1509 4
3 364 2 986 3 1086 4
3 809 3 926 3 1163 2
3 448 2 731 4 1440 2
3 184 4 990 4 1133 3
3 182 3 188 5 1530 3
3 203 3 1089 3 1532 3
3 861 2 950 4 1543 3
3 261 4 787 4 1415 3
3 510 3 1365 2 1502 3
3 230 2 889 3 1012 3
3 194 1 931 2 1097 2
3 127 4 131 2 510 3
3 189 4 765 4 1144 3
3 338 2 957 3 1267 3
3 369 3 1305 3 1338 3
3 312 3 334 3 1090 2
3 115 2 238 4 1014 5
3 59 4 69 2 1234 2
3 95 4 1110 4 1181 3
3 391 3 873 2 983 2
3 888 4 1188 3 1337 3
3 319 2 352 3 369 3
3 379 2 1055 2 1211 2
3 768 4 1051 2 1138 3
3 156 3 160 3 952 3
3 11 4 860 3 1413 2
2 381 3 664 3
2 324 5 374 3
2 1464 3 1547 3
2 304 1 1059 1
2 504 1 993 2
2 456 3 1072 2
2 1088 2 1232 4
2 221 3 570 4
2 1091 2 1480 3
2 758 3 1334 2
2 583 2 606 5
2 576 3 1518 2
2 577 3 1253 3
2 314 3 1489 3
2 71 2 520 3
2 686 3 1495 3
2 24 5 373 4
2 471 4 554 2
2 285 4 728 3
2 1219 2 1429 4
2 86 4 1328 3
2 565 3 1507 3
2 565 3 868 3
2 700 4 804 3
2 482 4 1274 3
2 64 3 767 3
2 88 3 437 2
2 534 3 1110 2
2 708 5 1469 4
2 621 3 991 3
2 524 3 1367 4
2 376 4 1552 3
2 1097 3 1353 3
2 401 3 557 2
2 12 3 1487 3
2 1071 2 1460 4
2 977 3 1000 4
2 611 3 1287 2
2 293 3 410 3
2 562 3 606 2
2 618 1 1327 1
2 379 3 683 3
2 258 2 947 2
2 754 4 1297 4
2 434 3 1409 4
2 738 4 901 3
2 47 3 1522 3
2 750 3 773 4
2 130 3 480 3
2 1018 3 1161 4
2 1061 3 1531 4
2 718 3 1261 3
2 597 3 1025 4
2 1061 3 1317 3
2 1355 3 1365 3
2 879 2 1035 3
2 351 2 1127 2
2 641 2 1284 2
2 165 2 1319 3
2 58 3 1227 2
2 67 3 283 2
2 715 3 1524 3
2 762 3 1006 3
2 550 3 920 4
2 214 4 1456 3
2 249 3 1403 4
2 696 2 1205 3
2 604 3 1547 2
2 18 4 1106 4
2 227 3 1070 5
2 230 3 347 3
2 517 2 1426 3
2 299 1 921 2
2 470 4 892 4
2 399 1 888 2
2 24 3 926 2
2 522 3 1464 3
2 555 3 865 4
2 376 4 598 4
2 17 4 966 3
2 70 2 320 4
2 195 5 244 5
2 734 3 823 5
2 999 4 1043 4
2 1036 4 1512 3
2 173 3 1548 4
2 88 3 791 3
2 165 3 414 3
2 309 4 625 4
2 655 3 1464 3
2 380 4 603 4
2 297 3 413 4
2 226 2 543 4
2 742 3 772 3
2 740 3 1168 4
2 524 2 680 3
2 934 3 1310 4
2 256 3 1411 3
2 48 2 297 3
2 292 1 1328 2
2 155 3 505 3
2 998 2 1454 2
2 433 2 810 3
2 302 4 724 3
2 693 3 982 4
2 133 3 882 3
2 305 4 1141 5
2 722 3 1531 4
2 462 3 1172 3
2 1071 4 1208 3
2 592 4 1268 3
2 1227 2 1437 4
2 436 3 731 3
2 375 4 798 4
2 475 2 1384 4
2 890 2 920 3
2 197 4 1439 3
2 397 3 840 3
2 226 3 875 4
2 1144 2 1354 3
2 590 4 819 4
2 973 4 1229 3
2 49 3 65 3
2 538 3 1077 4
2 96 3 959 3
2 547 3 770 4
2 972 3 976 3
2 665 3 842 3
2 482 3 1058 2
2 40 3 789 2
2 286 4 968 4
2 737 3 767 3
2 515 3 1457 3
2 1227 3 1331 4
2 97 4 1339 2
2 69 2 285 2
2 521 3 817 4
2 121 3 1336 2
2 923 2 1379 2
2 238 4 1126 3
2 177 3 527 2
2 435 2 1144 3
2 213 2 829 3
2 228 4 1536 2
2 452 3 928 2
2 512 2 1081 3
2 12 4 961 3
2 243 3 865 3
2 686 3 1228 3
2 190 3 240 4
2 222 3 538 2
2 46 3 948 2
2 405 2 621 2
2 17 3 772 4
2 327 2 1362 3
2 931 3 1541 4
2 191 2 1533 4
2 865 4 1068 3
2 220 3 1296 2
2 157 3 1372 2
2 132 5 282 3
2 482 4 704 4
2 716 2 1525 4
1 1130 3
1 1215 4
1 32 4
1 1091 3
1 498 3
1 176 3
1 1101 2
1 1543 2
1 1394 2
1 1391 2
1 1158 3
1 1416 3
1 773 3
1 1545 3
1 1117 3
1 1417 2
1 1095 3
1 102 3
1 456 3
1 1448 3
1 1520 3
1 964 3
1 934 3
1 1418 3
1 1148 2
1 1337 4
1 887 3
1 319 3
1 86 3
1 1005 2
1 1555 4
1 522 4
1 205 3
1 997 3
1 951 3
1 847 4
1 480 2
1 515 2
1 900 4
1 670 3
1 940 3
1 950 3
1 897 3
1 123 3
1 1445 2
1 1277 4
1 462 2
1 945 3
1 289 3
1 542 3
1 516 2
1 1272 4
1 335 2
1 556 2
1 1323 3
1 1088 3
1 918 3
1 866 4
1 182 3
1 1525 2
1 532 3
1 410 3
1 59 3
1 647 3
1 169 3
1 477 3
1 948 3
1 101 2
1 745 2
1 115 3
1 420 3
1 330 2
1 577 3
1 720 3
1 1434 4
1 940 3
1 592 3
1 1066 4
1 1287 2
1 507 3
1 252 3
1 1483 3
1 1087 2
1 1440 3
1 238 4
