50
numProducts product quantity
12 54 3 277 3 569 4 593 3 652 2 664 3 908 3 1136 2 1158 3 1279 3 1285 4 1395 3
10 9 2 213 3 347 3 390 4 429 3 673 4 813 3 1262 2 1338 2 1382 4
9 85 4 534 3 727 4 857 2 917 3 1033 2 1200 2 1217 4 1266 2
7 228 3 245 3 374 3 517 2 850 2 1459 3 1509 4
7 570 4 629 3 916 2 1016 2 1139 3 1439 4 1472 2
7 27 3 116 4 420 5 432 3 603 3 982 4 1065 4
7 16 3 488 3 631 3 731 2 964 4 1187 3 1503 3
7 313 3 396 3 652 3 901 3 1028 2 1134 4 1138 4
7 17 2 371 4 427 2 537 3 620 2 1120 2 1353 3
7 79 1 375 2 1017 2 1155 2 1177 1 1221 2 1437 2
6 24 3 119 3 436 4 1172 3 1232 3 1349 3
6 404 2 481 4 874 4 1057 2 1080 3 1435 2
6 441 4 884 4 1140 2 1156 4 1489 4 1527 3
6 451 4 481 3 1123 3 1150 2 1167 2 1500 4
6 527 3 618 3 934 3 1063 4 1469 2 1539 3
6 56 1 209 1 255 1 366 2 965 2 1331 1
6 12 5 515 3 588 4 831 3 1320 3 1464 4
6 62 2 438 3 544 3 548 4 1281 4 1364 3
5 376 3 519 3 852 3 1391 3 1462 3
5 294 2 937 2 964 4 1313 3 1409 4
5 202 4 546 3 675 3 818 4 1407 4
5 599 4 803 5 899 4 948 4 1048 3
5 77 3 326 2 453 3 849 2 882 3
4 787 5 924 3 1340 3 1490 4
4 923 3 1245 4 1411 2 1422 2
4 804 4 1008 2 1320 3 1424 3
4 515 4 575 3 692 4 1337 4
4 959 4 1281 4 1448 3 1458 3
4 7 4 263 4 640 2 750 3
4 212 2 275 2 934 1 1471 1
4 347 4 358 4 1523 2 1527 3
4 243 1 809 2 1091 2 1231 1
3 95 4 1110 4 1181 3
3 391 3 873 2 983 2
3 888 4 1188 3 1337 3
3 319 2 352 3 369 3
3 379 2 1055 2 1211 2
3 768 4 1051 2 1138 3
3 156 3 160 3 952 3
3 11 4 860 3 1413 2
2 191 2 1533 4
2 865 4 1068 3
2 220 3 1296 2
2 157 3 1372 2
2 132 5 282 3
2 482 4 704 4
2 716 2 1525 4
1 1087 2
1 1440 3
1 238 4
