 Numero de pedidos 
 150
 duedate num_referencias // pasillo lado altura peso
 386208.566588 25
 3 1 37.500000 1.800895 111
 1 0 62.500000 2.564002 56
 10 1 27.500000 1.095694 331
 1 0 12.500000 2.169170 36
 2 1 22.500000 1.578225 73
 0 0 7.500000 2.168326 2
 6 1 57.500000 2.814364 215
 8 1 37.500000 1.291214 271
 3 1 2.500000 2.224986 97
 5 0 32.500000 2.721444 172
 5 1 7.500000 1.062273 163
 3 1 67.500000 1.166003 123
 11 0 12.500000 1.992371 356
 5 1 72.500000 1.447808 189
 5 0 17.500000 2.264269 166
 5 1 42.500000 2.397704 177
 2 1 62.500000 2.033177 89
 6 1 27.500000 1.144595 203
 10 0 52.500000 2.598885 340
 10 1 32.500000 1.867780 333
 3 0 2.500000 2.577093 96
 11 0 52.500000 2.521035 372
 11 1 52.500000 2.300322 373
 3 1 22.500000 1.397127 105
 10 0 77.500000 1.632616 350
 573004.579550 26
 1 1 22.500000 2.382899 41
 3 1 7.500000 1.504335 99
 1 0 22.500000 1.815613 40
 8 0 67.500000 1.857503 282
 6 1 67.500000 1.978894 219
 2 1 72.500000 2.063037 93
 0 0 47.500000 2.640763 18
 1 0 32.500000 1.816586 44
 0 0 57.500000 2.283879 22
 0 1 27.500000 2.053017 11
 5 1 12.500000 2.527079 165
 1 0 72.500000 2.603396 60
 11 0 67.500000 1.075217 378
 2 1 22.500000 1.578225 73
 1 1 72.500000 1.875127 61
 10 1 62.500000 1.330592 345
 7 1 52.500000 2.843107 245
 11 0 32.500000 1.114631 364
 11 0 52.500000 2.521035 372
 4 0 12.500000 2.997521 132
 0 1 12.500000 1.207892 5
 10 0 62.500000 2.933860 344
 8 0 72.500000 1.818843 284
 4 1 57.500000 2.342125 151
 6 1 27.500000 1.144595 203
 10 0 77.500000 1.632616 350
 686561.334062 18
 4 1 42.500000 1.821363 145
 5 1 27.500000 1.506994 171
 9 0 27.500000 2.245318 298
 3 0 72.500000 1.655718 124
 9 1 42.500000 1.103195 305
 10 1 62.500000 1.330592 345
 8 1 42.500000 2.297124 273
 5 1 67.500000 2.189625 187
 0 0 7.500000 2.168326 2
 11 0 52.500000 2.521035 372
 4 1 77.500000 1.741980 159
 0 0 57.500000 2.283879 22
 8 1 2.500000 1.916776 257
 1 1 22.500000 2.382899 41
 3 1 67.500000 1.166003 123
 1 1 12.500000 2.406226 37
 6 1 22.500000 1.024638 201
 7 0 37.500000 1.788616 238
 1272850.252349 10
 10 1 27.500000 1.095694 331
 3 0 2.500000 2.577093 96
 8 1 47.500000 1.399408 275
 6 1 67.500000 1.978894 219
 9 1 27.500000 1.768019 299
 6 0 7.500000 2.640878 194
 0 1 12.500000 1.207892 5
 3 1 2.500000 2.224986 97
 1 0 67.500000 2.759399 58
 1 1 52.500000 2.125623 53
 412088.576281 25
 7 0 47.500000 1.289945 242
 10 1 62.500000 1.330592 345
 0 0 57.500000 2.283879 22
 10 1 7.500000 1.726854 323
 10 0 77.500000 1.632616 350
 9 1 77.500000 2.920405 319
 10 1 22.500000 2.580982 329
 1 0 7.500000 2.229988 34
 1 1 52.500000 2.125623 53
 9 1 2.500000 2.036625 289
 8 0 22.500000 1.277040 264
 2 1 7.500000 1.877740 67
 1 0 32.500000 1.816586 44
 8 0 67.500000 1.857503 282
 0 0 2.500000 2.941693 0
 4 0 12.500000 2.997521 132
 2 1 22.500000 1.578225 73
 10 1 27.500000 1.095694 331
 3 0 77.500000 1.160058 126
 7 0 37.500000 1.788616 238
 4 1 52.500000 2.433690 149
 9 0 27.500000 2.245318 298
 5 1 72.500000 1.447808 189
 7 1 32.500000 2.215907 237
 1 0 72.500000 2.603396 60
 1835167.823935 24
 3 0 2.500000 2.577093 96
 6 1 67.500000 1.978894 219
 10 0 62.500000 2.933860 344
 1 0 62.500000 2.564002 56
 5 0 42.500000 2.898258 176
 11 0 37.500000 2.102166 366
 4 0 12.500000 2.997521 132
 11 0 2.500000 2.862561 352
 2 0 72.500000 2.796990 92
 7 0 57.500000 2.131953 246
 3 0 17.500000 2.095541 102
 1 0 32.500000 1.816586 44
 3 0 77.500000 1.160058 126
 5 1 12.500000 2.527079 165
 11 0 42.500000 1.262870 368
 7 0 62.500000 2.037794 248
 6 1 72.500000 1.090370 221
 7 0 77.500000 1.313693 254
 11 0 67.500000 1.075217 378
 11 0 27.500000 2.115584 362
 10 1 27.500000 1.095694 331
 11 1 12.500000 2.034750 357
 8 1 12.500000 1.000977 261
 6 0 7.500000 2.640878 194
 1342697.366133 20
 1 0 67.500000 2.759399 58
 11 0 2.500000 2.862561 352
 1 0 72.500000 2.603396 60
 10 0 62.500000 2.933860 344
 11 0 32.500000 1.114631 364
 6 1 52.500000 1.899003 213
 3 1 2.500000 2.224986 97
 6 1 27.500000 1.144595 203
 7 0 62.500000 2.037794 248
 6 0 12.500000 1.516828 196
 1 1 52.500000 2.125623 53
 1 1 72.500000 1.875127 61
 11 0 67.500000 1.075217 378
 2 1 72.500000 2.063037 93
 11 0 37.500000 2.102166 366
 9 0 42.500000 2.830755 304
 10 0 22.500000 1.786115 328
 9 1 27.500000 1.768019 299
 4 0 12.500000 2.997521 132
 8 1 2.500000 1.916776 257
 1949985.849648 23
 8 0 72.500000 1.818843 284
 1 0 12.500000 2.169170 36
 5 0 32.500000 2.721444 172
 0 0 57.500000 2.283879 22
 6 0 27.500000 1.477699 202
 11 0 42.500000 1.262870 368
 0 0 47.500000 2.640763 18
 1 1 72.500000 1.875127 61
 4 0 12.500000 2.997521 132
 6 0 7.500000 2.640878 194
 11 1 52.500000 2.300322 373
 5 0 42.500000 2.898258 176
 2 1 22.500000 1.578225 73
 7 0 32.500000 1.073211 236
 0 1 27.500000 2.053017 11
 1 0 32.500000 1.816586 44
 11 0 67.500000 1.075217 378
 6 1 27.500000 1.144595 203
 10 0 32.500000 1.186957 332
 7 0 57.500000 2.131953 246
 9 0 27.500000 2.245318 298
 8 1 27.500000 2.052970 267
 1 0 22.500000 1.815613 40
 825732.131314 5
 6 0 7.500000 2.640878 194
 2 0 67.500000 2.726677 90
 4 1 22.500000 1.809342 137
 11 0 37.500000 2.102166 366
 1 1 12.500000 2.406226 37
 840318.656396 23
 0 0 2.500000 2.941693 0
 2 1 7.500000 1.877740 67
 3 1 42.500000 2.412724 113
 2 0 67.500000 2.726677 90
 5 1 72.500000 1.447808 189
 0 0 57.500000 2.283879 22
 2 0 72.500000 2.796990 92
 9 0 62.500000 2.586919 312
 8 0 57.500000 2.339216 278
 11 0 67.500000 1.075217 378
 8 0 72.500000 1.818843 284
 5 0 42.500000 2.898258 176
 3 0 7.500000 2.094093 98
 11 0 77.500000 1.830276 382
 8 1 2.500000 1.916776 257
 1 1 37.500000 2.655403 47
 6 1 27.500000 1.144595 203
 3 0 2.500000 2.577093 96
 0 1 27.500000 2.053017 11
 1 1 12.500000 2.406226 37
 2 1 22.500000 1.578225 73
 5 1 67.500000 2.189625 187
 8 0 22.500000 1.277040 264
 1544881.577205 26
 1 0 62.500000 2.564002 56
 10 1 57.500000 1.225832 343
 10 1 67.500000 1.196623 347
 3 1 27.500000 1.950623 107
 0 0 42.500000 1.126417 16
 10 1 22.500000 2.580982 329
 5 1 72.500000 1.447808 189
 9 0 27.500000 2.245318 298
 3 1 7.500000 1.504335 99
 1 1 37.500000 2.655403 47
 1 0 22.500000 1.815613 40
 2 1 22.500000 1.578225 73
 8 0 57.500000 2.339216 278
 8 0 72.500000 1.818843 284
 6 1 67.500000 1.978894 219
 10 0 32.500000 1.186957 332
 5 1 7.500000 1.062273 163
 10 0 22.500000 1.786115 328
 3 0 22.500000 1.383546 104
 11 0 42.500000 1.262870 368
 2 0 37.500000 1.959909 78
 5 0 32.500000 2.721444 172
 7 0 37.500000 1.788616 238
 11 0 67.500000 1.075217 378
 11 1 67.500000 2.865086 379
 0 0 37.500000 2.466665 14
 1076586.456428 13
 6 0 12.500000 1.516828 196
 7 0 27.500000 2.365267 234
 5 1 67.500000 2.189625 187
 5 0 77.500000 1.864088 190
 7 0 37.500000 1.788616 238
 8 1 77.500000 1.489493 287
 0 0 47.500000 2.640763 18
 11 0 42.500000 1.262870 368
 6 1 57.500000 2.814364 215
 2 0 37.500000 1.959909 78
 1 1 72.500000 1.875127 61
 10 0 77.500000 1.632616 350
 8 1 37.500000 1.291214 271
 69420.663709 26
 1 1 22.500000 2.382899 41
 0 1 27.500000 2.053017 11
 1 0 67.500000 2.759399 58
 9 0 2.500000 1.960153 288
 8 0 62.500000 1.507319 280
 5 1 72.500000 1.447808 189
 6 1 57.500000 2.814364 215
 9 1 77.500000 2.920405 319
 0 0 7.500000 2.168326 2
 5 0 32.500000 2.721444 172
 5 0 42.500000 2.898258 176
 7 0 77.500000 1.313693 254
 2 0 67.500000 2.726677 90
 9 0 17.500000 2.446882 294
 6 0 77.500000 1.712111 222
 0 1 32.500000 1.605335 13
 3 0 22.500000 1.383546 104
 6 1 67.500000 1.978894 219
 0 0 2.500000 2.941693 0
 4 1 52.500000 2.433690 149
 10 0 22.500000 1.786115 328
 10 0 77.500000 1.632616 350
 1 0 32.500000 1.816586 44
 10 0 62.500000 2.933860 344
 1 0 62.500000 2.564002 56
 11 0 37.500000 2.102166 366
 1587081.329220 10
 4 0 42.500000 1.050635 144
 0 0 27.500000 2.789435 10
 1 0 22.500000 1.815613 40
 11 0 42.500000 1.262870 368
 4 1 42.500000 1.821363 145
 3 0 22.500000 1.383546 104
 3 1 2.500000 2.224986 97
 3 1 72.500000 2.932481 125
 2 1 62.500000 2.033177 89
 4 1 52.500000 2.433690 149
 1694805.530186 8
 7 0 77.500000 1.313693 254
 6 1 27.500000 1.144595 203
 0 0 67.500000 1.888591 26
 11 0 2.500000 2.862561 352
 0 1 7.500000 2.992669 3
 6 1 57.500000 2.814364 215
 1 0 32.500000 1.816586 44
 10 1 62.500000 1.330592 345
 785919.998747 34
 4 1 52.500000 2.433690 149
 2 1 22.500000 1.578225 73
 10 1 62.500000 1.330592 345
 11 0 2.500000 2.862561 352
 7 1 62.500000 2.957803 249
 5 0 32.500000 2.721444 172
 11 0 67.500000 1.075217 378
 5 0 37.500000 2.389145 174
 0 0 2.500000 2.941693 0
 10 0 77.500000 1.632616 350
 1 1 37.500000 2.655403 47
 11 0 42.500000 1.262870 368
 8 0 57.500000 2.339216 278
 2 1 37.500000 1.602443 79
 0 0 7.500000 2.168326 2
 1 1 22.500000 2.382899 41
 8 1 2.500000 1.916776 257
 6 1 27.500000 1.144595 203
 1 1 52.500000 2.125623 53
 7 0 2.500000 2.976076 224
 1 0 52.500000 1.245190 52
 0 1 7.500000 2.992669 3
 2 0 72.500000 2.796990 92
 9 0 27.500000 2.245318 298
 1 1 72.500000 1.875127 61
 4 1 72.500000 1.206041 157
 6 1 22.500000 1.024638 201
 6 1 67.500000 1.978894 219
 0 0 57.500000 2.283879 22
 9 1 42.500000 1.103195 305
 2 0 77.500000 1.634976 94
 5 0 42.500000 2.898258 176
 5 1 62.500000 1.741985 185
 3 1 67.500000 1.166003 123
 1740211.780826 10
 6 0 7.500000 2.640878 194
 8 0 72.500000 1.818843 284
 10 1 27.500000 1.095694 331
 8 0 22.500000 1.277040 264
 9 0 22.500000 2.861891 296
 0 0 37.500000 2.466665 14
 11 0 37.500000 2.102166 366
 0 1 12.500000 1.207892 5
 10 1 7.500000 1.726854 323
 9 1 42.500000 1.103195 305
 741481.069094 12
 6 1 57.500000 2.814364 215
 0 0 7.500000 2.168326 2
 0 0 2.500000 2.941693 0
 9 0 27.500000 2.245318 298
 10 0 22.500000 1.786115 328
 8 0 72.500000 1.818843 284
 3 0 42.500000 2.752672 112
 6 1 67.500000 1.978894 219
 7 0 37.500000 1.788616 238
 8 0 67.500000 1.857503 282
 10 1 27.500000 1.095694 331
 11 0 67.500000 1.075217 378
 461187.238573 8
 9 1 77.500000 2.920405 319
 10 0 62.500000 2.933860 344
 8 0 72.500000 1.818843 284
 5 0 32.500000 2.721444 172
 2 1 22.500000 1.578225 73
 1 0 32.500000 1.816586 44
 8 1 17.500000 1.865533 263
 1 0 72.500000 2.603396 60
 731450.984092 24
 1 1 52.500000 2.125623 53
 9 0 47.500000 2.698875 306
 10 0 77.500000 1.632616 350
 0 0 57.500000 2.283879 22
 3 1 7.500000 1.504335 99
 8 0 12.500000 2.392845 260
 9 0 52.500000 2.041185 308
 4 1 62.500000 1.737920 153
 5 0 77.500000 1.864088 190
 4 0 12.500000 2.997521 132
 11 0 2.500000 2.862561 352
 3 1 22.500000 1.397127 105
 0 0 37.500000 2.466665 14
 8 0 67.500000 1.857503 282
 10 0 7.500000 1.203634 322
 1 1 12.500000 2.406226 37
 1 1 22.500000 2.382899 41
 1 0 72.500000 2.603396 60
 11 1 27.500000 1.499591 363
 1 0 62.500000 2.564002 56
 9 1 42.500000 1.103195 305
 2 0 77.500000 1.634976 94
 8 1 37.500000 1.291214 271
 11 0 52.500000 2.521035 372
 262731.783624 7
 2 1 22.500000 1.578225 73
 5 0 22.500000 2.153341 168
 7 0 62.500000 2.037794 248
 10 0 32.500000 1.186957 332
 10 0 7.500000 1.203634 322
 0 0 37.500000 2.466665 14
 11 1 37.500000 1.814175 367
 479445.299208 33
 1 0 67.500000 2.759399 58
 2 0 47.500000 2.646259 82
 6 1 22.500000 1.024638 201
 5 1 77.500000 1.843630 191
 11 0 37.500000 2.102166 366
 5 0 22.500000 2.153341 168
 2 1 22.500000 1.578225 73
 3 0 2.500000 2.577093 96
 5 0 67.500000 1.090910 186
 7 0 62.500000 2.037794 248
 10 0 77.500000 1.632616 350
 6 1 67.500000 1.978894 219
 2 0 77.500000 1.634976 94
 10 0 32.500000 1.186957 332
 3 0 32.500000 2.495068 108
 9 1 27.500000 1.768019 299
 1 1 42.500000 2.834874 49
 6 0 32.500000 2.084575 204
 7 0 37.500000 1.788616 238
 0 0 2.500000 2.941693 0
 1 1 7.500000 1.905030 35
 9 0 27.500000 2.245318 298
 4 1 72.500000 1.206041 157
 1 0 62.500000 2.564002 56
 7 1 57.500000 2.125884 247
 10 0 27.500000 1.860399 330
 0 0 37.500000 2.466665 14
 1 0 32.500000 1.816586 44
 1 0 72.500000 2.603396 60
 3 1 2.500000 2.224986 97
 1 1 37.500000 2.655403 47
 0 0 7.500000 2.168326 2
 11 0 42.500000 1.262870 368
 1035632.725375 9
 4 1 52.500000 2.433690 149
 7 0 77.500000 1.313693 254
 2 0 17.500000 1.240230 70
 9 1 42.500000 1.103195 305
 4 1 57.500000 2.342125 151
 0 0 7.500000 2.168326 2
 6 1 67.500000 1.978894 219
 11 0 2.500000 2.862561 352
 8 1 2.500000 1.916776 257
 572739.351882 20
 1 1 52.500000 2.125623 53
 10 0 22.500000 1.786115 328
 4 0 12.500000 2.997521 132
 11 0 12.500000 1.992371 356
 2 1 22.500000 1.578225 73
 11 0 42.500000 1.262870 368
 3 0 22.500000 1.383546 104
 9 1 27.500000 1.768019 299
 0 1 27.500000 2.053017 11
 9 0 27.500000 2.245318 298
 11 0 2.500000 2.862561 352
 7 1 77.500000 1.447108 255
 1 1 22.500000 2.382899 41
 3 1 2.500000 2.224986 97
 10 0 77.500000 1.632616 350
 8 0 22.500000 1.277040 264
 5 0 22.500000 2.153341 168
 7 0 62.500000 2.037794 248
 1 0 67.500000 2.759399 58
 2 0 77.500000 1.634976 94
 1434970.031527 9
 4 1 52.500000 2.433690 149
 6 1 32.500000 1.710347 205
 0 1 27.500000 2.053017 11
 8 0 7.500000 1.584040 258
 0 1 7.500000 2.992669 3
 10 1 62.500000 1.330592 345
 6 0 7.500000 2.640878 194
 2 0 77.500000 1.634976 94
 9 0 77.500000 2.378919 318
 1643218.338938 31
 11 0 52.500000 2.521035 372
 0 0 7.500000 2.168326 2
 4 0 67.500000 1.984266 154
 0 0 32.500000 2.134211 12
 4 1 62.500000 1.737920 153
 11 1 62.500000 2.018016 377
 1 1 52.500000 2.125623 53
 0 0 37.500000 2.466665 14
 11 0 17.500000 1.083108 358
 6 1 22.500000 1.024638 201
 2 0 72.500000 2.796990 92
 0 1 7.500000 2.992669 3
 3 0 17.500000 2.095541 102
 3 1 67.500000 1.166003 123
 5 1 37.500000 1.805898 175
 0 1 12.500000 1.207892 5
 6 0 7.500000 2.640878 194
 1 1 72.500000 1.875127 61
 1 0 32.500000 1.816586 44
 9 1 42.500000 1.103195 305
 6 1 27.500000 1.144595 203
 5 1 32.500000 1.898150 173
 1 1 22.500000 2.382899 41
 10 0 62.500000 2.933860 344
 11 0 37.500000 2.102166 366
 7 1 27.500000 2.519219 235
 10 0 2.500000 2.863304 320
 10 0 22.500000 1.786115 328
 3 1 7.500000 1.504335 99
 9 1 7.500000 1.486370 291
 4 1 72.500000 1.206041 157
 212896.578299 21
 8 0 62.500000 1.507319 280
 0 1 12.500000 1.207892 5
 11 0 52.500000 2.521035 372
 8 0 72.500000 1.818843 284
 10 1 62.500000 1.330592 345
 11 0 42.500000 1.262870 368
 5 0 42.500000 2.898258 176
 7 0 27.500000 2.365267 234
 11 0 7.500000 2.388734 354
 7 1 37.500000 1.600784 239
 2 1 22.500000 1.578225 73
 4 1 52.500000 2.433690 149
 0 0 32.500000 2.134211 12
 10 0 27.500000 1.860399 330
 3 0 67.500000 1.392786 122
 5 0 32.500000 2.721444 172
 0 0 37.500000 2.466665 14
 0 0 47.500000 2.640763 18
 9 1 77.500000 2.920405 319
 11 0 67.500000 1.075217 378
 0 1 37.500000 2.012144 15
 406342.524423 21
 5 0 22.500000 2.153341 168
 4 0 62.500000 1.743363 152
 1 0 12.500000 2.169170 36
 9 0 22.500000 2.861891 296
 3 0 2.500000 2.577093 96
 8 1 7.500000 1.721747 259
 6 1 52.500000 1.899003 213
 5 0 42.500000 2.898258 176
 3 1 67.500000 1.166003 123
 11 0 2.500000 2.862561 352
 1 1 72.500000 1.875127 61
 3 0 17.500000 2.095541 102
 7 1 32.500000 2.215907 237
 1 0 22.500000 1.815613 40
 9 1 42.500000 1.103195 305
 1 0 32.500000 1.816586 44
 8 1 2.500000 1.916776 257
 10 1 7.500000 1.726854 323
 3 0 77.500000 1.160058 126
 2 1 7.500000 1.877740 67
 5 1 67.500000 2.189625 187
 1565795.125387 14
 6 1 22.500000 1.024638 201
 5 0 22.500000 2.153341 168
 3 1 7.500000 1.504335 99
 2 0 77.500000 1.634976 94
 11 0 52.500000 2.521035 372
 11 0 67.500000 1.075217 378
 1 0 72.500000 2.603396 60
 7 0 62.500000 2.037794 248
 6 0 67.500000 1.672185 218
 3 0 22.500000 1.383546 104
 10 1 7.500000 1.726854 323
 9 1 42.500000 1.103195 305
 1 1 52.500000 2.125623 53
 0 0 2.500000 2.941693 0
 1246561.050865 25
 1 0 32.500000 1.816586 44
 0 1 27.500000 2.053017 11
 10 0 32.500000 1.186957 332
 7 0 77.500000 1.313693 254
 0 0 7.500000 2.168326 2
 9 0 47.500000 2.698875 306
 6 0 7.500000 2.640878 194
 6 1 57.500000 2.814364 215
 0 0 2.500000 2.941693 0
 4 1 52.500000 2.433690 149
 5 1 67.500000 2.189625 187
 10 0 77.500000 1.632616 350
 3 1 22.500000 1.397127 105
 0 0 22.500000 1.522408 8
 3 0 22.500000 1.383546 104
 9 1 27.500000 1.768019 299
 1 1 77.500000 2.960530 63
 1 0 72.500000 2.603396 60
 11 0 57.500000 1.905404 374
 5 1 72.500000 1.447808 189
 4 1 2.500000 1.324084 129
 11 1 67.500000 2.865086 379
 8 0 22.500000 1.277040 264
 5 0 42.500000 2.898258 176
 1 0 62.500000 2.564002 56
 1636829.015201 10
 11 0 52.500000 2.521035 372
 8 1 7.500000 1.721747 259
 3 0 77.500000 1.160058 126
 0 0 52.500000 1.848738 20
 8 0 72.500000 1.818843 284
 6 0 72.500000 1.837027 220
 8 1 2.500000 1.916776 257
 10 0 27.500000 1.860399 330
 11 1 72.500000 1.962917 381
 0 0 47.500000 2.640763 18
 1199424.345717 29
 6 1 27.500000 1.144595 203
 2 1 22.500000 1.578225 73
 2 0 72.500000 2.796990 92
 11 0 37.500000 2.102166 366
 0 0 2.500000 2.941693 0
 11 0 2.500000 2.862561 352
 0 0 52.500000 1.848738 20
 4 1 52.500000 2.433690 149
 1 1 22.500000 2.382899 41
 7 0 77.500000 1.313693 254
 9 1 77.500000 2.920405 319
 11 0 67.500000 1.075217 378
 1 0 67.500000 2.759399 58
 9 0 57.500000 2.903231 310
 2 1 12.500000 2.790862 69
 9 0 22.500000 2.861891 296
 5 1 72.500000 1.447808 189
 0 1 12.500000 1.207892 5
 5 0 32.500000 2.721444 172
 8 0 22.500000 1.277040 264
 1 1 67.500000 1.480607 59
 0 0 47.500000 2.640763 18
 10 0 62.500000 2.933860 344
 2 1 37.500000 1.602443 79
 1 0 42.500000 1.377967 48
 1 0 12.500000 2.169170 36
 6 1 67.500000 1.978894 219
 9 0 32.500000 1.134614 300
 9 0 27.500000 2.245318 298
 1392949.066643 3
 3 1 2.500000 2.224986 97
 0 0 22.500000 1.522408 8
 2 0 72.500000 2.796990 92
 644331.155496 19
 5 0 32.500000 2.721444 172
 6 1 57.500000 2.814364 215
 10 0 77.500000 1.632616 350
 0 0 37.500000 2.466665 14
 2 1 22.500000 1.578225 73
 7 0 27.500000 2.365267 234
 1 1 52.500000 2.125623 53
 4 1 62.500000 1.737920 153
 7 1 37.500000 1.600784 239
 8 1 2.500000 1.916776 257
 6 1 72.500000 1.090370 221
 3 0 77.500000 1.160058 126
 9 0 27.500000 2.245318 298
 0 0 42.500000 1.126417 16
 0 0 7.500000 2.168326 2
 2 0 22.500000 1.449674 72
 2 1 67.500000 1.301356 91
 6 1 27.500000 1.144595 203
 8 0 67.500000 1.857503 282
 507154.254274 5
 0 1 12.500000 1.207892 5
 6 1 27.500000 1.144595 203
 0 0 57.500000 2.283879 22
 9 1 42.500000 1.103195 305
 7 1 72.500000 2.065792 253
 1617471.294467 30
 11 0 67.500000 1.075217 378
 0 0 22.500000 1.522408 8
 7 0 62.500000 2.037794 248
 3 0 77.500000 1.160058 126
 11 0 2.500000 2.862561 352
 8 0 22.500000 1.277040 264
 2 0 77.500000 1.634976 94
 7 0 77.500000 1.313693 254
 5 1 7.500000 1.062273 163
 2 1 22.500000 1.578225 73
 1 1 72.500000 1.875127 61
 11 0 77.500000 1.830276 382
 3 1 7.500000 1.504335 99
 11 0 52.500000 2.521035 372
 10 1 57.500000 1.225832 343
 6 1 27.500000 1.144595 203
 7 0 27.500000 2.365267 234
 1 1 57.500000 1.197649 55
 6 1 57.500000 2.814364 215
 0 0 37.500000 2.466665 14
 1 0 32.500000 1.816586 44
 8 0 62.500000 1.507319 280
 4 1 52.500000 2.433690 149
 1 0 22.500000 1.815613 40
 0 0 47.500000 2.640763 18
 0 0 7.500000 2.168326 2
 0 0 57.500000 2.283879 22
 10 0 67.500000 1.465699 346
 11 0 72.500000 1.507461 380
 3 1 77.500000 1.100943 127
 814943.918015 29
 4 1 72.500000 1.206041 157
 10 0 32.500000 1.186957 332
 5 1 2.500000 2.717906 161
 1 1 12.500000 2.406226 37
 11 0 42.500000 1.262870 368
 9 1 27.500000 1.768019 299
 5 1 62.500000 1.741985 185
 7 0 62.500000 2.037794 248
 0 0 52.500000 1.848738 20
 1 1 22.500000 2.382899 41
 5 0 22.500000 2.153341 168
 6 0 77.500000 1.712111 222
 3 0 2.500000 2.577093 96
 0 1 12.500000 1.207892 5
 0 1 72.500000 2.179315 29
 2 1 7.500000 1.877740 67
 10 1 67.500000 1.196623 347
 5 0 42.500000 2.898258 176
 5 0 32.500000 2.721444 172
 6 0 12.500000 1.516828 196
 10 1 62.500000 1.330592 345
 0 0 57.500000 2.283879 22
 1 0 17.500000 2.560989 38
 6 1 42.500000 1.965708 209
 10 0 62.500000 2.933860 344
 8 0 67.500000 1.857503 282
 11 1 52.500000 2.300322 373
 9 1 7.500000 1.486370 291
 4 1 32.500000 1.182228 141
 1682411.998493 6
 11 0 47.500000 1.887536 370
 3 1 7.500000 1.504335 99
 11 0 42.500000 1.262870 368
 3 1 22.500000 1.397127 105
 10 0 22.500000 1.786115 328
 6 0 7.500000 2.640878 194
 594857.530256 24
 2 1 7.500000 1.877740 67
 2 1 22.500000 1.578225 73
 8 0 57.500000 2.339216 278
 1 0 32.500000 1.816586 44
 5 1 2.500000 2.717906 161
 6 1 27.500000 1.144595 203
 3 0 22.500000 1.383546 104
 10 1 7.500000 1.726854 323
 6 0 32.500000 2.084575 204
 5 0 32.500000 2.721444 172
 6 0 7.500000 2.640878 194
 1 0 22.500000 1.815613 40
 2 0 77.500000 1.634976 94
 11 0 2.500000 2.862561 352
 1 1 77.500000 2.960530 63
 0 0 7.500000 2.168326 2
 4 0 12.500000 2.997521 132
 5 1 12.500000 2.527079 165
 0 0 37.500000 2.466665 14
 0 0 2.500000 2.941693 0
 10 0 77.500000 1.632616 350
 9 1 42.500000 1.103195 305
 3 1 2.500000 2.224986 97
 9 1 27.500000 1.768019 299
 298645.494421 32
 1 1 7.500000 1.905030 35
 1 0 77.500000 1.597049 62
 3 0 77.500000 1.160058 126
 0 1 72.500000 2.179315 29
 1 1 52.500000 2.125623 53
 3 0 72.500000 1.655718 124
 11 1 72.500000 1.962917 381
 10 1 62.500000 1.330592 345
 0 1 27.500000 2.053017 11
 5 0 42.500000 2.898258 176
 2 0 77.500000 1.634976 94
 6 0 42.500000 1.663678 208
 1 0 72.500000 2.603396 60
 7 0 77.500000 1.313693 254
 4 1 52.500000 2.433690 149
 9 0 37.500000 2.468042 302
 5 1 72.500000 1.447808 189
 1 0 22.500000 1.815613 40
 2 1 7.500000 1.877740 67
 5 1 47.500000 1.543503 179
 0 1 77.500000 1.734301 31
 1 1 37.500000 2.655403 47
 5 0 32.500000 2.721444 172
 3 0 17.500000 2.095541 102
 6 1 57.500000 2.814364 215
 9 1 27.500000 1.768019 299
 5 1 67.500000 2.189625 187
 3 1 67.500000 1.166003 123
 10 0 62.500000 2.933860 344
 8 0 37.500000 1.166477 270
 1 1 32.500000 2.274970 45
 0 1 67.500000 1.564845 27
 279388.580061 31
 1 0 62.500000 2.564002 56
 0 0 7.500000 2.168326 2
 0 0 57.500000 2.283879 22
 0 1 27.500000 2.053017 11
 9 1 42.500000 1.103195 305
 11 0 32.500000 1.114631 364
 8 1 2.500000 1.916776 257
 8 0 57.500000 2.339216 278
 8 0 22.500000 1.277040 264
 5 0 77.500000 1.864088 190
 4 0 12.500000 2.997521 132
 3 0 77.500000 1.160058 126
 2 0 77.500000 1.634976 94
 0 1 12.500000 1.207892 5
 11 0 12.500000 1.992371 356
 2 1 7.500000 1.877740 67
 9 0 62.500000 2.586919 312
 4 1 62.500000 1.737920 153
 2 0 62.500000 1.010927 88
 4 1 52.500000 2.433690 149
 2 0 72.500000 2.796990 92
 3 1 67.500000 1.166003 123
 9 1 77.500000 2.920405 319
 6 1 22.500000 1.024638 201
 3 0 22.500000 1.383546 104
 0 0 22.500000 1.522408 8
 1 0 42.500000 1.377967 48
 0 1 52.500000 2.473995 21
 3 1 2.500000 2.224986 97
 3 1 7.500000 1.504335 99
 1 0 32.500000 1.816586 44
 320546.896514 27
 0 0 37.500000 2.466665 14
 7 0 62.500000 2.037794 248
 0 0 2.500000 2.941693 0
 3 1 77.500000 1.100943 127
 1 1 42.500000 2.834874 49
 7 1 72.500000 2.065792 253
 6 1 27.500000 1.144595 203
 10 0 77.500000 1.632616 350
 4 0 12.500000 2.997521 132
 10 0 32.500000 1.186957 332
 11 1 72.500000 1.962917 381
 6 1 72.500000 1.090370 221
 8 0 67.500000 1.857503 282
 9 0 27.500000 2.245318 298
 6 1 67.500000 1.978894 219
 5 0 32.500000 2.721444 172
 1 1 72.500000 1.875127 61
 5 1 72.500000 1.447808 189
 7 0 42.500000 2.367221 240
 10 1 27.500000 1.095694 331
 11 0 37.500000 2.102166 366
 4 1 62.500000 1.737920 153
 8 0 22.500000 1.277040 264
 1 0 22.500000 1.815613 40
 3 0 22.500000 1.383546 104
 4 1 52.500000 2.433690 149
 0 1 27.500000 2.053017 11
 1488914.621942 25
 6 1 37.500000 2.577672 207
 3 1 7.500000 1.504335 99
 4 0 12.500000 2.997521 132
 2 0 72.500000 2.796990 92
 0 1 12.500000 1.207892 5
 11 0 52.500000 2.521035 372
 6 1 27.500000 1.144595 203
 0 1 37.500000 2.012144 15
 2 1 32.500000 1.091420 77
 1 0 77.500000 1.597049 62
 4 1 62.500000 1.737920 153
 1 0 72.500000 2.603396 60
 6 1 22.500000 1.024638 201
 1 0 67.500000 2.759399 58
 7 0 67.500000 2.456348 250
 2 0 47.500000 2.646259 82
 3 0 77.500000 1.160058 126
 2 0 77.500000 1.634976 94
 10 1 7.500000 1.726854 323
 0 0 12.500000 2.476325 4
 0 0 47.500000 2.640763 18
 11 0 2.500000 2.862561 352
 2 0 67.500000 2.726677 90
 7 0 62.500000 2.037794 248
 8 0 47.500000 2.370180 274
 1092855.669154 16
 1 1 37.500000 2.655403 47
 6 0 7.500000 2.640878 194
 9 1 17.500000 2.354466 295
 0 0 7.500000 2.168326 2
 7 0 37.500000 1.788616 238
 0 0 22.500000 1.522408 8
 11 1 32.500000 2.251960 365
 2 0 32.500000 2.332726 76
 0 0 2.500000 2.941693 0
 2 1 42.500000 1.460942 81
 11 0 52.500000 2.521035 372
 9 1 27.500000 1.768019 299
 9 1 77.500000 2.920405 319
 5 0 42.500000 2.898258 176
 4 1 52.500000 2.433690 149
 1 0 67.500000 2.759399 58
 745409.151663 9
 1 0 77.500000 1.597049 62
 7 0 62.500000 2.037794 248
 4 1 17.500000 2.882358 135
 6 0 12.500000 1.516828 196
 10 0 77.500000 1.632616 350
 8 1 32.500000 2.014302 269
 7 0 77.500000 1.313693 254
 1 1 72.500000 1.875127 61
 8 0 22.500000 1.277040 264
 1162827.423458 31
 10 0 77.500000 1.632616 350
 8 0 67.500000 1.857503 282
 1 0 22.500000 1.815613 40
 10 0 32.500000 1.186957 332
 1 1 22.500000 2.382899 41
 0 0 7.500000 2.168326 2
 4 1 52.500000 2.433690 149
 10 0 62.500000 2.933860 344
 9 0 27.500000 2.245318 298
 1 0 62.500000 2.564002 56
 2 1 72.500000 2.063037 93
 11 0 37.500000 2.102166 366
 10 1 62.500000 1.330592 345
 1 0 32.500000 1.816586 44
 10 1 7.500000 1.726854 323
 2 1 52.500000 2.134592 85
 9 1 77.500000 2.920405 319
 5 0 27.500000 2.068557 170
 1 0 72.500000 2.603396 60
 4 0 62.500000 1.743363 152
 7 1 72.500000 2.065792 253
 11 0 2.500000 2.862561 352
 0 0 22.500000 1.522408 8
 3 1 37.500000 1.800895 111
 8 1 2.500000 1.916776 257
 5 0 22.500000 2.153341 168
 3 1 7.500000 1.504335 99
 8 0 57.500000 2.339216 278
 9 1 42.500000 1.103195 305
 9 1 62.500000 2.630383 313
 9 0 72.500000 2.624045 316
 705432.327644 9
 1 0 62.500000 2.564002 56
 3 0 77.500000 1.160058 126
 6 0 12.500000 1.516828 196
 5 0 22.500000 2.153341 168
 8 0 22.500000 1.277040 264
 1 0 72.500000 2.603396 60
 0 1 27.500000 2.053017 11
 8 0 47.500000 2.370180 274
 2 1 22.500000 1.578225 73
 1403804.820368 3
 2 0 47.500000 2.646259 82
 2 0 72.500000 2.796990 92
 1 0 67.500000 2.759399 58
 1620844.162992 22
 9 1 37.500000 1.765322 303
 5 1 67.500000 2.189625 187
 1 1 37.500000 2.655403 47
 10 1 27.500000 1.095694 331
 11 0 42.500000 1.262870 368
 9 1 27.500000 1.768019 299
 4 0 67.500000 1.984266 154
 4 1 52.500000 2.433690 149
 9 1 42.500000 1.103195 305
 7 0 17.500000 2.419925 230
 3 0 7.500000 2.094093 98
 3 1 67.500000 1.166003 123
 11 0 2.500000 2.862561 352
 10 0 32.500000 1.186957 332
 6 0 57.500000 2.022240 214
 8 1 2.500000 1.916776 257
 0 1 57.500000 2.938651 23
 7 0 27.500000 2.365267 234
 2 1 52.500000 2.134592 85
 8 0 67.500000 1.857503 282
 1 0 22.500000 1.815613 40
 2 1 7.500000 1.877740 67
 611266.736878 26
 10 1 27.500000 1.095694 331
 0 0 22.500000 1.522408 8
 2 0 72.500000 2.796990 92
 6 0 7.500000 2.640878 194
 11 1 52.500000 2.300322 373
 6 0 12.500000 1.516828 196
 3 0 77.500000 1.160058 126
 1 0 72.500000 2.603396 60
 9 0 7.500000 1.062642 290
 11 0 42.500000 1.262870 368
 10 1 7.500000 1.726854 323
 0 0 7.500000 2.168326 2
 3 0 22.500000 1.383546 104
 7 1 62.500000 2.957803 249
 2 0 67.500000 2.726677 90
 4 1 62.500000 1.737920 153
 11 0 2.500000 2.862561 352
 7 0 37.500000 1.788616 238
 10 1 32.500000 1.867780 333
 3 1 77.500000 1.100943 127
 1 1 77.500000 2.960530 63
 2 1 7.500000 1.877740 67
 4 0 72.500000 2.440944 156
 10 0 62.500000 2.933860 344
 10 0 77.500000 1.632616 350
 8 0 67.500000 1.857503 282
 824957.287901 22
 3 1 67.500000 1.166003 123
 9 1 42.500000 1.103195 305
 2 1 77.500000 2.256241 95
 0 0 22.500000 1.522408 8
 2 0 72.500000 2.796990 92
 11 0 67.500000 1.075217 378
 7 0 77.500000 1.313693 254
 10 0 62.500000 2.933860 344
 1 0 22.500000 1.815613 40
 5 0 42.500000 2.898258 176
 2 1 57.500000 1.777445 87
 9 1 7.500000 1.486370 291
 1 0 67.500000 2.759399 58
 8 0 67.500000 1.857503 282
 6 0 32.500000 2.084575 204
 6 0 7.500000 2.640878 194
 7 0 27.500000 2.365267 234
 4 0 32.500000 2.001167 140
 7 0 62.500000 2.037794 248
 11 0 2.500000 2.862561 352
 3 0 57.500000 1.733208 118
 9 1 77.500000 2.920405 319
 1914085.427706 1
 4 1 62.500000 1.737920 153
 1398571.764882 10
 6 1 22.500000 1.024638 201
 5 1 62.500000 1.741985 185
 3 1 7.500000 1.504335 99
 2 1 32.500000 1.091420 77
 1 0 72.500000 2.603396 60
 9 1 77.500000 2.920405 319
 11 0 12.500000 1.992371 356
 6 0 7.500000 2.640878 194
 5 1 67.500000 2.189625 187
 4 0 12.500000 2.997521 132
 1449409.263883 27
 8 0 57.500000 2.339216 278
 9 1 42.500000 1.103195 305
 8 0 37.500000 1.166477 270
 2 1 7.500000 1.877740 67
 11 0 12.500000 1.992371 356
 0 1 27.500000 2.053017 11
 2 1 22.500000 1.578225 73
 7 0 27.500000 2.365267 234
 11 0 42.500000 1.262870 368
 1 0 22.500000 1.815613 40
 6 1 57.500000 2.814364 215
 2 1 72.500000 2.063037 93
 5 0 22.500000 2.153341 168
 11 0 37.500000 2.102166 366
 3 0 2.500000 2.577093 96
 7 0 17.500000 2.419925 230
 1 1 37.500000 2.655403 47
 0 1 12.500000 1.207892 5
 0 0 22.500000 1.522408 8
 6 1 27.500000 1.144595 203
 1 0 72.500000 2.603396 60
 4 0 12.500000 2.997521 132
 7 0 77.500000 1.313693 254
 2 0 72.500000 2.796990 92
 2 0 7.500000 2.443275 66
 7 0 22.500000 2.381642 232
 3 0 77.500000 1.160058 126
 718382.063656 24
 1 0 42.500000 1.377967 48
 7 0 77.500000 1.313693 254
 3 1 7.500000 1.504335 99
 2 0 77.500000 1.634976 94
 10 1 62.500000 1.330592 345
 4 0 17.500000 1.834497 134
 5 0 7.500000 2.683926 162
 2 0 72.500000 2.796990 92
 6 0 7.500000 2.640878 194
 5 1 72.500000 1.447808 189
 7 1 12.500000 2.851464 229
 10 0 22.500000 1.786115 328
 9 1 42.500000 1.103195 305
 10 0 62.500000 2.933860 344
 5 1 42.500000 2.397704 177
 1 1 72.500000 1.875127 61
 8 1 2.500000 1.916776 257
 10 0 27.500000 1.860399 330
 11 0 67.500000 1.075217 378
 0 0 52.500000 1.848738 20
 3 0 2.500000 2.577093 96
 10 0 77.500000 1.632616 350
 8 0 47.500000 2.370180 274
 4 1 52.500000 2.433690 149
 1948444.920140 5
 9 1 42.500000 1.103195 305
 0 0 57.500000 2.283879 22
 2 1 7.500000 1.877740 67
 4 1 62.500000 1.737920 153
 5 0 42.500000 2.898258 176
 1219217.051947 33
 0 0 22.500000 1.522408 8
 9 1 27.500000 1.768019 299
 5 0 42.500000 2.898258 176
 1 1 37.500000 2.655403 47
 0 0 7.500000 2.168326 2
 3 0 22.500000 1.383546 104
 11 1 67.500000 2.865086 379
 8 0 72.500000 1.818843 284
 0 1 22.500000 1.335560 9
 2 0 47.500000 2.646259 82
 2 0 77.500000 1.634976 94
 10 0 7.500000 1.203634 322
 10 0 62.500000 2.933860 344
 11 1 52.500000 2.300322 373
 10 0 22.500000 1.786115 328
 9 0 12.500000 1.014201 292
 10 1 7.500000 1.726854 323
 8 0 67.500000 1.857503 282
 8 1 2.500000 1.916776 257
 5 1 72.500000 1.447808 189
 2 0 42.500000 2.894388 80
 9 0 22.500000 2.861891 296
 2 1 22.500000 1.578225 73
 2 0 72.500000 2.796990 92
 10 1 27.500000 1.095694 331
 6 1 27.500000 1.144595 203
 3 0 77.500000 1.160058 126
 0 0 2.500000 2.941693 0
 1 0 72.500000 2.603396 60
 2 0 62.500000 1.010927 88
 6 1 67.500000 1.978894 219
 2 1 7.500000 1.877740 67
 0 1 12.500000 1.207892 5
 53810.010522 28
 6 1 22.500000 1.024638 201
 0 1 12.500000 1.207892 5
 8 0 22.500000 1.277040 264
 6 0 12.500000 1.516828 196
 4 1 32.500000 1.182228 141
 10 1 27.500000 1.095694 331
 7 0 62.500000 2.037794 248
 9 1 77.500000 2.920405 319
 7 0 77.500000 1.313693 254
 1 1 22.500000 2.382899 41
 4 1 52.500000 2.433690 149
 7 0 47.500000 1.289945 242
 2 1 7.500000 1.877740 67
 1 1 72.500000 1.875127 61
 1 1 52.500000 2.125623 53
 3 1 67.500000 1.166003 123
 9 0 27.500000 2.245318 298
 6 0 52.500000 1.297468 212
 8 0 72.500000 1.818843 284
 3 1 7.500000 1.504335 99
 5 1 72.500000 1.447808 189
 5 0 32.500000 2.721444 172
 9 1 42.500000 1.103195 305
 4 1 17.500000 2.882358 135
 2 0 77.500000 1.634976 94
 1 0 67.500000 2.759399 58
 0 1 27.500000 2.053017 11
 2 0 72.500000 2.796990 92
 160777.115450 15
 1 0 62.500000 2.564002 56
 5 1 47.500000 1.543503 179
 0 0 57.500000 2.283879 22
 1 1 52.500000 2.125623 53
 5 1 67.500000 2.189625 187
 8 1 7.500000 1.721747 259
 0 0 7.500000 2.168326 2
 10 0 22.500000 1.786115 328
 11 0 12.500000 1.992371 356
 9 0 32.500000 1.134614 300
 3 0 77.500000 1.160058 126
 1 0 22.500000 1.815613 40
 2 1 22.500000 1.578225 73
 1 0 12.500000 2.169170 36
 1 1 72.500000 1.875127 61
 1800147.625301 24
 9 1 7.500000 1.486370 291
 6 0 57.500000 2.022240 214
 1 1 37.500000 2.655403 47
 6 1 42.500000 1.965708 209
 0 0 32.500000 2.134211 12
 1 1 77.500000 2.960530 63
 3 1 52.500000 1.728090 117
 4 1 67.500000 2.759483 155
 9 1 2.500000 2.036625 289
 0 0 52.500000 1.848738 20
 3 1 77.500000 1.100943 127
 8 0 67.500000 1.857503 282
 1 1 22.500000 2.382899 41
 7 0 62.500000 2.037794 248
 0 0 47.500000 2.640763 18
 7 0 77.500000 1.313693 254
 2 1 22.500000 1.578225 73
 4 1 62.500000 1.737920 153
 8 0 22.500000 1.277040 264
 8 0 47.500000 2.370180 274
 9 1 42.500000 1.103195 305
 4 0 12.500000 2.997521 132
 10 0 77.500000 1.632616 350
 1 0 32.500000 1.816586 44
 1533687.487940 10
 9 1 77.500000 2.920405 319
 1 1 72.500000 1.875127 61
 7 0 62.500000 2.037794 248
 2 1 22.500000 1.578225 73
 7 0 77.500000 1.313693 254
 5 0 32.500000 2.721444 172
 0 0 22.500000 1.522408 8
 2 1 7.500000 1.877740 67
 1 1 42.500000 2.834874 49
 10 0 22.500000 1.786115 328
 244080.757109 13
 6 0 12.500000 1.516828 196
 3 0 77.500000 1.160058 126
 11 0 12.500000 1.992371 356
 11 0 52.500000 2.521035 372
 10 0 77.500000 1.632616 350
 7 1 57.500000 2.125884 247
 10 0 62.500000 2.933860 344
 9 1 42.500000 1.103195 305
 9 0 42.500000 2.830755 304
 0 0 57.500000 2.283879 22
 8 1 2.500000 1.916776 257
 9 1 62.500000 2.630383 313
 1 1 37.500000 2.655403 47
 1640610.555280 35
 11 0 37.500000 2.102166 366
 7 1 7.500000 1.125004 227
 0 0 47.500000 2.640763 18
 7 0 77.500000 1.313693 254
 10 1 7.500000 1.726854 323
 10 1 62.500000 1.330592 345
 7 0 37.500000 1.788616 238
 3 1 7.500000 1.504335 99
 8 1 37.500000 1.291214 271
 0 0 7.500000 2.168326 2
 6 0 12.500000 1.516828 196
 9 1 42.500000 1.103195 305
 1 0 22.500000 1.815613 40
 8 0 22.500000 1.277040 264
 6 0 77.500000 1.712111 222
 10 1 52.500000 1.891329 341
 2 0 2.500000 1.042763 64
 3 0 22.500000 1.383546 104
 3 0 2.500000 2.577093 96
 11 0 42.500000 1.262870 368
 1 1 72.500000 1.875127 61
 2 0 72.500000 2.796990 92
 3 1 37.500000 1.800895 111
 2 0 67.500000 2.726677 90
 1 0 67.500000 2.759399 58
 9 1 17.500000 2.354466 295
 4 0 22.500000 2.516951 136
 0 1 12.500000 1.207892 5
 4 0 12.500000 2.997521 132
 8 1 2.500000 1.916776 257
 1 1 52.500000 2.125623 53
 4 1 42.500000 1.821363 145
 1 0 62.500000 2.564002 56
 10 0 77.500000 1.632616 350
 11 0 12.500000 1.992371 356
 514826.567729 9
 9 0 27.500000 2.245318 298
 4 1 62.500000 1.737920 153
 6 0 7.500000 2.640878 194
 6 1 32.500000 1.710347 205
 3 1 67.500000 1.166003 123
 4 0 12.500000 2.997521 132
 5 0 42.500000 2.898258 176
 8 1 12.500000 1.000977 261
 5 0 17.500000 2.264269 166
 1631174.417320 23
 11 0 32.500000 1.114631 364
 8 0 72.500000 1.818843 284
 9 1 27.500000 1.768019 299
 7 0 62.500000 2.037794 248
 0 1 27.500000 2.053017 11
 7 1 57.500000 2.125884 247
 4 0 12.500000 2.997521 132
 0 0 52.500000 1.848738 20
 1 1 37.500000 2.655403 47
 11 0 17.500000 1.083108 358
 2 0 77.500000 1.634976 94
 1 0 22.500000 1.815613 40
 10 1 62.500000 1.330592 345
 11 0 37.500000 2.102166 366
 7 0 77.500000 1.313693 254
 8 1 37.500000 1.291214 271
 3 1 42.500000 2.412724 113
 0 0 2.500000 2.941693 0
 1 0 67.500000 2.759399 58
 4 1 32.500000 1.182228 141
 1 1 72.500000 1.875127 61
 3 1 7.500000 1.504335 99
 2 1 12.500000 2.790862 69
 1614968.789394 12
 6 1 27.500000 1.144595 203
 0 0 47.500000 2.640763 18
 0 0 67.500000 1.888591 26
 6 0 7.500000 2.640878 194
 3 1 42.500000 2.412724 113
 7 0 62.500000 2.037794 248
 3 0 22.500000 1.383546 104
 8 0 42.500000 2.956980 272
 11 0 37.500000 2.102166 366
 9 1 77.500000 2.920405 319
 3 1 2.500000 2.224986 97
 11 0 57.500000 1.905404 374
 631429.978568 13
 1 0 67.500000 2.759399 58
 7 0 37.500000 1.788616 238
 11 0 67.500000 1.075217 378
 2 0 72.500000 2.796990 92
 11 0 2.500000 2.862561 352
 1 0 42.500000 1.377967 48
 1 1 17.500000 2.783642 39
 5 1 72.500000 1.447808 189
 5 0 42.500000 2.898258 176
 5 0 32.500000 2.721444 172
 2 0 77.500000 1.634976 94
 2 0 67.500000 2.726677 90
 5 1 7.500000 1.062273 163
 622015.677775 18
 9 1 27.500000 1.768019 299
 6 0 2.500000 2.602354 192
 10 1 27.500000 1.095694 331
 3 1 2.500000 2.224986 97
 7 0 37.500000 1.788616 238
 8 1 2.500000 1.916776 257
 11 0 32.500000 1.114631 364
 10 1 7.500000 1.726854 323
 11 1 52.500000 2.300322 373
 0 0 37.500000 2.466665 14
 1 0 67.500000 2.759399 58
 1 1 72.500000 1.875127 61
 11 0 37.500000 2.102166 366
 7 0 77.500000 1.313693 254
 5 0 47.500000 1.902270 178
 2 0 77.500000 1.634976 94
 10 0 52.500000 2.598885 340
 6 1 67.500000 1.978894 219
 101471.361696 28
 6 1 67.500000 1.978894 219
 5 0 32.500000 2.721444 172
 9 1 42.500000 1.103195 305
 1 0 17.500000 2.560989 38
 8 0 67.500000 1.857503 282
 0 1 12.500000 1.207892 5
 2 0 52.500000 2.858697 84
 10 1 62.500000 1.330592 345
 2 1 7.500000 1.877740 67
 3 1 67.500000 1.166003 123
 2 0 77.500000 1.634976 94
 11 0 67.500000 1.075217 378
 7 1 12.500000 2.851464 229
 0 0 2.500000 2.941693 0
 11 0 52.500000 2.521035 372
 0 1 72.500000 2.179315 29
 1 1 22.500000 2.382899 41
 6 0 7.500000 2.640878 194
 0 0 47.500000 2.640763 18
 6 0 12.500000 1.516828 196
 2 0 67.500000 2.726677 90
 8 0 32.500000 2.430471 268
 2 0 72.500000 2.796990 92
 3 1 7.500000 1.504335 99
 0 0 57.500000 2.283879 22
 10 0 32.500000 1.186957 332
 1 0 67.500000 2.759399 58
 3 0 77.500000 1.160058 126
 401317.467821 5
 1 0 12.500000 2.169170 36
 6 1 67.500000 1.978894 219
 9 0 27.500000 2.245318 298
 8 1 2.500000 1.916776 257
 7 1 37.500000 1.600784 239
 1010648.844545 11
 8 0 72.500000 1.818843 284
 3 0 22.500000 1.383546 104
 10 0 22.500000 1.786115 328
 10 0 2.500000 2.863304 320
 7 0 62.500000 2.037794 248
 0 0 47.500000 2.640763 18
 6 1 22.500000 1.024638 201
 10 0 77.500000 1.632616 350
 6 0 12.500000 1.516828 196
 2 1 7.500000 1.877740 67
 8 0 57.500000 2.339216 278
 1494433.178815 11
 7 0 2.500000 2.976076 224
 0 1 2.500000 2.757554 1
 2 0 2.500000 1.042763 64
 5 1 62.500000 1.741985 185
 10 0 32.500000 1.186957 332
 0 0 7.500000 2.168326 2
 5 0 57.500000 1.517151 182
 10 1 62.500000 1.330592 345
 1 0 62.500000 2.564002 56
 0 0 2.500000 2.941693 0
 0 0 52.500000 1.848738 20
 219702.398134 27
 6 1 22.500000 1.024638 201
 11 0 72.500000 1.507461 380
 3 1 7.500000 1.504335 99
 6 1 27.500000 1.144595 203
 6 1 67.500000 1.978894 219
 2 1 7.500000 1.877740 67
 1 1 37.500000 2.655403 47
 3 0 77.500000 1.160058 126
 6 1 57.500000 2.814364 215
 1 1 52.500000 2.125623 53
 0 0 37.500000 2.466665 14
 6 0 7.500000 2.640878 194
 1 0 72.500000 2.603396 60
 11 1 42.500000 2.069671 369
 4 1 52.500000 2.433690 149
 0 0 47.500000 2.640763 18
 11 0 2.500000 2.862561 352
 5 1 2.500000 2.717906 161
 1 0 12.500000 2.169170 36
 6 0 62.500000 2.378098 216
 3 1 67.500000 1.166003 123
 5 0 67.500000 1.090910 186
 8 0 72.500000 1.818843 284
 0 1 12.500000 1.207892 5
 8 0 7.500000 1.584040 258
 10 1 27.500000 1.095694 331
 8 0 47.500000 2.370180 274
 258871.352830 34
 1 0 12.500000 2.169170 36
 8 0 72.500000 1.818843 284
 2 1 7.500000 1.877740 67
 8 0 62.500000 1.507319 280
 4 0 32.500000 2.001167 140
 1 1 72.500000 1.875127 61
 4 1 22.500000 1.809342 137
 8 1 2.500000 1.916776 257
 1 1 22.500000 2.382899 41
 8 0 17.500000 2.893076 262
 8 0 67.500000 1.857503 282
 4 1 57.500000 2.342125 151
 11 0 67.500000 1.075217 378
 6 1 57.500000 2.814364 215
 2 0 77.500000 1.634976 94
 3 0 7.500000 2.094093 98
 1 0 67.500000 2.759399 58
 1 0 72.500000 2.603396 60
 11 0 37.500000 2.102166 366
 1 0 22.500000 1.815613 40
 10 0 2.500000 2.863304 320
 10 0 32.500000 1.186957 332
 10 1 7.500000 1.726854 323
 0 1 12.500000 1.207892 5
 5 0 22.500000 2.153341 168
 6 1 77.500000 2.292585 223
 6 0 7.500000 2.640878 194
 0 1 27.500000 2.053017 11
 7 0 77.500000 1.313693 254
 9 0 22.500000 2.861891 296
 10 1 52.500000 1.891329 341
 6 1 62.500000 1.653950 217
 1 0 62.500000 2.564002 56
 1 0 32.500000 1.816586 44
 1689727.364709 29
 7 0 37.500000 1.788616 238
 2 1 32.500000 1.091420 77
 1 0 77.500000 1.597049 62
 0 0 7.500000 2.168326 2
 2 0 72.500000 2.796990 92
 5 1 77.500000 1.843630 191
 2 0 67.500000 2.726677 90
 1 0 32.500000 1.816586 44
 1 1 32.500000 2.274970 45
 9 0 27.500000 2.245318 298
 7 0 77.500000 1.313693 254
 10 1 27.500000 1.095694 331
 7 0 27.500000 2.365267 234
 6 0 12.500000 1.516828 196
 1 0 22.500000 1.815613 40
 6 0 7.500000 2.640878 194
 9 0 52.500000 2.041185 308
 7 0 7.500000 1.537121 226
 8 0 72.500000 1.818843 284
 0 0 22.500000 1.522408 8
 5 1 67.500000 2.189625 187
 4 1 22.500000 1.809342 137
 0 0 12.500000 2.476325 4
 6 1 57.500000 2.814364 215
 0 1 52.500000 2.473995 21
 0 0 27.500000 2.789435 10
 2 1 7.500000 1.877740 67
 1 1 72.500000 1.875127 61
 4 0 12.500000 2.997521 132
 128159.363013 15
 10 0 22.500000 1.786115 328
 4 1 47.500000 1.189514 147
 3 0 77.500000 1.160058 126
 5 0 32.500000 2.721444 172
 6 1 57.500000 2.814364 215
 11 0 7.500000 2.388734 354
 4 1 52.500000 2.433690 149
 9 1 42.500000 1.103195 305
 11 0 42.500000 1.262870 368
 9 1 2.500000 2.036625 289
 1 0 67.500000 2.759399 58
 1 0 22.500000 1.815613 40
 5 0 22.500000 2.153341 168
 2 0 77.500000 1.634976 94
 1 0 12.500000 2.169170 36
 1218731.981338 34
 0 0 2.500000 2.941693 0
 2 0 77.500000 1.634976 94
 5 1 52.500000 1.888153 181
 10 0 32.500000 1.186957 332
 3 0 22.500000 1.383546 104
 0 0 47.500000 2.640763 18
 10 0 62.500000 2.933860 344
 1 0 32.500000 1.816586 44
 4 0 12.500000 2.997521 132
 5 0 12.500000 1.443483 164
 11 0 42.500000 1.262870 368
 1 0 22.500000 1.815613 40
 7 0 32.500000 1.073211 236
 10 0 22.500000 1.786115 328
 1 1 52.500000 2.125623 53
 3 1 2.500000 2.224986 97
 3 1 7.500000 1.504335 99
 8 0 22.500000 1.277040 264
 4 1 52.500000 2.433690 149
 7 0 2.500000 2.976076 224
 2 0 67.500000 2.726677 90
 5 0 22.500000 2.153341 168
 8 0 57.500000 2.339216 278
 10 1 77.500000 1.106667 351
 2 1 7.500000 1.877740 67
 2 1 67.500000 1.301356 91
 10 0 67.500000 1.465699 346
 1 0 12.500000 2.169170 36
 5 0 32.500000 2.721444 172
 0 0 7.500000 2.168326 2
 11 0 17.500000 1.083108 358
 4 1 62.500000 1.737920 153
 6 0 2.500000 2.602354 192
 10 0 2.500000 2.863304 320
 1252811.691339 22
 8 0 57.500000 2.339216 278
 6 1 22.500000 1.024638 201
 0 0 52.500000 1.848738 20
 1 0 12.500000 2.169170 36
 3 1 67.500000 1.166003 123
 3 0 22.500000 1.383546 104
 4 0 52.500000 1.906268 148
 8 0 72.500000 1.818843 284
 3 1 7.500000 1.504335 99
 7 1 62.500000 2.957803 249
 0 0 57.500000 2.283879 22
 10 0 32.500000 1.186957 332
 1 1 17.500000 2.783642 39
 8 0 67.500000 1.857503 282
 6 1 67.500000 1.978894 219
 2 1 22.500000 1.578225 73
 1 0 22.500000 1.815613 40
 5 1 67.500000 2.189625 187
 3 0 2.500000 2.577093 96
 8 0 22.500000 1.277040 264
 4 1 77.500000 1.741980 159
 8 1 2.500000 1.916776 257
 580974.938488 31
 3 0 22.500000 1.383546 104
 10 0 32.500000 1.186957 332
 8 1 32.500000 2.014302 269
 11 0 42.500000 1.262870 368
 10 1 7.500000 1.726854 323
 7 0 62.500000 2.037794 248
 9 1 77.500000 2.920405 319
 6 0 57.500000 2.022240 214
 1 0 67.500000 2.759399 58
 10 1 27.500000 1.095694 331
 1 0 22.500000 1.815613 40
 2 0 72.500000 2.796990 92
 10 0 22.500000 1.786115 328
 8 0 22.500000 1.277040 264
 1 1 37.500000 2.655403 47
 9 0 27.500000 2.245318 298
 0 0 37.500000 2.466665 14
 3 0 77.500000 1.160058 126
 1 1 42.500000 2.834874 49
 1 1 72.500000 1.875127 61
 9 1 7.500000 1.486370 291
 6 1 22.500000 1.024638 201
 0 0 47.500000 2.640763 18
 3 0 2.500000 2.577093 96
 1 1 52.500000 2.125623 53
 0 1 27.500000 2.053017 11
 8 0 67.500000 1.857503 282
 8 0 72.500000 1.818843 284
 5 1 62.500000 1.741985 185
 10 0 77.500000 1.632616 350
 11 0 77.500000 1.830276 382
 1332182.356553 31
 4 0 12.500000 2.997521 132
 11 0 12.500000 1.992371 356
 6 1 27.500000 1.144595 203
 4 0 37.500000 1.803298 142
 5 1 12.500000 2.527079 165
 9 1 7.500000 1.486370 291
 11 0 67.500000 1.075217 378
 10 0 22.500000 1.786115 328
 0 0 7.500000 2.168326 2
 9 1 77.500000 2.920405 319
 8 0 17.500000 2.893076 262
 8 1 12.500000 1.000977 261
 5 0 32.500000 2.721444 172
 5 1 2.500000 2.717906 161
 0 1 12.500000 1.207892 5
 2 0 67.500000 2.726677 90
 8 1 22.500000 2.518736 265
 10 0 77.500000 1.632616 350
 7 0 22.500000 2.381642 232
 8 1 7.500000 1.721747 259
 2 1 7.500000 1.877740 67
 11 0 52.500000 2.521035 372
 2 0 72.500000 2.796990 92
 4 1 52.500000 2.433690 149
 6 1 77.500000 2.292585 223
 1 0 62.500000 2.564002 56
 1 0 22.500000 1.815613 40
 9 1 27.500000 1.768019 299
 5 0 42.500000 2.898258 176
 1 0 12.500000 2.169170 36
 2 1 2.500000 2.188041 65
 1080782.437213 17
 9 0 12.500000 1.014201 292
 0 0 57.500000 2.283879 22
 1 0 22.500000 1.815613 40
 8 0 72.500000 1.818843 284
 8 0 62.500000 1.507319 280
 11 1 7.500000 1.223065 355
 0 1 27.500000 2.053017 11
 7 0 27.500000 2.365267 234
 2 0 67.500000 2.726677 90
 10 0 22.500000 1.786115 328
 2 0 72.500000 2.796990 92
 5 1 22.500000 1.708022 169
 0 0 37.500000 2.466665 14
 7 0 37.500000 1.788616 238
 9 1 42.500000 1.103195 305
 1 0 72.500000 2.603396 60
 6 1 67.500000 1.978894 219
 1746605.640662 25
 10 0 32.500000 1.186957 332
 6 1 72.500000 1.090370 221
 0 1 27.500000 2.053017 11
 11 0 67.500000 1.075217 378
 2 0 72.500000 2.796990 92
 6 1 22.500000 1.024638 201
 9 1 42.500000 1.103195 305
 8 0 72.500000 1.818843 284
 9 0 27.500000 2.245318 298
 5 0 22.500000 2.153341 168
 3 0 2.500000 2.577093 96
 1 0 77.500000 1.597049 62
 2 0 12.500000 1.860117 68
 3 1 7.500000 1.504335 99
 1 0 42.500000 1.377967 48
 5 1 27.500000 1.506994 171
 0 0 2.500000 2.941693 0
 5 0 32.500000 2.721444 172
 0 0 57.500000 2.283879 22
 1 0 32.500000 1.816586 44
 5 1 37.500000 1.805898 175
 1 1 72.500000 1.875127 61
 11 0 2.500000 2.862561 352
 8 1 27.500000 2.052970 267
 11 0 52.500000 2.521035 372
 1210855.161888 6
 0 1 62.500000 2.193937 25
 9 0 27.500000 2.245318 298
 5 0 22.500000 2.153341 168
 3 0 77.500000 1.160058 126
 1 0 42.500000 1.377967 48
 0 0 37.500000 2.466665 14
 437245.789057 3
 0 0 37.500000 2.466665 14
 6 0 7.500000 2.640878 194
 1 0 22.500000 1.815613 40
 138140.813177 14
 11 0 37.500000 2.102166 366
 3 1 67.500000 1.166003 123
 2 0 72.500000 2.796990 92
 1 1 72.500000 1.875127 61
 6 1 27.500000 1.144595 203
 6 1 67.500000 1.978894 219
 0 1 27.500000 2.053017 11
 0 0 47.500000 2.640763 18
 11 0 52.500000 2.521035 372
 1 0 32.500000 1.816586 44
 4 1 52.500000 2.433690 149
 10 1 2.500000 2.522555 321
 5 1 67.500000 2.189625 187
 10 0 77.500000 1.632616 350
 919118.537884 20
 1 1 72.500000 1.875127 61
 0 0 2.500000 2.941693 0
 0 0 22.500000 1.522408 8
 3 0 22.500000 1.383546 104
 9 1 27.500000 1.768019 299
 0 0 7.500000 2.168326 2
 7 0 62.500000 2.037794 248
 8 0 72.500000 1.818843 284
 6 1 27.500000 1.144595 203
 10 0 22.500000 1.786115 328
 1 0 72.500000 2.603396 60
 3 1 37.500000 1.800895 111
 4 1 62.500000 1.737920 153
 5 0 32.500000 2.721444 172
 11 0 67.500000 1.075217 378
 9 0 67.500000 1.177942 314
 1 0 67.500000 2.759399 58
 11 1 37.500000 1.814175 367
 0 1 62.500000 2.193937 25
 9 1 77.500000 2.920405 319
 1329240.958732 16
 1 1 72.500000 1.875127 61
 6 0 67.500000 1.672185 218
 10 0 77.500000 1.632616 350
 5 0 42.500000 2.898258 176
 2 1 7.500000 1.877740 67
 10 1 7.500000 1.726854 323
 8 0 57.500000 2.339216 278
 10 1 52.500000 1.891329 341
 2 1 22.500000 1.578225 73
 10 0 62.500000 2.933860 344
 1 1 37.500000 2.655403 47
 8 1 77.500000 1.489493 287
 3 0 77.500000 1.160058 126
 1 1 77.500000 2.960530 63
 6 1 12.500000 1.684530 197
 11 0 52.500000 2.521035 372
 438876.741435 9
 2 1 7.500000 1.877740 67
 4 0 12.500000 2.997521 132
 0 0 22.500000 1.522408 8
 2 0 77.500000 1.634976 94
 6 1 67.500000 1.978894 219
 0 0 2.500000 2.941693 0
 11 0 2.500000 2.862561 352
 7 0 27.500000 2.365267 234
 0 1 62.500000 2.193937 25
 1897119.490140 13
 0 1 12.500000 1.207892 5
 5 0 17.500000 2.264269 166
 1 0 22.500000 1.815613 40
 9 1 27.500000 1.768019 299
 6 1 22.500000 1.024638 201
 8 1 2.500000 1.916776 257
 5 0 32.500000 2.721444 172
 0 1 27.500000 2.053017 11
 2 0 57.500000 2.105438 86
 3 1 67.500000 1.166003 123
 11 0 42.500000 1.262870 368
 10 0 62.500000 2.933860 344
 0 0 47.500000 2.640763 18
 719966.973253 28
 2 1 7.500000 1.877740 67
 5 0 42.500000 2.898258 176
 3 0 17.500000 2.095541 102
 11 0 37.500000 2.102166 366
 4 0 57.500000 1.777269 150
 9 1 2.500000 2.036625 289
 0 0 57.500000 2.283879 22
 3 1 67.500000 1.166003 123
 4 0 67.500000 1.984266 154
 8 1 12.500000 1.000977 261
 6 1 27.500000 1.144595 203
 8 0 22.500000 1.277040 264
 2 0 67.500000 2.726677 90
 2 1 72.500000 2.063037 93
 6 0 7.500000 2.640878 194
 0 0 22.500000 1.522408 8
 4 1 47.500000 1.189514 147
 6 0 12.500000 1.516828 196
 3 0 22.500000 1.383546 104
 3 0 77.500000 1.160058 126
 10 1 22.500000 2.580982 329
 8 1 72.500000 2.057474 285
 11 0 32.500000 1.114631 364
 2 0 77.500000 1.634976 94
 8 0 67.500000 1.857503 282
 10 0 62.500000 2.933860 344
 5 1 72.500000 1.447808 189
 9 1 27.500000 1.768019 299
 401298.618820 26
 5 0 32.500000 2.721444 172
 1 0 67.500000 2.759399 58
 5 0 42.500000 2.898258 176
 0 1 12.500000 1.207892 5
 8 0 67.500000 1.857503 282
 3 1 67.500000 1.166003 123
 0 0 22.500000 1.522408 8
 1 0 37.500000 1.893877 46
 2 0 67.500000 2.726677 90
 1 0 22.500000 1.815613 40
 3 1 2.500000 2.224986 97
 5 0 22.500000 2.153341 168
 8 0 42.500000 2.956980 272
 7 0 27.500000 2.365267 234
 3 0 22.500000 1.383546 104
 5 1 67.500000 2.189625 187
 4 1 52.500000 2.433690 149
 2 1 7.500000 1.877740 67
 3 1 7.500000 1.504335 99
 8 1 7.500000 1.721747 259
 8 0 57.500000 2.339216 278
 11 0 32.500000 1.114631 364
 11 0 42.500000 1.262870 368
 2 1 42.500000 1.460942 81
 10 0 62.500000 2.933860 344
 1 1 22.500000 2.382899 41
 1954583.408513 5
 3 1 7.500000 1.504335 99
 8 0 72.500000 1.818843 284
 11 1 12.500000 2.034750 357
 4 0 12.500000 2.997521 132
 7 0 37.500000 1.788616 238
 1411085.191989 20
 10 0 22.500000 1.786115 328
 11 0 52.500000 2.521035 372
 1 0 67.500000 2.759399 58
 3 0 72.500000 1.655718 124
 2 1 7.500000 1.877740 67
 9 0 27.500000 2.245318 298
 2 0 77.500000 1.634976 94
 8 1 47.500000 1.399408 275
 0 0 22.500000 1.522408 8
 1 1 37.500000 2.655403 47
 9 1 77.500000 2.920405 319
 6 0 52.500000 1.297468 212
 0 1 62.500000 2.193937 25
 3 0 2.500000 2.577093 96
 4 0 2.500000 1.809456 128
 6 1 27.500000 1.144595 203
 8 0 67.500000 1.857503 282
 3 1 67.500000 1.166003 123
 3 1 37.500000 1.800895 111
 10 1 27.500000 1.095694 331
 327274.944599 2
 5 1 72.500000 1.447808 189
 5 0 32.500000 2.721444 172
 427171.134365 14
 4 1 42.500000 1.821363 145
 0 1 12.500000 1.207892 5
 1 1 42.500000 2.834874 49
 3 0 77.500000 1.160058 126
 9 1 27.500000 1.768019 299
 1 0 22.500000 1.815613 40
 3 1 2.500000 2.224986 97
 5 0 32.500000 2.721444 172
 10 0 22.500000 1.786115 328
 5 0 42.500000 2.898258 176
 5 0 22.500000 2.153341 168
 9 0 32.500000 1.134614 300
 7 0 37.500000 1.788616 238
 2 0 77.500000 1.634976 94
 1145460.903563 35
 0 1 27.500000 2.053017 11
 0 0 32.500000 2.134211 12
 9 1 42.500000 1.103195 305
 3 0 2.500000 2.577093 96
 10 0 37.500000 2.563039 334
 5 1 72.500000 1.447808 189
 4 1 42.500000 1.821363 145
 8 0 67.500000 1.857503 282
 11 0 67.500000 1.075217 378
 2 0 2.500000 1.042763 64
 4 1 32.500000 1.182228 141
 1 0 32.500000 1.816586 44
 1 1 77.500000 2.960530 63
 2 1 22.500000 1.578225 73
 8 1 42.500000 2.297124 273
 11 0 52.500000 2.521035 372
 1 0 22.500000 1.815613 40
 1 0 67.500000 2.759399 58
 4 1 22.500000 1.809342 137
 0 0 22.500000 1.522408 8
 0 1 32.500000 1.605335 13
 6 0 7.500000 2.640878 194
 10 1 27.500000 1.095694 331
 0 0 47.500000 2.640763 18
 11 0 37.500000 2.102166 366
 8 0 72.500000 1.818843 284
 7 0 62.500000 2.037794 248
 0 0 37.500000 2.466665 14
 10 0 62.500000 2.933860 344
 8 1 22.500000 2.518736 265
 6 1 72.500000 1.090370 221
 0 1 12.500000 1.207892 5
 4 0 12.500000 2.997521 132
 1 0 72.500000 2.603396 60
 0 0 2.500000 2.941693 0
 153804.106113 12
 11 0 42.500000 1.262870 368
 0 0 47.500000 2.640763 18
 1 1 42.500000 2.834874 49
 1 0 62.500000 2.564002 56
 10 1 62.500000 1.330592 345
 9 0 27.500000 2.245318 298
 4 1 7.500000 2.211491 131
 0 0 22.500000 1.522408 8
 11 1 2.500000 1.965243 353
 7 0 37.500000 1.788616 238
 1 1 47.500000 1.678372 51
 3 1 2.500000 2.224986 97
 1251607.819596 31
 5 1 67.500000 2.189625 187
 11 0 37.500000 2.102166 366
 7 0 27.500000 2.365267 234
 7 0 62.500000 2.037794 248
 3 1 2.500000 2.224986 97
 2 1 32.500000 1.091420 77
 3 0 77.500000 1.160058 126
 0 0 2.500000 2.941693 0
 1 0 62.500000 2.564002 56
 1 0 67.500000 2.759399 58
 2 1 7.500000 1.877740 67
 5 0 22.500000 2.153341 168
 4 1 17.500000 2.882358 135
 9 0 27.500000 2.245318 298
 6 0 12.500000 1.516828 196
 3 0 22.500000 1.383546 104
 5 0 42.500000 2.898258 176
 4 1 72.500000 1.206041 157
 4 0 12.500000 2.997521 132
 9 1 67.500000 2.254231 315
 6 0 7.500000 2.640878 194
 2 0 42.500000 2.894388 80
 9 1 22.500000 1.480810 297
 0 1 27.500000 2.053017 11
 1 0 22.500000 1.815613 40
 2 1 22.500000 1.578225 73
 0 0 47.500000 2.640763 18
 0 1 12.500000 1.207892 5
 8 0 52.500000 1.988625 276
 10 0 62.500000 2.933860 344
 11 0 32.500000 1.114631 364
 530761.886095 19
 2 0 72.500000 2.796990 92
 9 1 27.500000 1.768019 299
 1 0 32.500000 1.816586 44
 7 0 77.500000 1.313693 254
 4 1 52.500000 2.433690 149
 11 0 67.500000 1.075217 378
 10 1 7.500000 1.726854 323
 8 0 67.500000 1.857503 282
 5 0 32.500000 2.721444 172
 10 0 32.500000 1.186957 332
 6 1 67.500000 1.978894 219
 3 0 77.500000 1.160058 126
 2 1 22.500000 1.578225 73
 11 1 27.500000 1.499591 363
 3 0 22.500000 1.383546 104
 6 0 7.500000 2.640878 194
 2 0 67.500000 2.726677 90
 1 0 67.500000 2.759399 58
 1 1 37.500000 2.655403 47
 614409.338559 10
 8 0 57.500000 2.339216 278
 2 0 72.500000 2.796990 92
 11 0 67.500000 1.075217 378
 9 0 22.500000 2.861891 296
 6 0 7.500000 2.640878 194
 5 0 22.500000 2.153341 168
 3 1 67.500000 1.166003 123
 10 0 32.500000 1.186957 332
 0 1 12.500000 1.207892 5
 11 0 52.500000 2.521035 372
 497439.459235 20
 0 0 2.500000 2.941693 0
 8 0 67.500000 1.857503 282
 1 1 22.500000 2.382899 41
 5 0 22.500000 2.153341 168
 9 1 27.500000 1.768019 299
 6 1 57.500000 2.814364 215
 6 0 77.500000 1.712111 222
 8 0 22.500000 1.277040 264
 3 0 77.500000 1.160058 126
 1 0 12.500000 2.169170 36
 4 0 12.500000 2.997521 132
 6 0 7.500000 2.640878 194
 0 0 22.500000 1.522408 8
 0 1 72.500000 2.179315 29
 6 1 27.500000 1.144595 203
 10 1 7.500000 1.726854 323
 1 0 32.500000 1.816586 44
 9 0 27.500000 2.245318 298
 10 0 22.500000 1.786115 328
 10 1 52.500000 1.891329 341
 629873.326044 20
 11 0 2.500000 2.862561 352
 3 0 77.500000 1.160058 126
 3 0 22.500000 1.383546 104
 6 1 22.500000 1.024638 201
 8 0 67.500000 1.857503 282
 2 0 67.500000 2.726677 90
 2 1 7.500000 1.877740 67
 3 0 2.500000 2.577093 96
 1 0 42.500000 1.377967 48
 10 0 77.500000 1.632616 350
 8 1 47.500000 1.399408 275
 2 1 67.500000 1.301356 91
 10 1 7.500000 1.726854 323
 4 1 37.500000 1.765204 143
 10 0 12.500000 1.406815 324
 0 0 7.500000 2.168326 2
 8 0 22.500000 1.277040 264
 10 0 22.500000 1.786115 328
 2 0 77.500000 1.634976 94
 3 1 2.500000 2.224986 97
 1012606.967451 6
 1 1 22.500000 2.382899 41
 1 0 32.500000 1.816586 44
 0 0 47.500000 2.640763 18
 5 0 42.500000 2.898258 176
 10 1 27.500000 1.095694 331
 6 1 27.500000 1.144595 203
 949950.331110 4
 0 0 7.500000 2.168326 2
 3 0 22.500000 1.383546 104
 3 1 47.500000 1.021147 115
 5 0 32.500000 2.721444 172
 957803.373000 29
 1 0 62.500000 2.564002 56
 5 1 72.500000 1.447808 189
 3 0 77.500000 1.160058 126
 2 0 67.500000 2.726677 90
 3 0 17.500000 2.095541 102
 9 1 27.500000 1.768019 299
 6 0 7.500000 2.640878 194
 2 1 7.500000 1.877740 67
 5 1 67.500000 2.189625 187
 8 0 67.500000 1.857503 282
 1 1 37.500000 2.655403 47
 0 1 12.500000 1.207892 5
 7 0 37.500000 1.788616 238
 4 0 12.500000 2.997521 132
 3 1 37.500000 1.800895 111
 7 0 32.500000 1.073211 236
 8 0 22.500000 1.277040 264
 0 0 22.500000 1.522408 8
 7 1 17.500000 1.504502 231
 5 0 22.500000 2.153341 168
 5 1 47.500000 1.543503 179
 5 0 32.500000 2.721444 172
 1 0 12.500000 2.169170 36
 5 0 42.500000 2.898258 176
 8 1 2.500000 1.916776 257
 5 1 12.500000 2.527079 165
 0 0 47.500000 2.640763 18
 1 0 32.500000 1.816586 44
 5 0 77.500000 1.864088 190
 161354.131979 6
 0 1 27.500000 2.053017 11
 3 1 7.500000 1.504335 99
 10 0 32.500000 1.186957 332
 10 0 2.500000 2.863304 320
 7 0 77.500000 1.313693 254
 9 1 42.500000 1.103195 305
 1087843.992677 22
 11 0 2.500000 2.862561 352
 5 1 52.500000 1.888153 181
 10 1 62.500000 1.330592 345
 1 0 62.500000 2.564002 56
 5 0 17.500000 2.264269 166
 10 0 42.500000 2.493859 336
 10 1 7.500000 1.726854 323
 5 1 42.500000 2.397704 177
 0 0 2.500000 2.941693 0
 3 1 2.500000 2.224986 97
 10 0 77.500000 1.632616 350
 11 0 52.500000 2.521035 372
 9 1 42.500000 1.103195 305
 10 1 27.500000 1.095694 331
 2 0 77.500000 1.634976 94
 7 1 72.500000 2.065792 253
 6 1 57.500000 2.814364 215
 10 0 22.500000 1.786115 328
 1 0 37.500000 1.893877 46
 2 1 7.500000 1.877740 67
 4 1 32.500000 1.182228 141
 4 1 52.500000 2.433690 149
 864452.261303 10
 5 1 27.500000 1.506994 171
 8 0 72.500000 1.818843 284
 9 1 77.500000 2.920405 319
 11 0 12.500000 1.992371 356
 6 0 17.500000 2.245260 198
 11 0 67.500000 1.075217 378
 7 0 17.500000 2.419925 230
 10 0 37.500000 2.563039 334
 2 0 72.500000 2.796990 92
 10 1 7.500000 1.726854 323
 1040130.187031 24
 6 0 12.500000 1.516828 196
 8 0 72.500000 1.818843 284
 3 1 67.500000 1.166003 123
 2 0 77.500000 1.634976 94
 1 1 47.500000 1.678372 51
 9 1 27.500000 1.768019 299
 10 0 32.500000 1.186957 332
 9 1 42.500000 1.103195 305
 1 0 32.500000 1.816586 44
 11 0 77.500000 1.830276 382
 4 0 2.500000 1.809456 128
 10 0 22.500000 1.786115 328
 11 0 2.500000 2.862561 352
 7 0 37.500000 1.788616 238
 11 1 12.500000 2.034750 357
 7 0 27.500000 2.365267 234
 1 0 72.500000 2.603396 60
 10 1 52.500000 1.891329 341
 9 1 57.500000 2.846319 311
 0 0 2.500000 2.941693 0
 3 0 22.500000 1.383546 104
 6 1 27.500000 1.144595 203
 5 1 67.500000 2.189625 187
 6 1 22.500000 1.024638 201
 1133981.987393 5
 11 0 2.500000 2.862561 352
 2 1 2.500000 2.188041 65
 0 0 32.500000 2.134211 12
 7 0 37.500000 1.788616 238
 5 1 67.500000 2.189625 187
 770480.435011 32
 2 0 57.500000 2.105438 86
 9 0 12.500000 1.014201 292
 0 0 47.500000 2.640763 18
 8 0 72.500000 1.818843 284
 2 0 77.500000 1.634976 94
 10 0 77.500000 1.632616 350
 9 1 47.500000 2.370604 307
 0 0 7.500000 2.168326 2
 1 1 72.500000 1.875127 61
 1 1 22.500000 2.382899 41
 3 0 32.500000 2.495068 108
 3 1 52.500000 1.728090 117
 1 0 32.500000 1.816586 44
 2 0 72.500000 2.796990 92
 6 1 67.500000 1.978894 219
 5 1 72.500000 1.447808 189
 3 1 32.500000 1.884734 109
 6 1 32.500000 1.710347 205
 7 0 37.500000 1.788616 238
 11 1 52.500000 2.300322 373
 7 1 52.500000 2.843107 245
 2 0 42.500000 2.894388 80
 8 0 47.500000 2.370180 274
 3 0 77.500000 1.160058 126
 1 0 62.500000 2.564002 56
 8 0 7.500000 1.584040 258
 2 1 7.500000 1.877740 67
 8 0 67.500000 1.857503 282
 0 0 57.500000 2.283879 22
 4 1 52.500000 2.433690 149
 2 1 22.500000 1.578225 73
 8 1 2.500000 1.916776 257
 1129417.266422 31
 0 0 32.500000 2.134211 12
 10 1 67.500000 1.196623 347
 10 1 7.500000 1.726854 323
 6 0 12.500000 1.516828 196
 3 0 52.500000 2.557305 116
 10 0 32.500000 1.186957 332
 8 0 57.500000 2.339216 278
 4 1 62.500000 1.737920 153
 10 0 77.500000 1.632616 350
 1 0 12.500000 2.169170 36
 7 1 17.500000 1.504502 231
 1 1 72.500000 1.875127 61
 7 1 42.500000 1.358362 241
 11 0 67.500000 1.075217 378
 3 0 22.500000 1.383546 104
 5 1 27.500000 1.506994 171
 9 1 27.500000 1.768019 299
 11 0 37.500000 2.102166 366
 1 1 52.500000 2.125623 53
 0 0 2.500000 2.941693 0
 0 0 7.500000 2.168326 2
 3 1 7.500000 1.504335 99
 3 1 42.500000 2.412724 113
 1 1 42.500000 2.834874 49
 10 1 62.500000 1.330592 345
 4 0 12.500000 2.997521 132
 4 0 17.500000 1.834497 134
 4 0 2.500000 1.809456 128
 2 1 22.500000 1.578225 73
 10 0 62.500000 2.933860 344
 7 0 77.500000 1.313693 254
 1357363.396174 27
 3 1 67.500000 1.166003 123
 10 1 27.500000 1.095694 331
 3 0 2.500000 2.577093 96
 1 1 22.500000 2.382899 41
 9 1 27.500000 1.768019 299
 8 0 57.500000 2.339216 278
 1 0 72.500000 2.603396 60
 2 1 7.500000 1.877740 67
 9 0 27.500000 2.245318 298
 3 0 17.500000 2.095541 102
 6 0 12.500000 1.516828 196
 3 1 7.500000 1.504335 99
 4 1 52.500000 2.433690 149
 8 0 72.500000 1.818843 284
 4 1 62.500000 1.737920 153
 10 1 17.500000 1.724865 327
 10 1 7.500000 1.726854 323
 0 0 37.500000 2.466665 14
 9 1 77.500000 2.920405 319
 0 0 7.500000 2.168326 2
 10 0 47.500000 1.097914 338
 0 0 22.500000 1.522408 8
 1 1 52.500000 2.125623 53
 2 0 72.500000 2.796990 92
 7 0 77.500000 1.313693 254
 6 0 7.500000 2.640878 194
 10 0 77.500000 1.632616 350
 1197730.066831 14
 0 1 62.500000 2.193937 25
 1 0 12.500000 2.169170 36
 7 0 77.500000 1.313693 254
 8 0 72.500000 1.818843 284
 3 0 77.500000 1.160058 126
 2 0 77.500000 1.634976 94
 10 1 52.500000 1.891329 341
 6 1 22.500000 1.024638 201
 2 1 7.500000 1.877740 67
 0 0 72.500000 2.845487 28
 7 0 62.500000 2.037794 248
 6 1 27.500000 1.144595 203
 9 1 42.500000 1.103195 305
 2 0 72.500000 2.796990 92
 382901.039805 19
 0 0 32.500000 2.134211 12
 11 0 2.500000 2.862561 352
 4 1 62.500000 1.737920 153
 6 0 32.500000 2.084575 204
 7 0 37.500000 1.788616 238
 1 1 52.500000 2.125623 53
 9 1 62.500000 2.630383 313
 1 0 42.500000 1.377967 48
 11 0 42.500000 1.262870 368
 4 1 52.500000 2.433690 149
 0 1 12.500000 1.207892 5
 3 1 62.500000 2.082943 121
 10 1 17.500000 1.724865 327
 5 1 72.500000 1.447808 189
 11 0 52.500000 2.521035 372
 5 1 67.500000 2.189625 187
 10 1 62.500000 1.330592 345
 8 0 12.500000 2.392845 260
 2 0 77.500000 1.634976 94
 881206.101981 14
 8 0 57.500000 2.339216 278
 4 1 32.500000 1.182228 141
 3 1 7.500000 1.504335 99
 7 0 62.500000 2.037794 248
 10 0 77.500000 1.632616 350
 1 0 72.500000 2.603396 60
 11 0 42.500000 1.262870 368
 7 0 37.500000 1.788616 238
 6 0 12.500000 1.516828 196
 5 0 32.500000 2.721444 172
 2 0 77.500000 1.634976 94
 1 0 22.500000 1.815613 40
 9 1 7.500000 1.486370 291
 11 0 52.500000 2.521035 372
 917295.585273 12
 1 0 72.500000 2.603396 60
 4 1 52.500000 2.433690 149
 10 1 7.500000 1.726854 323
 6 0 32.500000 2.084575 204
 2 0 67.500000 2.726677 90
 1 0 62.500000 2.564002 56
 11 0 42.500000 1.262870 368
 1 0 52.500000 1.245190 52
 6 1 57.500000 2.814364 215
 1 0 12.500000 2.169170 36
 7 0 57.500000 2.131953 246
 6 1 42.500000 1.965708 209
 1376714.852162 29
 1 0 62.500000 2.564002 56
 10 0 57.500000 1.599967 342
 8 0 22.500000 1.277040 264
 0 0 22.500000 1.522408 8
 2 1 62.500000 2.033177 89
 5 0 17.500000 2.264269 166
 7 1 7.500000 1.125004 227
 3 1 67.500000 1.166003 123
 9 0 27.500000 2.245318 298
 11 0 12.500000 1.992371 356
 4 0 72.500000 2.440944 156
 7 0 27.500000 2.365267 234
 11 0 52.500000 2.521035 372
 2 0 47.500000 2.646259 82
 10 1 77.500000 1.106667 351
 8 0 62.500000 1.507319 280
 0 0 2.500000 2.941693 0
 5 0 42.500000 2.898258 176
 2 0 67.500000 2.726677 90
 8 0 72.500000 1.818843 284
 11 0 67.500000 1.075217 378
 10 0 77.500000 1.632616 350
 6 1 67.500000 1.978894 219
 6 1 27.500000 1.144595 203
 1 1 52.500000 2.125623 53
 5 1 72.500000 1.447808 189
 2 1 7.500000 1.877740 67
 9 0 7.500000 1.062642 290
 8 1 2.500000 1.916776 257
 1826469.977734 12
 1 0 62.500000 2.564002 56
 4 1 17.500000 2.882358 135
 6 1 27.500000 1.144595 203
 0 0 62.500000 1.503168 24
 0 0 2.500000 2.941693 0
 8 1 2.500000 1.916776 257
 9 1 37.500000 1.765322 303
 1 1 37.500000 2.655403 47
 0 0 57.500000 2.283879 22
 2 1 7.500000 1.877740 67
 10 1 32.500000 1.867780 333
 5 1 77.500000 1.843630 191
 1711407.283745 35
 4 1 62.500000 1.737920 153
 2 1 7.500000 1.877740 67
 4 1 52.500000 2.433690 149
 6 1 57.500000 2.814364 215
 4 0 12.500000 2.997521 132
 3 1 2.500000 2.224986 97
 1 0 27.500000 2.784553 42
 11 0 2.500000 2.862561 352
 8 0 22.500000 1.277040 264
 10 1 27.500000 1.095694 331
 8 0 72.500000 1.818843 284
 0 0 47.500000 2.640763 18
 6 1 67.500000 1.978894 219
 0 1 12.500000 1.207892 5
 7 0 57.500000 2.131953 246
 3 1 42.500000 2.412724 113
 8 0 67.500000 1.857503 282
 2 0 77.500000 1.634976 94
 10 0 62.500000 2.933860 344
 3 1 37.500000 1.800895 111
 4 0 67.500000 1.984266 154
 11 0 67.500000 1.075217 378
 1 0 22.500000 1.815613 40
 1 1 22.500000 2.382899 41
 3 1 7.500000 1.504335 99
 10 1 32.500000 1.867780 333
 0 0 37.500000 2.466665 14
 5 1 7.500000 1.062273 163
 9 1 77.500000 2.920405 319
 6 0 32.500000 2.084575 204
 10 1 52.500000 1.891329 341
 5 0 22.500000 2.153341 168
 7 1 42.500000 1.358362 241
 1 1 37.500000 2.655403 47
 7 0 17.500000 2.419925 230
 1056404.013436 12
 11 1 47.500000 1.225702 371
 1 0 62.500000 2.564002 56
 7 1 77.500000 1.447108 255
 2 1 37.500000 1.602443 79
 10 0 32.500000 1.186957 332
 2 1 7.500000 1.877740 67
 5 1 67.500000 2.189625 187
 5 0 42.500000 2.898258 176
 0 0 22.500000 1.522408 8
 5 1 72.500000 1.447808 189
 11 0 52.500000 2.521035 372
 0 0 62.500000 1.503168 24
 1660067.840209 24
 0 0 42.500000 1.126417 16
 5 0 32.500000 2.721444 172
 10 0 62.500000 2.933860 344
 6 1 67.500000 1.978894 219
 8 0 47.500000 2.370180 274
 10 1 27.500000 1.095694 331
 1 0 22.500000 1.815613 40
 10 0 47.500000 1.097914 338
 1 0 12.500000 2.169170 36
 1 0 32.500000 1.816586 44
 5 0 42.500000 2.898258 176
 6 0 12.500000 1.516828 196
 3 1 7.500000 1.504335 99
 5 1 47.500000 1.543503 179
 5 0 22.500000 2.153341 168
 4 1 47.500000 1.189514 147
 5 1 67.500000 2.189625 187
 4 1 62.500000 1.737920 153
 8 1 7.500000 1.721747 259
 9 0 32.500000 1.134614 300
 10 1 62.500000 1.330592 345
 10 0 12.500000 1.406815 324
 5 0 67.500000 1.090910 186
 6 1 2.500000 2.323343 193
 1280003.600400 3
 5 0 47.500000 1.902270 178
 7 1 37.500000 1.600784 239
 2 1 27.500000 1.773480 75
 1783870.365333 2
 4 1 52.500000 2.433690 149
 7 0 27.500000 2.365267 234
 1311090.005725 25
 8 0 22.500000 1.277040 264
 10 1 7.500000 1.726854 323
 10 1 77.500000 1.106667 351
 9 0 72.500000 2.624045 316
 4 1 52.500000 2.433690 149
 8 0 72.500000 1.818843 284
 8 0 57.500000 2.339216 278
 9 0 32.500000 1.134614 300
 1 0 32.500000 1.816586 44
 11 0 7.500000 2.388734 354
 11 0 37.500000 2.102166 366
 2 0 12.500000 1.860117 68
 10 1 62.500000 1.330592 345
 6 1 22.500000 1.024638 201
 9 0 67.500000 1.177942 314
 1 1 52.500000 2.125623 53
 0 1 12.500000 1.207892 5
 5 0 2.500000 2.596099 160
 5 0 32.500000 2.721444 172
 0 0 7.500000 2.168326 2
 5 0 22.500000 2.153341 168
 6 1 77.500000 2.292585 223
 3 0 12.500000 1.368690 100
 3 0 77.500000 1.160058 126
 11 0 2.500000 2.862561 352
 828636.851529 21
 6 0 42.500000 1.663678 208
 9 1 42.500000 1.103195 305
 1 0 32.500000 1.816586 44
 5 0 22.500000 2.153341 168
 1 1 12.500000 2.406226 37
 7 1 57.500000 2.125884 247
 3 1 67.500000 1.166003 123
 9 0 7.500000 1.062642 290
 5 1 67.500000 2.189625 187
 0 0 7.500000 2.168326 2
 5 1 7.500000 1.062273 163
 9 1 77.500000 2.920405 319
 1 0 72.500000 2.603396 60
 5 1 72.500000 1.447808 189
 5 1 57.500000 1.070412 183
 0 1 12.500000 1.207892 5
 0 1 27.500000 2.053017 11
 1 0 12.500000 2.169170 36
 1 1 22.500000 2.382899 41
 0 0 22.500000 1.522408 8
 2 0 72.500000 2.796990 92
 1526217.882468 20
 10 0 27.500000 1.860399 330
 10 0 37.500000 2.563039 334
 9 0 2.500000 1.960153 288
 0 0 57.500000 2.283879 22
 1 0 22.500000 1.815613 40
 9 1 42.500000 1.103195 305
 1 0 67.500000 2.759399 58
 11 1 67.500000 2.865086 379
 10 1 62.500000 1.330592 345
 3 1 72.500000 2.932481 125
 7 0 77.500000 1.313693 254
 5 1 72.500000 1.447808 189
 3 1 2.500000 2.224986 97
 10 0 22.500000 1.786115 328
 8 0 72.500000 1.818843 284
 2 0 32.500000 2.332726 76
 0 0 47.500000 2.640763 18
 1 0 62.500000 2.564002 56
 6 0 57.500000 2.022240 214
 11 0 37.500000 2.102166 366
 778532.835291 12
 9 0 22.500000 2.861891 296
 0 1 57.500000 2.938651 23
 0 1 12.500000 1.207892 5
 10 0 22.500000 1.786115 328
 7 0 57.500000 2.131953 246
 1 1 72.500000 1.875127 61
 4 1 52.500000 2.433690 149
 10 1 7.500000 1.726854 323
 11 0 2.500000 2.862561 352
 7 1 77.500000 1.447108 255
 8 0 57.500000 2.339216 278
 10 1 62.500000 1.330592 345
 1383505.555011 33
 11 0 32.500000 1.114631 364
 1 0 72.500000 2.603396 60
 4 0 12.500000 2.997521 132
 7 0 72.500000 2.380549 252
 10 1 7.500000 1.726854 323
 11 0 12.500000 1.992371 356
 4 1 52.500000 2.433690 149
 0 1 72.500000 2.179315 29
 11 0 67.500000 1.075217 378
 0 1 12.500000 1.207892 5
 2 0 67.500000 2.726677 90
 5 1 32.500000 1.898150 173
 6 0 42.500000 1.663678 208
 4 1 42.500000 1.821363 145
 8 1 2.500000 1.916776 257
 10 0 77.500000 1.632616 350
 0 0 47.500000 2.640763 18
 0 0 2.500000 2.941693 0
 5 1 67.500000 2.189625 187
 11 0 42.500000 1.262870 368
 3 0 62.500000 2.666661 120
 8 0 67.500000 1.857503 282
 10 0 62.500000 2.933860 344
 1 1 37.500000 2.655403 47
 6 1 67.500000 1.978894 219
 10 0 32.500000 1.186957 332
 1 1 52.500000 2.125623 53
 7 1 37.500000 1.600784 239
 9 1 27.500000 1.768019 299
 3 1 2.500000 2.224986 97
 0 0 37.500000 2.466665 14
 7 0 27.500000 2.365267 234
 11 0 2.500000 2.862561 352
 384644.176226 20
 5 0 7.500000 2.683926 162
 8 0 72.500000 1.818843 284
 11 0 42.500000 1.262870 368
 7 0 62.500000 2.037794 248
 6 0 2.500000 2.602354 192
 3 0 22.500000 1.383546 104
 8 1 2.500000 1.916776 257
 6 1 57.500000 2.814364 215
 0 0 77.500000 2.018573 30
 9 1 42.500000 1.103195 305
 2 1 22.500000 1.578225 73
 7 0 17.500000 2.419925 230
 1 0 22.500000 1.815613 40
 0 1 12.500000 1.207892 5
 11 0 37.500000 2.102166 366
 4 0 12.500000 2.997521 132
 5 1 72.500000 1.447808 189
 0 0 7.500000 2.168326 2
 0 0 22.500000 1.522408 8
 1 1 32.500000 2.274970 45
 615954.828810 12
 1 1 22.500000 2.382899 41
 9 1 42.500000 1.103195 305
 4 1 37.500000 1.765204 143
 10 1 7.500000 1.726854 323
 0 0 62.500000 1.503168 24
 2 1 72.500000 2.063037 93
 7 0 37.500000 1.788616 238
 0 0 22.500000 1.522408 8
 3 1 67.500000 1.166003 123
 8 0 22.500000 1.277040 264
 11 0 37.500000 2.102166 366
 5 0 22.500000 2.153341 168
 680836.147350 29
 0 0 57.500000 2.283879 22
 11 0 42.500000 1.262870 368
 8 0 22.500000 1.277040 264
 1 1 52.500000 2.125623 53
 10 1 7.500000 1.726854 323
 6 0 7.500000 2.640878 194
 7 0 37.500000 1.788616 238
 3 1 2.500000 2.224986 97
 11 0 67.500000 1.075217 378
 10 0 22.500000 1.786115 328
 2 1 7.500000 1.877740 67
 1 1 22.500000 2.382899 41
 2 0 72.500000 2.796990 92
 7 1 32.500000 2.215907 237
 8 1 67.500000 1.511652 283
 8 1 52.500000 2.330001 277
 10 0 77.500000 1.632616 350
 2 1 62.500000 2.033177 89
 11 1 27.500000 1.499591 363
 4 1 62.500000 1.737920 153
 10 1 32.500000 1.867780 333
 0 0 32.500000 2.134211 12
 0 0 7.500000 2.168326 2
 1 0 72.500000 2.603396 60
 1 0 22.500000 1.815613 40
 5 0 22.500000 2.153341 168
 9 1 42.500000 1.103195 305
 8 0 72.500000 1.818843 284
 6 1 27.500000 1.144595 203
 1170812.046011 6
 10 1 7.500000 1.726854 323
 9 1 77.500000 2.920405 319
 1 1 72.500000 1.875127 61
 10 1 62.500000 1.330592 345
 10 1 52.500000 1.891329 341
 4 1 62.500000 1.737920 153
 709257.428883 25
 9 1 42.500000 1.103195 305
 0 0 22.500000 1.522408 8
 0 0 52.500000 1.848738 20
 8 1 27.500000 2.052970 267
 11 0 2.500000 2.862561 352
 11 0 67.500000 1.075217 378
 7 1 12.500000 2.851464 229
 4 0 12.500000 2.997521 132
 8 1 12.500000 1.000977 261
 10 1 7.500000 1.726854 323
 9 1 17.500000 2.354466 295
 6 1 57.500000 2.814364 215
 9 0 37.500000 2.468042 302
 1 0 67.500000 2.759399 58
 3 1 2.500000 2.224986 97
 2 1 22.500000 1.578225 73
 1 0 72.500000 2.603396 60
 6 0 77.500000 1.712111 222
 1 1 12.500000 2.406226 37
 4 1 62.500000 1.737920 153
 6 1 2.500000 2.323343 193
 11 0 37.500000 2.102166 366
 1 0 22.500000 1.815613 40
 9 0 27.500000 2.245318 298
 6 1 22.500000 1.024638 201
 788889.936576 31
 9 0 27.500000 2.245318 298
 11 0 37.500000 2.102166 366
 0 0 57.500000 2.283879 22
 2 0 77.500000 1.634976 94
 4 0 12.500000 2.997521 132
 8 0 22.500000 1.277040 264
 10 1 62.500000 1.330592 345
 0 0 2.500000 2.941693 0
 5 0 32.500000 2.721444 172
 7 0 77.500000 1.313693 254
 9 0 77.500000 2.378919 318
 0 0 22.500000 1.522408 8
 11 0 2.500000 2.862561 352
 0 0 47.500000 2.640763 18
 10 0 77.500000 1.632616 350
 2 1 67.500000 1.301356 91
 6 1 22.500000 1.024638 201
 3 1 2.500000 2.224986 97
 2 1 22.500000 1.578225 73
 5 1 67.500000 2.189625 187
 9 0 2.500000 1.960153 288
 1 1 72.500000 1.875127 61
 5 1 47.500000 1.543503 179
 1 0 32.500000 1.816586 44
 10 0 22.500000 1.786115 328
 2 1 72.500000 2.063037 93
 3 0 22.500000 1.383546 104
 3 0 2.500000 2.577093 96
 8 1 42.500000 2.297124 273
 11 0 42.500000 1.262870 368
 0 0 52.500000 1.848738 20
 787922.540748 26
 0 0 57.500000 2.283879 22
 11 0 42.500000 1.262870 368
 10 0 7.500000 1.203634 322
 11 0 2.500000 2.862561 352
 7 0 62.500000 2.037794 248
 6 1 47.500000 1.421669 211
 8 0 22.500000 1.277040 264
 4 1 62.500000 1.737920 153
 4 0 12.500000 2.997521 132
 6 1 27.500000 1.144595 203
 8 0 72.500000 1.818843 284
 7 0 17.500000 2.419925 230
 1 0 77.500000 1.597049 62
 3 0 22.500000 1.383546 104
 9 1 77.500000 2.920405 319
 3 0 12.500000 1.368690 100
 8 0 67.500000 1.857503 282
 7 0 77.500000 1.313693 254
 11 0 37.500000 2.102166 366
 5 0 67.500000 1.090910 186
 11 0 67.500000 1.075217 378
 4 0 42.500000 1.050635 144
 5 1 47.500000 1.543503 179
 5 1 72.500000 1.447808 189
 10 1 77.500000 1.106667 351
 10 1 32.500000 1.867780 333
 570632.702285 16
 9 1 17.500000 2.354466 295
 10 0 62.500000 2.933860 344
 5 0 32.500000 2.721444 172
 9 1 37.500000 1.765322 303
 7 0 77.500000 1.313693 254
 1 0 12.500000 2.169170 36
 10 1 62.500000 1.330592 345
 4 1 32.500000 1.182228 141
 1 1 22.500000 2.382899 41
 8 0 57.500000 2.339216 278
 6 1 22.500000 1.024638 201
 9 1 27.500000 1.768019 299
 4 1 22.500000 1.809342 137
 10 1 27.500000 1.095694 331
 11 0 52.500000 2.521035 372
 3 0 22.500000 1.383546 104
 665438.126803 7
 0 0 2.500000 2.941693 0
 6 0 12.500000 1.516828 196
 10 1 62.500000 1.330592 345
 6 0 7.500000 2.640878 194
 11 0 2.500000 2.862561 352
 8 1 37.500000 1.291214 271
 2 1 7.500000 1.877740 67
 962803.240103 5
 2 0 72.500000 2.796990 92
 6 0 57.500000 2.022240 214
 8 0 57.500000 2.339216 278
 6 1 27.500000 1.144595 203
 11 0 42.500000 1.262870 368
 106127.084860 2
 9 1 42.500000 1.103195 305
 8 0 57.500000 2.339216 278
 281389.592384 2
 1 0 62.500000 2.564002 56
 9 1 42.500000 1.103195 305
 214595.279197 33
 1 0 12.500000 2.169170 36
 2 1 57.500000 1.777445 87
 2 0 72.500000 2.796990 92
 8 0 72.500000 1.818843 284
 7 1 77.500000 1.447108 255
 3 1 67.500000 1.166003 123
 7 0 27.500000 2.365267 234
 9 1 72.500000 2.733791 317
 9 0 27.500000 2.245318 298
 0 0 22.500000 1.522408 8
 9 1 27.500000 1.768019 299
 10 0 32.500000 1.186957 332
 11 0 2.500000 2.862561 352
 2 1 22.500000 1.578225 73
 6 1 22.500000 1.024638 201
 11 0 42.500000 1.262870 368
 5 1 72.500000 1.447808 189
 11 0 52.500000 2.521035 372
 3 0 22.500000 1.383546 104
 4 0 12.500000 2.997521 132
 8 0 67.500000 1.857503 282
 5 0 32.500000 2.721444 172
 0 0 57.500000 2.283879 22
 6 1 57.500000 2.814364 215
 10 0 77.500000 1.632616 350
 5 0 42.500000 2.898258 176
 4 1 17.500000 2.882358 135
 8 0 52.500000 1.988625 276
 1 0 32.500000 1.816586 44
 2 1 62.500000 2.033177 89
 4 0 7.500000 1.917939 130
 0 0 42.500000 1.126417 16
 4 1 52.500000 2.433690 149
 45534.316397 6
 0 0 47.500000 2.640763 18
 11 0 67.500000 1.075217 378
 9 1 42.500000 1.103195 305
 1 0 62.500000 2.564002 56
 3 0 77.500000 1.160058 126
 2 0 77.500000 1.634976 94
 1642302.950361 16
 1 0 57.500000 1.532214 54
 6 1 22.500000 1.024638 201
 5 1 7.500000 1.062273 163
 7 0 32.500000 1.073211 236
 6 0 12.500000 1.516828 196
 0 0 57.500000 2.283879 22
 9 1 42.500000 1.103195 305
 2 1 7.500000 1.877740 67
 6 1 57.500000 2.814364 215
 5 0 42.500000 2.898258 176
 4 1 52.500000 2.433690 149
 6 1 27.500000 1.144595 203
 1 0 62.500000 2.564002 56
 10 0 62.500000 2.933860 344
 1 0 22.500000 1.815613 40
 7 0 37.500000 1.788616 238
 556644.928677 27
 4 1 22.500000 1.809342 137
 11 0 37.500000 2.102166 366
 8 0 22.500000 1.277040 264
 8 0 52.500000 1.988625 276
 0 0 22.500000 1.522408 8
 7 1 77.500000 1.447108 255
 6 1 77.500000 2.292585 223
 2 1 7.500000 1.877740 67
 10 0 32.500000 1.186957 332
 5 1 37.500000 1.805898 175
 3 0 77.500000 1.160058 126
 8 1 37.500000 1.291214 271
 6 1 67.500000 1.978894 219
 0 0 47.500000 2.640763 18
 7 0 27.500000 2.365267 234
 1 0 62.500000 2.564002 56
 3 0 22.500000 1.383546 104
 3 1 67.500000 1.166003 123
 10 0 7.500000 1.203634 322
 9 1 42.500000 1.103195 305
 5 0 22.500000 2.153341 168
 8 0 67.500000 1.857503 282
 1 0 12.500000 2.169170 36
 11 0 42.500000 1.262870 368
 0 0 2.500000 2.941693 0
 1 0 22.500000 1.815613 40
 4 0 12.500000 2.997521 132
 112709.782437 9
 0 0 47.500000 2.640763 18
 1 0 22.500000 1.815613 40
 0 0 37.500000 2.466665 14
 1 1 22.500000 2.382899 41
 6 1 22.500000 1.024638 201
 6 0 32.500000 2.084575 204
 7 1 2.500000 1.590100 225
 0 0 57.500000 2.283879 22
 11 0 42.500000 1.262870 368
 1338576.719285 18
 1 0 22.500000 1.815613 40
 4 0 12.500000 2.997521 132
 5 1 72.500000 1.447808 189
 5 1 67.500000 2.189625 187
 2 0 72.500000 2.796990 92
 6 1 7.500000 2.129645 195
 8 0 57.500000 2.339216 278
 7 0 37.500000 1.788616 238
 4 1 62.500000 1.737920 153
 7 0 62.500000 2.037794 248
 9 1 42.500000 1.103195 305
 6 1 22.500000 1.024638 201
 3 1 32.500000 1.884734 109
 3 0 22.500000 1.383546 104
 1 1 22.500000 2.382899 41
 10 0 77.500000 1.632616 350
 10 0 62.500000 2.933860 344
 6 1 27.500000 1.144595 203
 525706.213101 11
 1 1 72.500000 1.875127 61
 10 0 32.500000 1.186957 332
 9 0 27.500000 2.245318 298
 3 0 22.500000 1.383546 104
 2 1 17.500000 2.350378 71
 8 0 22.500000 1.277040 264
 5 0 32.500000 2.721444 172
 8 1 27.500000 2.052970 267
 0 0 7.500000 2.168326 2
 5 0 72.500000 2.188979 188
 11 0 17.500000 1.083108 358
 1166460.663195 33
 5 0 22.500000 2.153341 168
 8 0 57.500000 2.339216 278
 6 1 57.500000 2.814364 215
 8 0 72.500000 1.818843 284
 10 0 77.500000 1.632616 350
 4 1 52.500000 2.433690 149
 8 0 22.500000 1.277040 264
 11 0 37.500000 2.102166 366
 9 1 77.500000 2.920405 319
 0 0 2.500000 2.941693 0
 10 0 62.500000 2.933860 344
 2 1 7.500000 1.877740 67
 3 0 22.500000 1.383546 104
 1 0 12.500000 2.169170 36
 6 0 7.500000 2.640878 194
 1 0 47.500000 2.450433 50
 5 0 47.500000 1.902270 178
 3 1 22.500000 1.397127 105
 1 0 67.500000 2.759399 58
 6 1 22.500000 1.024638 201
 1 1 22.500000 2.382899 41
 3 0 77.500000 1.160058 126
 10 0 57.500000 1.599967 342
 2 0 67.500000 2.726677 90
 0 0 77.500000 2.018573 30
 9 0 32.500000 1.134614 300
 10 1 62.500000 1.330592 345
 2 0 72.500000 2.796990 92
 7 0 27.500000 2.365267 234
 7 0 37.500000 1.788616 238
 4 0 12.500000 2.997521 132
 8 1 62.500000 1.549520 281
 0 0 7.500000 2.168326 2
 1884707.857857 15
 3 0 22.500000 1.383546 104
 1 1 72.500000 1.875127 61
 8 0 67.500000 1.857503 282
 10 1 77.500000 1.106667 351
 3 1 7.500000 1.504335 99
 7 1 2.500000 1.590100 225
 2 0 77.500000 1.634976 94
 11 0 2.500000 2.862561 352
 5 1 67.500000 2.189625 187
 9 1 42.500000 1.103195 305
 11 0 67.500000 1.075217 378
 6 0 12.500000 1.516828 196
 10 0 32.500000 1.186957 332
 8 1 42.500000 2.297124 273
 6 1 77.500000 2.292585 223