 Numero de pedidos 
 150
 duedate num_referencias // pasillo lado altura peso
 1571000.491498 22
 0 0 32.500000 2.182069 12
 1 1 7.500000 2.925997 35
 3 1 17.500000 2.499625 103
 0 1 62.500000 2.087043 25
 1 0 47.500000 1.991866 50
 3 1 57.500000 2.553461 119
 0 0 37.500000 2.237704 14
 1 0 17.500000 2.474752 38
 1 0 22.500000 2.715576 40
 0 1 72.500000 2.551974 29
 0 0 72.500000 2.032995 28
 0 1 32.500000 2.031311 13
 2 0 12.500000 2.140208 68
 0 0 2.500000 1.527583 0
 9 0 7.500000 1.819932 290
 1 0 12.500000 1.238672 36
 0 1 47.500000 2.648106 19
 4 1 37.500000 2.632383 143
 0 1 7.500000 1.734521 3
 0 0 27.500000 1.741418 10
 4 1 12.500000 1.356436 133
 2 0 27.500000 1.650127 74
 254899.242714 12
 2 0 22.500000 2.189706 72
 0 1 7.500000 1.734521 3
 2 0 62.500000 2.259727 88
 1 1 7.500000 2.925997 35
 2 0 2.500000 1.592809 64
 3 1 62.500000 1.340834 121
 1 1 72.500000 2.816002 61
 1 0 47.500000 1.991866 50
 0 0 62.500000 1.814963 24
 4 1 22.500000 2.174362 137
 4 0 2.500000 2.366763 128
 1 0 67.500000 1.887450 58
 495417.192958 27
 1 0 77.500000 2.545145 62
 4 0 2.500000 2.366763 128
 1 1 47.500000 1.293106 51
 0 1 62.500000 2.087043 25
 11 1 67.500000 2.931209 379
 1 0 62.500000 1.324712 56
 2 0 7.500000 2.174823 66
 3 1 62.500000 1.340834 121
 1 0 2.500000 2.562632 32
 0 1 12.500000 2.372689 5
 0 0 72.500000 2.032995 28
 1 1 67.500000 2.372052 59
 3 0 62.500000 2.019952 120
 2 0 42.500000 2.223685 80
 1 0 37.500000 1.325712 46
 1 0 57.500000 2.204181 54
 4 1 12.500000 1.356436 133
 1 0 22.500000 2.715576 40
 0 0 42.500000 2.839786 16
 3 0 32.500000 2.051350 108
 1 1 57.500000 1.665218 55
 0 0 52.500000 2.725278 20
 1 0 67.500000 1.887450 58
 2 0 2.500000 1.592809 64
 0 0 32.500000 2.182069 12
 2 0 22.500000 2.189706 72
 0 0 17.500000 1.779171 6
 499698.863132 8
 1 1 67.500000 2.372052 59
 1 0 62.500000 1.324712 56
 0 0 57.500000 1.110536 22
 4 1 52.500000 2.818633 149
 2 0 12.500000 2.140208 68
 2 1 77.500000 2.886494 95
 1 0 32.500000 2.030223 44
 1 0 47.500000 1.991866 50
 1308167.954324 33
 1 1 27.500000 1.750106 43
 0 0 17.500000 1.779171 6
 2 1 2.500000 2.333324 65
 4 1 47.500000 1.266593 147
 0 0 2.500000 1.527583 0
 0 0 22.500000 2.643876 8
 0 1 12.500000 2.372689 5
 0 1 42.500000 2.280759 17
 1 1 17.500000 1.164914 39
 0 1 27.500000 2.013934 11
 0 1 7.500000 1.734521 3
 7 1 52.500000 1.509806 245
 4 0 42.500000 2.464477 144
 0 1 67.500000 1.179511 27
 1 0 67.500000 1.887450 58
 1 0 77.500000 2.545145 62
 1 0 17.500000 2.474752 38
 1 0 57.500000 2.204181 54
 10 1 17.500000 2.234946 327
 6 1 32.500000 1.940977 205
 4 1 7.500000 1.658873 131
 4 1 67.500000 2.450766 155
 6 0 47.500000 1.127434 210
 1 0 62.500000 1.324712 56
 3 0 22.500000 1.189485 104
 2 0 17.500000 2.020885 70
 1 1 57.500000 1.665218 55
 0 1 2.500000 2.083952 1
 0 1 72.500000 2.551974 29
 1 1 37.500000 1.237595 47
 4 0 22.500000 1.345640 136
 0 0 37.500000 2.237704 14
 7 1 37.500000 1.938660 239
 591461.886313 19
 1 0 72.500000 1.076862 60
 0 0 2.500000 1.527583 0
 0 1 42.500000 2.280759 17
 0 1 37.500000 1.097688 15
 0 1 7.500000 1.734521 3
 1 1 32.500000 1.960096 45
 1 1 2.500000 2.152203 33
 11 1 32.500000 2.262059 365
 2 0 7.500000 2.174823 66
 1 1 62.500000 2.436478 57
 1 0 47.500000 1.991866 50
 1 1 52.500000 2.435902 53
 1 1 57.500000 1.665218 55
 1 1 22.500000 2.687231 41
 4 0 22.500000 1.345640 136
 0 1 12.500000 2.372689 5
 1 0 7.500000 2.068241 34
 0 0 27.500000 1.741418 10
 1 1 42.500000 2.496578 49
 1690150.639401 28
 4 0 32.500000 1.849453 140
 0 1 12.500000 2.372689 5
 2 0 17.500000 2.020885 70
 4 1 7.500000 1.658873 131
 1 1 32.500000 1.960096 45
 5 1 57.500000 1.405986 183
 0 1 72.500000 2.551974 29
 0 1 2.500000 2.083952 1
 1 1 7.500000 2.925997 35
 1 0 32.500000 2.030223 44
 0 0 2.500000 1.527583 0
 0 1 52.500000 1.750527 21
 11 1 22.500000 2.504306 361
 0 0 62.500000 1.814963 24
 0 0 37.500000 2.237704 14
 0 0 32.500000 2.182069 12
 1 1 72.500000 2.816002 61
 0 1 17.500000 2.532079 7
 1 0 17.500000 2.474752 38
 1 1 47.500000 1.293106 51
 6 0 32.500000 2.513592 204
 1 1 17.500000 1.164914 39
 1 1 42.500000 2.496578 49
 1 0 47.500000 1.991866 50
 0 1 57.500000 2.777046 23
 0 0 42.500000 2.839786 16
 4 0 47.500000 2.940279 146
 0 0 67.500000 2.934205 26
 832274.935857 2
 0 0 7.500000 2.978148 2
 1 0 2.500000 2.562632 32
 1142549.161977 27
 2 0 27.500000 1.650127 74
 2 0 47.500000 1.321141 82
 2 1 27.500000 1.686548 75
 0 1 67.500000 1.179511 27
 0 0 27.500000 1.741418 10
 1 0 57.500000 2.204181 54
 3 0 47.500000 1.714140 114
 1 1 37.500000 1.237595 47
 0 0 17.500000 1.779171 6
 1 0 37.500000 1.325712 46
 2 1 22.500000 2.393268 73
 0 0 42.500000 2.839786 16
 0 1 72.500000 2.551974 29
 3 0 52.500000 1.592432 116
 4 0 32.500000 1.849453 140
 0 0 47.500000 2.709624 18
 1 1 12.500000 2.364757 37
 0 0 7.500000 2.978148 2
 0 1 77.500000 2.796844 31
 0 1 22.500000 1.631448 9
 1 0 17.500000 2.474752 38
 1 1 2.500000 2.152203 33
 2 0 12.500000 2.140208 68
 5 1 47.500000 2.596877 179
 4 0 57.500000 2.768092 150
 0 1 12.500000 2.372689 5
 4 0 27.500000 2.503271 138
 1584304.676701 13
 10 1 32.500000 1.298819 333
 1 0 57.500000 2.204181 54
 0 1 42.500000 2.280759 17
 2 0 22.500000 2.189706 72
 2 1 22.500000 2.393268 73
 1 1 72.500000 2.816002 61
 10 0 42.500000 2.592851 336
 3 1 42.500000 2.064956 113
 0 0 77.500000 1.033783 30
 0 0 62.500000 1.814963 24
 2 1 77.500000 2.886494 95
 1 1 27.500000 1.750106 43
 1 1 52.500000 2.435902 53
 1242845.382804 15
 0 0 77.500000 1.033783 30
 0 1 2.500000 2.083952 1
 1 1 2.500000 2.152203 33
 1 0 7.500000 2.068241 34
 0 0 7.500000 2.978148 2
 0 1 22.500000 1.631448 9
 0 1 27.500000 2.013934 11
 3 0 17.500000 1.293538 102
 1 0 72.500000 1.076862 60
 0 0 42.500000 2.839786 16
 2 0 27.500000 1.650127 74
 1 1 37.500000 1.237595 47
 1 0 17.500000 2.474752 38
 3 1 57.500000 2.553461 119
 0 1 7.500000 1.734521 3
 1295922.760393 14
 1 1 2.500000 2.152203 33
 0 1 2.500000 2.083952 1
 0 1 7.500000 1.734521 3
 0 0 67.500000 2.934205 26
 0 0 12.500000 2.097125 4
 1 1 22.500000 2.687231 41
 0 1 52.500000 1.750527 21
 0 1 32.500000 2.031311 13
 4 1 7.500000 1.658873 131
 1 0 37.500000 1.325712 46
 1 1 47.500000 1.293106 51
 0 0 2.500000 1.527583 0
 7 1 27.500000 2.126653 235
 3 0 62.500000 2.019952 120
 1266902.764806 19
 2 0 12.500000 2.140208 68
 1 0 52.500000 1.237130 52
 0 0 37.500000 2.237704 14
 1 0 27.500000 2.299265 42
 7 1 37.500000 1.938660 239
 1 1 47.500000 1.293106 51
 1 1 37.500000 1.237595 47
 0 0 27.500000 1.741418 10
 3 0 62.500000 2.019952 120
 2 0 22.500000 2.189706 72
 1 0 32.500000 2.030223 44
 0 1 72.500000 2.551974 29
 2 1 17.500000 1.013280 71
 7 1 27.500000 2.126653 235
 0 1 7.500000 1.734521 3
 2 1 12.500000 2.472661 69
 2 1 32.500000 1.753744 77
 0 1 57.500000 2.777046 23
 2 0 17.500000 2.020885 70
 307366.952983 25
 0 1 57.500000 2.777046 23
 1 0 47.500000 1.991866 50
 6 0 57.500000 1.266513 214
 0 0 12.500000 2.097125 4
 0 0 42.500000 2.839786 16
 1 1 77.500000 2.252847 63
 8 0 17.500000 1.971238 262
 7 0 22.500000 1.005728 232
 0 1 52.500000 1.750527 21
 2 1 42.500000 1.472084 81
 0 1 7.500000 1.734521 3
 3 0 37.500000 2.243799 110
 5 1 77.500000 2.787179 191
 0 1 47.500000 2.648106 19
 1 1 52.500000 2.435902 53
 1 0 12.500000 1.238672 36
 4 1 47.500000 1.266593 147
 1 0 57.500000 2.204181 54
 4 1 2.500000 2.186165 129
 0 1 12.500000 2.372689 5
 0 0 52.500000 2.725278 20
 1 1 32.500000 1.960096 45
 4 0 52.500000 1.626157 148
 1 0 17.500000 2.474752 38
 0 1 37.500000 1.097688 15
 1898348.084082 24
 0 1 42.500000 2.280759 17
 1 1 12.500000 2.364757 37
 1 1 2.500000 2.152203 33
 1 0 17.500000 2.474752 38
 0 0 32.500000 2.182069 12
 2 0 22.500000 2.189706 72
 1 0 12.500000 1.238672 36
 0 1 62.500000 2.087043 25
 1 0 7.500000 2.068241 34
 1 0 2.500000 2.562632 32
 1 0 42.500000 2.266466 48
 1 0 67.500000 1.887450 58
 0 0 67.500000 2.934205 26
 0 0 22.500000 2.643876 8
 2 1 62.500000 1.226193 89
 0 1 37.500000 1.097688 15
 0 1 72.500000 2.551974 29
 8 1 67.500000 2.634861 283
 2 0 32.500000 1.804591 76
 1 1 17.500000 1.164914 39
 2 1 12.500000 2.472661 69
 1 1 22.500000 2.687231 41
 4 0 7.500000 2.875091 130
 9 1 12.500000 1.231829 293
 699752.196176 12
 1 0 12.500000 1.238672 36
 0 1 62.500000 2.087043 25
 0 0 27.500000 1.741418 10
 1 1 72.500000 2.816002 61
 0 1 52.500000 1.750527 21
 0 0 62.500000 1.814963 24
 0 0 12.500000 2.097125 4
 0 0 32.500000 2.182069 12
 1 1 12.500000 2.364757 37
 2 0 47.500000 1.321141 82
 1 0 77.500000 2.545145 62
 11 0 57.500000 2.353137 374
 53073.521337 14
 1 1 22.500000 2.687231 41
 0 0 52.500000 2.725278 20
 0 1 67.500000 1.179511 27
 3 1 27.500000 1.748203 107
 7 1 12.500000 1.169888 229
 1 1 57.500000 1.665218 55
 2 1 12.500000 2.472661 69
 2 0 62.500000 2.259727 88
 0 0 22.500000 2.643876 8
 0 1 7.500000 1.734521 3
 1 0 7.500000 2.068241 34
 0 0 37.500000 2.237704 14
 1 0 32.500000 2.030223 44
 1 1 37.500000 1.237595 47
 474987.321699 4
 1 1 72.500000 2.816002 61
 0 1 57.500000 2.777046 23
 0 0 27.500000 1.741418 10
 1 1 47.500000 1.293106 51
 1368645.698432 1
 1 0 32.500000 2.030223 44
 577408.943464 5
 0 1 57.500000 2.777046 23
 0 0 37.500000 2.237704 14
 0 1 37.500000 1.097688 15
 1 0 47.500000 1.991866 50
 1 1 47.500000 1.293106 51
 759756.193496 10
 1 0 12.500000 1.238672 36
 1 0 67.500000 1.887450 58
 3 1 62.500000 1.340834 121
 3 1 77.500000 2.062972 127
 2 0 27.500000 1.650127 74
 11 1 52.500000 2.685331 373
 0 1 67.500000 1.179511 27
 0 1 77.500000 2.796844 31
 1 0 27.500000 2.299265 42
 0 0 7.500000 2.978148 2
 1217123.744142 32
 1 1 7.500000 2.925997 35
 1 1 32.500000 1.960096 45
 11 1 17.500000 1.810823 359
 7 1 22.500000 1.267363 233
 0 1 62.500000 2.087043 25
 1 1 47.500000 1.293106 51
 0 0 2.500000 1.527583 0
 0 1 67.500000 1.179511 27
 5 1 62.500000 2.079856 185
 1 0 52.500000 1.237130 52
 0 0 7.500000 2.978148 2
 4 0 67.500000 2.646424 154
 1 1 62.500000 2.436478 57
 0 1 17.500000 2.532079 7
 8 0 57.500000 1.417019 278
 0 0 57.500000 1.110536 22
 1 0 72.500000 1.076862 60
 2 1 7.500000 2.254664 67
 3 0 32.500000 2.051350 108
 2 1 12.500000 2.472661 69
 2 0 7.500000 2.174823 66
 1 1 67.500000 2.372052 59
 0 1 47.500000 2.648106 19
 2 0 27.500000 1.650127 74
 0 1 77.500000 2.796844 31
 0 0 52.500000 2.725278 20
 4 0 37.500000 1.686002 142
 6 1 32.500000 1.940977 205
 0 0 77.500000 1.033783 30
 1 0 32.500000 2.030223 44
 2 0 2.500000 1.592809 64
 1 0 27.500000 2.299265 42
 890276.776333 30
 0 0 7.500000 2.978148 2
 1 0 42.500000 2.266466 48
 1 0 32.500000 2.030223 44
 1 1 62.500000 2.436478 57
 0 1 42.500000 2.280759 17
 0 1 47.500000 2.648106 19
 1 1 47.500000 1.293106 51
 1 1 12.500000 2.364757 37
 2 1 27.500000 1.686548 75
 0 1 37.500000 1.097688 15
 0 0 77.500000 1.033783 30
 1 1 77.500000 2.252847 63
 0 1 57.500000 2.777046 23
 0 0 67.500000 2.934205 26
 0 0 72.500000 2.032995 28
 1 1 27.500000 1.750106 43
 1 0 7.500000 2.068241 34
 1 0 47.500000 1.991866 50
 0 0 17.500000 1.779171 6
 0 1 7.500000 1.734521 3
 4 0 32.500000 1.849453 140
 2 1 2.500000 2.333324 65
 0 0 62.500000 1.814963 24
 1 1 67.500000 2.372052 59
 2 0 7.500000 2.174823 66
 1 0 22.500000 2.715576 40
 1 0 12.500000 1.238672 36
 1 1 72.500000 2.816002 61
 3 0 32.500000 2.051350 108
 1 0 27.500000 2.299265 42
 553713.792299 5
 2 0 12.500000 2.140208 68
 1 0 27.500000 2.299265 42
 1 0 67.500000 1.887450 58
 2 0 22.500000 2.189706 72
 1 0 37.500000 1.325712 46
 1194334.190150 4
 1 0 62.500000 1.324712 56
 0 1 32.500000 2.031311 13
 1 0 42.500000 2.266466 48
 1 0 37.500000 1.325712 46
 711819.670830 15
 1 0 77.500000 2.545145 62
 0 0 57.500000 1.110536 22
 1 0 52.500000 1.237130 52
 11 1 2.500000 1.263117 353
 0 1 17.500000 2.532079 7
 1 0 22.500000 2.715576 40
 0 1 32.500000 2.031311 13
 1 1 62.500000 2.436478 57
 0 1 67.500000 1.179511 27
 1 0 47.500000 1.991866 50
 0 0 12.500000 2.097125 4
 0 1 42.500000 2.280759 17
 1 0 7.500000 2.068241 34
 1 1 77.500000 2.252847 63
 1 1 12.500000 2.364757 37
 1520756.522436 30
 0 1 67.500000 1.179511 27
 1 0 57.500000 2.204181 54
 2 1 37.500000 1.466188 79
 0 1 22.500000 1.631448 9
 1 1 32.500000 1.960096 45
 0 0 47.500000 2.709624 18
 2 1 52.500000 2.555216 85
 1 1 72.500000 2.816002 61
 3 0 7.500000 2.118702 98
 1 0 12.500000 1.238672 36
 1 0 42.500000 2.266466 48
 1 1 27.500000 1.750106 43
 1 0 27.500000 2.299265 42
 2 0 57.500000 1.517397 86
 1 1 67.500000 2.372052 59
 0 1 62.500000 2.087043 25
 2 0 27.500000 1.650127 74
 1 0 32.500000 2.030223 44
 2 0 17.500000 2.020885 70
 1 0 7.500000 2.068241 34
 1 1 2.500000 2.152203 33
 0 0 67.500000 2.934205 26
 0 0 2.500000 1.527583 0
 1 1 77.500000 2.252847 63
 4 1 37.500000 2.632383 143
 4 1 52.500000 2.818633 149
 1 0 22.500000 2.715576 40
 2 0 22.500000 2.189706 72
 1 1 7.500000 2.925997 35
 0 1 17.500000 2.532079 7
 103496.523957 18
 1 1 12.500000 2.364757 37
 1 0 57.500000 2.204181 54
 1 0 67.500000 1.887450 58
 2 0 17.500000 2.020885 70
 0 0 17.500000 1.779171 6
 0 1 52.500000 1.750527 21
 1 0 72.500000 1.076862 60
 1 0 22.500000 2.715576 40
 1 0 47.500000 1.991866 50
 0 0 27.500000 1.741418 10
 4 0 62.500000 1.999504 152
 2 0 22.500000 2.189706 72
 0 0 2.500000 1.527583 0
 2 1 17.500000 1.013280 71
 1 0 52.500000 1.237130 52
 0 1 32.500000 2.031311 13
 0 1 27.500000 2.013934 11
 0 1 22.500000 1.631448 9
 1255519.416135 17
 1 0 32.500000 2.030223 44
 2 1 27.500000 1.686548 75
 1 1 42.500000 2.496578 49
 2 0 17.500000 2.020885 70
 0 0 72.500000 2.032995 28
 0 0 57.500000 1.110536 22
 1 1 72.500000 2.816002 61
 1 1 57.500000 1.665218 55
 2 0 52.500000 2.888353 84
 2 0 12.500000 2.140208 68
 1 1 47.500000 1.293106 51
 0 1 77.500000 2.796844 31
 3 0 67.500000 1.401269 122
 0 1 37.500000 1.097688 15
 0 1 27.500000 2.013934 11
 1 1 2.500000 2.152203 33
 0 1 32.500000 2.031311 13
 1296950.300158 3
 2 0 7.500000 2.174823 66
 1 1 67.500000 2.372052 59
 2 1 67.500000 2.935825 91
 1377618.132912 13
 0 0 22.500000 2.643876 8
 0 1 37.500000 1.097688 15
 1 0 37.500000 1.325712 46
 2 0 22.500000 2.189706 72
 0 0 27.500000 1.741418 10
 0 1 27.500000 2.013934 11
 0 0 77.500000 1.033783 30
 1 0 42.500000 2.266466 48
 0 1 2.500000 2.083952 1
 2 1 2.500000 2.333324 65
 4 1 42.500000 2.457246 145
 2 0 27.500000 1.650127 74
 9 1 77.500000 2.708668 319
 1521338.513159 3
 1 0 37.500000 1.325712 46
 0 0 2.500000 1.527583 0
 3 1 17.500000 2.499625 103
 1117845.836635 17
 1 0 47.500000 1.991866 50
 0 1 57.500000 2.777046 23
 1 1 57.500000 1.665218 55
 2 0 17.500000 2.020885 70
 1 1 77.500000 2.252847 63
 1 1 52.500000 2.435902 53
 1 0 37.500000 1.325712 46
 4 0 12.500000 2.686580 132
 2 0 57.500000 1.517397 86
 1 1 42.500000 2.496578 49
 4 1 77.500000 2.829951 159
 1 1 47.500000 1.293106 51
 1 1 67.500000 2.372052 59
 0 0 47.500000 2.709624 18
 1 1 37.500000 1.237595 47
 0 0 12.500000 2.097125 4
 1 1 72.500000 2.816002 61
 1846993.395783 19
 2 0 27.500000 1.650127 74
 9 1 2.500000 2.606760 289
 1 1 7.500000 2.925997 35
 4 0 47.500000 2.940279 146
 4 0 22.500000 1.345640 136
 0 0 2.500000 1.527583 0
 0 1 67.500000 1.179511 27
 3 0 37.500000 2.243799 110
 7 0 72.500000 2.322582 252
 0 1 2.500000 2.083952 1
 3 1 77.500000 2.062972 127
 0 1 22.500000 1.631448 9
 0 0 67.500000 2.934205 26
 4 0 2.500000 2.366763 128
 1 1 77.500000 2.252847 63
 0 0 72.500000 2.032995 28
 1 0 12.500000 1.238672 36
 1 1 27.500000 1.750106 43
 0 1 32.500000 2.031311 13
 775028.086740 34
 2 0 42.500000 2.223685 80
 1 1 12.500000 2.364757 37
 0 1 12.500000 2.372689 5
 0 1 27.500000 2.013934 11
 1 1 17.500000 1.164914 39
 0 0 32.500000 2.182069 12
 1 1 47.500000 1.293106 51
 0 0 67.500000 2.934205 26
 1 1 52.500000 2.435902 53
 1 0 12.500000 1.238672 36
 2 1 12.500000 2.472661 69
 1 0 27.500000 2.299265 42
 1 0 52.500000 1.237130 52
 7 1 27.500000 2.126653 235
 9 0 17.500000 1.351189 294
 4 1 52.500000 2.818633 149
 0 1 67.500000 1.179511 27
 0 0 17.500000 1.779171 6
 1 0 37.500000 1.325712 46
 1 0 47.500000 1.991866 50
 0 0 62.500000 1.814963 24
 0 1 47.500000 2.648106 19
 0 1 37.500000 1.097688 15
 2 1 27.500000 1.686548 75
 0 1 7.500000 1.734521 3
 1 1 62.500000 2.436478 57
 2 1 17.500000 1.013280 71
 1 0 57.500000 2.204181 54
 3 1 17.500000 2.499625 103
 1 0 72.500000 1.076862 60
 1 0 32.500000 2.030223 44
 0 0 27.500000 1.741418 10
 1 1 57.500000 1.665218 55
 5 1 7.500000 1.604516 163
 503895.152409 31
 2 0 17.500000 2.020885 70
 1 0 2.500000 2.562632 32
 1 1 67.500000 2.372052 59
 0 1 37.500000 1.097688 15
 3 1 12.500000 1.162807 101
 0 1 42.500000 2.280759 17
 11 1 42.500000 2.599624 369
 4 0 27.500000 2.503271 138
 2 0 22.500000 2.189706 72
 1 1 72.500000 2.816002 61
 1 1 7.500000 2.925997 35
 6 1 42.500000 2.437028 209
 0 1 52.500000 1.750527 21
 2 0 27.500000 1.650127 74
 0 0 67.500000 2.934205 26
 1 1 47.500000 1.293106 51
 2 1 27.500000 1.686548 75
 0 0 57.500000 1.110536 22
 1 0 57.500000 2.204181 54
 0 0 52.500000 2.725278 20
 3 1 47.500000 1.547664 115
 1 0 12.500000 1.238672 36
 2 0 2.500000 1.592809 64
 3 1 77.500000 2.062972 127
 1 0 62.500000 1.324712 56
 1 0 27.500000 2.299265 42
 0 0 17.500000 1.779171 6
 0 0 37.500000 2.237704 14
 1 1 77.500000 2.252847 63
 0 0 2.500000 1.527583 0
 5 1 42.500000 2.246177 177
 1926506.820361 32
 1 1 2.500000 2.152203 33
 4 1 12.500000 1.356436 133
 1 1 72.500000 2.816002 61
 0 0 52.500000 2.725278 20
 1 1 32.500000 1.960096 45
 1 1 22.500000 2.687231 41
 0 0 57.500000 1.110536 22
 2 1 2.500000 2.333324 65
 0 0 32.500000 2.182069 12
 1 0 22.500000 2.715576 40
 2 0 2.500000 1.592809 64
 1 0 7.500000 2.068241 34
 0 1 27.500000 2.013934 11
 0 1 17.500000 2.532079 7
 0 1 2.500000 2.083952 1
 2 1 42.500000 1.472084 81
 1 1 47.500000 1.293106 51
 2 1 7.500000 2.254664 67
 0 1 22.500000 1.631448 9
 1 0 42.500000 2.266466 48
 1 0 2.500000 2.562632 32
 0 0 77.500000 1.033783 30
 4 1 2.500000 2.186165 129
 1 1 17.500000 1.164914 39
 1 0 62.500000 1.324712 56
 11 1 12.500000 1.751174 357
 2 0 42.500000 2.223685 80
 1 0 27.500000 2.299265 42
 1 0 52.500000 1.237130 52
 1 1 57.500000 1.665218 55
 1 0 47.500000 1.991866 50
 2 0 12.500000 2.140208 68
 261775.115627 28
 11 1 47.500000 1.119058 371
 0 1 7.500000 1.734521 3
 1 0 7.500000 2.068241 34
 1 1 7.500000 2.925997 35
 4 0 42.500000 2.464477 144
 0 1 77.500000 2.796844 31
 2 1 17.500000 1.013280 71
 0 0 57.500000 1.110536 22
 0 1 72.500000 2.551974 29
 0 1 32.500000 2.031311 13
 1 0 22.500000 2.715576 40
 2 1 22.500000 2.393268 73
 2 1 27.500000 1.686548 75
 0 0 52.500000 2.725278 20
 1 0 47.500000 1.991866 50
 1 0 32.500000 2.030223 44
 0 1 27.500000 2.013934 11
 6 1 42.500000 2.437028 209
 8 1 27.500000 2.308007 267
 0 0 7.500000 2.978148 2
 0 1 22.500000 1.631448 9
 0 0 47.500000 2.709624 18
 1 1 22.500000 2.687231 41
 1 0 17.500000 2.474752 38
 0 0 42.500000 2.839786 16
 5 1 17.500000 2.113563 167
 2 0 2.500000 1.592809 64
 1 0 42.500000 2.266466 48
 448672.656905 26
 1 0 42.500000 2.266466 48
 1 1 22.500000 2.687231 41
 6 1 42.500000 2.437028 209
 0 0 52.500000 2.725278 20
 0 1 67.500000 1.179511 27
 1 0 2.500000 2.562632 32
 10 0 52.500000 2.937606 340
 4 0 57.500000 2.768092 150
 5 1 47.500000 2.596877 179
 8 1 62.500000 2.857247 281
 0 0 17.500000 1.779171 6
 1 0 47.500000 1.991866 50
 1 1 32.500000 1.960096 45
 1 0 52.500000 1.237130 52
 3 0 72.500000 2.505248 124
 1 1 12.500000 2.364757 37
 3 0 67.500000 1.401269 122
 1 1 2.500000 2.152203 33
 0 0 57.500000 1.110536 22
 10 0 32.500000 1.113899 332
 2 0 22.500000 2.189706 72
 0 1 72.500000 2.551974 29
 1 0 72.500000 1.076862 60
 1 1 67.500000 2.372052 59
 1 0 37.500000 1.325712 46
 3 1 72.500000 1.703819 125
 1078793.381210 13
 2 0 2.500000 1.592809 64
 6 1 37.500000 2.786568 207
 2 0 17.500000 2.020885 70
 1 0 17.500000 2.474752 38
 1 0 67.500000 1.887450 58
 0 0 72.500000 2.032995 28
 6 0 7.500000 2.588193 194
 0 1 57.500000 2.777046 23
 1 1 62.500000 2.436478 57
 0 0 17.500000 1.779171 6
 0 0 27.500000 1.741418 10
 0 0 12.500000 2.097125 4
 1 1 2.500000 2.152203 33
 176805.621915 23
 2 1 2.500000 2.333324 65
 4 1 37.500000 2.632383 143
 0 1 67.500000 1.179511 27
 0 1 77.500000 2.796844 31
 6 0 27.500000 1.578289 202
 0 0 7.500000 2.978148 2
 0 0 42.500000 2.839786 16
 4 0 27.500000 2.503271 138
 1 1 27.500000 1.750106 43
 1 0 27.500000 2.299265 42
 1 1 37.500000 1.237595 47
 5 1 12.500000 1.874386 165
 0 1 42.500000 2.280759 17
 0 1 7.500000 1.734521 3
 3 0 42.500000 2.958176 112
 2 1 12.500000 2.472661 69
 0 1 52.500000 1.750527 21
 1 0 57.500000 2.204181 54
 1 1 72.500000 2.816002 61
 0 0 72.500000 2.032995 28
 0 0 57.500000 1.110536 22
 1 1 47.500000 1.293106 51
 1 1 77.500000 2.252847 63
 1315022.733917 4
 2 1 17.500000 1.013280 71
 1 1 47.500000 1.293106 51
 0 1 62.500000 2.087043 25
 11 1 57.500000 1.177271 375
 603866.667898 12
 0 0 37.500000 2.237704 14
 1 0 17.500000 2.474752 38
 2 0 2.500000 1.592809 64
 8 1 57.500000 1.843647 279
 1 1 2.500000 2.152203 33
 2 0 17.500000 2.020885 70
 0 1 12.500000 2.372689 5
 2 1 22.500000 2.393268 73
 3 0 42.500000 2.958176 112
 2 1 7.500000 2.254664 67
 4 1 42.500000 2.457246 145
 2 0 77.500000 2.293026 94
 577375.347119 6
 1 0 62.500000 1.324712 56
 0 0 32.500000 2.182069 12
 1 0 47.500000 1.991866 50
 1 1 27.500000 1.750106 43
 0 1 62.500000 2.087043 25
 0 0 17.500000 1.779171 6
 944032.355595 35
 1 1 62.500000 2.436478 57
 0 0 37.500000 2.237704 14
 0 1 72.500000 2.551974 29
 0 1 57.500000 2.777046 23
 2 0 17.500000 2.020885 70
 0 1 2.500000 2.083952 1
 1 0 42.500000 2.266466 48
 0 0 22.500000 2.643876 8
 0 1 17.500000 2.532079 7
 0 1 32.500000 2.031311 13
 6 0 12.500000 1.815789 196
 0 1 47.500000 2.648106 19
 1 0 22.500000 2.715576 40
 3 0 62.500000 2.019952 120
 0 0 62.500000 1.814963 24
 0 1 22.500000 1.631448 9
 2 0 67.500000 2.633244 90
 2 1 27.500000 1.686548 75
 2 1 2.500000 2.333324 65
 1 0 2.500000 2.562632 32
 1 0 62.500000 1.324712 56
 0 0 57.500000 1.110536 22
 5 1 67.500000 1.008047 187
 3 1 42.500000 2.064956 113
 1 0 7.500000 2.068241 34
 3 0 32.500000 2.051350 108
 0 0 77.500000 1.033783 30
 4 1 7.500000 1.658873 131
 0 0 27.500000 1.741418 10
 0 1 7.500000 1.734521 3
 5 0 72.500000 2.248082 188
 1 1 77.500000 2.252847 63
 0 1 12.500000 2.372689 5
 7 1 42.500000 1.000203 241
 1 0 12.500000 1.238672 36
 1390865.783892 3
 7 1 42.500000 1.000203 241
 0 0 37.500000 2.237704 14
 1 0 17.500000 2.474752 38
 1110485.251802 24
 0 0 47.500000 2.709624 18
 9 1 77.500000 2.708668 319
 0 1 27.500000 2.013934 11
 1 0 12.500000 1.238672 36
 1 0 77.500000 2.545145 62
 2 1 17.500000 1.013280 71
 0 1 52.500000 1.750527 21
 2 0 27.500000 1.650127 74
 0 0 67.500000 2.934205 26
 2 1 47.500000 2.419402 83
 4 0 47.500000 2.940279 146
 0 0 7.500000 2.978148 2
 0 1 77.500000 2.796844 31
 3 0 42.500000 2.958176 112
 5 1 67.500000 1.008047 187
 2 0 17.500000 2.020885 70
 0 1 72.500000 2.551974 29
 0 1 42.500000 2.280759 17
 1 1 37.500000 1.237595 47
 1 0 22.500000 2.715576 40
 6 1 7.500000 1.765920 195
 0 1 37.500000 1.097688 15
 0 1 2.500000 2.083952 1
 1 1 42.500000 2.496578 49
 533667.063570 15
 2 0 7.500000 2.174823 66
 4 1 17.500000 2.668730 135
 0 1 77.500000 2.796844 31
 2 1 22.500000 2.393268 73
 1 1 47.500000 1.293106 51
 1 0 32.500000 2.030223 44
 2 1 12.500000 2.472661 69
 2 0 27.500000 1.650127 74
 1 0 12.500000 1.238672 36
 1 1 57.500000 1.665218 55
 0 0 27.500000 1.741418 10
 2 1 2.500000 2.333324 65
 0 0 72.500000 2.032995 28
 0 0 47.500000 2.709624 18
 0 1 42.500000 2.280759 17
 1105155.009695 7
 0 1 77.500000 2.796844 31
 2 0 37.500000 1.181857 78
 0 1 12.500000 2.372689 5
 1 0 52.500000 1.237130 52
 7 0 62.500000 1.842297 248
 0 0 22.500000 2.643876 8
 1 0 72.500000 1.076862 60
 1267174.260871 25
 8 0 47.500000 2.784844 274
 1 0 32.500000 2.030223 44
 0 0 47.500000 2.709624 18
 0 0 12.500000 2.097125 4
 2 1 17.500000 1.013280 71
 1 1 37.500000 1.237595 47
 1 1 7.500000 2.925997 35
 1 1 32.500000 1.960096 45
 2 1 22.500000 2.393268 73
 0 0 22.500000 2.643876 8
 1 0 37.500000 1.325712 46
 0 1 32.500000 2.031311 13
 0 1 27.500000 2.013934 11
 2 1 12.500000 2.472661 69
 1 0 42.500000 2.266466 48
 1 0 62.500000 1.324712 56
 1 0 12.500000 1.238672 36
 0 1 47.500000 2.648106 19
 1 0 27.500000 2.299265 42
 7 0 2.500000 2.172196 224
 0 1 2.500000 2.083952 1
 0 1 77.500000 2.796844 31
 1 1 67.500000 2.372052 59
 1 1 72.500000 2.816002 61
 11 1 57.500000 1.177271 375
 345955.031359 1
 2 1 22.500000 2.393268 73
 1545827.855983 20
 2 1 7.500000 2.254664 67
 0 1 52.500000 1.750527 21
 1 0 52.500000 1.237130 52
 0 1 77.500000 2.796844 31
 1 0 22.500000 2.715576 40
 0 1 27.500000 2.013934 11
 1 1 52.500000 2.435902 53
 0 1 47.500000 2.648106 19
 1 1 12.500000 2.364757 37
 0 0 77.500000 1.033783 30
 1 1 2.500000 2.152203 33
 3 0 17.500000 1.293538 102
 1 0 47.500000 1.991866 50
 0 0 22.500000 2.643876 8
 3 1 27.500000 1.748203 107
 0 1 22.500000 1.631448 9
 0 0 27.500000 1.741418 10
 3 1 42.500000 2.064956 113
 2 0 27.500000 1.650127 74
 0 0 52.500000 2.725278 20
 529859.928754 17
 1 1 22.500000 2.687231 41
 0 1 12.500000 2.372689 5
 0 0 37.500000 2.237704 14
 1 0 62.500000 1.324712 56
 1 1 77.500000 2.252847 63
 0 1 37.500000 1.097688 15
 2 0 2.500000 1.592809 64
 0 1 57.500000 2.777046 23
 3 1 37.500000 1.535251 111
 1 0 22.500000 2.715576 40
 0 0 47.500000 2.709624 18
 1 0 57.500000 2.204181 54
 3 0 62.500000 2.019952 120
 1 0 47.500000 1.991866 50
 1 1 52.500000 2.435902 53
 2 0 12.500000 2.140208 68
 1 1 27.500000 1.750106 43
 389934.706013 20
 0 1 32.500000 2.031311 13
 1 0 22.500000 2.715576 40
 0 1 52.500000 1.750527 21
 10 0 32.500000 1.113899 332
 1 1 42.500000 2.496578 49
 3 0 32.500000 2.051350 108
 1 0 7.500000 2.068241 34
 0 0 57.500000 1.110536 22
 2 0 7.500000 2.174823 66
 3 0 57.500000 2.608470 118
 1 0 17.500000 2.474752 38
 1 1 52.500000 2.435902 53
 1 0 27.500000 2.299265 42
 1 1 62.500000 2.436478 57
 2 1 22.500000 2.393268 73
 10 0 57.500000 2.877558 342
 0 0 52.500000 2.725278 20
 1 0 72.500000 1.076862 60
 0 0 12.500000 2.097125 4
 2 1 7.500000 2.254664 67
 1174675.832789 25
 0 1 7.500000 1.734521 3
 0 0 2.500000 1.527583 0
 1 0 62.500000 1.324712 56
 1 0 57.500000 2.204181 54
 10 0 37.500000 1.248648 334
 1 1 27.500000 1.750106 43
 0 1 62.500000 2.087043 25
 1 0 12.500000 1.238672 36
 2 0 17.500000 2.020885 70
 1 0 77.500000 2.545145 62
 0 1 57.500000 2.777046 23
 7 1 67.500000 1.502726 251
 1 1 77.500000 2.252847 63
 2 1 2.500000 2.333324 65
 0 0 17.500000 1.779171 6
 0 1 77.500000 2.796844 31
 11 0 27.500000 1.869728 362
 0 1 67.500000 1.179511 27
 0 1 2.500000 2.083952 1
 0 0 27.500000 1.741418 10
 0 0 22.500000 2.643876 8
 1 1 47.500000 1.293106 51
 2 1 7.500000 2.254664 67
 1 1 42.500000 2.496578 49
 2 0 27.500000 1.650127 74
 801291.488130 30
 0 0 67.500000 2.934205 26
 1 0 17.500000 2.474752 38
 2 1 12.500000 2.472661 69
 1 0 77.500000 2.545145 62
 2 0 22.500000 2.189706 72
 0 1 27.500000 2.013934 11
 0 0 37.500000 2.237704 14
 1 1 62.500000 2.436478 57
 1 0 12.500000 1.238672 36
 0 0 17.500000 1.779171 6
 1 0 2.500000 2.562632 32
 5 1 7.500000 1.604516 163
 0 0 22.500000 2.643876 8
 0 0 47.500000 2.709624 18
 1 0 42.500000 2.266466 48
 0 1 42.500000 2.280759 17
 3 1 27.500000 1.748203 107
 0 0 12.500000 2.097125 4
 1 1 22.500000 2.687231 41
 1 0 32.500000 2.030223 44
 4 0 37.500000 1.686002 142
 1 1 32.500000 1.960096 45
 1 0 67.500000 1.887450 58
 1 1 67.500000 2.372052 59
 1 1 2.500000 2.152203 33
 6 1 47.500000 2.778565 211
 3 1 52.500000 2.005986 117
 1 0 52.500000 1.237130 52
 0 1 37.500000 1.097688 15
 0 0 7.500000 2.978148 2
 631172.060683 3
 2 1 2.500000 2.333324 65
 0 0 67.500000 2.934205 26
 0 0 57.500000 1.110536 22
 363269.042933 11
 2 0 17.500000 2.020885 70
 0 1 72.500000 2.551974 29
 2 1 7.500000 2.254664 67
 1 1 57.500000 1.665218 55
 1 0 67.500000 1.887450 58
 0 1 22.500000 1.631448 9
 0 0 52.500000 2.725278 20
 0 0 27.500000 1.741418 10
 3 1 57.500000 2.553461 119
 1 1 17.500000 1.164914 39
 11 1 57.500000 1.177271 375
 1116496.335099 2
 0 0 47.500000 2.709624 18
 2 0 27.500000 1.650127 74
 1464607.141123 34
 2 0 12.500000 2.140208 68
 1 0 77.500000 2.545145 62
 0 1 32.500000 2.031311 13
 1 1 57.500000 1.665218 55
 2 0 47.500000 1.321141 82
 0 1 17.500000 2.532079 7
 0 1 42.500000 2.280759 17
 3 1 77.500000 2.062972 127
 0 1 12.500000 2.372689 5
 11 0 62.500000 2.400979 376
 0 0 67.500000 2.934205 26
 0 0 27.500000 1.741418 10
 1 1 7.500000 2.925997 35
 0 0 52.500000 2.725278 20
 1 1 52.500000 2.435902 53
 2 0 42.500000 2.223685 80
 1 1 2.500000 2.152203 33
 7 1 67.500000 1.502726 251
 0 1 22.500000 1.631448 9
 0 1 72.500000 2.551974 29
 1 0 17.500000 2.474752 38
 1 1 67.500000 2.372052 59
 9 1 37.500000 1.538865 303
 0 1 62.500000 2.087043 25
 2 1 12.500000 2.472661 69
 1 0 27.500000 2.299265 42
 5 0 72.500000 2.248082 188
 1 0 67.500000 1.887450 58
 1 0 37.500000 1.325712 46
 2 1 2.500000 2.333324 65
 1 0 2.500000 2.562632 32
 2 1 17.500000 1.013280 71
 1 0 42.500000 2.266466 48
 1 0 47.500000 1.991866 50
 1595757.645832 1
 4 1 62.500000 1.655658 153
 1630121.974642 22
 0 1 47.500000 2.648106 19
 0 0 42.500000 2.839786 16
 1 0 47.500000 1.991866 50
 2 0 37.500000 1.181857 78
 0 1 72.500000 2.551974 29
 3 1 2.500000 2.615703 97
 2 1 7.500000 2.254664 67
 2 1 22.500000 2.393268 73
 0 0 32.500000 2.182069 12
 1 1 32.500000 1.960096 45
 10 1 7.500000 2.017955 323
 0 1 57.500000 2.777046 23
 0 1 77.500000 2.796844 31
 11 1 32.500000 2.262059 365
 0 0 77.500000 1.033783 30
 0 1 62.500000 2.087043 25
 1 0 37.500000 1.325712 46
 2 1 17.500000 1.013280 71
 4 0 42.500000 2.464477 144
 2 0 22.500000 2.189706 72
 2 0 7.500000 2.174823 66
 0 1 32.500000 2.031311 13
 1487496.428158 11
 1 1 22.500000 2.687231 41
 2 0 12.500000 2.140208 68
 2 1 7.500000 2.254664 67
 1 0 32.500000 2.030223 44
 1 0 2.500000 2.562632 32
 1 1 47.500000 1.293106 51
 1 0 47.500000 1.991866 50
 0 0 67.500000 2.934205 26
 1 0 12.500000 1.238672 36
 2 0 17.500000 2.020885 70
 1 0 22.500000 2.715576 40
 850513.337017 10
 0 0 57.500000 1.110536 22
 7 1 42.500000 1.000203 241
 0 0 52.500000 2.725278 20
 1 1 32.500000 1.960096 45
 1 1 17.500000 1.164914 39
 10 1 27.500000 1.405076 331
 1 0 42.500000 2.266466 48
 0 1 47.500000 2.648106 19
 0 0 77.500000 1.033783 30
 2 1 32.500000 1.753744 77
 811775.959810 6
 5 1 37.500000 1.115989 175
 6 1 17.500000 2.801351 199
 1 0 2.500000 2.562632 32
 2 1 27.500000 1.686548 75
 0 1 67.500000 1.179511 27
 2 0 12.500000 2.140208 68
 1259582.648007 35
 1 0 37.500000 1.325712 46
 1 1 2.500000 2.152203 33
 1 1 27.500000 1.750106 43
 1 1 17.500000 1.164914 39
 11 0 42.500000 2.308598 368
 0 0 52.500000 2.725278 20
 0 1 47.500000 2.648106 19
 0 1 7.500000 1.734521 3
 0 0 42.500000 2.839786 16
 2 1 12.500000 2.472661 69
 0 1 37.500000 1.097688 15
 0 1 57.500000 2.777046 23
 0 0 77.500000 1.033783 30
 4 1 57.500000 1.313976 151
 0 1 52.500000 1.750527 21
 1 0 47.500000 1.991866 50
 1 1 77.500000 2.252847 63
 2 0 17.500000 2.020885 70
 0 1 62.500000 2.087043 25
 0 1 2.500000 2.083952 1
 5 1 7.500000 1.604516 163
 2 0 2.500000 1.592809 64
 1 0 2.500000 2.562632 32
 6 0 72.500000 1.129938 220
 9 0 52.500000 1.922987 308
 1 1 47.500000 1.293106 51
 5 0 47.500000 1.495127 178
 0 1 22.500000 1.631448 9
 4 0 47.500000 2.940279 146
 0 0 62.500000 1.814963 24
 0 0 12.500000 2.097125 4
 2 0 27.500000 1.650127 74
 6 1 62.500000 2.953082 217
 1 1 52.500000 2.435902 53
 10 1 47.500000 1.170758 339
 1451858.041273 33
 0 0 17.500000 1.779171 6
 4 0 47.500000 2.940279 146
 4 0 57.500000 2.768092 150
 1 0 2.500000 2.562632 32
 1 1 2.500000 2.152203 33
 0 0 27.500000 1.741418 10
 4 0 12.500000 2.686580 132
 1 1 52.500000 2.435902 53
 1 1 32.500000 1.960096 45
 0 1 72.500000 2.551974 29
 1 0 17.500000 2.474752 38
 2 1 32.500000 1.753744 77
 3 1 57.500000 2.553461 119
 0 1 57.500000 2.777046 23
 3 1 37.500000 1.535251 111
 6 0 32.500000 2.513592 204
 5 1 52.500000 1.557715 181
 2 1 22.500000 2.393268 73
 2 1 27.500000 1.686548 75
 1 1 62.500000 2.436478 57
 1 0 22.500000 2.715576 40
 1 1 7.500000 2.925997 35
 2 0 27.500000 1.650127 74
 1 0 27.500000 2.299265 42
 1 0 52.500000 1.237130 52
 1 0 77.500000 2.545145 62
 1 0 72.500000 1.076862 60
 0 0 52.500000 2.725278 20
 0 0 37.500000 2.237704 14
 4 1 72.500000 1.628514 157
 1 1 72.500000 2.816002 61
 4 1 12.500000 1.356436 133
 3 0 72.500000 2.505248 124
 441345.740520 24
 2 0 77.500000 2.293026 94
 1 1 42.500000 2.496578 49
 1 0 37.500000 1.325712 46
 0 1 77.500000 2.796844 31
 3 0 47.500000 1.714140 114
 0 1 7.500000 1.734521 3
 4 1 67.500000 2.450766 155
 1 0 67.500000 1.887450 58
 1 1 27.500000 1.750106 43
 0 0 42.500000 2.839786 16
 6 0 42.500000 1.853539 208
 4 1 57.500000 1.313976 151
 0 1 27.500000 2.013934 11
 0 0 17.500000 1.779171 6
 3 1 67.500000 1.134676 123
 1 1 32.500000 1.960096 45
 2 0 47.500000 1.321141 82
 3 0 22.500000 1.189485 104
 1 0 7.500000 2.068241 34
 9 0 7.500000 1.819932 290
 7 0 52.500000 2.871155 244
 1 0 72.500000 1.076862 60
 0 0 62.500000 1.814963 24
 4 0 32.500000 1.849453 140
 348502.002986 19
 0 1 52.500000 1.750527 21
 0 0 57.500000 1.110536 22
 3 1 72.500000 1.703819 125
 1 0 37.500000 1.325712 46
 5 1 77.500000 2.787179 191
 0 1 37.500000 1.097688 15
 8 0 67.500000 1.744311 282
 1 1 22.500000 2.687231 41
 1 0 62.500000 1.324712 56
 0 0 2.500000 1.527583 0
 2 1 47.500000 2.419402 83
 8 1 7.500000 2.654766 259
 3 0 22.500000 1.189485 104
 0 1 62.500000 2.087043 25
 1 1 57.500000 1.665218 55
 2 0 22.500000 2.189706 72
 1 0 47.500000 1.991866 50
 0 0 77.500000 1.033783 30
 1 0 77.500000 2.545145 62
 790576.932146 15
 1 0 2.500000 2.562632 32
 0 0 32.500000 2.182069 12
 1 0 7.500000 2.068241 34
 0 0 27.500000 1.741418 10
 8 0 32.500000 2.679811 268
 4 0 57.500000 2.768092 150
 10 0 27.500000 2.688368 330
 2 1 17.500000 1.013280 71
 1 0 22.500000 2.715576 40
 0 1 7.500000 1.734521 3
 1 1 62.500000 2.436478 57
 0 1 2.500000 2.083952 1
 7 1 7.500000 2.334549 227
 1 1 42.500000 2.496578 49
 2 1 47.500000 2.419402 83
 481733.777952 7
 0 0 67.500000 2.934205 26
 1 1 72.500000 2.816002 61
 7 0 72.500000 2.322582 252
 1 1 77.500000 2.252847 63
 0 0 47.500000 2.709624 18
 2 0 2.500000 1.592809 64
 0 0 42.500000 2.839786 16
 278774.367514 31
 1 0 42.500000 2.266466 48
 1 0 47.500000 1.991866 50
 2 0 27.500000 1.650127 74
 0 0 72.500000 2.032995 28
 8 0 37.500000 1.951650 270
 1 1 7.500000 2.925997 35
 1 1 57.500000 1.665218 55
 0 0 57.500000 1.110536 22
 1 0 72.500000 1.076862 60
 0 1 57.500000 2.777046 23
 1 0 7.500000 2.068241 34
 0 0 7.500000 2.978148 2
 0 0 77.500000 1.033783 30
 2 0 7.500000 2.174823 66
 2 1 27.500000 1.686548 75
 1 0 2.500000 2.562632 32
 0 0 47.500000 2.709624 18
 1 1 42.500000 2.496578 49
 0 1 77.500000 2.796844 31
 0 1 12.500000 2.372689 5
 2 1 22.500000 2.393268 73
 4 0 12.500000 2.686580 132
 1 0 57.500000 2.204181 54
 1 1 12.500000 2.364757 37
 1 0 77.500000 2.545145 62
 10 1 62.500000 2.402799 345
 2 1 2.500000 2.333324 65
 1 1 2.500000 2.152203 33
 0 0 32.500000 2.182069 12
 0 1 7.500000 1.734521 3
 7 0 52.500000 2.871155 244
 1638455.275408 18
 1 0 52.500000 1.237130 52
 0 0 67.500000 2.934205 26
 0 1 22.500000 1.631448 9
 0 0 2.500000 1.527583 0
 1 1 22.500000 2.687231 41
 1 0 22.500000 2.715576 40
 0 0 37.500000 2.237704 14
 1 1 2.500000 2.152203 33
 7 0 27.500000 2.567747 234
 1 0 7.500000 2.068241 34
 0 1 17.500000 2.532079 7
 6 0 7.500000 2.588193 194
 0 0 47.500000 2.709624 18
 0 1 27.500000 2.013934 11
 1 1 42.500000 2.496578 49
 1 0 77.500000 2.545145 62
 0 1 62.500000 2.087043 25
 2 0 12.500000 2.140208 68
 536296.088405 27
 8 1 72.500000 2.315181 285
 1 1 77.500000 2.252847 63
 3 1 62.500000 1.340834 121
 0 0 17.500000 1.779171 6
 1 1 57.500000 1.665218 55
 1 0 37.500000 1.325712 46
 1 0 77.500000 2.545145 62
 1 1 47.500000 1.293106 51
 10 0 52.500000 2.937606 340
 0 0 42.500000 2.839786 16
 1 0 2.500000 2.562632 32
 1 0 17.500000 2.474752 38
 2 1 17.500000 1.013280 71
 1 1 7.500000 2.925997 35
 0 0 47.500000 2.709624 18
 2 0 2.500000 1.592809 64
 1 1 22.500000 2.687231 41
 2 0 72.500000 2.404413 92
 0 1 17.500000 2.532079 7
 1 0 7.500000 2.068241 34
 1 1 72.500000 2.816002 61
 2 1 12.500000 2.472661 69
 0 1 22.500000 1.631448 9
 0 0 37.500000 2.237704 14
 11 1 62.500000 1.249903 377
 0 0 2.500000 1.527583 0
 2 0 17.500000 2.020885 70
 1349954.193844 26
 0 1 42.500000 2.280759 17
 1 1 7.500000 2.925997 35
 0 1 72.500000 2.551974 29
 2 0 52.500000 2.888353 84
 7 0 22.500000 1.005728 232
 1 1 2.500000 2.152203 33
 2 0 37.500000 1.181857 78
 1 1 77.500000 2.252847 63
 1 0 22.500000 2.715576 40
 5 1 12.500000 1.874386 165
 8 1 2.500000 2.373675 257
 11 1 22.500000 2.504306 361
 0 0 42.500000 2.839786 16
 0 1 47.500000 2.648106 19
 0 1 2.500000 2.083952 1
 4 1 12.500000 1.356436 133
 0 0 27.500000 1.741418 10
 0 1 57.500000 2.777046 23
 0 0 22.500000 2.643876 8
 3 0 22.500000 1.189485 104
 0 0 17.500000 1.779171 6
 0 0 7.500000 2.978148 2
 0 0 62.500000 1.814963 24
 1 1 17.500000 1.164914 39
 1 0 32.500000 2.030223 44
 1 0 62.500000 1.324712 56
 364802.066667 31
 1 1 57.500000 1.665218 55
 2 0 72.500000 2.404413 92
 2 1 77.500000 2.886494 95
 0 0 62.500000 1.814963 24
 1 0 77.500000 2.545145 62
 0 0 17.500000 1.779171 6
 2 0 22.500000 2.189706 72
 1 1 72.500000 2.816002 61
 9 0 77.500000 2.043833 318
 0 1 7.500000 1.734521 3
 0 1 47.500000 2.648106 19
 1 1 27.500000 1.750106 43
 0 0 67.500000 2.934205 26
 1 0 37.500000 1.325712 46
 2 1 17.500000 1.013280 71
 3 0 72.500000 2.505248 124
 1 0 2.500000 2.562632 32
 8 1 27.500000 2.308007 267
 3 1 22.500000 1.674122 105
 2 1 2.500000 2.333324 65
 7 1 2.500000 2.094923 225
 0 0 12.500000 2.097125 4
 0 1 42.500000 2.280759 17
 1 1 52.500000 2.435902 53
 2 0 17.500000 2.020885 70
 2 0 2.500000 1.592809 64
 3 0 27.500000 2.972437 106
 0 0 57.500000 1.110536 22
 1 0 57.500000 2.204181 54
 0 0 52.500000 2.725278 20
 2 0 7.500000 2.174823 66
 1937582.458098 7
 3 1 17.500000 2.499625 103
 0 1 42.500000 2.280759 17
 7 0 47.500000 2.411530 242
 4 0 17.500000 1.614724 134
 0 0 17.500000 1.779171 6
 9 1 72.500000 1.863988 317
 0 0 22.500000 2.643876 8
 629328.053998 27
 1 0 77.500000 2.545145 62
 1 1 2.500000 2.152203 33
 4 1 17.500000 2.668730 135
 1 1 77.500000 2.252847 63
 0 1 47.500000 2.648106 19
 6 0 32.500000 2.513592 204
 0 0 77.500000 1.033783 30
 7 0 2.500000 2.172196 224
 0 1 22.500000 1.631448 9
 1 0 67.500000 1.887450 58
 2 1 7.500000 2.254664 67
 1 0 7.500000 2.068241 34
 0 1 77.500000 2.796844 31
 0 0 27.500000 1.741418 10
 1 1 12.500000 2.364757 37
 0 0 62.500000 1.814963 24
 0 0 47.500000 2.709624 18
 2 0 7.500000 2.174823 66
 1 1 62.500000 2.436478 57
 4 0 42.500000 2.464477 144
 1 1 27.500000 1.750106 43
 1 0 52.500000 1.237130 52
 1 1 22.500000 2.687231 41
 1 1 72.500000 2.816002 61
 1 0 72.500000 1.076862 60
 1 0 37.500000 1.325712 46
 1 1 7.500000 2.925997 35
 1755897.038707 18
 0 0 12.500000 2.097125 4
 1 0 72.500000 1.076862 60
 1 0 2.500000 2.562632 32
 0 0 22.500000 2.643876 8
 1 0 62.500000 1.324712 56
 0 0 7.500000 2.978148 2
 0 1 2.500000 2.083952 1
 5 0 12.500000 1.094179 164
 0 0 47.500000 2.709624 18
 5 1 17.500000 2.113563 167
 2 1 2.500000 2.333324 65
 0 1 7.500000 1.734521 3
 3 1 17.500000 2.499625 103
 6 0 52.500000 1.343562 212
 7 0 42.500000 1.059261 240
 1 1 42.500000 2.496578 49
 1 0 77.500000 2.545145 62
 0 1 72.500000 2.551974 29
 267252.879547 29
 0 0 17.500000 1.779171 6
 1 1 47.500000 1.293106 51
 7 1 42.500000 1.000203 241
 3 1 27.500000 1.748203 107
 6 0 57.500000 1.266513 214
 5 0 72.500000 2.248082 188
 1 0 62.500000 1.324712 56
 2 0 7.500000 2.174823 66
 0 1 22.500000 1.631448 9
 1 1 67.500000 2.372052 59
 1 0 22.500000 2.715576 40
 2 1 2.500000 2.333324 65
 0 1 57.500000 2.777046 23
 1 0 77.500000 2.545145 62
 0 1 12.500000 2.372689 5
 2 0 2.500000 1.592809 64
 11 0 67.500000 1.115543 378
 0 0 52.500000 2.725278 20
 1 0 37.500000 1.325712 46
 0 1 27.500000 2.013934 11
 2 1 17.500000 1.013280 71
 1 1 72.500000 2.816002 61
 0 1 72.500000 2.551974 29
 7 1 72.500000 1.635417 253
 0 1 2.500000 2.083952 1
 2 1 22.500000 2.393268 73
 1 1 22.500000 2.687231 41
 2 1 12.500000 2.472661 69
 8 0 72.500000 2.114019 284
 1375894.910607 25
 1 0 77.500000 2.545145 62
 2 1 27.500000 1.686548 75
 0 1 77.500000 2.796844 31
 1 0 47.500000 1.991866 50
 0 0 7.500000 2.978148 2
 1 1 47.500000 1.293106 51
 2 0 32.500000 1.804591 76
 1 0 17.500000 2.474752 38
 1 1 67.500000 2.372052 59
 11 1 22.500000 2.504306 361
 2 0 12.500000 2.140208 68
 0 0 62.500000 1.814963 24
 0 0 2.500000 1.527583 0
 2 1 57.500000 2.896666 87
 1 1 52.500000 2.435902 53
 4 0 22.500000 1.345640 136
 1 1 2.500000 2.152203 33
 0 0 17.500000 1.779171 6
 0 1 27.500000 2.013934 11
 2 1 2.500000 2.333324 65
 1 0 7.500000 2.068241 34
 1 1 32.500000 1.960096 45
 0 1 47.500000 2.648106 19
 7 1 67.500000 1.502726 251
 7 1 17.500000 2.439401 231
 1831668.797988 11
 0 0 12.500000 2.097125 4
 1 0 72.500000 1.076862 60
 4 1 2.500000 2.186165 129
 1 0 52.500000 1.237130 52
 2 1 17.500000 1.013280 71
 1 0 67.500000 1.887450 58
 1 0 12.500000 1.238672 36
 0 1 32.500000 2.031311 13
 1 1 57.500000 1.665218 55
 10 1 52.500000 2.343719 341
 0 1 62.500000 2.087043 25
 1917273.012529 20
 0 0 57.500000 1.110536 22
 7 1 7.500000 2.334549 227
 4 0 32.500000 1.849453 140
 0 1 52.500000 1.750527 21
 0 1 62.500000 2.087043 25
 6 1 57.500000 2.285328 215
 5 1 52.500000 1.557715 181
 1 0 37.500000 1.325712 46
 1 0 62.500000 1.324712 56
 1 0 17.500000 2.474752 38
 7 0 42.500000 1.059261 240
 8 0 47.500000 2.784844 274
 1 1 62.500000 2.436478 57
 2 1 22.500000 2.393268 73
 4 1 42.500000 2.457246 145
 1 0 47.500000 1.991866 50
 3 0 62.500000 2.019952 120
 5 1 72.500000 1.513774 189
 2 1 57.500000 2.896666 87
 0 1 47.500000 2.648106 19
 1015049.727436 22
 1 1 67.500000 2.372052 59
 5 0 17.500000 2.803481 166
 1 0 2.500000 2.562632 32
 0 0 12.500000 2.097125 4
 0 1 12.500000 2.372689 5
 1 1 52.500000 2.435902 53
 2 1 52.500000 2.555216 85
 0 1 67.500000 1.179511 27
 2 0 2.500000 1.592809 64
 0 0 17.500000 1.779171 6
 0 1 22.500000 1.631448 9
 1 1 37.500000 1.237595 47
 0 1 37.500000 1.097688 15
 1 1 17.500000 1.164914 39
 0 0 27.500000 1.741418 10
 1 0 12.500000 1.238672 36
 2 0 32.500000 1.804591 76
 0 0 47.500000 2.709624 18
 1 0 37.500000 1.325712 46
 0 1 17.500000 2.532079 7
 1 1 32.500000 1.960096 45
 4 0 17.500000 1.614724 134
 224785.041299 2
 0 1 12.500000 2.372689 5
 0 1 47.500000 2.648106 19
 1552433.704097 19
 1 0 67.500000 1.887450 58
 1 0 62.500000 1.324712 56
 2 0 17.500000 2.020885 70
 0 0 27.500000 1.741418 10
 1 1 17.500000 1.164914 39
 9 0 52.500000 1.922987 308
 0 0 57.500000 1.110536 22
 5 1 22.500000 1.936236 169
 1 1 52.500000 2.435902 53
 0 1 12.500000 2.372689 5
 1 1 27.500000 1.750106 43
 1 1 57.500000 1.665218 55
 1 1 2.500000 2.152203 33
 0 0 12.500000 2.097125 4
 0 0 42.500000 2.839786 16
 0 1 2.500000 2.083952 1
 1 0 22.500000 2.715576 40
 0 0 17.500000 1.779171 6
 9 1 52.500000 1.650344 309
 520799.708423 5
 1 0 27.500000 2.299265 42
 1 1 2.500000 2.152203 33
 1 0 67.500000 1.887450 58
 0 1 37.500000 1.097688 15
 3 0 42.500000 2.958176 112
 1995814.266967 31
 1 0 12.500000 1.238672 36
 1 1 72.500000 2.816002 61
 0 1 7.500000 1.734521 3
 1 0 7.500000 2.068241 34
 0 1 77.500000 2.796844 31
 2 0 12.500000 2.140208 68
 0 1 17.500000 2.532079 7
 1 1 52.500000 2.435902 53
 1 1 7.500000 2.925997 35
 2 0 22.500000 2.189706 72
 2 1 47.500000 2.419402 83
 0 0 17.500000 1.779171 6
 0 0 72.500000 2.032995 28
 0 0 77.500000 1.033783 30
 0 1 72.500000 2.551974 29
 5 1 62.500000 2.079856 185
 2 1 12.500000 2.472661 69
 2 0 2.500000 1.592809 64
 2 1 7.500000 2.254664 67
 1 1 42.500000 2.496578 49
 1 1 62.500000 2.436478 57
 1 0 52.500000 1.237130 52
 4 0 7.500000 2.875091 130
 1 1 2.500000 2.152203 33
 4 1 32.500000 1.757225 141
 3 0 42.500000 2.958176 112
 0 1 37.500000 1.097688 15
 1 0 32.500000 2.030223 44
 8 1 22.500000 2.128925 265
 6 1 17.500000 2.801351 199
 1 0 57.500000 2.204181 54
 139134.155130 4
 0 1 77.500000 2.796844 31
 1 1 2.500000 2.152203 33
 0 1 27.500000 2.013934 11
 1 1 22.500000 2.687231 41
 1834641.390850 3
 2 1 27.500000 1.686548 75
 0 0 47.500000 2.709624 18
 1 1 77.500000 2.252847 63
 266098.161054 2
 1 1 47.500000 1.293106 51
 2 1 52.500000 2.555216 85
 1262139.540642 28
 4 0 47.500000 2.940279 146
 1 1 7.500000 2.925997 35
 0 0 7.500000 2.978148 2
 4 1 22.500000 2.174362 137
 0 0 77.500000 1.033783 30
 10 1 77.500000 1.480851 351
 0 1 2.500000 2.083952 1
 1 0 2.500000 2.562632 32
 2 0 7.500000 2.174823 66
 1 1 17.500000 1.164914 39
 2 0 17.500000 2.020885 70
 1 0 62.500000 1.324712 56
 2 1 2.500000 2.333324 65
 0 1 17.500000 2.532079 7
 2 1 22.500000 2.393268 73
 1 1 47.500000 1.293106 51
 0 0 37.500000 2.237704 14
 1 1 72.500000 2.816002 61
 4 0 62.500000 1.999504 152
 1 0 7.500000 2.068241 34
 1 0 52.500000 1.237130 52
 2 1 72.500000 2.961284 93
 1 0 42.500000 2.266466 48
 0 1 67.500000 1.179511 27
 0 0 72.500000 2.032995 28
 0 0 67.500000 2.934205 26
 1 1 52.500000 2.435902 53
 4 0 42.500000 2.464477 144
 335491.065223 30
 0 0 37.500000 2.237704 14
 0 0 27.500000 1.741418 10
 0 0 42.500000 2.839786 16
 8 1 77.500000 2.921749 287
 1 0 47.500000 1.991866 50
 2 1 22.500000 2.393268 73
 2 0 12.500000 2.140208 68
 10 0 62.500000 1.447159 344
 1 0 32.500000 2.030223 44
 1 0 62.500000 1.324712 56
 0 1 2.500000 2.083952 1
 2 1 27.500000 1.686548 75
 9 0 2.500000 1.836890 288
 0 1 32.500000 2.031311 13
 1 0 7.500000 2.068241 34
 3 0 12.500000 1.554898 100
 5 1 52.500000 1.557715 181
 2 1 7.500000 2.254664 67
 0 1 42.500000 2.280759 17
 1 0 42.500000 2.266466 48
 1 0 72.500000 1.076862 60
 2 0 67.500000 2.633244 90
 2 1 12.500000 2.472661 69
 0 0 47.500000 2.709624 18
 0 1 27.500000 2.013934 11
 1 1 47.500000 1.293106 51
 0 1 57.500000 2.777046 23
 2 1 47.500000 2.419402 83
 0 0 2.500000 1.527583 0
 1 0 22.500000 2.715576 40
 1426010.245190 30
 1 0 72.500000 1.076862 60
 0 1 32.500000 2.031311 13
 1 1 62.500000 2.436478 57
 0 0 77.500000 1.033783 30
 1 0 2.500000 2.562632 32
 0 1 57.500000 2.777046 23
 1 0 47.500000 1.991866 50
 0 0 2.500000 1.527583 0
 1 0 32.500000 2.030223 44
 1 0 12.500000 1.238672 36
 3 0 77.500000 2.092703 126
 1 0 22.500000 2.715576 40
 0 0 47.500000 2.709624 18
 1 0 67.500000 1.887450 58
 2 0 17.500000 2.020885 70
 0 0 62.500000 1.814963 24
 1 0 37.500000 1.325712 46
 0 0 32.500000 2.182069 12
 1 0 42.500000 2.266466 48
 0 1 67.500000 1.179511 27
 2 1 2.500000 2.333324 65
 0 1 42.500000 2.280759 17
 2 0 7.500000 2.174823 66
 1 1 12.500000 2.364757 37
 1 1 72.500000 2.816002 61
 1 1 57.500000 1.665218 55
 2 1 17.500000 1.013280 71
 0 1 37.500000 1.097688 15
 10 1 52.500000 2.343719 341
 3 0 27.500000 2.972437 106
 406598.221719 2
 0 1 42.500000 2.280759 17
 7 0 72.500000 2.322582 252
 1762922.197675 21
 1 0 62.500000 1.324712 56
 8 1 22.500000 2.128925 265
 0 1 77.500000 2.796844 31
 1 1 12.500000 2.364757 37
 0 1 67.500000 1.179511 27
 3 0 67.500000 1.401269 122
 0 1 62.500000 2.087043 25
 1 1 32.500000 1.960096 45
 8 0 72.500000 2.114019 284
 2 0 22.500000 2.189706 72
 0 1 17.500000 2.532079 7
 2 0 47.500000 1.321141 82
 0 0 57.500000 1.110536 22
 1 0 57.500000 2.204181 54
 0 0 47.500000 2.709624 18
 2 1 22.500000 2.393268 73
 0 0 37.500000 2.237704 14
 0 1 42.500000 2.280759 17
 1 0 32.500000 2.030223 44
 2 0 7.500000 2.174823 66
 11 1 22.500000 2.504306 361
 435824.976748 3
 0 1 12.500000 2.372689 5
 3 0 62.500000 2.019952 120
 0 1 22.500000 1.631448 9
 1107246.682861 7
 0 0 22.500000 2.643876 8
 1 0 27.500000 2.299265 42
 0 0 72.500000 2.032995 28
 1 0 62.500000 1.324712 56
 1 0 32.500000 2.030223 44
 5 0 67.500000 2.142382 186
 1 0 17.500000 2.474752 38
 1245717.508814 23
 0 1 37.500000 1.097688 15
 2 1 2.500000 2.333324 65
 1 0 12.500000 1.238672 36
 2 0 22.500000 2.189706 72
 3 0 2.500000 1.302113 96
 1 0 7.500000 2.068241 34
 0 0 42.500000 2.839786 16
 1 1 17.500000 1.164914 39
 1 1 7.500000 2.925997 35
 0 1 2.500000 2.083952 1
 4 1 47.500000 1.266593 147
 1 0 52.500000 1.237130 52
 1 1 57.500000 1.665218 55
 1 1 47.500000 1.293106 51
 0 0 67.500000 2.934205 26
 3 1 77.500000 2.062972 127
 0 1 42.500000 2.280759 17
 2 0 7.500000 2.174823 66
 2 1 7.500000 2.254664 67
 1 0 27.500000 2.299265 42
 1 1 52.500000 2.435902 53
 1 0 22.500000 2.715576 40
 1 1 67.500000 2.372052 59
 1045941.255710 1
 2 0 22.500000 2.189706 72
 1846071.972459 34
 0 0 7.500000 2.978148 2
 2 0 22.500000 2.189706 72
 7 1 12.500000 1.169888 229
 2 0 7.500000 2.174823 66
 0 1 22.500000 1.631448 9
 1 0 72.500000 1.076862 60
 1 1 52.500000 2.435902 53
 0 0 62.500000 1.814963 24
 1 0 7.500000 2.068241 34
 1 0 22.500000 2.715576 40
 1 1 57.500000 1.665218 55
 10 0 52.500000 2.937606 340
 3 0 12.500000 1.554898 100
 1 0 2.500000 2.562632 32
 3 0 42.500000 2.958176 112
 1 0 57.500000 2.204181 54
 1 1 12.500000 2.364757 37
 4 1 2.500000 2.186165 129
 2 1 2.500000 2.333324 65
 1 0 42.500000 2.266466 48
 0 0 57.500000 1.110536 22
 2 0 2.500000 1.592809 64
 1 0 62.500000 1.324712 56
 0 0 12.500000 2.097125 4
 1 0 27.500000 2.299265 42
 4 0 42.500000 2.464477 144
 2 0 62.500000 2.259727 88
 1 0 32.500000 2.030223 44
 1 1 27.500000 1.750106 43
 1 1 62.500000 2.436478 57
 5 0 62.500000 2.407454 184
 1 1 17.500000 1.164914 39
 3 1 62.500000 1.340834 121
 1 0 47.500000 1.991866 50
 1652180.239992 3
 1 0 62.500000 1.324712 56
 0 1 57.500000 2.777046 23
 1 1 12.500000 2.364757 37
 1004704.745842 16
 1 0 17.500000 2.474752 38
 0 1 47.500000 2.648106 19
 8 1 72.500000 2.315181 285
 4 0 27.500000 2.503271 138
 11 1 42.500000 2.599624 369
 2 0 77.500000 2.293026 94
 2 1 2.500000 2.333324 65
 2 0 72.500000 2.404413 92
 0 1 57.500000 2.777046 23
 0 1 27.500000 2.013934 11
 1 1 12.500000 2.364757 37
 1 1 22.500000 2.687231 41
 2 1 22.500000 2.393268 73
 1 0 57.500000 2.204181 54
 2 0 22.500000 2.189706 72
 1 0 72.500000 1.076862 60
 213334.011647 13
 1 0 72.500000 1.076862 60
 1 0 32.500000 2.030223 44
 5 1 12.500000 1.874386 165
 1 0 57.500000 2.204181 54
 1 0 52.500000 1.237130 52
 0 1 77.500000 2.796844 31
 1 0 22.500000 2.715576 40
 1 1 42.500000 2.496578 49
 0 0 17.500000 1.779171 6
 10 1 2.500000 2.702339 321
 2 0 17.500000 2.020885 70
 1 0 67.500000 1.887450 58
 2 0 32.500000 1.804591 76
 220044.728545 12
 0 1 67.500000 1.179511 27
 0 0 7.500000 2.978148 2
 1 1 42.500000 2.496578 49
 0 1 57.500000 2.777046 23
 3 0 12.500000 1.554898 100
 0 1 17.500000 2.532079 7
 1 1 52.500000 2.435902 53
 5 0 52.500000 1.719019 180
 0 1 7.500000 1.734521 3
 7 0 57.500000 1.304322 246
 1 0 7.500000 2.068241 34
 8 0 22.500000 1.096575 264
 1567025.501824 31
 1 1 52.500000 2.435902 53
 1 1 57.500000 1.665218 55
 2 1 32.500000 1.753744 77
 1 0 57.500000 2.204181 54
 1 0 67.500000 1.887450 58
 1 1 7.500000 2.925997 35
 0 0 2.500000 1.527583 0
 3 1 37.500000 1.535251 111
 2 0 17.500000 2.020885 70
 0 0 67.500000 2.934205 26
 2 0 12.500000 2.140208 68
 3 0 22.500000 1.189485 104
 4 0 37.500000 1.686002 142
 1 1 17.500000 1.164914 39
 10 1 72.500000 1.197641 349
 1 1 47.500000 1.293106 51
 9 0 12.500000 1.606666 292
 11 1 67.500000 2.931209 379
 0 0 37.500000 2.237704 14
 1 0 12.500000 1.238672 36
 8 1 57.500000 1.843647 279
 2 0 2.500000 1.592809 64
 4 1 17.500000 2.668730 135
 0 1 22.500000 1.631448 9
 0 1 2.500000 2.083952 1
 1 0 42.500000 2.266466 48
 0 1 32.500000 2.031311 13
 2 0 22.500000 2.189706 72
 0 1 7.500000 1.734521 3
 2 0 27.500000 1.650127 74
 0 1 67.500000 1.179511 27
 1017214.751252 9
 0 1 22.500000 1.631448 9
 0 0 32.500000 2.182069 12
 0 1 17.500000 2.532079 7
 1 1 27.500000 1.750106 43
 2 0 27.500000 1.650127 74
 0 1 62.500000 2.087043 25
 7 0 42.500000 1.059261 240
 2 0 32.500000 1.804591 76
 0 0 22.500000 2.643876 8
 786270.904851 22
 2 1 2.500000 2.333324 65
 0 0 57.500000 1.110536 22
 2 1 12.500000 2.472661 69
 1 1 32.500000 1.960096 45
 1 1 2.500000 2.152203 33
 9 0 17.500000 1.351189 294
 1 0 22.500000 2.715576 40
 2 1 7.500000 2.254664 67
 0 0 2.500000 1.527583 0
 1 0 57.500000 2.204181 54
 1 0 32.500000 2.030223 44
 1 0 7.500000 2.068241 34
 0 0 72.500000 2.032995 28
 2 1 57.500000 2.896666 87
 0 1 7.500000 1.734521 3
 2 1 27.500000 1.686548 75
 1 0 62.500000 1.324712 56
 0 1 67.500000 1.179511 27
 0 0 7.500000 2.978148 2
 8 1 62.500000 2.857247 281
 1 1 17.500000 1.164914 39
 1 0 37.500000 1.325712 46
 949318.420472 10
 0 0 17.500000 1.779171 6
 0 0 47.500000 2.709624 18
 11 0 62.500000 2.400979 376
 7 0 57.500000 1.304322 246
 1 0 47.500000 1.991866 50
 4 1 52.500000 2.818633 149
 1 1 12.500000 2.364757 37
 0 0 2.500000 1.527583 0
 2 0 7.500000 2.174823 66
 2 0 37.500000 1.181857 78
 1003181.978987 15
 7 0 32.500000 2.661609 236
 1 1 27.500000 1.750106 43
 1 1 57.500000 1.665218 55
 1 1 12.500000 2.364757 37
 1 0 7.500000 2.068241 34
 2 1 12.500000 2.472661 69
 2 0 32.500000 1.804591 76
 1 1 62.500000 2.436478 57
 1 0 22.500000 2.715576 40
 1 0 57.500000 2.204181 54
 2 0 67.500000 2.633244 90
 1 0 27.500000 2.299265 42
 3 1 37.500000 1.535251 111
 8 0 12.500000 2.648995 260
 3 1 42.500000 2.064956 113
 1786707.668336 10
 0 0 37.500000 2.237704 14
 0 1 37.500000 1.097688 15
 0 0 62.500000 1.814963 24
 2 0 77.500000 2.293026 94
 0 1 22.500000 1.631448 9
 0 1 67.500000 1.179511 27
 0 0 52.500000 2.725278 20
 2 1 47.500000 2.419402 83
 1 1 7.500000 2.925997 35
 1 1 2.500000 2.152203 33
 1663281.624887 1
 0 1 27.500000 2.013934 11
 747024.580905 23
 0 0 2.500000 1.527583 0
 1 1 27.500000 1.750106 43
 1 1 12.500000 2.364757 37
 0 0 67.500000 2.934205 26
 0 0 52.500000 2.725278 20
 0 1 27.500000 2.013934 11
 8 1 72.500000 2.315181 285
 9 1 12.500000 1.231829 293
 1 1 47.500000 1.293106 51
 1 1 72.500000 2.816002 61
 1 1 17.500000 1.164914 39
 0 0 42.500000 2.839786 16
 1 1 7.500000 2.925997 35
 1 1 37.500000 1.237595 47
 1 0 17.500000 2.474752 38
 0 1 17.500000 2.532079 7
 8 1 42.500000 2.649895 273
 0 0 47.500000 2.709624 18
 2 1 37.500000 1.466188 79
 1 0 77.500000 2.545145 62
 0 1 37.500000 1.097688 15
 4 0 32.500000 1.849453 140
 3 0 52.500000 1.592432 116
 580192.652037 26
 2 0 27.500000 1.650127 74
 7 0 12.500000 2.757016 228
 1 1 67.500000 2.372052 59
 3 0 22.500000 1.189485 104
 0 0 57.500000 1.110536 22
 4 1 27.500000 2.484075 139
 0 0 17.500000 1.779171 6
 1 0 77.500000 2.545145 62
 1 1 2.500000 2.152203 33
 0 1 52.500000 1.750527 21
 0 0 62.500000 1.814963 24
 1 0 22.500000 2.715576 40
 2 0 17.500000 2.020885 70
 1 0 37.500000 1.325712 46
 0 0 37.500000 2.237704 14
 0 1 67.500000 1.179511 27
 4 1 22.500000 2.174362 137
 6 0 2.500000 2.120030 192
 0 0 2.500000 1.527583 0
 1 0 42.500000 2.266466 48
 3 0 12.500000 1.554898 100
 1 0 72.500000 1.076862 60
 0 0 7.500000 2.978148 2
 0 1 32.500000 2.031311 13
 1 1 77.500000 2.252847 63
 0 1 57.500000 2.777046 23
 1052251.005123 6
 2 0 12.500000 2.140208 68
 1 0 67.500000 1.887450 58
 0 0 42.500000 2.839786 16
 5 1 2.500000 1.720136 161
 1 1 47.500000 1.293106 51
 0 0 27.500000 1.741418 10
 362493.986861 2
 1 1 47.500000 1.293106 51
 1 1 57.500000 1.665218 55
 919586.017187 14
 8 1 67.500000 2.634861 283
 1 1 17.500000 1.164914 39
 2 1 22.500000 2.393268 73
 3 0 37.500000 2.243799 110
 11 1 52.500000 2.685331 373
 0 1 77.500000 2.796844 31
 0 0 62.500000 1.814963 24
 0 1 52.500000 1.750527 21
 0 1 7.500000 1.734521 3
 1 0 52.500000 1.237130 52
 0 0 12.500000 2.097125 4
 1 1 77.500000 2.252847 63
 2 0 12.500000 2.140208 68
 0 0 7.500000 2.978148 2
 1581955.081998 16
 4 0 22.500000 1.345640 136
 1 1 62.500000 2.436478 57
 1 1 57.500000 1.665218 55
 1 0 42.500000 2.266466 48
 1 0 17.500000 2.474752 38
 6 1 37.500000 2.786568 207
 2 1 22.500000 2.393268 73
 1 0 52.500000 1.237130 52
 9 0 72.500000 2.948406 316
 0 0 17.500000 1.779171 6
 0 0 2.500000 1.527583 0
 0 0 77.500000 1.033783 30
 4 1 47.500000 1.266593 147
 3 1 57.500000 2.553461 119
 0 1 72.500000 2.551974 29
 0 0 72.500000 2.032995 28
 1934299.240976 10
 0 0 27.500000 1.741418 10
 4 1 37.500000 2.632383 143
 1 0 37.500000 1.325712 46
 1 1 62.500000 2.436478 57
 1 0 47.500000 1.991866 50
 1 1 32.500000 1.960096 45
 2 0 17.500000 2.020885 70
 4 1 2.500000 2.186165 129
 0 1 52.500000 1.750527 21
 0 1 57.500000 2.777046 23
 1935144.475165 22
 0 1 67.500000 1.179511 27
 8 0 42.500000 1.670652 272
 0 1 17.500000 2.532079 7
 2 1 7.500000 2.254664 67
 1 0 22.500000 2.715576 40
 0 1 2.500000 2.083952 1
 4 0 12.500000 2.686580 132
 0 1 77.500000 2.796844 31
 2 1 47.500000 2.419402 83
 1 0 12.500000 1.238672 36
 1 1 17.500000 1.164914 39
 2 0 17.500000 2.020885 70
 1 0 77.500000 2.545145 62
 0 1 27.500000 2.013934 11
 0 0 52.500000 2.725278 20
 0 1 37.500000 1.097688 15
 0 1 22.500000 1.631448 9
 3 0 2.500000 1.302113 96
 1 1 52.500000 2.435902 53
 0 1 7.500000 1.734521 3
 10 1 67.500000 2.475353 347
 0 1 52.500000 1.750527 21
 313308.300820 31
 1 0 42.500000 2.266466 48
 10 0 22.500000 2.738237 328
 2 0 7.500000 2.174823 66
 2 0 67.500000 2.633244 90
 1 1 37.500000 1.237595 47
 0 1 27.500000 2.013934 11
 10 1 32.500000 1.298819 333
 1 0 47.500000 1.991866 50
 0 1 7.500000 1.734521 3
 2 1 2.500000 2.333324 65
 0 0 72.500000 2.032995 28
 0 1 42.500000 2.280759 17
 0 0 47.500000 2.709624 18
 4 1 17.500000 2.668730 135
 1 0 62.500000 1.324712 56
 1 1 77.500000 2.252847 63
 1 1 32.500000 1.960096 45
 6 1 17.500000 2.801351 199
 1 1 52.500000 2.435902 53
 1 0 37.500000 1.325712 46
 5 1 77.500000 2.787179 191
 10 1 17.500000 2.234946 327
 1 0 67.500000 1.887450 58
 2 0 22.500000 2.189706 72
 0 0 17.500000 1.779171 6
 0 1 2.500000 2.083952 1
 0 1 22.500000 1.631448 9
 0 1 12.500000 2.372689 5
 0 0 2.500000 1.527583 0
 3 1 47.500000 1.547664 115
 2 1 22.500000 2.393268 73
 327856.062785 22
 1 0 52.500000 1.237130 52
 1 1 42.500000 2.496578 49
 0 1 72.500000 2.551974 29
 2 1 12.500000 2.472661 69
 0 1 2.500000 2.083952 1
 2 0 22.500000 2.189706 72
 1 0 57.500000 2.204181 54
 0 1 32.500000 2.031311 13
 3 1 77.500000 2.062972 127
 1 0 37.500000 1.325712 46
 4 0 12.500000 2.686580 132
 0 0 12.500000 2.097125 4
 1 1 47.500000 1.293106 51
 2 0 17.500000 2.020885 70
 0 1 47.500000 2.648106 19
 0 1 67.500000 1.179511 27
 0 1 7.500000 1.734521 3
 0 1 77.500000 2.796844 31
 0 1 52.500000 1.750527 21
 1 1 7.500000 2.925997 35
 1 1 52.500000 2.435902 53
 1 0 22.500000 2.715576 40
 1931274.535903 13
 1 0 32.500000 2.030223 44
 0 1 7.500000 1.734521 3
 0 1 37.500000 1.097688 15
 6 0 52.500000 1.343562 212
 2 0 27.500000 1.650127 74
 6 1 32.500000 1.940977 205
 0 1 2.500000 2.083952 1
 1 0 42.500000 2.266466 48
 1 0 27.500000 2.299265 42
 1 1 17.500000 1.164914 39
 3 1 27.500000 1.748203 107
 9 1 52.500000 1.650344 309
 1 0 77.500000 2.545145 62
 816663.690329 24
 1 0 2.500000 2.562632 32
 1 0 77.500000 2.545145 62
 1 1 17.500000 1.164914 39
 8 1 2.500000 2.373675 257
 0 1 37.500000 1.097688 15
 0 0 22.500000 2.643876 8
 4 1 42.500000 2.457246 145
 2 1 17.500000 1.013280 71
 9 1 7.500000 1.604546 291
 1 0 42.500000 2.266466 48
 1 1 37.500000 1.237595 47
 1 1 72.500000 2.816002 61
 0 1 77.500000 2.796844 31
 1 1 22.500000 2.687231 41
 2 0 22.500000 2.189706 72
 1 1 62.500000 2.436478 57
 0 0 27.500000 1.741418 10
 1 0 22.500000 2.715576 40
 1 1 27.500000 1.750106 43
 0 1 57.500000 2.777046 23
 0 1 42.500000 2.280759 17
 1 0 7.500000 2.068241 34
 1 1 2.500000 2.152203 33
 2 1 77.500000 2.886494 95
 954916.918573 32
 1 0 62.500000 1.324712 56
 1 1 32.500000 1.960096 45
 2 0 2.500000 1.592809 64
 1 0 32.500000 2.030223 44
 7 1 77.500000 1.052123 255
 3 0 77.500000 2.092703 126
 4 0 27.500000 2.503271 138
 0 1 7.500000 1.734521 3
 2 1 27.500000 1.686548 75
 4 1 47.500000 1.266593 147
 3 1 62.500000 1.340834 121
 2 1 12.500000 2.472661 69
 2 0 77.500000 2.293026 94
 2 1 52.500000 2.555216 85
 0 0 27.500000 1.741418 10
 1 1 37.500000 1.237595 47
 1 1 67.500000 2.372052 59
 7 1 7.500000 2.334549 227
 0 1 77.500000 2.796844 31
 0 0 32.500000 2.182069 12
 0 0 7.500000 2.978148 2
 1 1 57.500000 1.665218 55
 1 1 17.500000 1.164914 39
 9 0 47.500000 2.269913 306
 3 1 47.500000 1.547664 115
 3 1 72.500000 1.703819 125
 0 0 77.500000 1.033783 30
 0 1 2.500000 2.083952 1
 0 0 2.500000 1.527583 0
 0 1 62.500000 2.087043 25
 0 1 57.500000 2.777046 23
 5 1 67.500000 1.008047 187
 388332.959911 15
 1 1 42.500000 2.496578 49
 0 1 2.500000 2.083952 1
 4 1 57.500000 1.313976 151
 1 1 52.500000 2.435902 53
 6 0 42.500000 1.853539 208
 0 0 47.500000 2.709624 18
 1 1 12.500000 2.364757 37
 2 0 67.500000 2.633244 90
 1 0 12.500000 1.238672 36
 1 0 37.500000 1.325712 46
 1 1 17.500000 1.164914 39
 0 0 57.500000 1.110536 22
 0 1 47.500000 2.648106 19
 0 0 12.500000 2.097125 4
 1 1 22.500000 2.687231 41
 1785769.495212 34
 1 0 62.500000 1.324712 56
 2 0 17.500000 2.020885 70
 9 0 17.500000 1.351189 294
 2 1 7.500000 2.254664 67
 2 0 2.500000 1.592809 64
 2 1 52.500000 2.555216 85
 2 0 7.500000 2.174823 66
 1 0 72.500000 1.076862 60
 1 1 37.500000 1.237595 47
 1 1 22.500000 2.687231 41
 0 0 32.500000 2.182069 12
 3 0 67.500000 1.401269 122
 0 0 22.500000 2.643876 8
 1 0 17.500000 2.474752 38
 0 0 62.500000 1.814963 24
 0 1 17.500000 2.532079 7
 0 1 62.500000 2.087043 25
 0 0 67.500000 2.934205 26
 1 0 37.500000 1.325712 46
 1 0 57.500000 2.204181 54
 1 1 52.500000 2.435902 53
 1 1 42.500000 2.496578 49
 1 0 77.500000 2.545145 62
 2 1 27.500000 1.686548 75
 0 0 2.500000 1.527583 0
 2 1 72.500000 2.961284 93
 5 1 42.500000 2.246177 177
 0 0 7.500000 2.978148 2
 8 0 7.500000 2.358818 258
 0 0 72.500000 2.032995 28
 10 1 37.500000 2.033355 335
 2 0 47.500000 1.321141 82
 0 0 42.500000 2.839786 16
 5 1 62.500000 2.079856 185
 616717.291501 35
 0 1 37.500000 1.097688 15
 4 0 17.500000 1.614724 134
 7 1 42.500000 1.000203 241
 2 0 2.500000 1.592809 64
 1 1 22.500000 2.687231 41
 1 0 72.500000 1.076862 60
 1 0 62.500000 1.324712 56
 1 0 32.500000 2.030223 44
 1 1 52.500000 2.435902 53
 0 0 42.500000 2.839786 16
 2 0 47.500000 1.321141 82
 1 1 37.500000 1.237595 47
 9 0 12.500000 1.606666 292
 0 0 52.500000 2.725278 20
 4 1 57.500000 1.313976 151
 3 0 42.500000 2.958176 112
 6 1 22.500000 2.269505 201
 1 0 2.500000 2.562632 32
 0 0 12.500000 2.097125 4
 2 1 67.500000 2.935825 91
 1 1 47.500000 1.293106 51
 0 1 27.500000 2.013934 11
 3 0 47.500000 1.714140 114
 1 1 72.500000 2.816002 61
 2 1 12.500000 2.472661 69
 1 0 57.500000 2.204181 54
 3 1 27.500000 1.748203 107
 0 0 32.500000 2.182069 12
 0 1 2.500000 2.083952 1
 2 0 27.500000 1.650127 74
 0 1 12.500000 2.372689 5
 8 0 42.500000 1.670652 272
 1 1 17.500000 1.164914 39
 0 1 52.500000 1.750527 21
 0 0 7.500000 2.978148 2
 959280.898422 13
 4 1 27.500000 2.484075 139
 1 1 42.500000 2.496578 49
 1 0 57.500000 2.204181 54
 0 0 27.500000 1.741418 10
 1 0 77.500000 2.545145 62
 1 1 32.500000 1.960096 45
 0 1 72.500000 2.551974 29
 7 0 7.500000 1.378255 226
 2 0 22.500000 2.189706 72
 7 0 72.500000 2.322582 252
 0 0 47.500000 2.709624 18
 1 0 2.500000 2.562632 32
 2 1 7.500000 2.254664 67
 162604.356819 30
 1 0 32.500000 2.030223 44
 1 0 52.500000 1.237130 52
 1 0 7.500000 2.068241 34
 3 1 7.500000 1.018716 99
 2 0 2.500000 1.592809 64
 4 0 17.500000 1.614724 134
 0 1 7.500000 1.734521 3
 2 0 17.500000 2.020885 70
 0 1 72.500000 2.551974 29
 0 0 27.500000 1.741418 10
 7 1 77.500000 1.052123 255
 1 0 17.500000 2.474752 38
 1 1 32.500000 1.960096 45
 1 0 72.500000 1.076862 60
 1 1 52.500000 2.435902 53
 1 0 27.500000 2.299265 42
 1 1 72.500000 2.816002 61
 0 0 22.500000 2.643876 8
 1 0 67.500000 1.887450 58
 2 0 27.500000 1.650127 74
 1 0 2.500000 2.562632 32
 0 1 52.500000 1.750527 21
 6 1 2.500000 1.339834 193
 0 1 17.500000 2.532079 7
 0 0 72.500000 2.032995 28
 1 1 22.500000 2.687231 41
 8 1 2.500000 2.373675 257
 1 1 12.500000 2.364757 37
 2 0 22.500000 2.189706 72
 0 0 37.500000 2.237704 14
 1940964.041958 12
 1 1 22.500000 2.687231 41
 1 0 72.500000 1.076862 60
 2 0 12.500000 2.140208 68
 1 1 57.500000 1.665218 55
 0 1 77.500000 2.796844 31
 0 1 72.500000 2.551974 29
 2 1 12.500000 2.472661 69
 0 0 47.500000 2.709624 18
 0 0 62.500000 1.814963 24
 0 1 27.500000 2.013934 11
 0 1 2.500000 2.083952 1
 0 0 52.500000 2.725278 20
 532155.271886 27
 2 0 17.500000 2.020885 70
 0 1 77.500000 2.796844 31
 1 1 72.500000 2.816002 61
 1 0 47.500000 1.991866 50
 1 0 22.500000 2.715576 40
 9 1 22.500000 1.821676 297
 4 1 67.500000 2.450766 155
 10 0 7.500000 2.216815 322
 1 1 62.500000 2.436478 57
 0 0 57.500000 1.110536 22
 1 1 37.500000 1.237595 47
 1 0 57.500000 2.204181 54
 2 0 37.500000 1.181857 78
 0 1 42.500000 2.280759 17
 0 0 52.500000 2.725278 20
 1 1 52.500000 2.435902 53
 1 1 32.500000 1.960096 45
 3 1 32.500000 1.033155 109
 1 1 27.500000 1.750106 43
 2 1 12.500000 2.472661 69
 5 1 77.500000 2.787179 191
 1 0 52.500000 1.237130 52
 1 0 12.500000 1.238672 36
 0 1 32.500000 2.031311 13
 0 1 2.500000 2.083952 1
 3 1 77.500000 2.062972 127
 4 0 32.500000 1.849453 140
 212657.412669 9
 0 0 2.500000 1.527583 0
 1 1 52.500000 2.435902 53
 0 1 77.500000 2.796844 31
 0 1 67.500000 1.179511 27
 0 0 37.500000 2.237704 14
 0 0 27.500000 1.741418 10
 1 0 22.500000 2.715576 40
 1 0 67.500000 1.887450 58
 4 0 32.500000 1.849453 140
 1275370.460989 19
 2 1 7.500000 2.254664 67
 2 1 17.500000 1.013280 71
 0 0 7.500000 2.978148 2
 1 1 2.500000 2.152203 33
 1 0 57.500000 2.204181 54
 0 0 12.500000 2.097125 4
 2 1 57.500000 2.896666 87
 7 0 22.500000 1.005728 232
 0 1 17.500000 2.532079 7
 4 0 52.500000 1.626157 148
 1 0 62.500000 1.324712 56
 2 1 2.500000 2.333324 65
 3 1 12.500000 1.162807 101
 1 1 62.500000 2.436478 57
 3 1 57.500000 2.553461 119
 3 0 22.500000 1.189485 104
 1 1 72.500000 2.816002 61
 3 0 52.500000 1.592432 116
 0 0 67.500000 2.934205 26
 1455016.677200 11
 0 0 67.500000 2.934205 26
 0 0 32.500000 2.182069 12
 1 0 22.500000 2.715576 40
 1 1 12.500000 2.364757 37
 0 1 57.500000 2.777046 23
 10 0 27.500000 2.688368 330
 1 1 72.500000 2.816002 61
 0 1 27.500000 2.013934 11
 1 0 12.500000 1.238672 36
 2 1 27.500000 1.686548 75
 0 0 47.500000 2.709624 18
 1791317.626178 27
 0 0 52.500000 2.725278 20
 1 0 27.500000 2.299265 42
 1 0 2.500000 2.562632 32
 2 0 12.500000 2.140208 68
 4 1 47.500000 1.266593 147
 2 1 12.500000 2.472661 69
 0 1 22.500000 1.631448 9
 0 0 7.500000 2.978148 2
 2 0 22.500000 2.189706 72
 0 1 72.500000 2.551974 29
 3 1 72.500000 1.703819 125
 1 0 67.500000 1.887450 58
 0 1 2.500000 2.083952 1
 1 1 37.500000 1.237595 47
 1 0 7.500000 2.068241 34
 6 1 67.500000 1.250856 219
 0 0 42.500000 2.839786 16
 0 0 32.500000 2.182069 12
 0 0 72.500000 2.032995 28
 1 0 57.500000 2.204181 54
 0 0 62.500000 1.814963 24
 2 1 62.500000 1.226193 89
 0 1 12.500000 2.372689 5
 0 1 32.500000 2.031311 13
 1 0 17.500000 2.474752 38
 1 1 77.500000 2.252847 63
 2 0 2.500000 1.592809 64
 172704.458392 20
 1 0 7.500000 2.068241 34
 0 0 52.500000 2.725278 20
 2 0 12.500000 2.140208 68
 0 1 52.500000 1.750527 21
 6 0 72.500000 1.129938 220
 7 0 32.500000 2.661609 236
 0 0 62.500000 1.814963 24
 2 0 17.500000 2.020885 70
 1 0 62.500000 1.324712 56
 1 1 7.500000 2.925997 35
 1 0 37.500000 1.325712 46
 1 1 42.500000 2.496578 49
 0 0 27.500000 1.741418 10
 2 1 52.500000 2.555216 85
 2 1 2.500000 2.333324 65
 1 0 47.500000 1.991866 50
 1 1 22.500000 2.687231 41
 2 0 2.500000 1.592809 64
 1 0 72.500000 1.076862 60
 0 0 12.500000 2.097125 4
 1727583.542023 33
 0 0 27.500000 1.741418 10
 0 0 52.500000 2.725278 20
 2 0 2.500000 1.592809 64
 1 1 37.500000 1.237595 47
 1 0 72.500000 1.076862 60
 3 0 52.500000 1.592432 116
 0 0 17.500000 1.779171 6
 1 1 42.500000 2.496578 49
 1 1 72.500000 2.816002 61
 0 1 2.500000 2.083952 1
 1 0 27.500000 2.299265 42
 2 0 27.500000 1.650127 74
 0 0 32.500000 2.182069 12
 1 0 57.500000 2.204181 54
 1 1 77.500000 2.252847 63
 10 1 17.500000 2.234946 327
 5 1 22.500000 1.936236 169
 1 0 7.500000 2.068241 34
 1 0 2.500000 2.562632 32
 5 1 77.500000 2.787179 191
 5 0 12.500000 1.094179 164
 2 0 12.500000 2.140208 68
 1 1 17.500000 1.164914 39
 2 0 17.500000 2.020885 70
 2 1 7.500000 2.254664 67
 0 0 12.500000 2.097125 4
 0 1 27.500000 2.013934 11
 0 0 22.500000 2.643876 8
 1 0 32.500000 2.030223 44
 0 1 17.500000 2.532079 7
 1 1 2.500000 2.152203 33
 3 0 2.500000 1.302113 96
 1 1 57.500000 1.665218 55
 561152.892728 2
 1 0 52.500000 1.237130 52
 1 1 22.500000 2.687231 41
 1860395.618240 32
 1 0 22.500000 2.715576 40
 0 0 52.500000 2.725278 20
 3 0 52.500000 1.592432 116
 0 0 42.500000 2.839786 16
 1 0 32.500000 2.030223 44
 5 0 37.500000 2.609217 174
 5 0 27.500000 2.324731 170
 1 1 57.500000 1.665218 55
 0 1 42.500000 2.280759 17
 10 1 32.500000 1.298819 333
 0 0 72.500000 2.032995 28
 2 1 77.500000 2.886494 95
 3 1 7.500000 1.018716 99
 0 0 22.500000 2.643876 8
 1 0 7.500000 2.068241 34
 1 1 17.500000 1.164914 39
 4 0 42.500000 2.464477 144
 1 1 47.500000 1.293106 51
 0 1 67.500000 1.179511 27
 2 0 27.500000 1.650127 74
 2 1 57.500000 2.896666 87
 2 0 22.500000 2.189706 72
 8 1 62.500000 2.857247 281
 0 0 57.500000 1.110536 22
 0 0 2.500000 1.527583 0
 1 0 77.500000 2.545145 62
 2 0 12.500000 2.140208 68
 8 0 17.500000 1.971238 262
 0 1 52.500000 1.750527 21
 3 1 27.500000 1.748203 107
 1 0 72.500000 1.076862 60
 0 0 12.500000 2.097125 4
 60740.487306 32
 9 0 52.500000 1.922987 308
 1 1 77.500000 2.252847 63
 2 0 17.500000 2.020885 70
 3 1 42.500000 2.064956 113
 2 0 7.500000 2.174823 66
 2 1 17.500000 1.013280 71
 3 0 32.500000 2.051350 108
 0 1 47.500000 2.648106 19
 1 1 2.500000 2.152203 33
 0 1 42.500000 2.280759 17
 6 0 27.500000 1.578289 202
 1 0 2.500000 2.562632 32
 1 1 67.500000 2.372052 59
 0 1 67.500000 1.179511 27
 1 0 17.500000 2.474752 38
 0 1 37.500000 1.097688 15
 1 0 42.500000 2.266466 48
 2 1 22.500000 2.393268 73
 0 1 57.500000 2.777046 23
 3 1 32.500000 1.033155 109
 5 0 77.500000 1.998857 190
 1 0 77.500000 2.545145 62
 0 0 2.500000 1.527583 0
 0 1 62.500000 2.087043 25
 2 1 12.500000 2.472661 69
 3 0 17.500000 1.293538 102
 1 1 47.500000 1.293106 51
 0 1 17.500000 2.532079 7
 0 0 17.500000 1.779171 6
 2 0 22.500000 2.189706 72
 0 0 37.500000 2.237704 14
 2 0 2.500000 1.592809 64
 1116085.012162 30
 2 0 17.500000 2.020885 70
 1 0 57.500000 2.204181 54
 1 1 7.500000 2.925997 35
 2 1 22.500000 2.393268 73
 0 0 77.500000 1.033783 30
 1 1 2.500000 2.152203 33
 1 0 52.500000 1.237130 52
 2 0 2.500000 1.592809 64
 4 0 52.500000 1.626157 148
 1 0 7.500000 2.068241 34
 0 1 32.500000 2.031311 13
 1 1 52.500000 2.435902 53
 5 0 72.500000 2.248082 188
 0 1 22.500000 1.631448 9
 0 1 12.500000 2.372689 5
 0 1 2.500000 2.083952 1
 3 1 37.500000 1.535251 111
 2 1 7.500000 2.254664 67
 0 0 22.500000 2.643876 8
 0 1 77.500000 2.796844 31
 0 0 2.500000 1.527583 0
 1 0 27.500000 2.299265 42
 1 0 47.500000 1.991866 50
 1 0 72.500000 1.076862 60
 1 0 12.500000 1.238672 36
 1 0 17.500000 2.474752 38
 1 1 47.500000 1.293106 51
 1 1 42.500000 2.496578 49
 0 1 67.500000 1.179511 27
 2 1 2.500000 2.333324 65
 1715669.608412 16
 0 0 47.500000 2.709624 18
 1 0 12.500000 1.238672 36
 2 0 77.500000 2.293026 94
 2 0 57.500000 1.517397 86
 1 1 12.500000 2.364757 37
 1 0 7.500000 2.068241 34
 8 1 12.500000 1.665019 261
 0 0 37.500000 2.237704 14
 1 1 52.500000 2.435902 53
 0 1 7.500000 1.734521 3
 2 0 12.500000 2.140208 68
 1 1 22.500000 2.687231 41
 1 1 37.500000 1.237595 47
 1 0 72.500000 1.076862 60
 1 1 57.500000 1.665218 55
 2 1 17.500000 1.013280 71
 1717956.438827 31
 2 1 72.500000 2.961284 93
 8 0 27.500000 2.839906 266
 1 0 12.500000 1.238672 36
 4 1 17.500000 2.668730 135
 0 0 12.500000 2.097125 4
 0 1 72.500000 2.551974 29
 0 0 17.500000 1.779171 6
 1 0 17.500000 2.474752 38
 0 0 22.500000 2.643876 8
 0 0 2.500000 1.527583 0
 1 0 42.500000 2.266466 48
 10 1 12.500000 2.042700 325
 8 0 12.500000 2.648995 260
 3 0 2.500000 1.302113 96
 1 1 72.500000 2.816002 61
 0 0 52.500000 2.725278 20
 1 0 32.500000 2.030223 44
 0 1 62.500000 2.087043 25
 0 1 67.500000 1.179511 27
 1 1 32.500000 1.960096 45
 0 1 77.500000 2.796844 31
 1 1 62.500000 2.436478 57
 4 0 17.500000 1.614724 134
 1 0 57.500000 2.204181 54
 0 1 2.500000 2.083952 1
 1 1 77.500000 2.252847 63
 4 0 42.500000 2.464477 144
 3 0 42.500000 2.958176 112
 10 1 22.500000 1.540947 329
 0 1 17.500000 2.532079 7
 2 0 2.500000 1.592809 64
 1828897.123313 17
 2 1 17.500000 1.013280 71
 2 1 12.500000 2.472661 69
 1 0 12.500000 1.238672 36
 2 0 12.500000 2.140208 68
 5 1 52.500000 1.557715 181
 0 1 37.500000 1.097688 15
 1 1 52.500000 2.435902 53
 9 1 67.500000 1.850595 315
 0 0 77.500000 1.033783 30
 1 1 12.500000 2.364757 37
 0 0 12.500000 2.097125 4
 1 0 2.500000 2.562632 32
 5 0 7.500000 2.324127 162
 1 0 72.500000 1.076862 60
 1 1 57.500000 1.665218 55
 8 0 52.500000 2.565655 276
 0 0 47.500000 2.709624 18
 303222.069490 28
 0 1 62.500000 2.087043 25
 0 1 7.500000 1.734521 3
 4 1 62.500000 1.655658 153
 0 1 27.500000 2.013934 11
 0 1 47.500000 2.648106 19
 0 0 37.500000 2.237704 14
 2 0 32.500000 1.804591 76
 1 1 52.500000 2.435902 53
 0 0 77.500000 1.033783 30
 3 1 12.500000 1.162807 101
 1 0 72.500000 1.076862 60
 2 0 12.500000 2.140208 68
 1 0 52.500000 1.237130 52
 0 1 57.500000 2.777046 23
 1 1 67.500000 2.372052 59
 4 1 37.500000 2.632383 143
 0 1 52.500000 1.750527 21
 2 1 12.500000 2.472661 69
 4 0 37.500000 1.686002 142
 4 0 12.500000 2.686580 132
 0 0 67.500000 2.934205 26
 1 1 27.500000 1.750106 43
 2 0 22.500000 2.189706 72
 2 0 2.500000 1.592809 64
 11 0 27.500000 1.869728 362
 1 1 72.500000 2.816002 61
 0 1 42.500000 2.280759 17
 0 0 27.500000 1.741418 10
 501578.729647 5
 0 1 2.500000 2.083952 1
 1 1 12.500000 2.364757 37
 1 0 7.500000 2.068241 34
 1 1 72.500000 2.816002 61
 1 0 17.500000 2.474752 38
 150144.402753 2
 0 0 17.500000 1.779171 6
 4 1 37.500000 2.632383 143
 193524.555617 18
 0 0 77.500000 1.033783 30
 5 0 72.500000 2.248082 188
 0 0 52.500000 2.725278 20
 4 1 22.500000 2.174362 137
 1 0 57.500000 2.204181 54
 0 1 42.500000 2.280759 17
 1 1 67.500000 2.372052 59
 0 1 7.500000 1.734521 3
 8 0 72.500000 2.114019 284
 1 0 47.500000 1.991866 50
 1 1 77.500000 2.252847 63
 1 1 42.500000 2.496578 49
 1 0 27.500000 2.299265 42
 0 0 47.500000 2.709624 18
 2 0 22.500000 2.189706 72
 10 0 62.500000 1.447159 344
 7 0 27.500000 2.567747 234
 2 0 27.500000 1.650127 74
 1595467.298029 17
 1 1 7.500000 2.925997 35
 0 0 47.500000 2.709624 18
 0 0 52.500000 2.725278 20
 0 0 77.500000 1.033783 30
 2 1 12.500000 2.472661 69
 2 1 22.500000 2.393268 73
 1 1 27.500000 1.750106 43
 2 0 7.500000 2.174823 66
 2 0 27.500000 1.650127 74
 0 1 32.500000 2.031311 13
 0 0 2.500000 1.527583 0
 4 1 12.500000 1.356436 133
 0 1 37.500000 1.097688 15
 0 1 42.500000 2.280759 17
 2 0 22.500000 2.189706 72
 1 1 52.500000 2.435902 53
 1 0 77.500000 2.545145 62