Numero de pedidos
200
duedate num_referencias // pasillo lado altura peso
534114.56 14
19 0 39.5025 1.0 980
23 0 26.727500000000006 1.0 1170
12 1 24.1725 1.0 619
4 0 11.3975 1.0 208
19 0 13.9525 1.0 960
11 1 3.7325000000000017 1.0 553
8 1 6.287500000000001 1.0 405
12 0 36.947500000000005 1.0 628
6 1 1.177500000000002 1.0 301
11 0 34.3925 1.0 576
24 1 57.3875 1.0 1245
23 0 19.0625 1.0 1164
0 1 8.842500000000001 1.0 7
20 0 31.837500000000006 1.0 1024
700780.56 5
4 1 39.5025 1.0 231
22 0 52.2775 1.0 1140
20 1 54.83250000000001 1.0 1043
2 1 62.4975 1.0 149
20 1 49.7225 1.0 1039
1329562.8 8
12 1 24.1725 1.0 619
6 1 52.2775 1.0 341
1 0 11.3975 1.0 58
24 1 57.3875 1.0 1245
22 1 11.3975 1.0 1109
3 0 11.3975 1.0 158
21 1 6.287500000000001 1.0 1055
7 0 57.3875 1.0 394
1754066.0 5
9 0 31.837500000000006 1.0 474
10 1 52.2775 1.0 541
11 1 49.7225 1.0 589
4 0 54.83250000000001 1.0 242
15 0 49.7225 1.0 788
97188.1 7
7 1 52.2775 1.0 391
22 0 42.057500000000005 1.0 1132
9 0 6.287500000000001 1.0 454
14 1 57.3875 1.0 745
15 0 26.727500000000006 1.0 770
13 1 52.2775 1.0 691
19 1 26.727500000000006 1.0 971
1538561.6 12
6 1 3.7325000000000017 1.0 303
12 1 11.3975 1.0 609
19 0 1.177500000000002 1.0 950
22 0 52.2775 1.0 1140
21 0 29.2825 1.0 1072
19 1 44.6125 1.0 985
1 0 24.1725 1.0 68
15 0 16.507500000000007 1.0 762
2 1 44.6125 1.0 135
14 0 49.7225 1.0 738
5 0 59.94250000000001 1.0 296
22 0 42.057500000000005 1.0 1132
727990.75 8
21 0 11.3975 1.0 1058
18 0 49.7225 1.0 938
5 1 31.837500000000006 1.0 275
7 1 13.9525 1.0 361
24 1 44.6125 1.0 1235
10 0 36.947500000000005 1.0 528
6 0 47.167500000000004 1.0 336
22 1 62.4975 1.0 1149
1948175.4 15
10 1 26.727500000000006 1.0 521
22 0 29.2825 1.0 1122
3 0 19.0625 1.0 164
9 0 1.177500000000002 1.0 450
10 0 59.94250000000001 1.0 546
1 0 24.1725 1.0 68
20 0 16.507500000000007 1.0 1012
21 0 16.507500000000007 1.0 1062
17 0 13.9525 1.0 860
11 1 49.7225 1.0 589
1 1 16.507500000000007 1.0 63
12 1 11.3975 1.0 609
15 0 31.837500000000006 1.0 774
7 1 3.7325000000000017 1.0 353
5 0 54.83250000000001 1.0 292
1266772.9 17
24 1 21.617500000000007 1.0 1217
9 1 42.057500000000005 1.0 483
14 1 11.3975 1.0 709
15 1 54.83250000000001 1.0 793
13 1 16.507500000000007 1.0 663
6 0 39.5025 1.0 330
0 0 36.947500000000005 1.0 28
17 1 16.507500000000007 1.0 863
3 0 11.3975 1.0 158
19 0 44.6125 1.0 984
19 0 39.5025 1.0 980
16 1 29.2825 1.0 823
13 1 52.2775 1.0 691
13 1 1.177500000000002 1.0 651
8 0 8.842500000000001 1.0 406
12 0 36.947500000000005 1.0 628
6 1 42.057500000000005 1.0 333
1319946.8 16
20 0 42.057500000000005 1.0 1032
10 1 62.4975 1.0 549
18 0 34.3925 1.0 926
8 1 13.9525 1.0 411
24 0 11.3975 1.0 1208
9 1 47.167500000000004 1.0 487
15 1 52.2775 1.0 791
23 0 19.0625 1.0 1164
10 1 26.727500000000006 1.0 521
24 0 26.727500000000006 1.0 1220
8 0 52.2775 1.0 440
10 1 39.5025 1.0 531
24 1 24.1725 1.0 1219
8 1 26.727500000000006 1.0 421
11 1 47.167500000000004 1.0 587
13 1 49.7225 1.0 689
652320.44 15
3 1 59.94250000000001 1.0 197
5 1 47.167500000000004 1.0 287
5 0 47.167500000000004 1.0 286
10 1 39.5025 1.0 531
24 1 21.617500000000007 1.0 1217
6 0 39.5025 1.0 330
17 0 16.507500000000007 1.0 862
15 0 34.3925 1.0 776
6 0 16.507500000000007 1.0 312
17 0 24.1725 1.0 868
22 1 21.617500000000007 1.0 1117
11 1 49.7225 1.0 589
6 0 59.94250000000001 1.0 346
21 1 1.177500000000002 1.0 1051
16 0 13.9525 1.0 810
97131.58 17
22 0 42.057500000000005 1.0 1132
24 1 16.507500000000007 1.0 1213
10 1 21.617500000000007 1.0 517
6 1 47.167500000000004 1.0 337
19 0 44.6125 1.0 984
13 1 54.83250000000001 1.0 693
2 1 29.2825 1.0 123
6 1 49.7225 1.0 339
2 1 36.947500000000005 1.0 129
8 0 16.507500000000007 1.0 412
7 1 49.7225 1.0 389
10 1 39.5025 1.0 531
19 1 59.94250000000001 1.0 997
0 1 57.3875 1.0 45
1 1 3.7325000000000017 1.0 53
24 1 39.5025 1.0 1231
16 1 21.617500000000007 1.0 817
757902.9 23
11 1 44.6125 1.0 585
21 0 26.727500000000006 1.0 1070
18 0 26.727500000000006 1.0 920
8 1 49.7225 1.0 439
24 0 29.2825 1.0 1222
1 0 34.3925 1.0 76
4 1 8.842500000000001 1.0 207
0 1 36.947500000000005 1.0 29
6 0 16.507500000000007 1.0 312
15 1 11.3975 1.0 759
2 1 59.94250000000001 1.0 147
3 0 54.83250000000001 1.0 192
12 0 42.057500000000005 1.0 632
24 1 24.1725 1.0 1219
17 0 62.4975 1.0 898
22 0 29.2825 1.0 1122
10 1 36.947500000000005 1.0 529
19 1 8.842500000000001 1.0 957
8 0 16.507500000000007 1.0 412
12 1 59.94250000000001 1.0 647
21 0 36.947500000000005 1.0 1078
12 1 47.167500000000004 1.0 637
17 0 6.287500000000001 1.0 854
492849.0 5
8 0 47.167500000000004 1.0 436
18 0 31.837500000000006 1.0 924
4 1 39.5025 1.0 231
17 1 44.6125 1.0 885
4 1 19.0625 1.0 215
810733.1 8
12 1 19.0625 1.0 615
12 1 47.167500000000004 1.0 637
8 0 39.5025 1.0 430
22 1 47.167500000000004 1.0 1137
4 0 54.83250000000001 1.0 242
9 1 47.167500000000004 1.0 487
10 1 11.3975 1.0 509
22 1 21.617500000000007 1.0 1117
385468.47 5
15 0 16.507500000000007 1.0 762
8 1 47.167500000000004 1.0 437
17 1 44.6125 1.0 885
3 1 6.287500000000001 1.0 155
10 0 52.2775 1.0 540
535101.2 12
22 1 39.5025 1.0 1131
24 1 52.2775 1.0 1241
12 1 16.507500000000007 1.0 613
14 0 62.4975 1.0 748
2 1 39.5025 1.0 131
0 1 36.947500000000005 1.0 29
5 0 59.94250000000001 1.0 296
18 1 19.0625 1.0 915
9 0 31.837500000000006 1.0 474
4 1 19.0625 1.0 215
10 1 39.5025 1.0 531
7 1 49.7225 1.0 389
1642600.9 14
7 1 3.7325000000000017 1.0 353
19 1 29.2825 1.0 973
24 1 16.507500000000007 1.0 1213
20 0 16.507500000000007 1.0 1012
8 0 39.5025 1.0 430
17 0 44.6125 1.0 884
16 1 21.617500000000007 1.0 817
7 1 8.842500000000001 1.0 357
7 0 19.0625 1.0 364
8 0 52.2775 1.0 440
22 0 52.2775 1.0 1140
22 0 6.287500000000001 1.0 1104
3 1 57.3875 1.0 195
8 1 13.9525 1.0 411
1822031.1 11
23 0 26.727500000000006 1.0 1170
21 0 6.287500000000001 1.0 1054
9 0 24.1725 1.0 468
9 1 39.5025 1.0 481
9 0 54.83250000000001 1.0 492
4 0 16.507500000000007 1.0 212
8 1 62.4975 1.0 449
10 0 16.507500000000007 1.0 512
15 1 59.94250000000001 1.0 797
13 1 52.2775 1.0 691
14 1 47.167500000000004 1.0 737
1948850.5 23
8 1 59.94250000000001 1.0 447
21 1 57.3875 1.0 1095
2 1 59.94250000000001 1.0 147
5 1 11.3975 1.0 259
22 0 29.2825 1.0 1122
11 1 36.947500000000005 1.0 579
18 1 19.0625 1.0 915
8 0 47.167500000000004 1.0 436
5 1 54.83250000000001 1.0 293
22 1 39.5025 1.0 1131
15 1 54.83250000000001 1.0 793
1 0 11.3975 1.0 58
19 1 54.83250000000001 1.0 993
19 0 44.6125 1.0 984
19 1 8.842500000000001 1.0 957
5 1 52.2775 1.0 291
22 1 11.3975 1.0 1109
6 1 16.507500000000007 1.0 313
7 1 49.7225 1.0 389
9 0 54.83250000000001 1.0 492
13 1 54.83250000000001 1.0 693
3 1 6.287500000000001 1.0 155
0 1 8.842500000000001 1.0 7
955274.9 12
3 0 44.6125 1.0 184
9 1 16.507500000000007 1.0 463
3 0 54.83250000000001 1.0 192
22 1 39.5025 1.0 1131
8 1 16.507500000000007 1.0 413
15 1 59.94250000000001 1.0 797
12 1 8.842500000000001 1.0 607
9 0 39.5025 1.0 480
9 1 54.83250000000001 1.0 493
4 1 34.3925 1.0 227
12 1 11.3975 1.0 609
10 1 39.5025 1.0 531
1450763.2 14
17 0 31.837500000000006 1.0 874
1 1 16.507500000000007 1.0 63
19 1 59.94250000000001 1.0 997
16 0 49.7225 1.0 838
3 1 57.3875 1.0 195
9 1 16.507500000000007 1.0 463
15 0 31.837500000000006 1.0 774
19 1 54.83250000000001 1.0 993
11 1 36.947500000000005 1.0 579
10 0 59.94250000000001 1.0 546
23 0 19.0625 1.0 1164
14 0 1.177500000000002 1.0 700
8 0 47.167500000000004 1.0 436
12 1 59.94250000000001 1.0 647
1938529.5 10
13 1 49.7225 1.0 689
16 1 24.1725 1.0 819
6 1 54.83250000000001 1.0 343
4 1 54.83250000000001 1.0 243
15 1 54.83250000000001 1.0 793
8 1 42.057500000000005 1.0 433
22 0 24.1725 1.0 1118
10 1 42.057500000000005 1.0 533
3 1 47.167500000000004 1.0 187
19 0 39.5025 1.0 980
940837.9 22
13 1 29.2825 1.0 673
5 1 11.3975 1.0 259
12 0 36.947500000000005 1.0 628
15 1 16.507500000000007 1.0 763
8 1 59.94250000000001 1.0 447
4 1 62.4975 1.0 249
21 0 34.3925 1.0 1076
18 0 21.617500000000007 1.0 916
21 1 54.83250000000001 1.0 1093
3 1 47.167500000000004 1.0 187
20 0 57.3875 1.0 1044
5 1 47.167500000000004 1.0 287
17 0 44.6125 1.0 884
11 1 1.177500000000002 1.0 551
6 1 1.177500000000002 1.0 301
0 1 36.947500000000005 1.0 29
24 1 16.507500000000007 1.0 1213
14 0 62.4975 1.0 748
12 1 59.94250000000001 1.0 647
16 1 62.4975 1.0 849
3 0 11.3975 1.0 158
23 1 36.947500000000005 1.0 1179
166616.03 18
22 1 31.837500000000006 1.0 1125
21 0 6.287500000000001 1.0 1054
13 1 52.2775 1.0 691
13 1 54.83250000000001 1.0 693
4 0 11.3975 1.0 208
12 0 49.7225 1.0 638
24 0 13.9525 1.0 1210
17 0 62.4975 1.0 898
3 0 31.837500000000006 1.0 174
3 1 6.287500000000001 1.0 155
13 0 3.7325000000000017 1.0 652
10 0 34.3925 1.0 526
6 1 54.83250000000001 1.0 343
19 0 44.6125 1.0 984
10 0 16.507500000000007 1.0 512
23 0 19.0625 1.0 1164
11 1 59.94250000000001 1.0 597
1 0 29.2825 1.0 72
824051.94 19
19 0 11.3975 1.0 958
23 0 57.3875 1.0 1194
3 0 19.0625 1.0 164
9 0 36.947500000000005 1.0 478
11 1 36.947500000000005 1.0 579
20 0 21.617500000000007 1.0 1016
13 1 52.2775 1.0 691
8 1 54.83250000000001 1.0 443
9 1 24.1725 1.0 469
17 0 1.177500000000002 1.0 850
21 0 34.3925 1.0 1076
11 1 62.4975 1.0 599
20 0 16.507500000000007 1.0 1012
14 1 21.617500000000007 1.0 717
8 0 39.5025 1.0 430
11 1 34.3925 1.0 577
16 1 21.617500000000007 1.0 817
10 1 16.507500000000007 1.0 513
17 1 44.6125 1.0 885
1682496.1 9
10 1 26.727500000000006 1.0 521
13 1 52.2775 1.0 691
9 0 24.1725 1.0 468
22 1 39.5025 1.0 1131
5 1 19.0625 1.0 265
16 0 3.7325000000000017 1.0 802
7 1 16.507500000000007 1.0 363
2 0 24.1725 1.0 118
11 0 34.3925 1.0 576
75247.016 13
23 0 19.0625 1.0 1164
23 1 19.0625 1.0 1165
15 0 26.727500000000006 1.0 770
4 1 62.4975 1.0 249
12 0 36.947500000000005 1.0 628
3 0 39.5025 1.0 180
13 1 54.83250000000001 1.0 693
4 0 1.177500000000002 1.0 200
16 1 26.727500000000006 1.0 821
20 0 16.507500000000007 1.0 1012
9 1 47.167500000000004 1.0 487
12 0 57.3875 1.0 644
5 0 26.727500000000006 1.0 270
329127.94 9
11 1 62.4975 1.0 599
23 1 54.83250000000001 1.0 1193
21 0 34.3925 1.0 1076
8 0 47.167500000000004 1.0 436
9 1 16.507500000000007 1.0 463
20 0 52.2775 1.0 1040
11 1 47.167500000000004 1.0 587
4 1 8.842500000000001 1.0 207
6 1 3.7325000000000017 1.0 303
1542427.9 10
5 0 16.507500000000007 1.0 262
20 1 6.287500000000001 1.0 1005
22 0 54.83250000000001 1.0 1142
14 0 44.6125 1.0 734
11 0 42.057500000000005 1.0 582
12 1 54.83250000000001 1.0 643
17 1 62.4975 1.0 899
5 1 47.167500000000004 1.0 287
3 0 13.9525 1.0 160
3 1 3.7325000000000017 1.0 153
912974.6 11
18 1 16.507500000000007 1.0 913
22 1 13.9525 1.0 1111
8 1 16.507500000000007 1.0 413
21 1 1.177500000000002 1.0 1051
11 1 59.94250000000001 1.0 597
16 1 26.727500000000006 1.0 821
15 1 11.3975 1.0 759
0 1 36.947500000000005 1.0 29
13 0 3.7325000000000017 1.0 652
15 1 13.9525 1.0 761
21 1 11.3975 1.0 1059
1823687.5 20
6 1 54.83250000000001 1.0 343
12 0 42.057500000000005 1.0 632
1 1 1.177500000000002 1.0 51
6 1 16.507500000000007 1.0 313
17 1 62.4975 1.0 899
2 1 59.94250000000001 1.0 147
6 0 16.507500000000007 1.0 312
9 0 34.3925 1.0 476
18 1 59.94250000000001 1.0 947
23 0 16.507500000000007 1.0 1162
24 0 3.7325000000000017 1.0 1202
13 0 3.7325000000000017 1.0 652
10 0 52.2775 1.0 540
13 1 3.7325000000000017 1.0 653
11 1 59.94250000000001 1.0 597
16 1 29.2825 1.0 823
8 1 16.507500000000007 1.0 413
7 0 6.287500000000001 1.0 354
20 0 57.3875 1.0 1044
23 0 57.3875 1.0 1194
227573.31 7
22 1 31.837500000000006 1.0 1125
8 1 42.057500000000005 1.0 433
8 1 13.9525 1.0 411
9 0 44.6125 1.0 484
3 1 57.3875 1.0 195
14 0 44.6125 1.0 734
11 0 34.3925 1.0 576
48694.51 13
3 1 6.287500000000001 1.0 155
16 1 26.727500000000006 1.0 821
22 1 31.837500000000006 1.0 1125
6 1 54.83250000000001 1.0 343
16 0 26.727500000000006 1.0 820
6 0 47.167500000000004 1.0 336
1 1 16.507500000000007 1.0 63
11 0 24.1725 1.0 568
13 1 54.83250000000001 1.0 693
9 0 59.94250000000001 1.0 496
5 0 6.287500000000001 1.0 254
9 1 44.6125 1.0 485
14 0 31.837500000000006 1.0 724
894325.56 16
5 0 59.94250000000001 1.0 296
0 1 57.3875 1.0 45
3 1 6.287500000000001 1.0 155
4 0 59.94250000000001 1.0 246
3 1 11.3975 1.0 159
15 0 29.2825 1.0 772
5 1 39.5025 1.0 281
22 0 29.2825 1.0 1122
17 0 24.1725 1.0 868
22 0 42.057500000000005 1.0 1132
24 1 52.2775 1.0 1241
1 0 24.1725 1.0 68
9 1 39.5025 1.0 481
24 0 3.7325000000000017 1.0 1202
7 0 19.0625 1.0 364
14 1 8.842500000000001 1.0 707
952629.56 21
19 1 11.3975 1.0 959
4 1 49.7225 1.0 239
15 0 31.837500000000006 1.0 774
22 0 29.2825 1.0 1122
8 0 8.842500000000001 1.0 406
8 1 6.287500000000001 1.0 405
4 1 13.9525 1.0 211
15 0 26.727500000000006 1.0 770
17 1 31.837500000000006 1.0 875
6 1 52.2775 1.0 341
18 0 31.837500000000006 1.0 924
22 0 19.0625 1.0 1114
16 1 29.2825 1.0 823
13 0 3.7325000000000017 1.0 652
15 1 1.177500000000002 1.0 751
7 1 52.2775 1.0 391
7 0 8.842500000000001 1.0 356
2 0 8.842500000000001 1.0 106
9 1 36.947500000000005 1.0 479
6 0 36.947500000000005 1.0 328
18 0 49.7225 1.0 938
1873325.2 20
15 1 8.842500000000001 1.0 757
11 1 59.94250000000001 1.0 597
5 0 34.3925 1.0 276
9 0 24.1725 1.0 468
13 0 3.7325000000000017 1.0 652
17 0 16.507500000000007 1.0 862
4 0 26.727500000000006 1.0 220
12 0 36.947500000000005 1.0 628
1 0 11.3975 1.0 58
20 0 39.5025 1.0 1030
11 1 54.83250000000001 1.0 593
15 0 31.837500000000006 1.0 774
16 1 52.2775 1.0 841
11 0 57.3875 1.0 594
14 0 42.057500000000005 1.0 732
19 1 34.3925 1.0 977
22 0 42.057500000000005 1.0 1132
22 1 11.3975 1.0 1109
2 0 52.2775 1.0 140
8 0 36.947500000000005 1.0 428
1140980.9 20
10 1 11.3975 1.0 509
22 0 29.2825 1.0 1122
11 0 34.3925 1.0 576
10 0 16.507500000000007 1.0 512
24 1 44.6125 1.0 1235
11 1 44.6125 1.0 585
20 0 57.3875 1.0 1044
24 0 13.9525 1.0 1210
6 0 59.94250000000001 1.0 346
19 1 29.2825 1.0 973
8 0 47.167500000000004 1.0 436
24 0 21.617500000000007 1.0 1216
21 1 54.83250000000001 1.0 1093
16 1 24.1725 1.0 819
6 0 31.837500000000006 1.0 324
22 0 19.0625 1.0 1114
0 0 3.7325000000000017 1.0 2
5 0 42.057500000000005 1.0 282
19 0 39.5025 1.0 980
20 0 31.837500000000006 1.0 1024
784037.5 23
9 0 39.5025 1.0 480
4 1 16.507500000000007 1.0 213
21 0 59.94250000000001 1.0 1096
10 1 1.177500000000002 1.0 501
6 1 29.2825 1.0 323
3 1 11.3975 1.0 159
4 0 54.83250000000001 1.0 242
4 0 39.5025 1.0 230
9 1 59.94250000000001 1.0 497
13 0 34.3925 1.0 676
21 0 31.837500000000006 1.0 1074
1 0 11.3975 1.0 58
7 0 29.2825 1.0 372
8 1 49.7225 1.0 439
1 1 21.617500000000007 1.0 67
21 1 34.3925 1.0 1077
14 1 52.2775 1.0 741
16 1 59.94250000000001 1.0 847
1 1 49.7225 1.0 89
5 0 6.287500000000001 1.0 254
18 0 34.3925 1.0 926
15 0 16.507500000000007 1.0 762
4 0 31.837500000000006 1.0 224
1944658.5 7
21 0 6.287500000000001 1.0 1054
4 0 31.837500000000006 1.0 224
8 1 6.287500000000001 1.0 405
2 1 59.94250000000001 1.0 147
19 1 54.83250000000001 1.0 993
4 0 59.94250000000001 1.0 246
15 1 11.3975 1.0 759
736382.44 13
5 1 24.1725 1.0 269
7 1 49.7225 1.0 389
6 1 47.167500000000004 1.0 337
5 1 47.167500000000004 1.0 287
4 0 16.507500000000007 1.0 212
10 0 52.2775 1.0 540
1 1 39.5025 1.0 81
14 1 57.3875 1.0 745
15 0 52.2775 1.0 790
17 1 57.3875 1.0 895
4 0 31.837500000000006 1.0 224
18 1 16.507500000000007 1.0 913
23 0 26.727500000000006 1.0 1170
1149255.6 14
6 1 3.7325000000000017 1.0 303
18 0 31.837500000000006 1.0 924
18 1 21.617500000000007 1.0 917
9 1 47.167500000000004 1.0 487
19 0 1.177500000000002 1.0 950
5 0 11.3975 1.0 258
0 1 62.4975 1.0 49
20 0 42.057500000000005 1.0 1032
6 1 54.83250000000001 1.0 343
24 1 52.2775 1.0 1241
3 1 6.287500000000001 1.0 155
1 1 39.5025 1.0 81
12 0 36.947500000000005 1.0 628
21 0 59.94250000000001 1.0 1096
733271.6 22
9 1 59.94250000000001 1.0 497
14 1 8.842500000000001 1.0 707
5 1 57.3875 1.0 295
4 0 11.3975 1.0 208
21 1 57.3875 1.0 1095
4 0 59.94250000000001 1.0 246
14 0 44.6125 1.0 734
8 1 42.057500000000005 1.0 433
12 0 19.0625 1.0 614
6 0 8.842500000000001 1.0 306
5 1 11.3975 1.0 259
9 0 31.837500000000006 1.0 474
6 1 42.057500000000005 1.0 333
9 1 16.507500000000007 1.0 463
18 0 49.7225 1.0 938
9 0 6.287500000000001 1.0 454
9 0 59.94250000000001 1.0 496
20 0 57.3875 1.0 1044
10 0 52.2775 1.0 540
20 0 16.507500000000007 1.0 1012
19 0 57.3875 1.0 994
16 1 19.0625 1.0 815
1191025.6 21
9 0 31.837500000000006 1.0 474
17 1 62.4975 1.0 899
12 1 19.0625 1.0 615
21 1 29.2825 1.0 1073
18 1 31.837500000000006 1.0 925
4 0 21.617500000000007 1.0 216
11 1 59.94250000000001 1.0 597
22 1 11.3975 1.0 1109
7 1 3.7325000000000017 1.0 353
12 1 24.1725 1.0 619
5 0 42.057500000000005 1.0 282
20 0 31.837500000000006 1.0 1024
8 0 39.5025 1.0 430
23 0 39.5025 1.0 1180
21 0 59.94250000000001 1.0 1096
3 1 59.94250000000001 1.0 197
6 0 1.177500000000002 1.0 300
1 1 8.842500000000001 1.0 57
7 1 29.2825 1.0 373
9 0 54.83250000000001 1.0 492
14 0 31.837500000000006 1.0 724
1211434.4 5
23 0 16.507500000000007 1.0 1162
1 1 49.7225 1.0 89
6 1 52.2775 1.0 341
14 0 1.177500000000002 1.0 700
5 0 59.94250000000001 1.0 296
255531.89 5
11 1 16.507500000000007 1.0 563
15 1 59.94250000000001 1.0 797
17 1 13.9525 1.0 861
17 0 24.1725 1.0 868
17 0 16.507500000000007 1.0 862
1106315.4 8
22 1 59.94250000000001 1.0 1147
11 1 47.167500000000004 1.0 587
12 1 11.3975 1.0 609
13 1 1.177500000000002 1.0 651
17 1 13.9525 1.0 861
5 1 6.287500000000001 1.0 255
21 1 1.177500000000002 1.0 1051
5 0 6.287500000000001 1.0 254
1341020.4 18
16 1 24.1725 1.0 819
23 1 19.0625 1.0 1165
12 0 13.9525 1.0 610
3 1 21.617500000000007 1.0 167
24 1 24.1725 1.0 1219
16 1 19.0625 1.0 815
17 0 6.287500000000001 1.0 854
1 1 16.507500000000007 1.0 63
9 0 59.94250000000001 1.0 496
7 0 19.0625 1.0 364
15 0 49.7225 1.0 788
24 1 21.617500000000007 1.0 1217
6 1 31.837500000000006 1.0 325
4 0 31.837500000000006 1.0 224
19 1 11.3975 1.0 959
9 1 54.83250000000001 1.0 493
5 1 47.167500000000004 1.0 287
21 1 11.3975 1.0 1059
87294.57 9
18 1 16.507500000000007 1.0 913
15 1 52.2775 1.0 791
11 1 44.6125 1.0 585
8 1 49.7225 1.0 439
24 1 24.1725 1.0 1219
12 0 42.057500000000005 1.0 632
16 0 24.1725 1.0 818
1 1 49.7225 1.0 89
5 0 59.94250000000001 1.0 296
617963.1 16
0 1 36.947500000000005 1.0 29
4 1 1.177500000000002 1.0 201
14 1 47.167500000000004 1.0 737
1 0 54.83250000000001 1.0 92
4 0 54.83250000000001 1.0 242
0 1 8.842500000000001 1.0 7
15 0 16.507500000000007 1.0 762
16 1 29.2825 1.0 823
24 1 39.5025 1.0 1231
11 1 8.842500000000001 1.0 557
16 0 39.5025 1.0 830
13 1 57.3875 1.0 695
8 0 47.167500000000004 1.0 436
13 1 26.727500000000006 1.0 671
19 1 59.94250000000001 1.0 997
17 1 8.842500000000001 1.0 857
1580518.2 5
17 0 16.507500000000007 1.0 862
9 1 59.94250000000001 1.0 497
10 1 39.5025 1.0 531
1 0 31.837500000000006 1.0 74
6 1 16.507500000000007 1.0 313
607774.75 23
7 0 39.5025 1.0 380
11 0 34.3925 1.0 576
19 1 59.94250000000001 1.0 997
4 0 26.727500000000006 1.0 220
24 1 24.1725 1.0 1219
23 0 16.507500000000007 1.0 1162
2 0 19.0625 1.0 114
19 0 1.177500000000002 1.0 950
10 1 42.057500000000005 1.0 533
17 1 47.167500000000004 1.0 887
5 0 54.83250000000001 1.0 292
1 0 19.0625 1.0 64
14 1 57.3875 1.0 745
8 1 16.507500000000007 1.0 413
7 1 29.2825 1.0 373
17 0 16.507500000000007 1.0 862
4 0 11.3975 1.0 208
17 1 59.94250000000001 1.0 897
11 1 44.6125 1.0 585
4 0 59.94250000000001 1.0 246
9 0 8.842500000000001 1.0 456
6 1 47.167500000000004 1.0 337
4 0 21.617500000000007 1.0 216
1963786.2 18
14 1 8.842500000000001 1.0 707
13 1 3.7325000000000017 1.0 653
8 1 36.947500000000005 1.0 429
12 1 24.1725 1.0 619
10 0 36.947500000000005 1.0 528
18 0 24.1725 1.0 918
22 1 62.4975 1.0 1149
1 0 54.83250000000001 1.0 92
6 0 8.842500000000001 1.0 306
22 0 49.7225 1.0 1138
16 0 24.1725 1.0 818
24 0 47.167500000000004 1.0 1236
1 1 49.7225 1.0 89
9 1 59.94250000000001 1.0 497
17 0 62.4975 1.0 898
1 1 39.5025 1.0 81
22 0 29.2825 1.0 1122
5 0 59.94250000000001 1.0 296
295437.12 14
17 0 62.4975 1.0 898
0 0 36.947500000000005 1.0 28
1 1 44.6125 1.0 85
5 0 16.507500000000007 1.0 262
4 0 39.5025 1.0 230
23 0 57.3875 1.0 1194
11 1 3.7325000000000017 1.0 553
9 1 47.167500000000004 1.0 487
22 1 8.842500000000001 1.0 1107
12 0 42.057500000000005 1.0 632
22 1 31.837500000000006 1.0 1125
6 0 39.5025 1.0 330
5 1 34.3925 1.0 277
20 0 57.3875 1.0 1044
1570424.8 12
17 1 62.4975 1.0 899
24 1 52.2775 1.0 1241
11 1 44.6125 1.0 585
15 0 26.727500000000006 1.0 770
17 0 6.287500000000001 1.0 854
5 1 52.2775 1.0 291
20 1 49.7225 1.0 1039
8 1 52.2775 1.0 441
12 1 59.94250000000001 1.0 647
4 0 26.727500000000006 1.0 220
22 0 62.4975 1.0 1148
15 1 54.83250000000001 1.0 793
1624154.6 12
18 0 26.727500000000006 1.0 920
2 1 59.94250000000001 1.0 147
22 0 52.2775 1.0 1140
13 1 3.7325000000000017 1.0 653
6 1 31.837500000000006 1.0 325
10 0 34.3925 1.0 526
3 1 57.3875 1.0 195
10 1 26.727500000000006 1.0 521
9 1 62.4975 1.0 499
14 1 13.9525 1.0 711
4 1 1.177500000000002 1.0 201
19 1 54.83250000000001 1.0 993
511464.56 7
16 1 29.2825 1.0 823
8 1 59.94250000000001 1.0 447
8 1 62.4975 1.0 449
10 1 11.3975 1.0 509
11 1 13.9525 1.0 561
8 0 36.947500000000005 1.0 428
24 1 24.1725 1.0 1219
1338177.0 21
21 0 34.3925 1.0 1076
10 0 6.287500000000001 1.0 504
4 0 31.837500000000006 1.0 224
8 1 47.167500000000004 1.0 437
7 1 42.057500000000005 1.0 383
10 0 36.947500000000005 1.0 528
1 1 39.5025 1.0 81
21 1 21.617500000000007 1.0 1067
22 0 19.0625 1.0 1114
10 1 26.727500000000006 1.0 521
15 1 1.177500000000002 1.0 751
5 0 54.83250000000001 1.0 292
15 1 59.94250000000001 1.0 797
4 1 62.4975 1.0 249
24 1 39.5025 1.0 1231
16 1 6.287500000000001 1.0 805
0 1 36.947500000000005 1.0 29
21 1 49.7225 1.0 1089
20 0 57.3875 1.0 1044
12 0 54.83250000000001 1.0 642
17 0 6.287500000000001 1.0 854
476597.3 22
4 1 36.947500000000005 1.0 229
9 0 24.1725 1.0 468
6 1 42.057500000000005 1.0 333
6 1 16.507500000000007 1.0 313
4 0 31.837500000000006 1.0 224
12 1 59.94250000000001 1.0 647
10 1 31.837500000000006 1.0 525
17 0 16.507500000000007 1.0 862
14 0 31.837500000000006 1.0 724
2 1 59.94250000000001 1.0 147
23 0 57.3875 1.0 1194
4 0 11.3975 1.0 208
8 0 8.842500000000001 1.0 406
18 0 31.837500000000006 1.0 924
17 0 11.3975 1.0 858
20 0 21.617500000000007 1.0 1016
8 0 36.947500000000005 1.0 428
18 1 59.94250000000001 1.0 947
10 1 11.3975 1.0 509
5 0 42.057500000000005 1.0 282
14 1 8.842500000000001 1.0 707
17 1 62.4975 1.0 899
1317024.0 21
2 0 57.3875 1.0 144
5 1 24.1725 1.0 269
8 1 13.9525 1.0 411
24 1 24.1725 1.0 1219
11 1 44.6125 1.0 585
15 0 31.837500000000006 1.0 774
23 0 19.0625 1.0 1164
15 1 16.507500000000007 1.0 763
8 1 49.7225 1.0 439
22 0 42.057500000000005 1.0 1132
5 1 11.3975 1.0 259
7 0 54.83250000000001 1.0 392
13 0 34.3925 1.0 676
10 1 42.057500000000005 1.0 533
3 0 19.0625 1.0 164
22 1 59.94250000000001 1.0 1147
20 0 21.617500000000007 1.0 1016
9 1 16.507500000000007 1.0 463
17 0 24.1725 1.0 868
24 1 52.2775 1.0 1241
7 1 49.7225 1.0 389
1399069.0 14
11 1 49.7225 1.0 589
16 1 19.0625 1.0 815
22 0 52.2775 1.0 1140
7 0 19.0625 1.0 364
6 1 1.177500000000002 1.0 301
10 0 11.3975 1.0 508
3 1 57.3875 1.0 195
7 1 16.507500000000007 1.0 363
5 1 57.3875 1.0 295
10 1 1.177500000000002 1.0 501
19 1 29.2825 1.0 973
9 1 19.0625 1.0 465
11 0 34.3925 1.0 576
1 0 34.3925 1.0 76
1140534.5 5
23 0 57.3875 1.0 1194
16 1 26.727500000000006 1.0 821
20 0 31.837500000000006 1.0 1024
9 0 44.6125 1.0 484
24 1 39.5025 1.0 1231
1509561.4 6
1 1 21.617500000000007 1.0 67
20 0 39.5025 1.0 1030
1 1 16.507500000000007 1.0 63
8 0 47.167500000000004 1.0 436
12 0 42.057500000000005 1.0 632
11 1 47.167500000000004 1.0 587
136399.19 14
3 0 44.6125 1.0 184
2 1 31.837500000000006 1.0 125
3 0 19.0625 1.0 164
5 0 11.3975 1.0 258
13 1 3.7325000000000017 1.0 653
12 1 29.2825 1.0 623
3 0 54.83250000000001 1.0 192
7 0 1.177500000000002 1.0 350
19 0 11.3975 1.0 958
18 0 49.7225 1.0 938
24 1 21.617500000000007 1.0 1217
22 1 31.837500000000006 1.0 1125
18 0 1.177500000000002 1.0 900
20 0 16.507500000000007 1.0 1012
1875717.4 17
23 0 39.5025 1.0 1180
3 0 29.2825 1.0 172
0 0 16.507500000000007 1.0 12
11 1 49.7225 1.0 589
12 1 47.167500000000004 1.0 637
21 1 54.83250000000001 1.0 1093
4 1 39.5025 1.0 231
23 0 57.3875 1.0 1194
7 1 29.2825 1.0 373
11 0 57.3875 1.0 594
19 0 39.5025 1.0 980
9 0 6.287500000000001 1.0 454
7 0 19.0625 1.0 364
19 1 29.2825 1.0 973
16 0 34.3925 1.0 826
1 1 16.507500000000007 1.0 63
10 1 42.057500000000005 1.0 533
309769.62 10
8 1 16.507500000000007 1.0 413
11 1 47.167500000000004 1.0 587
22 0 54.83250000000001 1.0 1142
19 1 29.2825 1.0 973
21 1 54.83250000000001 1.0 1093
16 1 19.0625 1.0 815
13 1 54.83250000000001 1.0 693
5 0 16.507500000000007 1.0 262
1 1 59.94250000000001 1.0 97
23 0 57.3875 1.0 1194
1570388.1 10
10 1 42.057500000000005 1.0 533
3 1 11.3975 1.0 159
4 0 16.507500000000007 1.0 212
12 1 11.3975 1.0 609
20 0 39.5025 1.0 1030
7 0 19.0625 1.0 364
22 1 11.3975 1.0 1109
6 1 47.167500000000004 1.0 337
14 1 57.3875 1.0 745
16 1 21.617500000000007 1.0 817
888574.8 6
6 1 47.167500000000004 1.0 337
6 0 59.94250000000001 1.0 346
22 0 42.057500000000005 1.0 1132
17 1 31.837500000000006 1.0 875
4 0 8.842500000000001 1.0 206
21 1 1.177500000000002 1.0 1051
839290.56 15
21 1 1.177500000000002 1.0 1051
19 0 1.177500000000002 1.0 950
18 1 21.617500000000007 1.0 917
8 1 62.4975 1.0 449
19 0 44.6125 1.0 984
17 0 31.837500000000006 1.0 874
3 1 11.3975 1.0 159
19 1 54.83250000000001 1.0 993
1 0 24.1725 1.0 68
20 0 36.947500000000005 1.0 1028
12 0 19.0625 1.0 614
8 1 36.947500000000005 1.0 429
7 0 19.0625 1.0 364
3 1 59.94250000000001 1.0 197
22 1 39.5025 1.0 1131
1122888.2 23
12 0 36.947500000000005 1.0 628
19 1 11.3975 1.0 959
21 1 6.287500000000001 1.0 1055
24 0 47.167500000000004 1.0 1236
8 1 13.9525 1.0 411
22 0 36.947500000000005 1.0 1128
7 0 24.1725 1.0 368
13 1 52.2775 1.0 691
4 1 62.4975 1.0 249
21 1 1.177500000000002 1.0 1051
16 1 29.2825 1.0 823
2 1 54.83250000000001 1.0 143
0 0 36.947500000000005 1.0 28
10 1 26.727500000000006 1.0 521
14 1 31.837500000000006 1.0 725
15 1 16.507500000000007 1.0 763
5 1 24.1725 1.0 269
15 1 1.177500000000002 1.0 751
14 0 62.4975 1.0 748
19 0 39.5025 1.0 980
3 1 47.167500000000004 1.0 187
24 1 24.1725 1.0 1219
8 1 47.167500000000004 1.0 437
1847837.4 20
21 0 59.94250000000001 1.0 1096
17 1 44.6125 1.0 885
10 0 34.3925 1.0 526
11 1 49.7225 1.0 589
1 0 31.837500000000006 1.0 74
18 0 26.727500000000006 1.0 920
4 0 11.3975 1.0 208
0 1 8.842500000000001 1.0 7
21 0 31.837500000000006 1.0 1074
6 1 3.7325000000000017 1.0 303
18 1 8.842500000000001 1.0 907
19 0 13.9525 1.0 960
5 0 54.83250000000001 1.0 292
10 0 16.507500000000007 1.0 512
22 1 62.4975 1.0 1149
15 0 31.837500000000006 1.0 774
21 1 1.177500000000002 1.0 1051
19 0 39.5025 1.0 980
2 1 54.83250000000001 1.0 143
12 1 59.94250000000001 1.0 647
658199.7 9
1 1 49.7225 1.0 89
17 1 44.6125 1.0 885
14 0 44.6125 1.0 734
10 1 44.6125 1.0 535
5 0 59.94250000000001 1.0 296
12 1 3.7325000000000017 1.0 603
8 0 8.842500000000001 1.0 406
1 0 54.83250000000001 1.0 92
8 1 47.167500000000004 1.0 437
715160.75 6
8 0 16.507500000000007 1.0 412
24 0 24.1725 1.0 1218
1 0 11.3975 1.0 58
8 0 8.842500000000001 1.0 406
10 0 34.3925 1.0 526
3 1 11.3975 1.0 159
1550038.0 15
8 1 6.287500000000001 1.0 405
23 1 47.167500000000004 1.0 1187
9 1 16.507500000000007 1.0 463
18 1 57.3875 1.0 945
6 0 59.94250000000001 1.0 346
9 0 1.177500000000002 1.0 450
17 1 31.837500000000006 1.0 875
3 1 44.6125 1.0 185
0 0 16.507500000000007 1.0 12
9 0 31.837500000000006 1.0 474
16 1 26.727500000000006 1.0 821
15 1 52.2775 1.0 791
6 0 47.167500000000004 1.0 336
7 0 11.3975 1.0 358
5 0 11.3975 1.0 258
1776405.1 16
8 1 62.4975 1.0 449
15 1 8.842500000000001 1.0 757
14 0 1.177500000000002 1.0 700
4 0 31.837500000000006 1.0 224
15 1 1.177500000000002 1.0 751
14 1 26.727500000000006 1.0 721
21 0 59.94250000000001 1.0 1096
17 1 62.4975 1.0 899
17 0 44.6125 1.0 884
6 1 16.507500000000007 1.0 313
12 1 59.94250000000001 1.0 647
24 0 31.837500000000006 1.0 1224
0 1 8.842500000000001 1.0 7
8 1 49.7225 1.0 439
21 1 1.177500000000002 1.0 1051
7 1 49.7225 1.0 389
533605.94 18
6 0 8.842500000000001 1.0 306
7 1 1.177500000000002 1.0 351
9 0 34.3925 1.0 476
14 0 62.4975 1.0 748
19 1 11.3975 1.0 959
10 0 59.94250000000001 1.0 546
23 0 21.617500000000007 1.0 1166
9 0 24.1725 1.0 468
17 0 24.1725 1.0 868
9 1 54.83250000000001 1.0 493
8 1 29.2825 1.0 423
14 0 1.177500000000002 1.0 700
10 0 52.2775 1.0 540
11 0 57.3875 1.0 594
23 0 42.057500000000005 1.0 1182
20 0 26.727500000000006 1.0 1020
10 1 47.167500000000004 1.0 537
17 0 31.837500000000006 1.0 874
1400077.1 18
15 0 16.507500000000007 1.0 762
7 0 29.2825 1.0 372
9 0 44.6125 1.0 484
14 0 31.837500000000006 1.0 724
22 0 42.057500000000005 1.0 1132
18 0 6.287500000000001 1.0 904
14 1 8.842500000000001 1.0 707
24 0 13.9525 1.0 1210
17 1 34.3925 1.0 877
16 1 42.057500000000005 1.0 833
20 0 31.837500000000006 1.0 1024
0 0 19.0625 1.0 14
11 1 13.9525 1.0 561
14 0 36.947500000000005 1.0 728
20 0 8.842500000000001 1.0 1006
20 0 16.507500000000007 1.0 1012
15 1 54.83250000000001 1.0 793
3 1 34.3925 1.0 177
1262700.2 18
2 0 6.287500000000001 1.0 104
16 1 24.1725 1.0 819
4 0 21.617500000000007 1.0 216
8 0 36.947500000000005 1.0 428
7 1 29.2825 1.0 373
8 1 49.7225 1.0 439
22 0 42.057500000000005 1.0 1132
14 0 1.177500000000002 1.0 700
19 1 1.177500000000002 1.0 951
3 0 57.3875 1.0 194
4 0 16.507500000000007 1.0 212
13 0 34.3925 1.0 676
2 1 8.842500000000001 1.0 107
14 1 47.167500000000004 1.0 737
13 0 3.7325000000000017 1.0 652
8 1 42.057500000000005 1.0 433
4 1 47.167500000000004 1.0 237
8 1 47.167500000000004 1.0 437
396126.66 18
18 1 19.0625 1.0 915
8 1 47.167500000000004 1.0 437
22 1 59.94250000000001 1.0 1147
17 0 16.507500000000007 1.0 862
9 0 44.6125 1.0 484
10 0 11.3975 1.0 508
7 1 49.7225 1.0 389
17 0 6.287500000000001 1.0 854
6 1 16.507500000000007 1.0 313
14 1 47.167500000000004 1.0 737
1 0 24.1725 1.0 68
20 1 31.837500000000006 1.0 1025
11 1 34.3925 1.0 577
8 1 62.4975 1.0 449
23 1 19.0625 1.0 1165
16 1 24.1725 1.0 819
4 1 19.0625 1.0 215
15 1 52.2775 1.0 791
1488226.4 20
2 0 11.3975 1.0 108
23 0 39.5025 1.0 1180
14 0 16.507500000000007 1.0 712
9 1 44.6125 1.0 485
21 1 54.83250000000001 1.0 1093
13 1 57.3875 1.0 695
7 0 54.83250000000001 1.0 392
19 0 13.9525 1.0 960
14 0 62.4975 1.0 748
18 1 16.507500000000007 1.0 913
3 0 62.4975 1.0 198
16 1 62.4975 1.0 849
13 1 54.83250000000001 1.0 693
17 1 13.9525 1.0 861
13 1 36.947500000000005 1.0 679
11 1 44.6125 1.0 585
22 1 39.5025 1.0 1131
22 0 54.83250000000001 1.0 1142
3 1 29.2825 1.0 173
10 0 29.2825 1.0 522
1522674.5 15
24 0 47.167500000000004 1.0 1236
12 1 47.167500000000004 1.0 637
19 1 6.287500000000001 1.0 955
12 1 59.94250000000001 1.0 647
15 1 11.3975 1.0 759
10 0 3.7325000000000017 1.0 502
19 1 8.842500000000001 1.0 957
5 1 47.167500000000004 1.0 287
4 1 8.842500000000001 1.0 207
22 1 39.5025 1.0 1131
6 0 8.842500000000001 1.0 306
15 1 52.2775 1.0 791
6 1 52.2775 1.0 341
5 0 49.7225 1.0 288
4 0 59.94250000000001 1.0 246
1400590.9 23
6 1 1.177500000000002 1.0 301
19 0 1.177500000000002 1.0 950
11 0 34.3925 1.0 576
18 0 54.83250000000001 1.0 942
24 1 44.6125 1.0 1235
12 0 19.0625 1.0 614
2 1 49.7225 1.0 139
4 1 62.4975 1.0 249
10 1 54.83250000000001 1.0 543
3 0 54.83250000000001 1.0 192
21 0 29.2825 1.0 1072
14 0 11.3975 1.0 708
15 1 52.2775 1.0 791
15 1 21.617500000000007 1.0 767
13 1 52.2775 1.0 691
18 0 3.7325000000000017 1.0 902
9 1 59.94250000000001 1.0 497
20 0 16.507500000000007 1.0 1012
6 1 31.837500000000006 1.0 325
10 0 26.727500000000006 1.0 520
16 0 26.727500000000006 1.0 820
0 1 8.842500000000001 1.0 7
3 1 59.94250000000001 1.0 197
1749904.2 6
14 1 29.2825 1.0 723
3 1 59.94250000000001 1.0 197
12 1 24.1725 1.0 619
21 0 6.287500000000001 1.0 1054
5 0 34.3925 1.0 276
5 0 6.287500000000001 1.0 254
767884.5 13
15 0 49.7225 1.0 788
17 1 57.3875 1.0 895
10 0 16.507500000000007 1.0 512
17 0 6.287500000000001 1.0 854
1 1 21.617500000000007 1.0 67
12 1 59.94250000000001 1.0 647
5 0 42.057500000000005 1.0 282
4 1 54.83250000000001 1.0 243
8 0 39.5025 1.0 430
20 1 6.287500000000001 1.0 1005
4 0 47.167500000000004 1.0 236
5 0 6.287500000000001 1.0 254
15 1 52.2775 1.0 791
1774515.8 17
23 1 19.0625 1.0 1165
8 1 62.4975 1.0 449
7 1 52.2775 1.0 391
4 1 1.177500000000002 1.0 201
11 1 44.6125 1.0 585
18 1 16.507500000000007 1.0 913
9 1 39.5025 1.0 481
21 0 34.3925 1.0 1076
24 0 1.177500000000002 1.0 1200
9 0 59.94250000000001 1.0 496
6 0 47.167500000000004 1.0 336
12 1 19.0625 1.0 615
1 0 13.9525 1.0 60
9 1 16.507500000000007 1.0 463
21 1 57.3875 1.0 1095
18 0 62.4975 1.0 948
20 0 39.5025 1.0 1030
1758145.0 14
9 0 6.287500000000001 1.0 454
11 1 59.94250000000001 1.0 597
5 1 11.3975 1.0 259
3 1 59.94250000000001 1.0 197
10 0 34.3925 1.0 526
22 1 31.837500000000006 1.0 1125
14 1 57.3875 1.0 745
23 0 19.0625 1.0 1164
5 1 52.2775 1.0 291
22 0 52.2775 1.0 1140
12 1 11.3975 1.0 609
0 0 36.947500000000005 1.0 28
21 0 42.057500000000005 1.0 1082
0 1 36.947500000000005 1.0 29
149411.42 6
4 0 21.617500000000007 1.0 216
24 0 36.947500000000005 1.0 1228
14 0 29.2825 1.0 722
4 0 16.507500000000007 1.0 212
11 0 31.837500000000006 1.0 574
2 1 59.94250000000001 1.0 147
455929.38 9
15 1 59.94250000000001 1.0 797
2 0 24.1725 1.0 118
19 1 11.3975 1.0 959
7 0 29.2825 1.0 372
14 1 44.6125 1.0 735
14 1 47.167500000000004 1.0 737
23 0 57.3875 1.0 1194
13 0 34.3925 1.0 676
12 0 42.057500000000005 1.0 632
689364.0 16
9 0 6.287500000000001 1.0 454
4 1 62.4975 1.0 249
20 1 47.167500000000004 1.0 1037
21 1 54.83250000000001 1.0 1093
10 1 6.287500000000001 1.0 505
19 0 44.6125 1.0 984
14 0 21.617500000000007 1.0 716
3 1 36.947500000000005 1.0 179
19 0 13.9525 1.0 960
15 1 21.617500000000007 1.0 767
16 1 62.4975 1.0 849
22 1 21.617500000000007 1.0 1117
2 0 24.1725 1.0 118
24 1 16.507500000000007 1.0 1213
12 0 54.83250000000001 1.0 642
8 1 42.057500000000005 1.0 433
1951007.8 10
21 0 31.837500000000006 1.0 1074
17 1 57.3875 1.0 895
13 1 3.7325000000000017 1.0 653
6 0 1.177500000000002 1.0 300
4 0 21.617500000000007 1.0 216
3 0 13.9525 1.0 160
19 0 11.3975 1.0 958
15 0 49.7225 1.0 788
17 1 42.057500000000005 1.0 883
17 1 31.837500000000006 1.0 875
1852311.5 22
17 1 8.842500000000001 1.0 857
8 0 59.94250000000001 1.0 446
4 1 1.177500000000002 1.0 201
3 1 31.837500000000006 1.0 175
0 0 36.947500000000005 1.0 28
24 1 52.2775 1.0 1241
11 1 36.947500000000005 1.0 579
5 1 24.1725 1.0 269
4 0 21.617500000000007 1.0 216
13 1 1.177500000000002 1.0 651
1 1 21.617500000000007 1.0 67
23 0 49.7225 1.0 1188
7 0 8.842500000000001 1.0 356
18 1 16.507500000000007 1.0 913
17 0 44.6125 1.0 884
17 1 44.6125 1.0 885
21 1 11.3975 1.0 1059
22 0 47.167500000000004 1.0 1136
21 1 6.287500000000001 1.0 1055
19 0 44.6125 1.0 984
0 0 52.2775 1.0 40
4 1 36.947500000000005 1.0 229
1937625.2 16
18 0 31.837500000000006 1.0 924
9 0 6.287500000000001 1.0 454
7 0 54.83250000000001 1.0 392
21 1 1.177500000000002 1.0 1051
10 0 16.507500000000007 1.0 512
0 1 31.837500000000006 1.0 25
10 0 11.3975 1.0 508
20 1 59.94250000000001 1.0 1047
18 0 34.3925 1.0 926
20 0 24.1725 1.0 1018
23 0 26.727500000000006 1.0 1170
24 0 47.167500000000004 1.0 1236
12 0 16.507500000000007 1.0 612
22 1 21.617500000000007 1.0 1117
14 0 62.4975 1.0 748
6 1 59.94250000000001 1.0 347
1024266.9 7
3 0 54.83250000000001 1.0 192
7 1 62.4975 1.0 399
8 0 16.507500000000007 1.0 412
2 0 1.177500000000002 1.0 100
19 1 29.2825 1.0 973
0 1 62.4975 1.0 49
1 0 54.83250000000001 1.0 92
737944.2 6
4 0 59.94250000000001 1.0 246
10 0 39.5025 1.0 530
21 1 1.177500000000002 1.0 1051
21 1 62.4975 1.0 1099
17 1 31.837500000000006 1.0 875
10 1 26.727500000000006 1.0 521
1547376.9 22
8 0 39.5025 1.0 430
8 0 36.947500000000005 1.0 428
9 1 42.057500000000005 1.0 483
9 0 24.1725 1.0 468
6 1 31.837500000000006 1.0 325
9 1 59.94250000000001 1.0 497
12 0 54.83250000000001 1.0 642
2 1 59.94250000000001 1.0 147
20 0 31.837500000000006 1.0 1024
9 0 59.94250000000001 1.0 496
23 0 57.3875 1.0 1194
20 0 16.507500000000007 1.0 1012
4 0 34.3925 1.0 226
22 0 54.83250000000001 1.0 1142
16 0 42.057500000000005 1.0 832
24 1 39.5025 1.0 1231
19 1 54.83250000000001 1.0 993
21 0 31.837500000000006 1.0 1074
1 0 39.5025 1.0 80
22 1 39.5025 1.0 1131
0 0 34.3925 1.0 26
4 0 24.1725 1.0 218
1382104.4 20
23 0 39.5025 1.0 1180
17 0 47.167500000000004 1.0 886
23 0 8.842500000000001 1.0 1156
2 0 24.1725 1.0 118
9 1 16.507500000000007 1.0 463
17 1 57.3875 1.0 895
5 0 6.287500000000001 1.0 254
3 0 19.0625 1.0 164
20 1 52.2775 1.0 1041
20 1 6.287500000000001 1.0 1005
18 1 19.0625 1.0 915
22 1 59.94250000000001 1.0 1147
0 0 36.947500000000005 1.0 28
22 0 29.2825 1.0 1122
0 1 36.947500000000005 1.0 29
4 0 11.3975 1.0 208
21 0 59.94250000000001 1.0 1096
2 1 34.3925 1.0 127
9 1 54.83250000000001 1.0 493
6 0 39.5025 1.0 330
957448.75 15
24 1 44.6125 1.0 1235
7 1 29.2825 1.0 373
18 0 26.727500000000006 1.0 920
18 1 21.617500000000007 1.0 917
9 0 34.3925 1.0 476
13 1 59.94250000000001 1.0 697
22 1 11.3975 1.0 1109
23 1 54.83250000000001 1.0 1193
6 0 16.507500000000007 1.0 312
3 1 11.3975 1.0 159
17 1 44.6125 1.0 885
2 1 62.4975 1.0 149
4 1 49.7225 1.0 239
12 1 11.3975 1.0 609
15 0 31.837500000000006 1.0 774
1901466.4 7
16 0 8.842500000000001 1.0 806
0 1 8.842500000000001 1.0 7
23 1 24.1725 1.0 1169
5 1 11.3975 1.0 259
6 1 44.6125 1.0 335
4 0 54.83250000000001 1.0 242
11 1 36.947500000000005 1.0 579
1387408.5 6
14 0 34.3925 1.0 726
19 1 6.287500000000001 1.0 955
2 1 39.5025 1.0 131
5 1 11.3975 1.0 259
11 1 59.94250000000001 1.0 597
14 1 47.167500000000004 1.0 737
677870.5 5
14 1 8.842500000000001 1.0 707
1 1 21.617500000000007 1.0 67
5 1 36.947500000000005 1.0 279
20 0 31.837500000000006 1.0 1024
17 1 16.507500000000007 1.0 863
1534883.9 19
19 0 49.7225 1.0 988
15 1 11.3975 1.0 759
3 0 13.9525 1.0 160
6 0 47.167500000000004 1.0 336
3 1 59.94250000000001 1.0 197
20 1 6.287500000000001 1.0 1005
2 0 19.0625 1.0 114
12 0 57.3875 1.0 644
2 0 44.6125 1.0 134
8 0 8.842500000000001 1.0 406
1 0 34.3925 1.0 76
0 1 8.842500000000001 1.0 7
18 1 21.617500000000007 1.0 917
10 0 29.2825 1.0 522
11 0 24.1725 1.0 568
18 0 31.837500000000006 1.0 924
20 0 31.837500000000006 1.0 1024
22 0 36.947500000000005 1.0 1128
22 0 19.0625 1.0 1114
1369565.9 17
19 1 8.842500000000001 1.0 957
3 1 57.3875 1.0 195
6 0 39.5025 1.0 330
4 0 13.9525 1.0 210
18 0 49.7225 1.0 938
9 1 8.842500000000001 1.0 457
12 0 36.947500000000005 1.0 628
21 0 16.507500000000007 1.0 1062
20 0 31.837500000000006 1.0 1024
4 1 62.4975 1.0 249
17 0 31.837500000000006 1.0 874
6 1 8.842500000000001 1.0 307
24 0 47.167500000000004 1.0 1236
0 1 8.842500000000001 1.0 7
10 1 39.5025 1.0 531
20 0 21.617500000000007 1.0 1016
24 1 52.2775 1.0 1241
1668103.6 5
11 0 24.1725 1.0 568
3 0 47.167500000000004 1.0 186
10 0 34.3925 1.0 526
6 0 57.3875 1.0 344
8 0 39.5025 1.0 430
57886.81 24
17 1 8.842500000000001 1.0 857
18 1 16.507500000000007 1.0 913
15 1 11.3975 1.0 759
21 0 59.94250000000001 1.0 1096
15 1 1.177500000000002 1.0 751
24 1 57.3875 1.0 1245
22 1 31.837500000000006 1.0 1125
2 0 24.1725 1.0 118
18 0 54.83250000000001 1.0 942
13 0 3.7325000000000017 1.0 652
15 1 52.2775 1.0 791
19 0 1.177500000000002 1.0 950
0 1 11.3975 1.0 9
9 1 54.83250000000001 1.0 493
20 1 8.842500000000001 1.0 1007
9 0 16.507500000000007 1.0 462
19 0 39.5025 1.0 980
24 1 52.2775 1.0 1241
4 1 39.5025 1.0 231
14 0 36.947500000000005 1.0 728
3 0 54.83250000000001 1.0 192
1 0 24.1725 1.0 68
10 0 11.3975 1.0 508
12 0 42.057500000000005 1.0 632
406129.4 12
21 0 6.287500000000001 1.0 1054
23 0 57.3875 1.0 1194
7 0 54.83250000000001 1.0 392
17 1 44.6125 1.0 885
3 0 19.0625 1.0 164
19 1 29.2825 1.0 973
24 0 54.83250000000001 1.0 1242
12 0 34.3925 1.0 626
14 0 31.837500000000006 1.0 724
19 0 13.9525 1.0 960
11 1 44.6125 1.0 585
16 1 19.0625 1.0 815
701020.4 16
8 1 6.287500000000001 1.0 405
9 1 42.057500000000005 1.0 483
5 0 29.2825 1.0 272
24 1 24.1725 1.0 1219
14 1 8.842500000000001 1.0 707
24 0 47.167500000000004 1.0 1236
24 0 24.1725 1.0 1218
3 0 19.0625 1.0 164
10 1 11.3975 1.0 509
24 0 13.9525 1.0 1210
3 1 11.3975 1.0 159
21 1 1.177500000000002 1.0 1051
9 0 59.94250000000001 1.0 496
3 0 47.167500000000004 1.0 186
5 1 47.167500000000004 1.0 287
4 0 21.617500000000007 1.0 216
1126008.2 9
8 1 49.7225 1.0 439
9 1 47.167500000000004 1.0 487
12 1 11.3975 1.0 609
2 1 59.94250000000001 1.0 147
13 1 1.177500000000002 1.0 651
12 1 24.1725 1.0 619
7 1 3.7325000000000017 1.0 353
10 1 44.6125 1.0 535
17 1 57.3875 1.0 895
1810734.0 15
9 1 8.842500000000001 1.0 457
24 1 44.6125 1.0 1235
13 1 34.3925 1.0 677
22 0 52.2775 1.0 1140
18 0 49.7225 1.0 938
23 0 39.5025 1.0 1180
4 0 24.1725 1.0 218
19 1 11.3975 1.0 959
8 1 16.507500000000007 1.0 413
23 0 57.3875 1.0 1194
6 1 47.167500000000004 1.0 337
19 0 1.177500000000002 1.0 950
23 0 49.7225 1.0 1188
20 0 16.507500000000007 1.0 1012
15 0 49.7225 1.0 788
942755.2 5
15 1 24.1725 1.0 769
18 0 26.727500000000006 1.0 920
10 0 11.3975 1.0 508
6 1 42.057500000000005 1.0 333
13 1 1.177500000000002 1.0 651
186227.42 7
15 1 8.842500000000001 1.0 757
14 0 44.6125 1.0 734
1 1 21.617500000000007 1.0 67
19 1 34.3925 1.0 977
24 0 8.842500000000001 1.0 1206
9 0 39.5025 1.0 480
16 1 26.727500000000006 1.0 821
502480.94 23
0 1 8.842500000000001 1.0 7
12 1 47.167500000000004 1.0 637
15 0 16.507500000000007 1.0 762
19 0 34.3925 1.0 976
23 0 57.3875 1.0 1194
16 1 21.617500000000007 1.0 817
6 1 47.167500000000004 1.0 337
21 0 34.3925 1.0 1076
3 0 39.5025 1.0 180
20 0 21.617500000000007 1.0 1016
15 1 1.177500000000002 1.0 751
9 0 13.9525 1.0 460
7 0 8.842500000000001 1.0 356
24 1 52.2775 1.0 1241
20 1 6.287500000000001 1.0 1005
8 1 13.9525 1.0 411
7 1 42.057500000000005 1.0 383
1 1 21.617500000000007 1.0 67
16 1 59.94250000000001 1.0 847
6 0 16.507500000000007 1.0 312
12 0 6.287500000000001 1.0 604
0 0 16.507500000000007 1.0 12
9 1 31.837500000000006 1.0 475
95346.195 20
16 1 62.4975 1.0 849
10 0 49.7225 1.0 538
5 1 47.167500000000004 1.0 287
10 0 11.3975 1.0 508
12 0 44.6125 1.0 634
0 1 6.287500000000001 1.0 5
19 0 21.617500000000007 1.0 966
4 0 39.5025 1.0 230
14 0 44.6125 1.0 734
10 1 44.6125 1.0 535
7 1 52.2775 1.0 391
22 0 54.83250000000001 1.0 1142
22 0 36.947500000000005 1.0 1128
16 1 26.727500000000006 1.0 821
2 0 3.7325000000000017 1.0 102
3 1 6.287500000000001 1.0 155
20 0 26.727500000000006 1.0 1020
11 1 3.7325000000000017 1.0 553
17 0 31.837500000000006 1.0 874
22 1 11.3975 1.0 1109
579166.7 16
12 0 36.947500000000005 1.0 628
23 0 19.0625 1.0 1164
12 1 47.167500000000004 1.0 637
22 1 11.3975 1.0 1109
4 0 16.507500000000007 1.0 212
16 1 59.94250000000001 1.0 847
7 1 29.2825 1.0 373
7 0 31.837500000000006 1.0 374
0 1 13.9525 1.0 11
23 1 19.0625 1.0 1165
16 0 26.727500000000006 1.0 820
3 1 47.167500000000004 1.0 187
0 0 16.507500000000007 1.0 12
18 1 21.617500000000007 1.0 917
10 0 6.287500000000001 1.0 504
4 1 62.4975 1.0 249
1471450.5 12
19 1 54.83250000000001 1.0 993
10 0 29.2825 1.0 522
21 1 1.177500000000002 1.0 1051
8 0 8.842500000000001 1.0 406
14 0 1.177500000000002 1.0 700
2 1 62.4975 1.0 149
10 1 42.057500000000005 1.0 533
7 1 42.057500000000005 1.0 383
24 0 24.1725 1.0 1218
16 0 26.727500000000006 1.0 820
13 1 49.7225 1.0 689
24 1 21.617500000000007 1.0 1217
1945795.1 18
21 1 57.3875 1.0 1095
6 1 42.057500000000005 1.0 333
9 1 54.83250000000001 1.0 493
7 1 54.83250000000001 1.0 393
17 1 31.837500000000006 1.0 875
5 0 36.947500000000005 1.0 278
11 1 44.6125 1.0 585
4 1 8.842500000000001 1.0 207
9 0 6.287500000000001 1.0 454
24 1 39.5025 1.0 1231
0 1 62.4975 1.0 49
5 0 54.83250000000001 1.0 292
16 0 44.6125 1.0 834
13 1 1.177500000000002 1.0 651
3 1 59.94250000000001 1.0 197
22 0 36.947500000000005 1.0 1128
1 1 49.7225 1.0 89
4 1 1.177500000000002 1.0 201
1005977.3 8
10 1 42.057500000000005 1.0 533
24 0 11.3975 1.0 1208
5 0 54.83250000000001 1.0 292
11 0 42.057500000000005 1.0 582
16 1 62.4975 1.0 849
0 1 36.947500000000005 1.0 29
5 0 26.727500000000006 1.0 270
13 1 54.83250000000001 1.0 693
946668.8 10
14 0 13.9525 1.0 710
18 1 29.2825 1.0 923
23 0 52.2775 1.0 1190
5 1 6.287500000000001 1.0 255
10 1 52.2775 1.0 541
13 1 49.7225 1.0 689
0 0 36.947500000000005 1.0 28
24 0 24.1725 1.0 1218
12 1 47.167500000000004 1.0 637
10 1 42.057500000000005 1.0 533
1544991.2 18
4 1 36.947500000000005 1.0 229
12 0 36.947500000000005 1.0 628
22 1 11.3975 1.0 1109
22 1 39.5025 1.0 1131
14 0 29.2825 1.0 722
24 1 29.2825 1.0 1223
16 1 19.0625 1.0 815
21 1 54.83250000000001 1.0 1093
15 0 16.507500000000007 1.0 762
10 0 29.2825 1.0 522
10 1 1.177500000000002 1.0 501
6 1 47.167500000000004 1.0 337
7 0 29.2825 1.0 372
19 0 13.9525 1.0 960
5 0 59.94250000000001 1.0 296
21 0 16.507500000000007 1.0 1062
3 0 44.6125 1.0 184
3 1 47.167500000000004 1.0 187
618000.2 10
22 1 21.617500000000007 1.0 1117
11 0 49.7225 1.0 588
13 0 34.3925 1.0 676
19 0 13.9525 1.0 960
1 0 13.9525 1.0 60
11 0 57.3875 1.0 594
0 1 62.4975 1.0 49
0 0 34.3925 1.0 26
8 1 49.7225 1.0 439
11 0 34.3925 1.0 576
263456.94 12
11 1 44.6125 1.0 585
16 0 26.727500000000006 1.0 820
12 1 47.167500000000004 1.0 637
15 1 8.842500000000001 1.0 757
8 0 8.842500000000001 1.0 406
8 1 47.167500000000004 1.0 437
24 0 24.1725 1.0 1218
11 1 49.7225 1.0 589
3 0 47.167500000000004 1.0 186
13 1 36.947500000000005 1.0 679
14 0 62.4975 1.0 748
17 1 21.617500000000007 1.0 867
1167666.4 7
24 0 24.1725 1.0 1218
6 1 42.057500000000005 1.0 333
3 0 47.167500000000004 1.0 186
1 1 44.6125 1.0 85
17 0 6.287500000000001 1.0 854
11 0 3.7325000000000017 1.0 552
23 0 21.617500000000007 1.0 1166
1101517.6 19
24 0 13.9525 1.0 1210
3 0 44.6125 1.0 184
11 1 47.167500000000004 1.0 587
9 0 34.3925 1.0 476
5 0 6.287500000000001 1.0 254
9 0 59.94250000000001 1.0 496
19 1 59.94250000000001 1.0 997
20 0 6.287500000000001 1.0 1004
9 1 42.057500000000005 1.0 483
13 1 54.83250000000001 1.0 693
18 0 26.727500000000006 1.0 920
7 1 49.7225 1.0 389
1 1 39.5025 1.0 81
14 0 3.7325000000000017 1.0 702
7 0 8.842500000000001 1.0 356
10 1 52.2775 1.0 541
20 1 6.287500000000001 1.0 1005
21 1 1.177500000000002 1.0 1051
17 0 16.507500000000007 1.0 862
1946793.2 15
17 0 6.287500000000001 1.0 854
24 1 21.617500000000007 1.0 1217
11 0 31.837500000000006 1.0 574
7 1 16.507500000000007 1.0 363
17 0 31.837500000000006 1.0 874
11 1 44.6125 1.0 585
23 0 19.0625 1.0 1164
10 0 52.2775 1.0 540
14 1 8.842500000000001 1.0 707
0 1 39.5025 1.0 31
7 1 54.83250000000001 1.0 393
12 0 36.947500000000005 1.0 628
0 1 57.3875 1.0 45
5 0 42.057500000000005 1.0 282
20 0 26.727500000000006 1.0 1020
1756269.9 20
19 1 34.3925 1.0 977
8 1 62.4975 1.0 449
20 0 39.5025 1.0 1030
6 0 16.507500000000007 1.0 312
2 0 1.177500000000002 1.0 100
5 1 11.3975 1.0 259
22 0 36.947500000000005 1.0 1128
9 1 42.057500000000005 1.0 483
24 1 52.2775 1.0 1241
5 0 16.507500000000007 1.0 262
8 1 42.057500000000005 1.0 433
15 0 49.7225 1.0 788
17 1 62.4975 1.0 899
8 1 11.3975 1.0 409
0 0 16.507500000000007 1.0 12
18 1 21.617500000000007 1.0 917
21 0 31.837500000000006 1.0 1074
21 0 6.287500000000001 1.0 1054
11 1 8.842500000000001 1.0 557
14 0 62.4975 1.0 748
1098612.2 5
15 0 52.2775 1.0 790
11 0 31.837500000000006 1.0 574
2 1 59.94250000000001 1.0 147
21 0 31.837500000000006 1.0 1074
4 0 31.837500000000006 1.0 224
1272481.2 16
17 0 24.1725 1.0 868
22 1 11.3975 1.0 1109
22 0 36.947500000000005 1.0 1128
12 1 62.4975 1.0 649
22 1 31.837500000000006 1.0 1125
22 0 42.057500000000005 1.0 1132
9 1 44.6125 1.0 485
12 0 42.057500000000005 1.0 632
1 0 54.83250000000001 1.0 92
3 0 19.0625 1.0 164
18 0 26.727500000000006 1.0 920
20 0 57.3875 1.0 1044
19 0 44.6125 1.0 984
5 0 11.3975 1.0 258
11 0 31.837500000000006 1.0 574
4 1 19.0625 1.0 215
321434.12 15
15 0 16.507500000000007 1.0 762
17 0 6.287500000000001 1.0 854
24 1 57.3875 1.0 1245
19 0 13.9525 1.0 960
11 0 57.3875 1.0 594
12 1 47.167500000000004 1.0 637
3 0 54.83250000000001 1.0 192
5 1 47.167500000000004 1.0 287
18 1 62.4975 1.0 949
1 0 31.837500000000006 1.0 74
9 1 49.7225 1.0 489
10 0 1.177500000000002 1.0 500
8 0 8.842500000000001 1.0 406
3 0 11.3975 1.0 158
5 1 19.0625 1.0 265
1879409.0 10
3 0 47.167500000000004 1.0 186
1 0 24.1725 1.0 68
1 1 16.507500000000007 1.0 63
14 0 11.3975 1.0 708
15 0 26.727500000000006 1.0 770
6 0 57.3875 1.0 344
18 1 19.0625 1.0 915
0 1 36.947500000000005 1.0 29
15 0 16.507500000000007 1.0 762
24 1 16.507500000000007 1.0 1213
1837154.1 23
4 0 26.727500000000006 1.0 220
4 1 8.842500000000001 1.0 207
24 1 13.9525 1.0 1211
1 1 49.7225 1.0 89
1 1 31.837500000000006 1.0 75
4 0 21.617500000000007 1.0 216
11 1 47.167500000000004 1.0 587
9 1 47.167500000000004 1.0 487
5 0 6.287500000000001 1.0 254
24 0 24.1725 1.0 1218
23 0 57.3875 1.0 1194
24 0 47.167500000000004 1.0 1236
7 1 52.2775 1.0 391
10 0 34.3925 1.0 526
14 0 62.4975 1.0 748
21 1 57.3875 1.0 1095
19 0 13.9525 1.0 960
20 0 57.3875 1.0 1044
6 0 59.94250000000001 1.0 346
13 1 1.177500000000002 1.0 651
19 1 11.3975 1.0 959
24 1 3.7325000000000017 1.0 1203
5 1 57.3875 1.0 295
1558067.1 16
0 1 62.4975 1.0 49
21 0 31.837500000000006 1.0 1074
4 1 19.0625 1.0 215
19 0 1.177500000000002 1.0 950
24 0 36.947500000000005 1.0 1228
20 1 6.287500000000001 1.0 1005
17 0 62.4975 1.0 898
4 0 31.837500000000006 1.0 224
0 1 21.617500000000007 1.0 17
8 1 62.4975 1.0 449
12 1 59.94250000000001 1.0 647
23 0 26.727500000000006 1.0 1170
0 1 36.947500000000005 1.0 29
4 0 54.83250000000001 1.0 242
11 1 59.94250000000001 1.0 597
16 1 21.617500000000007 1.0 817
1515460.5 13
13 1 54.83250000000001 1.0 693
19 0 24.1725 1.0 968
3 1 1.177500000000002 1.0 151
6 0 47.167500000000004 1.0 336
8 1 47.167500000000004 1.0 437
4 0 11.3975 1.0 208
14 1 47.167500000000004 1.0 737
6 1 16.507500000000007 1.0 313
9 0 34.3925 1.0 476
24 0 13.9525 1.0 1210
5 1 47.167500000000004 1.0 287
22 1 31.837500000000006 1.0 1125
1 0 19.0625 1.0 64
1315135.5 6
5 0 11.3975 1.0 258
15 0 31.837500000000006 1.0 774
19 1 13.9525 1.0 961
18 0 31.837500000000006 1.0 924
15 0 6.287500000000001 1.0 754
3 1 6.287500000000001 1.0 155
1108728.8 10
1 1 16.507500000000007 1.0 63
10 1 11.3975 1.0 509
8 0 47.167500000000004 1.0 436
9 1 8.842500000000001 1.0 457
16 0 26.727500000000006 1.0 820
11 1 49.7225 1.0 589
7 1 3.7325000000000017 1.0 353
18 1 59.94250000000001 1.0 947
7 0 54.83250000000001 1.0 392
0 1 34.3925 1.0 27
1413799.2 11
3 0 11.3975 1.0 158
17 0 16.507500000000007 1.0 862
3 0 54.83250000000001 1.0 192
4 0 59.94250000000001 1.0 246
2 1 59.94250000000001 1.0 147
4 1 39.5025 1.0 231
16 1 19.0625 1.0 815
14 0 1.177500000000002 1.0 700
8 1 6.287500000000001 1.0 405
19 0 13.9525 1.0 960
8 1 13.9525 1.0 411
326955.1 11
7 0 29.2825 1.0 372
1 0 34.3925 1.0 76
16 1 59.94250000000001 1.0 847
2 1 42.057500000000005 1.0 133
8 0 16.507500000000007 1.0 412
19 1 11.3975 1.0 959
13 1 54.83250000000001 1.0 693
8 1 6.287500000000001 1.0 405
14 1 47.167500000000004 1.0 737
22 0 29.2825 1.0 1122
12 0 36.947500000000005 1.0 628
1773200.9 17
16 1 29.2825 1.0 823
11 1 49.7225 1.0 589
7 1 49.7225 1.0 389
22 1 39.5025 1.0 1131
11 0 31.837500000000006 1.0 574
10 1 19.0625 1.0 515
23 0 21.617500000000007 1.0 1166
7 1 29.2825 1.0 373
17 0 16.507500000000007 1.0 862
5 0 6.287500000000001 1.0 254
14 1 19.0625 1.0 715
4 0 26.727500000000006 1.0 220
9 0 11.3975 1.0 458
10 1 1.177500000000002 1.0 501
1 1 13.9525 1.0 61
9 0 39.5025 1.0 480
6 1 54.83250000000001 1.0 343
1928813.2 8
11 0 34.3925 1.0 576
17 1 31.837500000000006 1.0 875
24 1 16.507500000000007 1.0 1213
8 1 59.94250000000001 1.0 447
24 1 24.1725 1.0 1219
22 1 59.94250000000001 1.0 1147
7 1 39.5025 1.0 381
19 1 11.3975 1.0 959
656540.75 16
21 0 34.3925 1.0 1076
12 0 36.947500000000005 1.0 628
3 0 19.0625 1.0 164
7 1 49.7225 1.0 389
13 1 3.7325000000000017 1.0 653
5 0 11.3975 1.0 258
10 0 52.2775 1.0 540
7 1 29.2825 1.0 373
7 1 52.2775 1.0 391
6 0 8.842500000000001 1.0 306
21 1 34.3925 1.0 1077
19 1 59.94250000000001 1.0 997
6 1 52.2775 1.0 341
17 1 21.617500000000007 1.0 867
24 1 36.947500000000005 1.0 1229
13 0 34.3925 1.0 676
706353.4 21
7 1 49.7225 1.0 389
21 0 42.057500000000005 1.0 1082
4 1 19.0625 1.0 215
10 1 42.057500000000005 1.0 533
13 1 54.83250000000001 1.0 693
2 0 8.842500000000001 1.0 106
14 0 1.177500000000002 1.0 700
2 1 62.4975 1.0 149
6 1 42.057500000000005 1.0 333
24 1 21.617500000000007 1.0 1217
5 0 16.507500000000007 1.0 262
20 0 31.837500000000006 1.0 1024
8 0 16.507500000000007 1.0 412
13 1 49.7225 1.0 689
11 0 24.1725 1.0 568
14 1 57.3875 1.0 745
10 1 62.4975 1.0 549
14 1 49.7225 1.0 739
22 0 36.947500000000005 1.0 1128
24 1 39.5025 1.0 1231
8 1 6.287500000000001 1.0 405
196981.47 24
10 1 1.177500000000002 1.0 501
0 1 62.4975 1.0 49
11 0 6.287500000000001 1.0 554
19 0 44.6125 1.0 984
17 0 49.7225 1.0 888
20 0 42.057500000000005 1.0 1032
5 0 16.507500000000007 1.0 262
15 1 59.94250000000001 1.0 797
16 1 62.4975 1.0 849
16 1 13.9525 1.0 811
8 0 16.507500000000007 1.0 412
15 1 1.177500000000002 1.0 751
23 0 21.617500000000007 1.0 1166
20 0 31.837500000000006 1.0 1024
5 0 54.83250000000001 1.0 292
18 0 26.727500000000006 1.0 920
1 0 11.3975 1.0 58
4 0 11.3975 1.0 208
4 0 19.0625 1.0 214
22 0 19.0625 1.0 1114
12 0 42.057500000000005 1.0 632
20 1 6.287500000000001 1.0 1005
21 0 59.94250000000001 1.0 1096
3 1 11.3975 1.0 159
306828.0 7
10 0 16.507500000000007 1.0 512
11 0 31.837500000000006 1.0 574
9 0 3.7325000000000017 1.0 452
9 1 59.94250000000001 1.0 497
4 0 11.3975 1.0 208
18 0 49.7225 1.0 938
16 1 21.617500000000007 1.0 817
1981197.5 5
8 0 16.507500000000007 1.0 412
22 1 11.3975 1.0 1109
20 0 39.5025 1.0 1030
13 1 3.7325000000000017 1.0 653
22 1 21.617500000000007 1.0 1117
713072.94 20
7 1 3.7325000000000017 1.0 353
16 1 62.4975 1.0 849
17 0 44.6125 1.0 884
11 0 24.1725 1.0 568
5 1 47.167500000000004 1.0 287
8 1 62.4975 1.0 449
10 0 29.2825 1.0 522
9 0 59.94250000000001 1.0 496
3 0 47.167500000000004 1.0 186
1 1 21.617500000000007 1.0 67
3 1 57.3875 1.0 195
6 0 8.842500000000001 1.0 306
13 1 3.7325000000000017 1.0 653
21 1 57.3875 1.0 1095
9 0 1.177500000000002 1.0 450
17 0 6.287500000000001 1.0 854
8 0 8.842500000000001 1.0 406
19 1 34.3925 1.0 977
20 0 31.837500000000006 1.0 1024
24 1 21.617500000000007 1.0 1217
1588481.0 17
6 0 8.842500000000001 1.0 306
11 1 36.947500000000005 1.0 579
8 1 13.9525 1.0 411
17 0 24.1725 1.0 868
13 0 34.3925 1.0 676
21 0 31.837500000000006 1.0 1074
18 0 49.7225 1.0 938
1 0 31.837500000000006 1.0 74
15 0 49.7225 1.0 788
14 1 47.167500000000004 1.0 737
13 1 3.7325000000000017 1.0 653
16 1 59.94250000000001 1.0 847
3 1 47.167500000000004 1.0 187
24 1 21.617500000000007 1.0 1217
10 1 44.6125 1.0 535
23 0 19.0625 1.0 1164
5 0 16.507500000000007 1.0 262
1356331.6 9
0 0 16.507500000000007 1.0 12
7 1 52.2775 1.0 391
5 0 49.7225 1.0 288
17 1 16.507500000000007 1.0 863
9 1 44.6125 1.0 485
6 1 47.167500000000004 1.0 337
18 1 19.0625 1.0 915
4 1 19.0625 1.0 215
7 0 8.842500000000001 1.0 356
1920784.0 15
18 1 16.507500000000007 1.0 913
7 0 29.2825 1.0 372
19 1 54.83250000000001 1.0 993
24 1 44.6125 1.0 1235
11 1 59.94250000000001 1.0 597
4 0 21.617500000000007 1.0 216
1 0 54.83250000000001 1.0 92
0 0 36.947500000000005 1.0 28
7 1 54.83250000000001 1.0 393
21 1 57.3875 1.0 1095
21 1 39.5025 1.0 1081
18 0 26.727500000000006 1.0 920
3 1 59.94250000000001 1.0 197
3 0 13.9525 1.0 160
11 1 36.947500000000005 1.0 579
979471.0 19
7 1 42.057500000000005 1.0 383
17 0 44.6125 1.0 884
14 0 31.837500000000006 1.0 724
13 1 42.057500000000005 1.0 683
8 1 47.167500000000004 1.0 437
6 1 1.177500000000002 1.0 301
4 1 36.947500000000005 1.0 229
18 1 16.507500000000007 1.0 913
13 1 31.837500000000006 1.0 675
6 1 44.6125 1.0 335
10 1 44.6125 1.0 535
6 1 47.167500000000004 1.0 337
22 0 52.2775 1.0 1140
3 0 11.3975 1.0 158
8 0 36.947500000000005 1.0 428
0 0 62.4975 1.0 48
17 1 16.507500000000007 1.0 863
11 1 44.6125 1.0 585
8 1 62.4975 1.0 449
1559724.5 24
24 1 39.5025 1.0 1231
19 0 11.3975 1.0 958
24 1 24.1725 1.0 1219
5 1 57.3875 1.0 295
11 1 31.837500000000006 1.0 575
22 1 62.4975 1.0 1149
19 0 1.177500000000002 1.0 950
16 1 26.727500000000006 1.0 821
11 1 49.7225 1.0 589
5 1 24.1725 1.0 269
2 0 8.842500000000001 1.0 106
9 1 42.057500000000005 1.0 483
11 1 59.94250000000001 1.0 597
8 0 47.167500000000004 1.0 436
22 1 13.9525 1.0 1111
11 1 3.7325000000000017 1.0 553
10 0 29.2825 1.0 522
12 1 59.94250000000001 1.0 647
21 0 49.7225 1.0 1088
19 1 8.842500000000001 1.0 957
13 0 3.7325000000000017 1.0 652
12 1 19.0625 1.0 615
9 0 34.3925 1.0 476
20 0 57.3875 1.0 1044
1966689.1 17
3 0 47.167500000000004 1.0 186
9 0 31.837500000000006 1.0 474
22 0 19.0625 1.0 1114
23 1 47.167500000000004 1.0 1187
10 1 1.177500000000002 1.0 501
12 0 26.727500000000006 1.0 620
5 1 39.5025 1.0 281
2 0 6.287500000000001 1.0 104
9 0 44.6125 1.0 484
9 1 47.167500000000004 1.0 487
8 1 47.167500000000004 1.0 437
19 1 54.83250000000001 1.0 993
22 0 29.2825 1.0 1122
21 1 54.83250000000001 1.0 1093
24 0 47.167500000000004 1.0 1236
18 1 59.94250000000001 1.0 947
16 1 11.3975 1.0 809
991573.94 12
10 1 26.727500000000006 1.0 521
1 1 49.7225 1.0 89
14 1 54.83250000000001 1.0 743
5 1 29.2825 1.0 273
13 0 3.7325000000000017 1.0 652
11 1 3.7325000000000017 1.0 553
6 1 3.7325000000000017 1.0 303
5 0 49.7225 1.0 288
11 1 49.7225 1.0 589
4 0 11.3975 1.0 208
8 0 36.947500000000005 1.0 428
18 1 16.507500000000007 1.0 913
922617.25 19
17 0 54.83250000000001 1.0 892
9 0 1.177500000000002 1.0 450
16 0 26.727500000000006 1.0 820
22 0 54.83250000000001 1.0 1142
24 0 13.9525 1.0 1210
1 0 31.837500000000006 1.0 74
24 1 21.617500000000007 1.0 1217
13 1 52.2775 1.0 691
0 1 39.5025 1.0 31
21 0 31.837500000000006 1.0 1074
15 0 31.837500000000006 1.0 774
7 1 21.617500000000007 1.0 367
5 0 59.94250000000001 1.0 296
4 0 54.83250000000001 1.0 242
21 1 54.83250000000001 1.0 1093
11 1 47.167500000000004 1.0 587
15 1 8.842500000000001 1.0 757
19 0 13.9525 1.0 960
21 1 6.287500000000001 1.0 1055
418863.03 13
21 0 31.837500000000006 1.0 1074
11 0 57.3875 1.0 594
6 1 44.6125 1.0 335
16 0 24.1725 1.0 818
23 1 11.3975 1.0 1159
5 0 59.94250000000001 1.0 296
20 1 52.2775 1.0 1041
5 0 16.507500000000007 1.0 262
5 0 6.287500000000001 1.0 254
2 1 59.94250000000001 1.0 147
20 0 31.837500000000006 1.0 1024
11 1 36.947500000000005 1.0 579
24 1 21.617500000000007 1.0 1217
281129.94 20
16 1 62.4975 1.0 849
21 1 54.83250000000001 1.0 1093
7 1 3.7325000000000017 1.0 353
22 1 39.5025 1.0 1131
9 0 54.83250000000001 1.0 492
8 0 52.2775 1.0 440
1 1 57.3875 1.0 95
13 1 21.617500000000007 1.0 667
18 0 34.3925 1.0 926
21 0 34.3925 1.0 1076
10 1 44.6125 1.0 535
11 1 36.947500000000005 1.0 579
7 0 8.842500000000001 1.0 356
15 1 11.3975 1.0 759
5 1 11.3975 1.0 259
12 0 42.057500000000005 1.0 632
14 1 8.842500000000001 1.0 707
21 0 44.6125 1.0 1084
13 1 3.7325000000000017 1.0 653
19 1 44.6125 1.0 985
1450985.0 18
12 1 6.287500000000001 1.0 605
4 0 11.3975 1.0 208
8 0 47.167500000000004 1.0 436
4 1 39.5025 1.0 231
8 0 39.5025 1.0 430
12 1 59.94250000000001 1.0 647
6 1 47.167500000000004 1.0 337
18 1 21.617500000000007 1.0 917
22 0 34.3925 1.0 1126
22 1 31.837500000000006 1.0 1125
11 1 3.7325000000000017 1.0 553
4 1 19.0625 1.0 215
5 0 42.057500000000005 1.0 282
11 0 31.837500000000006 1.0 574
22 0 29.2825 1.0 1122
12 1 52.2775 1.0 641
10 1 54.83250000000001 1.0 543
21 0 24.1725 1.0 1068
1017925.44 8
10 0 3.7325000000000017 1.0 502
15 0 36.947500000000005 1.0 778
7 1 3.7325000000000017 1.0 353
6 0 59.94250000000001 1.0 346
13 1 54.83250000000001 1.0 693
2 1 62.4975 1.0 149
3 0 31.837500000000006 1.0 174
11 0 34.3925 1.0 576
329982.7 19
1 0 34.3925 1.0 76
13 1 3.7325000000000017 1.0 653
6 1 16.507500000000007 1.0 313
20 0 42.057500000000005 1.0 1032
1 0 24.1725 1.0 68
9 0 34.3925 1.0 476
16 1 29.2825 1.0 823
22 0 19.0625 1.0 1114
8 1 49.7225 1.0 439
22 1 31.837500000000006 1.0 1125
21 1 54.83250000000001 1.0 1093
5 0 54.83250000000001 1.0 292
8 0 16.507500000000007 1.0 412
8 0 8.842500000000001 1.0 406
10 1 1.177500000000002 1.0 501
6 0 59.94250000000001 1.0 346
14 1 31.837500000000006 1.0 725
17 0 6.287500000000001 1.0 854
8 0 47.167500000000004 1.0 436
1863799.6 17
3 0 13.9525 1.0 160
19 1 54.83250000000001 1.0 993
14 0 16.507500000000007 1.0 712
21 0 16.507500000000007 1.0 1062
4 0 54.83250000000001 1.0 242
10 1 3.7325000000000017 1.0 503
13 1 49.7225 1.0 689
12 1 59.94250000000001 1.0 647
9 0 24.1725 1.0 468
5 0 11.3975 1.0 258
19 0 39.5025 1.0 980
11 0 31.837500000000006 1.0 574
12 0 6.287500000000001 1.0 604
5 1 11.3975 1.0 259
21 1 6.287500000000001 1.0 1055
3 1 39.5025 1.0 181
6 1 16.507500000000007 1.0 313
1692073.4 6
1 0 31.837500000000006 1.0 74
8 0 36.947500000000005 1.0 428
18 1 21.617500000000007 1.0 917
8 0 8.842500000000001 1.0 406
24 1 11.3975 1.0 1209
17 0 16.507500000000007 1.0 862
479240.28 15
7 1 29.2825 1.0 373
11 1 49.7225 1.0 589
9 1 59.94250000000001 1.0 497
9 0 44.6125 1.0 484
8 1 13.9525 1.0 411
24 0 13.9525 1.0 1210
12 1 24.1725 1.0 619
3 0 54.83250000000001 1.0 192
7 0 16.507500000000007 1.0 362
1 1 29.2825 1.0 73
22 0 31.837500000000006 1.0 1124
12 1 19.0625 1.0 615
15 1 47.167500000000004 1.0 787
23 0 54.83250000000001 1.0 1192
8 0 39.5025 1.0 430
1053195.2 14
7 0 31.837500000000006 1.0 374
7 1 3.7325000000000017 1.0 353
20 0 39.5025 1.0 1030
22 0 52.2775 1.0 1140
5 0 16.507500000000007 1.0 262
4 1 8.842500000000001 1.0 207
20 0 21.617500000000007 1.0 1016
16 1 31.837500000000006 1.0 825
5 1 57.3875 1.0 295
15 0 31.837500000000006 1.0 774
4 1 1.177500000000002 1.0 201
16 1 19.0625 1.0 815
23 1 49.7225 1.0 1189
21 0 59.94250000000001 1.0 1096
822865.5 7
23 0 39.5025 1.0 1180
8 1 36.947500000000005 1.0 429
1 1 49.7225 1.0 89
19 1 54.83250000000001 1.0 993
18 1 19.0625 1.0 915
21 0 34.3925 1.0 1076
20 0 16.507500000000007 1.0 1012
1637201.2 6
1 0 54.83250000000001 1.0 92
11 0 42.057500000000005 1.0 582
20 0 31.837500000000006 1.0 1024
9 0 31.837500000000006 1.0 474
22 1 59.94250000000001 1.0 1147
24 1 52.2775 1.0 1241
122897.86 5
9 1 42.057500000000005 1.0 483
24 0 24.1725 1.0 1218
20 1 49.7225 1.0 1039
19 0 13.9525 1.0 960
6 0 8.842500000000001 1.0 306
725084.44 21
4 1 39.5025 1.0 231
1 0 34.3925 1.0 76
15 1 54.83250000000001 1.0 793
12 1 57.3875 1.0 645
7 0 29.2825 1.0 372
21 1 54.83250000000001 1.0 1093
22 0 42.057500000000005 1.0 1132
23 1 21.617500000000007 1.0 1167
13 1 3.7325000000000017 1.0 653
24 0 47.167500000000004 1.0 1236
12 1 11.3975 1.0 609
3 0 47.167500000000004 1.0 186
16 1 21.617500000000007 1.0 817
8 0 1.177500000000002 1.0 400
23 1 47.167500000000004 1.0 1187
10 1 11.3975 1.0 509
8 1 49.7225 1.0 439
7 1 16.507500000000007 1.0 363
10 1 42.057500000000005 1.0 533
6 0 59.94250000000001 1.0 346
8 0 44.6125 1.0 434
216733.14 16
9 0 31.837500000000006 1.0 474
16 0 26.727500000000006 1.0 820
14 0 31.837500000000006 1.0 724
22 1 11.3975 1.0 1109
11 0 8.842500000000001 1.0 556
0 1 36.947500000000005 1.0 29
4 0 39.5025 1.0 230
10 0 52.2775 1.0 540
16 1 26.727500000000006 1.0 821
15 1 11.3975 1.0 759
6 1 44.6125 1.0 335
21 0 31.837500000000006 1.0 1074
3 1 6.287500000000001 1.0 155
14 0 44.6125 1.0 734
14 0 1.177500000000002 1.0 700
23 1 52.2775 1.0 1191
1357940.4 14
0 1 36.947500000000005 1.0 29
24 1 21.617500000000007 1.0 1217
20 0 16.507500000000007 1.0 1012
11 1 44.6125 1.0 585
8 0 62.4975 1.0 448
3 1 47.167500000000004 1.0 187
7 0 19.0625 1.0 364
1 0 34.3925 1.0 76
21 0 59.94250000000001 1.0 1096
24 1 44.6125 1.0 1235
13 0 39.5025 1.0 680
14 1 19.0625 1.0 715
9 0 39.5025 1.0 480
3 0 47.167500000000004 1.0 186
848818.56 11
15 0 26.727500000000006 1.0 770
10 0 11.3975 1.0 508
21 1 6.287500000000001 1.0 1055
21 0 6.287500000000001 1.0 1054
21 1 62.4975 1.0 1099
0 1 36.947500000000005 1.0 29
9 0 36.947500000000005 1.0 478
9 0 6.287500000000001 1.0 454
20 0 16.507500000000007 1.0 1012
2 1 39.5025 1.0 131
5 1 52.2775 1.0 291
1083992.4 17
3 1 11.3975 1.0 159
10 1 54.83250000000001 1.0 543
23 1 19.0625 1.0 1165
13 1 3.7325000000000017 1.0 653
10 0 16.507500000000007 1.0 512
6 1 1.177500000000002 1.0 301
2 0 8.842500000000001 1.0 106
21 1 54.83250000000001 1.0 1093
18 0 49.7225 1.0 938
15 1 54.83250000000001 1.0 793
0 0 16.507500000000007 1.0 12
9 0 31.837500000000006 1.0 474
23 0 21.617500000000007 1.0 1166
11 1 34.3925 1.0 577
14 0 39.5025 1.0 730
17 0 44.6125 1.0 884
10 1 1.177500000000002 1.0 501
991615.4 9
22 1 52.2775 1.0 1141
17 0 31.837500000000006 1.0 874
17 1 62.4975 1.0 899
23 0 31.837500000000006 1.0 1174
14 0 31.837500000000006 1.0 724
7 0 19.0625 1.0 364
20 1 1.177500000000002 1.0 1001
13 1 1.177500000000002 1.0 651
15 1 52.2775 1.0 791
1023996.5 7
18 0 26.727500000000006 1.0 920
9 0 39.5025 1.0 480
6 1 44.6125 1.0 335
22 1 31.837500000000006 1.0 1125
8 0 16.507500000000007 1.0 412
22 1 19.0625 1.0 1115
9 0 1.177500000000002 1.0 450
1424424.5 20
8 1 36.947500000000005 1.0 429
8 0 47.167500000000004 1.0 436
3 0 54.83250000000001 1.0 192
17 0 6.287500000000001 1.0 854
16 0 26.727500000000006 1.0 820
20 1 52.2775 1.0 1041
13 1 52.2775 1.0 691
15 1 8.842500000000001 1.0 757
6 0 36.947500000000005 1.0 328
0 0 36.947500000000005 1.0 28
11 1 36.947500000000005 1.0 579
10 1 52.2775 1.0 541
14 1 57.3875 1.0 745
6 0 47.167500000000004 1.0 336
8 1 47.167500000000004 1.0 437
7 1 16.507500000000007 1.0 363
12 1 11.3975 1.0 609
21 0 59.94250000000001 1.0 1096
5 0 49.7225 1.0 288
5 1 13.9525 1.0 261
1201086.2 13
23 0 21.617500000000007 1.0 1166
9 0 39.5025 1.0 480
8 1 62.4975 1.0 449
2 1 39.5025 1.0 131
16 1 29.2825 1.0 823
24 1 52.2775 1.0 1241
17 0 62.4975 1.0 898
5 0 19.0625 1.0 264
7 0 29.2825 1.0 372
23 0 57.3875 1.0 1194
16 1 24.1725 1.0 819
10 0 34.3925 1.0 526
8 1 6.287500000000001 1.0 405
1448723.1 11
17 0 44.6125 1.0 884
3 0 47.167500000000004 1.0 186
24 1 21.617500000000007 1.0 1217
9 0 31.837500000000006 1.0 474
9 1 8.842500000000001 1.0 457
14 1 8.842500000000001 1.0 707
4 0 39.5025 1.0 230
24 0 47.167500000000004 1.0 1236
2 0 8.842500000000001 1.0 106
13 1 49.7225 1.0 689
11 0 34.3925 1.0 576
914545.1 21
8 1 62.4975 1.0 449
8 0 8.842500000000001 1.0 406
3 0 11.3975 1.0 158
13 0 34.3925 1.0 676
4 0 16.507500000000007 1.0 212
18 1 19.0625 1.0 915
15 0 24.1725 1.0 768
22 1 39.5025 1.0 1131
19 1 11.3975 1.0 959
4 1 62.4975 1.0 249
6 1 3.7325000000000017 1.0 303
3 1 47.167500000000004 1.0 187
8 1 47.167500000000004 1.0 437
7 1 49.7225 1.0 389
1 1 57.3875 1.0 95
14 0 1.177500000000002 1.0 700
6 1 47.167500000000004 1.0 337
23 0 21.617500000000007 1.0 1166
11 0 13.9525 1.0 560
11 0 31.837500000000006 1.0 574
22 1 11.3975 1.0 1109
983388.3 9
8 0 52.2775 1.0 440
1 1 44.6125 1.0 85
2 1 59.94250000000001 1.0 147
17 1 21.617500000000007 1.0 867
20 0 57.3875 1.0 1044
15 0 31.837500000000006 1.0 774
15 0 26.727500000000006 1.0 770
23 1 47.167500000000004 1.0 1187
23 0 19.0625 1.0 1164
220425.56 16
11 0 24.1725 1.0 568
6 0 8.842500000000001 1.0 306
17 0 6.287500000000001 1.0 854
15 1 11.3975 1.0 759
4 1 39.5025 1.0 231
20 0 11.3975 1.0 1008
14 0 1.177500000000002 1.0 700
10 1 1.177500000000002 1.0 501
8 1 36.947500000000005 1.0 429
3 1 16.507500000000007 1.0 163
16 1 6.287500000000001 1.0 805
11 1 49.7225 1.0 589
17 0 16.507500000000007 1.0 862
15 0 49.7225 1.0 788
11 0 42.057500000000005 1.0 582
6 1 52.2775 1.0 341
503687.5 7
0 0 1.177500000000002 1.0 0
2 0 24.1725 1.0 118
5 0 16.507500000000007 1.0 262
23 1 19.0625 1.0 1165
3 1 3.7325000000000017 1.0 153
20 1 49.7225 1.0 1039
23 0 19.0625 1.0 1164
1711145.6 7
10 0 11.3975 1.0 508
8 1 57.3875 1.0 445
8 1 62.4975 1.0 449
2 0 8.842500000000001 1.0 106
16 1 21.617500000000007 1.0 817
18 1 21.617500000000007 1.0 917
1 1 62.4975 1.0 99
610041.94 6
4 1 39.5025 1.0 231
4 1 19.0625 1.0 215
16 0 26.727500000000006 1.0 820
19 1 54.83250000000001 1.0 993
4 1 1.177500000000002 1.0 201
0 0 16.507500000000007 1.0 12
1129169.0 7
6 0 39.5025 1.0 330
21 1 21.617500000000007 1.0 1067
11 0 24.1725 1.0 568
8 1 24.1725 1.0 419
6 1 42.057500000000005 1.0 333
7 0 8.842500000000001 1.0 356
4 1 57.3875 1.0 245
920392.1 17
11 1 31.837500000000006 1.0 575
2 1 62.4975 1.0 149
7 0 8.842500000000001 1.0 356
5 0 11.3975 1.0 258
10 0 29.2825 1.0 522
11 0 34.3925 1.0 576
11 1 44.6125 1.0 585
10 1 42.057500000000005 1.0 533
12 0 31.837500000000006 1.0 624
9 0 59.94250000000001 1.0 496
17 1 62.4975 1.0 899
12 1 19.0625 1.0 615
15 0 31.837500000000006 1.0 774
8 0 16.507500000000007 1.0 412
20 0 57.3875 1.0 1044
16 1 19.0625 1.0 815
0 1 8.842500000000001 1.0 7
1150509.5 12
16 1 21.617500000000007 1.0 817
6 0 39.5025 1.0 330
24 0 42.057500000000005 1.0 1232
4 0 16.507500000000007 1.0 212
4 1 62.4975 1.0 249
11 1 42.057500000000005 1.0 583
14 0 13.9525 1.0 710
6 0 21.617500000000007 1.0 316
12 1 59.94250000000001 1.0 647
6 1 54.83250000000001 1.0 343
22 1 31.837500000000006 1.0 1125
21 1 1.177500000000002 1.0 1051
798605.44 17
5 0 59.94250000000001 1.0 296
20 1 42.057500000000005 1.0 1033
21 0 57.3875 1.0 1094
20 0 16.507500000000007 1.0 1012
24 0 49.7225 1.0 1238
8 1 42.057500000000005 1.0 433
6 1 47.167500000000004 1.0 337
21 0 8.842500000000001 1.0 1056
7 1 16.507500000000007 1.0 363
0 1 13.9525 1.0 11
14 0 31.837500000000006 1.0 724
14 0 62.4975 1.0 748
7 0 29.2825 1.0 372
22 0 54.83250000000001 1.0 1142
22 1 11.3975 1.0 1109
21 1 11.3975 1.0 1059
15 1 54.83250000000001 1.0 793
164259.8 5
0 0 1.177500000000002 1.0 0
4 1 44.6125 1.0 235
12 0 19.0625 1.0 614
5 0 57.3875 1.0 294
2 1 62.4975 1.0 149
864742.44 15
11 1 59.94250000000001 1.0 597
13 1 52.2775 1.0 691
1 1 16.507500000000007 1.0 63
13 0 3.7325000000000017 1.0 652
13 1 54.83250000000001 1.0 693
18 0 26.727500000000006 1.0 920
21 1 11.3975 1.0 1059
20 1 29.2825 1.0 1023
10 0 34.3925 1.0 526
17 0 31.837500000000006 1.0 874
7 0 8.842500000000001 1.0 356
24 1 52.2775 1.0 1241
1 0 11.3975 1.0 58
9 1 39.5025 1.0 481
7 1 1.177500000000002 1.0 351
252623.92 8
14 1 36.947500000000005 1.0 729
6 1 1.177500000000002 1.0 301
9 0 59.94250000000001 1.0 496
24 1 21.617500000000007 1.0 1217
7 1 49.7225 1.0 389
0 1 62.4975 1.0 49
2 0 3.7325000000000017 1.0 102
13 0 3.7325000000000017 1.0 652
1895134.6 10
11 0 24.1725 1.0 568
8 1 36.947500000000005 1.0 429
6 1 52.2775 1.0 341
8 0 52.2775 1.0 440
12 1 57.3875 1.0 645
12 0 42.057500000000005 1.0 632
6 1 44.6125 1.0 335
9 0 44.6125 1.0 484
11 0 57.3875 1.0 594
21 0 26.727500000000006 1.0 1070
785894.7 20
20 0 57.3875 1.0 1044
21 1 54.83250000000001 1.0 1093
16 0 26.727500000000006 1.0 820
6 0 47.167500000000004 1.0 336
17 1 57.3875 1.0 895
21 1 57.3875 1.0 1095
2 1 39.5025 1.0 131
13 0 34.3925 1.0 676
14 0 62.4975 1.0 748
19 1 42.057500000000005 1.0 983
3 1 6.287500000000001 1.0 155
9 0 34.3925 1.0 476
17 1 52.2775 1.0 891
21 0 34.3925 1.0 1076
24 0 24.1725 1.0 1218
10 0 52.2775 1.0 540
8 0 47.167500000000004 1.0 436
18 1 59.94250000000001 1.0 947
13 1 1.177500000000002 1.0 651
3 1 57.3875 1.0 195
213356.88 5
9 1 59.94250000000001 1.0 497
21 0 16.507500000000007 1.0 1062
2 1 62.4975 1.0 149
5 0 42.057500000000005 1.0 282
9 0 8.842500000000001 1.0 456
417668.53 15
20 0 57.3875 1.0 1044
6 0 16.507500000000007 1.0 312
15 1 54.83250000000001 1.0 793
1 0 31.837500000000006 1.0 74
6 1 16.507500000000007 1.0 313
10 0 11.3975 1.0 508
3 0 44.6125 1.0 184
8 1 47.167500000000004 1.0 437
21 0 1.177500000000002 1.0 1050
11 1 59.94250000000001 1.0 597
15 1 59.94250000000001 1.0 797
15 0 31.837500000000006 1.0 774
24 0 13.9525 1.0 1210
1 0 24.1725 1.0 68
9 1 44.6125 1.0 485
1518522.9 15
18 1 29.2825 1.0 923
17 1 62.4975 1.0 899
13 1 36.947500000000005 1.0 679
14 1 19.0625 1.0 715
0 1 1.177500000000002 1.0 1
22 1 39.5025 1.0 1131
16 1 26.727500000000006 1.0 821
20 0 21.617500000000007 1.0 1016
9 1 47.167500000000004 1.0 487
22 0 11.3975 1.0 1108
8 0 39.5025 1.0 430
22 0 6.287500000000001 1.0 1104
14 0 16.507500000000007 1.0 712
24 0 39.5025 1.0 1230
3 0 44.6125 1.0 184
1791225.0 11
17 0 24.1725 1.0 868
24 1 24.1725 1.0 1219
18 0 31.837500000000006 1.0 924
10 1 11.3975 1.0 509
13 1 49.7225 1.0 689
20 0 16.507500000000007 1.0 1012
22 1 31.837500000000006 1.0 1125
11 0 24.1725 1.0 568
11 0 57.3875 1.0 594
2 0 24.1725 1.0 118
12 1 47.167500000000004 1.0 637
412115.78 20
13 0 3.7325000000000017 1.0 652
5 1 26.727500000000006 1.0 271
2 0 31.837500000000006 1.0 124
4 0 59.94250000000001 1.0 246
22 0 42.057500000000005 1.0 1132
7 0 8.842500000000001 1.0 356
16 1 16.507500000000007 1.0 813
15 0 39.5025 1.0 780
10 1 52.2775 1.0 541
5 1 24.1725 1.0 269
11 1 47.167500000000004 1.0 587
22 1 31.837500000000006 1.0 1125
11 1 49.7225 1.0 589
3 1 59.94250000000001 1.0 197
1 1 44.6125 1.0 85
21 1 62.4975 1.0 1099
9 1 19.0625 1.0 465
6 1 31.837500000000006 1.0 325
22 0 16.507500000000007 1.0 1112
3 0 47.167500000000004 1.0 186
1957136.8 22
0 0 16.507500000000007 1.0 12
0 1 62.4975 1.0 49
24 0 3.7325000000000017 1.0 1202
1 1 21.617500000000007 1.0 67
21 0 31.837500000000006 1.0 1074
22 1 21.617500000000007 1.0 1117
4 0 59.94250000000001 1.0 246
11 0 54.83250000000001 1.0 592
23 0 19.0625 1.0 1164
20 0 31.837500000000006 1.0 1024
16 1 62.4975 1.0 849
21 1 26.727500000000006 1.0 1071
6 1 52.2775 1.0 341
3 0 54.83250000000001 1.0 192
21 1 11.3975 1.0 1059
19 1 54.83250000000001 1.0 993
10 0 16.507500000000007 1.0 512
7 0 34.3925 1.0 376
7 0 59.94250000000001 1.0 396
5 0 49.7225 1.0 288
15 0 31.837500000000006 1.0 774
19 0 44.6125 1.0 984
501825.16 13
20 0 31.837500000000006 1.0 1024
10 0 8.842500000000001 1.0 506
17 1 44.6125 1.0 885
18 0 54.83250000000001 1.0 942
9 0 44.6125 1.0 484
6 1 42.057500000000005 1.0 333
24 0 47.167500000000004 1.0 1236
5 0 42.057500000000005 1.0 282
7 1 49.7225 1.0 389
1 1 21.617500000000007 1.0 67
4 1 6.287500000000001 1.0 205
18 0 8.842500000000001 1.0 906
15 1 54.83250000000001 1.0 793
1373861.0 8
20 0 16.507500000000007 1.0 1012
13 1 52.2775 1.0 691
3 0 44.6125 1.0 184
14 0 44.6125 1.0 734
10 1 39.5025 1.0 531
19 0 11.3975 1.0 958
1 0 47.167500000000004 1.0 86
3 0 54.83250000000001 1.0 192
255887.34 22
12 0 47.167500000000004 1.0 636
11 1 3.7325000000000017 1.0 553
11 1 57.3875 1.0 595
8 0 36.947500000000005 1.0 428
20 1 49.7225 1.0 1039
4 1 39.5025 1.0 231
11 0 57.3875 1.0 594
8 1 47.167500000000004 1.0 437
19 1 59.94250000000001 1.0 997
7 1 49.7225 1.0 389
2 0 21.617500000000007 1.0 116
18 1 19.0625 1.0 915
17 0 24.1725 1.0 868
2 0 47.167500000000004 1.0 136
8 1 49.7225 1.0 439
1 0 54.83250000000001 1.0 92
18 0 47.167500000000004 1.0 936
15 1 52.2775 1.0 791
4 0 59.94250000000001 1.0 246
11 1 44.6125 1.0 585
24 1 59.94250000000001 1.0 1247
10 0 34.3925 1.0 526
326952.06 9
20 1 1.177500000000002 1.0 1001
23 1 19.0625 1.0 1165
2 0 8.842500000000001 1.0 106
5 0 49.7225 1.0 288
6 0 59.94250000000001 1.0 346
12 0 52.2775 1.0 640
14 0 44.6125 1.0 734
18 0 34.3925 1.0 926
21 0 16.507500000000007 1.0 1062
443294.84 17
9 1 8.842500000000001 1.0 457
12 0 19.0625 1.0 614
14 1 8.842500000000001 1.0 707
13 1 49.7225 1.0 689
19 0 11.3975 1.0 958
11 0 42.057500000000005 1.0 582
11 0 13.9525 1.0 560
19 0 29.2825 1.0 972
6 0 59.94250000000001 1.0 346
6 1 16.507500000000007 1.0 313
1 0 34.3925 1.0 76
13 1 3.7325000000000017 1.0 653
7 1 42.057500000000005 1.0 383
5 1 6.287500000000001 1.0 255
8 0 3.7325000000000017 1.0 402
16 0 24.1725 1.0 818
21 1 1.177500000000002 1.0 1051
756360.9 10
20 0 6.287500000000001 1.0 1004
10 1 39.5025 1.0 531
10 0 11.3975 1.0 508
5 1 57.3875 1.0 295
21 1 1.177500000000002 1.0 1051
5 1 24.1725 1.0 269
12 1 24.1725 1.0 619
15 1 8.842500000000001 1.0 757
6 1 52.2775 1.0 341
13 1 1.177500000000002 1.0 651
