Numero de pedidos
200
duedate num_referencias // pasillo lado altura peso
1251390.2 16
2 0 39.5025 1.0 130
11 0 57.3875 1.0 594
18 0 6.287500000000001 1.0 904
14 0 39.5025 1.0 730
22 0 21.617500000000007 1.0 1116
19 0 59.94250000000001 1.0 996
4 0 1.177500000000002 1.0 200
16 0 59.94250000000001 1.0 846
5 0 44.6125 1.0 284
22 0 24.1725 1.0 1118
8 1 6.287500000000001 1.0 405
1 1 52.2775 1.0 91
15 1 21.617500000000007 1.0 767
12 0 39.5025 1.0 630
18 0 11.3975 1.0 908
4 0 59.94250000000001 1.0 246
984054.3 18
1 1 34.3925 1.0 77
9 0 42.057500000000005 1.0 482
5 0 44.6125 1.0 284
3 0 11.3975 1.0 158
21 1 19.0625 1.0 1065
22 0 44.6125 1.0 1134
3 0 16.507500000000007 1.0 162
24 0 26.727500000000006 1.0 1220
24 0 24.1725 1.0 1218
9 0 36.947500000000005 1.0 478
15 0 11.3975 1.0 758
6 0 6.287500000000001 1.0 304
17 1 16.507500000000007 1.0 863
9 1 26.727500000000006 1.0 471
22 0 57.3875 1.0 1144
15 1 47.167500000000004 1.0 787
12 1 59.94250000000001 1.0 647
17 0 16.507500000000007 1.0 862
1904787.8 10
17 0 8.842500000000001 1.0 856
1 0 3.7325000000000017 1.0 52
11 0 54.83250000000001 1.0 592
15 1 47.167500000000004 1.0 787
18 1 16.507500000000007 1.0 913
5 0 13.9525 1.0 260
9 1 13.9525 1.0 461
17 0 19.0625 1.0 864
7 1 16.507500000000007 1.0 363
12 0 42.057500000000005 1.0 632
1508519.4 16
17 0 19.0625 1.0 864
0 0 44.6125 1.0 34
3 0 57.3875 1.0 194
12 0 11.3975 1.0 608
8 0 57.3875 1.0 444
8 1 57.3875 1.0 445
2 0 39.5025 1.0 130
17 1 31.837500000000006 1.0 875
4 1 24.1725 1.0 219
18 1 11.3975 1.0 909
24 0 34.3925 1.0 1226
7 1 3.7325000000000017 1.0 353
15 1 49.7225 1.0 789
15 0 11.3975 1.0 758
6 1 39.5025 1.0 331
17 0 31.837500000000006 1.0 874
536702.5 16
21 0 49.7225 1.0 1088
10 1 8.842500000000001 1.0 507
12 0 42.057500000000005 1.0 632
17 0 8.842500000000001 1.0 856
20 1 24.1725 1.0 1019
6 1 49.7225 1.0 339
21 1 16.507500000000007 1.0 1063
16 0 44.6125 1.0 834
14 0 39.5025 1.0 730
0 0 62.4975 1.0 48
0 0 54.83250000000001 1.0 42
9 1 13.9525 1.0 461
12 0 16.507500000000007 1.0 612
17 1 31.837500000000006 1.0 875
6 0 6.287500000000001 1.0 304
12 0 36.947500000000005 1.0 628
655178.0 9
16 0 11.3975 1.0 808
22 1 3.7325000000000017 1.0 1103
20 1 57.3875 1.0 1045
9 0 36.947500000000005 1.0 478
16 0 29.2825 1.0 822
10 1 54.83250000000001 1.0 543
0 0 62.4975 1.0 48
11 1 62.4975 1.0 599
21 0 49.7225 1.0 1088
1237189.0 8
0 0 47.167500000000004 1.0 36
9 0 44.6125 1.0 484
7 0 57.3875 1.0 394
16 0 39.5025 1.0 830
2 1 8.842500000000001 1.0 107
2 0 62.4975 1.0 148
12 1 44.6125 1.0 635
4 0 13.9525 1.0 210
578739.4 22
10 1 8.842500000000001 1.0 507
12 0 26.727500000000006 1.0 620
24 1 49.7225 1.0 1239
6 1 49.7225 1.0 339
8 0 62.4975 1.0 448
2 1 3.7325000000000017 1.0 103
22 0 49.7225 1.0 1138
5 0 3.7325000000000017 1.0 252
16 1 36.947500000000005 1.0 829
15 1 62.4975 1.0 799
7 0 57.3875 1.0 394
7 0 59.94250000000001 1.0 396
12 1 39.5025 1.0 631
5 0 54.83250000000001 1.0 292
15 1 26.727500000000006 1.0 771
13 1 24.1725 1.0 669
17 1 31.837500000000006 1.0 875
24 1 62.4975 1.0 1249
5 0 26.727500000000006 1.0 270
13 0 42.057500000000005 1.0 682
5 0 21.617500000000007 1.0 266
21 1 21.617500000000007 1.0 1067
197259.28 18
10 0 31.837500000000006 1.0 524
11 0 19.0625 1.0 564
5 0 42.057500000000005 1.0 282
15 0 57.3875 1.0 794
19 0 59.94250000000001 1.0 996
12 0 16.507500000000007 1.0 612
5 1 21.617500000000007 1.0 267
12 1 59.94250000000001 1.0 647
8 0 39.5025 1.0 430
10 0 47.167500000000004 1.0 536
16 0 52.2775 1.0 840
16 0 39.5025 1.0 830
14 1 57.3875 1.0 745
17 1 31.837500000000006 1.0 875
3 1 8.842500000000001 1.0 157
0 0 44.6125 1.0 34
24 0 57.3875 1.0 1244
0 1 39.5025 1.0 31
1387161.4 14
9 0 44.6125 1.0 484
10 0 6.287500000000001 1.0 504
12 0 16.507500000000007 1.0 612
3 1 59.94250000000001 1.0 197
4 0 1.177500000000002 1.0 200
3 0 49.7225 1.0 188
7 1 21.617500000000007 1.0 367
5 0 24.1725 1.0 268
22 0 31.837500000000006 1.0 1124
21 1 44.6125 1.0 1085
18 0 24.1725 1.0 918
18 0 3.7325000000000017 1.0 902
7 1 16.507500000000007 1.0 363
19 0 54.83250000000001 1.0 992
1425741.2 23
19 0 8.842500000000001 1.0 956
14 0 39.5025 1.0 730
12 1 62.4975 1.0 649
21 1 11.3975 1.0 1059
20 0 39.5025 1.0 1030
3 1 57.3875 1.0 195
4 1 54.83250000000001 1.0 243
2 0 52.2775 1.0 140
9 0 42.057500000000005 1.0 482
2 0 34.3925 1.0 126
1 1 29.2825 1.0 73
19 1 8.842500000000001 1.0 957
6 0 31.837500000000006 1.0 324
20 0 57.3875 1.0 1044
9 0 8.842500000000001 1.0 456
9 1 31.837500000000006 1.0 475
8 1 57.3875 1.0 445
10 1 8.842500000000001 1.0 507
9 0 62.4975 1.0 498
9 0 34.3925 1.0 476
22 0 54.83250000000001 1.0 1142
5 1 19.0625 1.0 265
9 0 57.3875 1.0 494
1231336.6 19
22 0 44.6125 1.0 1134
1 1 59.94250000000001 1.0 97
2 0 34.3925 1.0 126
4 1 52.2775 1.0 241
10 1 54.83250000000001 1.0 543
10 1 8.842500000000001 1.0 507
7 0 19.0625 1.0 364
14 1 42.057500000000005 1.0 733
8 1 1.177500000000002 1.0 401
8 1 57.3875 1.0 445
6 0 1.177500000000002 1.0 300
0 0 47.167500000000004 1.0 36
3 1 62.4975 1.0 199
12 1 62.4975 1.0 649
24 0 21.617500000000007 1.0 1216
20 1 36.947500000000005 1.0 1029
8 0 62.4975 1.0 448
16 0 11.3975 1.0 808
2 0 42.057500000000005 1.0 132
1765797.0 19
0 0 49.7225 1.0 38
15 1 26.727500000000006 1.0 771
20 0 1.177500000000002 1.0 1000
24 1 62.4975 1.0 1249
15 1 3.7325000000000017 1.0 753
8 1 16.507500000000007 1.0 413
9 0 19.0625 1.0 464
11 1 62.4975 1.0 599
23 1 13.9525 1.0 1161
24 0 26.727500000000006 1.0 1220
3 1 13.9525 1.0 161
0 0 47.167500000000004 1.0 36
4 0 44.6125 1.0 234
15 0 59.94250000000001 1.0 796
5 0 42.057500000000005 1.0 282
20 1 24.1725 1.0 1019
6 0 13.9525 1.0 310
19 1 47.167500000000004 1.0 987
10 0 62.4975 1.0 548
1906731.4 19
10 0 47.167500000000004 1.0 536
7 0 52.2775 1.0 390
17 0 31.837500000000006 1.0 874
2 1 11.3975 1.0 109
3 1 13.9525 1.0 161
7 1 52.2775 1.0 391
0 0 29.2825 1.0 22
19 1 42.057500000000005 1.0 983
10 0 54.83250000000001 1.0 542
18 1 42.057500000000005 1.0 933
14 0 52.2775 1.0 740
22 1 57.3875 1.0 1145
0 0 62.4975 1.0 48
20 1 24.1725 1.0 1019
22 0 44.6125 1.0 1134
13 1 49.7225 1.0 689
4 0 26.727500000000006 1.0 220
15 0 8.842500000000001 1.0 756
4 0 52.2775 1.0 240
586838.3 9
6 1 47.167500000000004 1.0 337
18 0 24.1725 1.0 918
5 0 47.167500000000004 1.0 286
22 0 54.83250000000001 1.0 1142
0 0 62.4975 1.0 48
24 0 26.727500000000006 1.0 1220
17 1 31.837500000000006 1.0 875
18 0 47.167500000000004 1.0 936
14 0 59.94250000000001 1.0 746
620786.2 7
22 1 44.6125 1.0 1135
17 0 8.842500000000001 1.0 856
19 0 29.2825 1.0 972
21 0 59.94250000000001 1.0 1096
6 0 16.507500000000007 1.0 312
0 0 16.507500000000007 1.0 12
5 0 42.057500000000005 1.0 282
456138.7 9
17 1 57.3875 1.0 895
22 1 21.617500000000007 1.0 1117
20 1 16.507500000000007 1.0 1013
20 1 6.287500000000001 1.0 1005
22 0 31.837500000000006 1.0 1124
20 1 36.947500000000005 1.0 1029
6 0 6.287500000000001 1.0 304
15 1 26.727500000000006 1.0 771
2 1 36.947500000000005 1.0 129
241951.19 12
1 1 31.837500000000006 1.0 75
18 0 3.7325000000000017 1.0 902
10 0 6.287500000000001 1.0 504
13 0 21.617500000000007 1.0 666
3 0 44.6125 1.0 184
6 0 62.4975 1.0 348
17 0 16.507500000000007 1.0 862
5 1 3.7325000000000017 1.0 253
11 0 54.83250000000001 1.0 592
22 0 54.83250000000001 1.0 1142
20 1 6.287500000000001 1.0 1005
24 0 34.3925 1.0 1226
937400.0 19
0 1 21.617500000000007 1.0 17
9 1 13.9525 1.0 461
6 0 11.3975 1.0 308
2 1 62.4975 1.0 149
3 1 62.4975 1.0 199
8 1 52.2775 1.0 441
12 1 44.6125 1.0 635
4 1 11.3975 1.0 209
17 1 34.3925 1.0 877
24 1 49.7225 1.0 1239
17 1 49.7225 1.0 889
17 1 26.727500000000006 1.0 871
10 0 54.83250000000001 1.0 542
17 1 31.837500000000006 1.0 875
0 0 36.947500000000005 1.0 28
19 1 8.842500000000001 1.0 957
6 0 6.287500000000001 1.0 304
12 0 39.5025 1.0 630
1 0 3.7325000000000017 1.0 52
1061344.8 9
13 0 57.3875 1.0 694
2 1 36.947500000000005 1.0 129
12 0 11.3975 1.0 608
1 1 21.617500000000007 1.0 67
14 0 59.94250000000001 1.0 746
4 0 1.177500000000002 1.0 200
12 1 16.507500000000007 1.0 613
18 0 19.0625 1.0 914
4 0 52.2775 1.0 240
1883394.2 5
23 1 24.1725 1.0 1169
9 0 42.057500000000005 1.0 482
7 1 29.2825 1.0 373
20 1 24.1725 1.0 1019
24 1 8.842500000000001 1.0 1207
71057.59 7
7 1 26.727500000000006 1.0 371
10 0 54.83250000000001 1.0 542
12 0 57.3875 1.0 644
11 1 1.177500000000002 1.0 551
15 1 62.4975 1.0 799
2 1 42.057500000000005 1.0 133
1 1 44.6125 1.0 85
1992556.0 11
24 0 57.3875 1.0 1244
10 1 8.842500000000001 1.0 507
12 1 13.9525 1.0 611
16 1 26.727500000000006 1.0 821
14 0 3.7325000000000017 1.0 702
6 0 42.057500000000005 1.0 332
17 0 31.837500000000006 1.0 874
24 1 49.7225 1.0 1239
3 1 62.4975 1.0 199
17 1 34.3925 1.0 877
16 0 34.3925 1.0 826
1968139.1 8
20 0 42.057500000000005 1.0 1032
22 1 8.842500000000001 1.0 1107
9 1 47.167500000000004 1.0 487
17 1 34.3925 1.0 877
17 1 59.94250000000001 1.0 897
24 0 34.3925 1.0 1226
9 0 42.057500000000005 1.0 482
19 0 29.2825 1.0 972
1317691.8 20
24 1 16.507500000000007 1.0 1213
11 0 34.3925 1.0 576
14 1 57.3875 1.0 745
2 0 16.507500000000007 1.0 112
16 0 54.83250000000001 1.0 842
20 0 42.057500000000005 1.0 1032
19 0 59.94250000000001 1.0 996
22 1 57.3875 1.0 1145
19 1 49.7225 1.0 989
16 1 26.727500000000006 1.0 821
6 0 62.4975 1.0 348
12 1 54.83250000000001 1.0 643
9 1 13.9525 1.0 461
19 1 8.842500000000001 1.0 957
16 1 13.9525 1.0 811
23 1 13.9525 1.0 1161
5 1 54.83250000000001 1.0 293
4 0 47.167500000000004 1.0 236
22 0 21.617500000000007 1.0 1116
1 1 44.6125 1.0 85
1700003.9 9
16 1 13.9525 1.0 811
12 0 24.1725 1.0 618
21 0 39.5025 1.0 1080
7 1 3.7325000000000017 1.0 353
12 1 44.6125 1.0 635
9 0 47.167500000000004 1.0 486
7 1 26.727500000000006 1.0 371
12 0 57.3875 1.0 644
4 1 6.287500000000001 1.0 205
978848.7 15
24 0 26.727500000000006 1.0 1220
9 1 39.5025 1.0 481
10 0 36.947500000000005 1.0 528
21 0 36.947500000000005 1.0 1078
2 0 34.3925 1.0 126
20 1 19.0625 1.0 1015
10 0 52.2775 1.0 540
10 0 47.167500000000004 1.0 536
21 1 19.0625 1.0 1065
11 1 11.3975 1.0 559
16 1 36.947500000000005 1.0 829
21 0 24.1725 1.0 1068
8 0 62.4975 1.0 448
13 1 52.2775 1.0 691
1 1 44.6125 1.0 85
339767.62 17
6 1 54.83250000000001 1.0 343
4 1 3.7325000000000017 1.0 203
15 1 16.507500000000007 1.0 763
20 0 1.177500000000002 1.0 1000
20 0 36.947500000000005 1.0 1028
6 1 19.0625 1.0 315
14 0 24.1725 1.0 718
2 0 42.057500000000005 1.0 132
6 0 36.947500000000005 1.0 328
23 1 13.9525 1.0 1161
7 1 59.94250000000001 1.0 397
19 1 26.727500000000006 1.0 971
15 0 42.057500000000005 1.0 782
10 1 16.507500000000007 1.0 513
8 0 62.4975 1.0 448
12 0 6.287500000000001 1.0 604
21 0 3.7325000000000017 1.0 1052
1498555.8 15
17 0 16.507500000000007 1.0 862
22 1 52.2775 1.0 1141
24 0 42.057500000000005 1.0 1232
24 0 34.3925 1.0 1226
3 1 6.287500000000001 1.0 155
7 1 29.2825 1.0 373
8 1 62.4975 1.0 449
14 0 39.5025 1.0 730
14 1 42.057500000000005 1.0 733
3 0 36.947500000000005 1.0 178
18 1 42.057500000000005 1.0 933
15 0 21.617500000000007 1.0 766
16 0 31.837500000000006 1.0 824
11 1 19.0625 1.0 565
18 0 29.2825 1.0 922
388266.56 7
14 1 57.3875 1.0 745
20 0 11.3975 1.0 1008
1 0 19.0625 1.0 64
19 0 59.94250000000001 1.0 996
22 0 21.617500000000007 1.0 1116
3 0 52.2775 1.0 190
17 0 54.83250000000001 1.0 892
1981301.9 12
1 0 36.947500000000005 1.0 78
12 1 31.837500000000006 1.0 625
9 1 47.167500000000004 1.0 487
12 0 24.1725 1.0 618
24 1 16.507500000000007 1.0 1213
1 0 13.9525 1.0 60
9 0 44.6125 1.0 484
9 0 52.2775 1.0 490
4 1 24.1725 1.0 219
16 1 31.837500000000006 1.0 825
15 1 59.94250000000001 1.0 797
3 0 49.7225 1.0 188
1338589.2 18
23 1 11.3975 1.0 1159
6 0 6.287500000000001 1.0 304
10 1 26.727500000000006 1.0 521
15 1 29.2825 1.0 773
14 1 44.6125 1.0 735
20 0 47.167500000000004 1.0 1036
8 1 13.9525 1.0 411
16 0 59.94250000000001 1.0 846
1 0 52.2775 1.0 90
6 0 42.057500000000005 1.0 332
19 0 54.83250000000001 1.0 992
1 0 39.5025 1.0 80
10 0 57.3875 1.0 544
18 1 59.94250000000001 1.0 947
10 0 62.4975 1.0 548
3 0 8.842500000000001 1.0 156
0 0 31.837500000000006 1.0 24
9 1 13.9525 1.0 461
652262.4 13
16 0 34.3925 1.0 826
24 0 8.842500000000001 1.0 1206
23 1 24.1725 1.0 1169
17 0 31.837500000000006 1.0 874
19 1 34.3925 1.0 977
16 1 26.727500000000006 1.0 821
23 1 11.3975 1.0 1159
12 1 11.3975 1.0 609
23 0 29.2825 1.0 1172
9 1 31.837500000000006 1.0 475
3 0 44.6125 1.0 184
14 0 31.837500000000006 1.0 724
22 0 21.617500000000007 1.0 1116
1880326.8 7
6 1 24.1725 1.0 319
4 1 57.3875 1.0 245
16 0 39.5025 1.0 830
9 1 39.5025 1.0 481
17 1 3.7325000000000017 1.0 853
7 1 26.727500000000006 1.0 371
3 1 26.727500000000006 1.0 171
672939.56 21
15 1 59.94250000000001 1.0 797
2 1 34.3925 1.0 127
15 0 13.9525 1.0 760
14 1 59.94250000000001 1.0 747
3 1 57.3875 1.0 195
3 1 13.9525 1.0 161
17 1 13.9525 1.0 861
6 1 47.167500000000004 1.0 337
24 0 36.947500000000005 1.0 1228
12 0 16.507500000000007 1.0 612
21 0 36.947500000000005 1.0 1078
12 0 52.2775 1.0 640
23 0 49.7225 1.0 1188
23 1 34.3925 1.0 1177
21 1 19.0625 1.0 1065
4 1 3.7325000000000017 1.0 203
5 0 42.057500000000005 1.0 282
10 0 36.947500000000005 1.0 528
18 0 34.3925 1.0 926
0 0 31.837500000000006 1.0 24
12 1 11.3975 1.0 609
1279437.8 14
1 1 44.6125 1.0 85
1 0 19.0625 1.0 64
3 1 6.287500000000001 1.0 155
4 1 54.83250000000001 1.0 243
3 0 36.947500000000005 1.0 178
14 0 39.5025 1.0 730
6 1 29.2825 1.0 323
24 1 62.4975 1.0 1249
5 0 47.167500000000004 1.0 286
15 1 59.94250000000001 1.0 797
0 1 21.617500000000007 1.0 17
1 0 36.947500000000005 1.0 78
6 1 49.7225 1.0 339
5 0 24.1725 1.0 268
1664372.0 8
2 0 6.287500000000001 1.0 104
12 0 16.507500000000007 1.0 612
5 1 19.0625 1.0 265
1 0 39.5025 1.0 80
16 0 34.3925 1.0 826
15 1 11.3975 1.0 759
2 1 21.617500000000007 1.0 117
7 1 47.167500000000004 1.0 387
1651953.2 24
20 0 34.3925 1.0 1026
0 1 21.617500000000007 1.0 17
3 1 62.4975 1.0 199
9 0 34.3925 1.0 476
19 1 44.6125 1.0 985
2 1 19.0625 1.0 115
22 0 54.83250000000001 1.0 1142
14 0 59.94250000000001 1.0 746
15 1 42.057500000000005 1.0 783
14 0 24.1725 1.0 718
21 1 11.3975 1.0 1059
9 1 24.1725 1.0 469
20 1 16.507500000000007 1.0 1013
16 1 13.9525 1.0 811
3 0 36.947500000000005 1.0 178
0 0 31.837500000000006 1.0 24
9 1 39.5025 1.0 481
6 0 36.947500000000005 1.0 328
3 1 47.167500000000004 1.0 187
22 1 52.2775 1.0 1141
11 1 44.6125 1.0 585
1 0 39.5025 1.0 80
6 0 21.617500000000007 1.0 316
16 0 8.842500000000001 1.0 806
1310291.0 14
21 1 19.0625 1.0 1065
12 0 6.287500000000001 1.0 604
20 1 36.947500000000005 1.0 1029
3 0 19.0625 1.0 164
24 0 24.1725 1.0 1218
24 0 6.287500000000001 1.0 1204
24 0 36.947500000000005 1.0 1228
23 1 16.507500000000007 1.0 1163
4 1 3.7325000000000017 1.0 203
12 1 31.837500000000006 1.0 625
19 0 59.94250000000001 1.0 996
5 0 24.1725 1.0 268
11 1 3.7325000000000017 1.0 553
13 0 62.4975 1.0 698
1712626.8 19
8 1 34.3925 1.0 427
4 0 13.9525 1.0 210
4 1 57.3875 1.0 245
22 0 31.837500000000006 1.0 1124
11 0 54.83250000000001 1.0 592
14 1 42.057500000000005 1.0 733
3 1 44.6125 1.0 185
3 0 49.7225 1.0 188
10 1 26.727500000000006 1.0 521
11 1 1.177500000000002 1.0 551
13 1 24.1725 1.0 669
14 0 26.727500000000006 1.0 720
10 0 52.2775 1.0 540
12 0 16.507500000000007 1.0 612
14 1 59.94250000000001 1.0 747
22 1 36.947500000000005 1.0 1129
4 1 24.1725 1.0 219
8 1 59.94250000000001 1.0 447
9 1 24.1725 1.0 469
1227350.9 20
10 0 36.947500000000005 1.0 528
6 1 39.5025 1.0 331
24 0 34.3925 1.0 1226
5 0 44.6125 1.0 284
12 0 57.3875 1.0 644
22 1 42.057500000000005 1.0 1133
9 0 36.947500000000005 1.0 478
12 1 44.6125 1.0 635
6 0 6.287500000000001 1.0 304
18 0 3.7325000000000017 1.0 902
7 0 42.057500000000005 1.0 382
12 0 6.287500000000001 1.0 604
20 1 52.2775 1.0 1041
2 0 57.3875 1.0 144
23 0 11.3975 1.0 1158
24 1 49.7225 1.0 1239
12 1 59.94250000000001 1.0 647
7 0 19.0625 1.0 364
3 1 13.9525 1.0 161
6 0 62.4975 1.0 348
1773178.1 15
16 0 49.7225 1.0 838
4 1 52.2775 1.0 241
10 1 54.83250000000001 1.0 543
2 1 62.4975 1.0 149
14 1 59.94250000000001 1.0 747
24 1 49.7225 1.0 1239
1 1 44.6125 1.0 85
20 0 34.3925 1.0 1026
12 1 44.6125 1.0 635
14 1 57.3875 1.0 745
22 0 3.7325000000000017 1.0 1102
20 0 39.5025 1.0 1030
1 1 59.94250000000001 1.0 97
22 1 21.617500000000007 1.0 1117
2 0 34.3925 1.0 126
215635.27 5
13 1 1.177500000000002 1.0 651
10 0 26.727500000000006 1.0 520
15 0 1.177500000000002 1.0 750
6 0 24.1725 1.0 318
22 0 44.6125 1.0 1134
1428836.8 6
21 1 44.6125 1.0 1085
22 0 42.057500000000005 1.0 1132
16 0 47.167500000000004 1.0 836
8 1 59.94250000000001 1.0 447
1 0 36.947500000000005 1.0 78
10 0 21.617500000000007 1.0 516
1196544.4 10
10 0 6.287500000000001 1.0 504
16 0 49.7225 1.0 838
3 1 24.1725 1.0 169
10 0 47.167500000000004 1.0 536
9 0 19.0625 1.0 464
4 1 24.1725 1.0 219
18 1 1.177500000000002 1.0 901
24 1 16.507500000000007 1.0 1213
4 0 13.9525 1.0 210
13 1 52.2775 1.0 691
1201973.6 12
12 1 16.507500000000007 1.0 613
19 0 8.842500000000001 1.0 956
8 1 59.94250000000001 1.0 447
2 1 11.3975 1.0 109
2 0 42.057500000000005 1.0 132
22 1 26.727500000000006 1.0 1121
11 1 1.177500000000002 1.0 551
14 1 26.727500000000006 1.0 721
12 1 62.4975 1.0 649
12 1 34.3925 1.0 627
4 1 3.7325000000000017 1.0 203
14 1 57.3875 1.0 745
1258538.2 23
2 1 36.947500000000005 1.0 129
0 1 39.5025 1.0 31
21 0 49.7225 1.0 1088
15 1 62.4975 1.0 799
6 1 52.2775 1.0 341
16 1 11.3975 1.0 809
2 0 34.3925 1.0 126
7 1 36.947500000000005 1.0 379
5 1 3.7325000000000017 1.0 253
3 0 34.3925 1.0 176
15 1 31.837500000000006 1.0 775
20 0 8.842500000000001 1.0 1006
6 0 44.6125 1.0 334
15 0 11.3975 1.0 758
16 1 31.837500000000006 1.0 825
12 0 39.5025 1.0 630
7 1 57.3875 1.0 395
12 1 39.5025 1.0 631
19 1 49.7225 1.0 989
6 0 42.057500000000005 1.0 332
10 1 62.4975 1.0 549
10 1 8.842500000000001 1.0 507
12 1 11.3975 1.0 609
1026296.25 24
2 0 6.287500000000001 1.0 104
22 1 49.7225 1.0 1139
7 0 1.177500000000002 1.0 350
16 1 8.842500000000001 1.0 807
22 0 3.7325000000000017 1.0 1102
6 0 16.507500000000007 1.0 312
18 0 39.5025 1.0 930
9 0 11.3975 1.0 458
3 1 19.0625 1.0 165
2 1 11.3975 1.0 109
4 1 57.3875 1.0 245
5 1 54.83250000000001 1.0 293
9 0 42.057500000000005 1.0 482
14 1 57.3875 1.0 745
14 1 34.3925 1.0 727
1 1 11.3975 1.0 59
24 1 8.842500000000001 1.0 1207
21 0 59.94250000000001 1.0 1096
21 0 36.947500000000005 1.0 1078
2 1 36.947500000000005 1.0 129
24 0 26.727500000000006 1.0 1220
22 1 8.842500000000001 1.0 1107
3 0 1.177500000000002 1.0 150
9 0 57.3875 1.0 494
87447.1 14
0 0 44.6125 1.0 34
17 0 21.617500000000007 1.0 866
18 1 1.177500000000002 1.0 901
5 0 21.617500000000007 1.0 266
19 1 49.7225 1.0 989
9 1 49.7225 1.0 489
19 0 19.0625 1.0 964
11 1 3.7325000000000017 1.0 553
14 1 57.3875 1.0 745
3 1 44.6125 1.0 185
15 0 1.177500000000002 1.0 750
4 0 52.2775 1.0 240
0 0 3.7325000000000017 1.0 2
24 0 11.3975 1.0 1208
597908.1 22
8 0 39.5025 1.0 430
0 0 36.947500000000005 1.0 28
4 1 54.83250000000001 1.0 243
3 1 47.167500000000004 1.0 187
12 1 16.507500000000007 1.0 613
21 1 11.3975 1.0 1059
22 0 21.617500000000007 1.0 1116
0 0 47.167500000000004 1.0 36
11 0 3.7325000000000017 1.0 552
10 0 62.4975 1.0 548
17 1 59.94250000000001 1.0 897
6 0 62.4975 1.0 348
20 1 21.617500000000007 1.0 1017
19 0 54.83250000000001 1.0 992
16 0 8.842500000000001 1.0 806
8 1 57.3875 1.0 445
13 1 24.1725 1.0 669
14 1 59.94250000000001 1.0 747
18 1 1.177500000000002 1.0 901
20 0 11.3975 1.0 1008
20 1 24.1725 1.0 1019
2 0 31.837500000000006 1.0 124
1553073.2 6
10 0 54.83250000000001 1.0 542
3 1 47.167500000000004 1.0 187
15 0 13.9525 1.0 760
0 1 1.177500000000002 1.0 1
4 0 13.9525 1.0 210
16 0 42.057500000000005 1.0 832
835324.3 17
9 1 13.9525 1.0 461
16 1 31.837500000000006 1.0 825
4 0 52.2775 1.0 240
7 0 59.94250000000001 1.0 396
7 0 57.3875 1.0 394
3 0 36.947500000000005 1.0 178
22 0 3.7325000000000017 1.0 1102
7 0 19.0625 1.0 364
11 0 13.9525 1.0 560
21 0 36.947500000000005 1.0 1078
20 1 19.0625 1.0 1015
18 1 11.3975 1.0 909
2 0 24.1725 1.0 118
19 0 29.2825 1.0 972
6 0 13.9525 1.0 310
17 1 57.3875 1.0 895
24 0 24.1725 1.0 1218
1783617.6 23
20 0 42.057500000000005 1.0 1032
20 1 36.947500000000005 1.0 1029
18 1 16.507500000000007 1.0 913
11 1 16.507500000000007 1.0 563
16 0 34.3925 1.0 826
9 1 47.167500000000004 1.0 487
4 0 8.842500000000001 1.0 206
2 0 24.1725 1.0 118
16 0 39.5025 1.0 830
15 0 13.9525 1.0 760
11 1 11.3975 1.0 559
24 0 26.727500000000006 1.0 1220
2 0 6.287500000000001 1.0 104
0 1 21.617500000000007 1.0 17
7 1 26.727500000000006 1.0 371
22 0 26.727500000000006 1.0 1120
20 1 21.617500000000007 1.0 1017
22 0 54.83250000000001 1.0 1142
4 0 52.2775 1.0 240
3 1 6.287500000000001 1.0 155
9 1 13.9525 1.0 461
4 1 11.3975 1.0 209
8 1 59.94250000000001 1.0 447
1629899.9 15
16 0 49.7225 1.0 838
21 0 62.4975 1.0 1098
21 1 11.3975 1.0 1059
12 1 16.507500000000007 1.0 613
20 1 16.507500000000007 1.0 1013
15 0 11.3975 1.0 758
10 1 54.83250000000001 1.0 543
7 0 19.0625 1.0 364
7 1 16.507500000000007 1.0 363
4 0 44.6125 1.0 234
2 1 11.3975 1.0 109
6 0 6.287500000000001 1.0 304
19 0 54.83250000000001 1.0 992
3 1 42.057500000000005 1.0 183
23 0 11.3975 1.0 1158
438229.06 12
15 0 24.1725 1.0 768
17 0 19.0625 1.0 864
14 0 39.5025 1.0 730
17 0 31.837500000000006 1.0 874
14 0 24.1725 1.0 718
13 1 49.7225 1.0 689
2 0 31.837500000000006 1.0 124
22 1 8.842500000000001 1.0 1107
5 0 26.727500000000006 1.0 270
10 1 8.842500000000001 1.0 507
14 0 57.3875 1.0 744
24 1 16.507500000000007 1.0 1213
1222016.9 21
5 1 19.0625 1.0 265
3 0 57.3875 1.0 194
8 1 6.287500000000001 1.0 405
14 0 59.94250000000001 1.0 746
11 0 6.287500000000001 1.0 554
17 1 26.727500000000006 1.0 871
14 1 42.057500000000005 1.0 733
20 0 1.177500000000002 1.0 1000
23 1 16.507500000000007 1.0 1163
6 0 42.057500000000005 1.0 332
16 0 11.3975 1.0 808
17 0 19.0625 1.0 864
20 1 21.617500000000007 1.0 1017
9 1 47.167500000000004 1.0 487
7 1 21.617500000000007 1.0 367
0 1 26.727500000000006 1.0 21
13 1 24.1725 1.0 669
17 0 31.837500000000006 1.0 874
15 0 42.057500000000005 1.0 782
3 1 57.3875 1.0 195
3 1 19.0625 1.0 165
678869.6 20
14 0 26.727500000000006 1.0 720
5 0 24.1725 1.0 268
1 1 3.7325000000000017 1.0 53
2 1 29.2825 1.0 123
21 1 19.0625 1.0 1065
6 1 39.5025 1.0 331
5 1 16.507500000000007 1.0 263
2 1 62.4975 1.0 149
6 1 62.4975 1.0 349
0 0 47.167500000000004 1.0 36
8 0 62.4975 1.0 448
21 0 36.947500000000005 1.0 1078
23 1 11.3975 1.0 1159
9 1 49.7225 1.0 489
6 0 6.287500000000001 1.0 304
2 0 24.1725 1.0 118
0 1 21.617500000000007 1.0 17
4 0 1.177500000000002 1.0 200
16 0 42.057500000000005 1.0 832
21 1 21.617500000000007 1.0 1067
444366.3 11
2 1 62.4975 1.0 149
17 1 16.507500000000007 1.0 863
17 0 19.0625 1.0 864
24 0 24.1725 1.0 1218
9 0 44.6125 1.0 484
10 0 52.2775 1.0 540
6 0 42.057500000000005 1.0 332
4 1 62.4975 1.0 249
4 1 6.287500000000001 1.0 205
4 1 54.83250000000001 1.0 243
15 0 11.3975 1.0 758
232108.52 13
20 1 36.947500000000005 1.0 1029
7 1 3.7325000000000017 1.0 353
22 0 3.7325000000000017 1.0 1102
10 0 54.83250000000001 1.0 542
15 0 8.842500000000001 1.0 756
14 1 57.3875 1.0 745
12 1 54.83250000000001 1.0 643
1 0 3.7325000000000017 1.0 52
23 0 29.2825 1.0 1172
6 0 36.947500000000005 1.0 328
21 1 11.3975 1.0 1059
19 1 54.83250000000001 1.0 993
9 0 13.9525 1.0 460
368399.38 11
11 0 6.287500000000001 1.0 554
18 0 47.167500000000004 1.0 936
2 0 49.7225 1.0 138
19 1 19.0625 1.0 965
12 0 36.947500000000005 1.0 628
13 0 54.83250000000001 1.0 692
22 0 49.7225 1.0 1138
20 1 57.3875 1.0 1045
19 1 8.842500000000001 1.0 957
10 0 54.83250000000001 1.0 542
13 0 11.3975 1.0 658
102153.4 5
24 1 8.842500000000001 1.0 1207
16 1 26.727500000000006 1.0 821
14 0 59.94250000000001 1.0 746
16 0 3.7325000000000017 1.0 802
18 1 57.3875 1.0 945
980003.6 24
21 1 19.0625 1.0 1065
16 0 3.7325000000000017 1.0 802
8 1 59.94250000000001 1.0 447
5 0 44.6125 1.0 284
16 0 49.7225 1.0 838
5 0 21.617500000000007 1.0 266
22 1 57.3875 1.0 1145
2 1 57.3875 1.0 145
4 0 52.2775 1.0 240
20 1 24.1725 1.0 1019
13 1 49.7225 1.0 689
5 1 19.0625 1.0 265
8 1 29.2825 1.0 423
6 1 47.167500000000004 1.0 337
1 1 44.6125 1.0 85
19 1 8.842500000000001 1.0 957
22 1 42.057500000000005 1.0 1133
12 0 6.287500000000001 1.0 604
2 1 62.4975 1.0 149
3 1 31.837500000000006 1.0 175
15 1 62.4975 1.0 799
10 1 54.83250000000001 1.0 543
0 0 47.167500000000004 1.0 36
6 0 1.177500000000002 1.0 300
1311084.5 15
9 1 57.3875 1.0 495
18 0 29.2825 1.0 922
12 0 39.5025 1.0 630
21 1 19.0625 1.0 1065
6 0 62.4975 1.0 348
10 0 21.617500000000007 1.0 516
19 0 8.842500000000001 1.0 956
15 0 8.842500000000001 1.0 756
15 1 29.2825 1.0 773
16 1 26.727500000000006 1.0 821
11 0 13.9525 1.0 560
15 0 13.9525 1.0 760
13 0 54.83250000000001 1.0 692
22 1 21.617500000000007 1.0 1117
14 0 26.727500000000006 1.0 720
284801.3 15
7 1 3.7325000000000017 1.0 353
9 1 31.837500000000006 1.0 475
10 0 6.287500000000001 1.0 504
6 0 59.94250000000001 1.0 346
19 1 49.7225 1.0 989
2 0 31.837500000000006 1.0 124
1 1 54.83250000000001 1.0 93
15 1 42.057500000000005 1.0 783
4 1 24.1725 1.0 219
10 1 8.842500000000001 1.0 507
19 1 34.3925 1.0 977
22 0 16.507500000000007 1.0 1112
6 0 16.507500000000007 1.0 312
11 0 13.9525 1.0 560
4 1 57.3875 1.0 245
1528770.6 8
3 0 16.507500000000007 1.0 162
12 1 59.94250000000001 1.0 647
3 1 19.0625 1.0 165
9 1 31.837500000000006 1.0 475
16 1 8.842500000000001 1.0 807
20 1 21.617500000000007 1.0 1017
17 0 21.617500000000007 1.0 866
24 0 57.3875 1.0 1244
1117141.4 9
6 1 39.5025 1.0 331
6 0 42.057500000000005 1.0 332
17 0 19.0625 1.0 864
18 1 42.057500000000005 1.0 933
5 0 42.057500000000005 1.0 282
4 1 3.7325000000000017 1.0 203
14 0 59.94250000000001 1.0 746
17 0 21.617500000000007 1.0 866
1 0 52.2775 1.0 90
567992.3 14
4 1 47.167500000000004 1.0 237
10 0 57.3875 1.0 544
22 0 31.837500000000006 1.0 1124
24 1 62.4975 1.0 1249
14 1 59.94250000000001 1.0 747
12 1 31.837500000000006 1.0 625
7 1 3.7325000000000017 1.0 353
23 1 11.3975 1.0 1159
1 1 42.057500000000005 1.0 83
17 1 34.3925 1.0 877
2 0 6.287500000000001 1.0 104
22 0 8.842500000000001 1.0 1106
23 1 16.507500000000007 1.0 1163
2 0 34.3925 1.0 126
84276.414 15
21 1 8.842500000000001 1.0 1057
20 0 34.3925 1.0 1026
0 1 21.617500000000007 1.0 17
23 0 11.3975 1.0 1158
20 1 49.7225 1.0 1039
5 0 26.727500000000006 1.0 270
7 1 47.167500000000004 1.0 387
6 0 31.837500000000006 1.0 324
20 1 24.1725 1.0 1019
2 0 31.837500000000006 1.0 124
21 0 59.94250000000001 1.0 1096
10 0 36.947500000000005 1.0 528
20 0 1.177500000000002 1.0 1000
17 0 16.507500000000007 1.0 862
5 1 21.617500000000007 1.0 267
1808839.2 18
20 0 39.5025 1.0 1030
4 1 44.6125 1.0 235
16 0 52.2775 1.0 840
2 0 42.057500000000005 1.0 132
9 0 47.167500000000004 1.0 486
2 0 24.1725 1.0 118
6 0 52.2775 1.0 340
3 1 13.9525 1.0 161
1 1 42.057500000000005 1.0 83
8 0 36.947500000000005 1.0 428
6 0 16.507500000000007 1.0 312
16 1 36.947500000000005 1.0 829
6 0 8.842500000000001 1.0 306
18 0 11.3975 1.0 908
13 1 54.83250000000001 1.0 693
10 0 57.3875 1.0 544
3 1 44.6125 1.0 185
18 0 21.617500000000007 1.0 916
635794.9 20
18 0 57.3875 1.0 944
7 0 19.0625 1.0 364
9 0 44.6125 1.0 484
4 1 11.3975 1.0 209
7 1 42.057500000000005 1.0 383
13 1 49.7225 1.0 689
15 1 62.4975 1.0 799
12 1 54.83250000000001 1.0 643
22 0 44.6125 1.0 1134
15 0 8.842500000000001 1.0 756
24 0 57.3875 1.0 1244
10 0 36.947500000000005 1.0 528
1 1 31.837500000000006 1.0 75
1 0 3.7325000000000017 1.0 52
10 1 1.177500000000002 1.0 501
14 0 59.94250000000001 1.0 746
1 1 59.94250000000001 1.0 97
18 0 29.2825 1.0 922
2 0 6.287500000000001 1.0 104
19 0 59.94250000000001 1.0 996
58768.992 23
6 1 49.7225 1.0 339
12 1 21.617500000000007 1.0 617
12 1 13.9525 1.0 611
4 1 6.287500000000001 1.0 205
23 1 11.3975 1.0 1159
13 1 39.5025 1.0 681
11 0 6.287500000000001 1.0 554
20 0 1.177500000000002 1.0 1000
1 1 31.837500000000006 1.0 75
2 0 6.287500000000001 1.0 104
21 1 11.3975 1.0 1059
3 1 19.0625 1.0 165
17 0 31.837500000000006 1.0 874
1 1 59.94250000000001 1.0 97
20 0 34.3925 1.0 1026
7 1 52.2775 1.0 391
8 0 39.5025 1.0 430
15 0 39.5025 1.0 780
15 1 54.83250000000001 1.0 793
13 0 54.83250000000001 1.0 692
18 0 11.3975 1.0 908
12 0 24.1725 1.0 618
14 0 6.287500000000001 1.0 704
1604519.1 23
13 0 44.6125 1.0 684
22 1 47.167500000000004 1.0 1137
7 1 6.287500000000001 1.0 355
20 0 8.842500000000001 1.0 1006
18 1 11.3975 1.0 909
6 0 21.617500000000007 1.0 316
11 1 62.4975 1.0 599
9 0 47.167500000000004 1.0 486
17 1 59.94250000000001 1.0 897
17 0 36.947500000000005 1.0 878
3 1 44.6125 1.0 185
0 0 31.837500000000006 1.0 24
16 1 24.1725 1.0 819
7 1 16.507500000000007 1.0 363
15 1 62.4975 1.0 799
4 1 11.3975 1.0 209
5 0 42.057500000000005 1.0 282
23 1 29.2825 1.0 1173
10 0 21.617500000000007 1.0 516
15 1 16.507500000000007 1.0 763
19 0 8.842500000000001 1.0 956
6 0 31.837500000000006 1.0 324
22 1 52.2775 1.0 1141
537680.56 20
5 1 54.83250000000001 1.0 293
21 1 21.617500000000007 1.0 1067
12 0 39.5025 1.0 630
21 1 19.0625 1.0 1065
0 1 1.177500000000002 1.0 1
19 0 29.2825 1.0 972
17 0 31.837500000000006 1.0 874
24 0 24.1725 1.0 1218
5 0 24.1725 1.0 268
11 0 3.7325000000000017 1.0 552
3 1 52.2775 1.0 191
12 0 24.1725 1.0 618
14 0 19.0625 1.0 714
19 1 42.057500000000005 1.0 983
12 1 36.947500000000005 1.0 629
0 1 39.5025 1.0 31
15 0 42.057500000000005 1.0 782
22 1 57.3875 1.0 1145
18 0 3.7325000000000017 1.0 902
14 0 24.1725 1.0 718
341397.44 17
17 0 8.842500000000001 1.0 856
17 0 54.83250000000001 1.0 892
10 0 47.167500000000004 1.0 536
18 1 59.94250000000001 1.0 947
7 1 52.2775 1.0 391
22 1 21.617500000000007 1.0 1117
12 1 62.4975 1.0 649
22 0 44.6125 1.0 1134
21 1 19.0625 1.0 1065
12 1 34.3925 1.0 627
3 1 44.6125 1.0 185
0 0 36.947500000000005 1.0 28
14 1 39.5025 1.0 731
6 1 49.7225 1.0 339
4 1 1.177500000000002 1.0 201
16 1 34.3925 1.0 827
20 1 36.947500000000005 1.0 1029
1709300.4 14
4 0 52.2775 1.0 240
12 0 6.287500000000001 1.0 604
18 0 3.7325000000000017 1.0 902
6 0 42.057500000000005 1.0 332
17 0 21.617500000000007 1.0 866
12 1 6.287500000000001 1.0 605
11 1 44.6125 1.0 585
16 1 26.727500000000006 1.0 821
20 0 47.167500000000004 1.0 1036
13 1 24.1725 1.0 669
7 0 57.3875 1.0 394
6 0 16.507500000000007 1.0 312
4 0 21.617500000000007 1.0 216
18 0 24.1725 1.0 918
1035115.1 10
22 0 49.7225 1.0 1138
11 1 44.6125 1.0 585
12 1 44.6125 1.0 635
10 0 6.287500000000001 1.0 504
9 1 21.617500000000007 1.0 467
5 0 29.2825 1.0 272
15 0 13.9525 1.0 760
1 1 59.94250000000001 1.0 97
18 1 59.94250000000001 1.0 947
3 1 19.0625 1.0 165
1758473.0 7
9 1 31.837500000000006 1.0 475
14 0 16.507500000000007 1.0 712
14 0 54.83250000000001 1.0 742
16 1 36.947500000000005 1.0 829
13 1 24.1725 1.0 669
10 0 62.4975 1.0 548
23 0 11.3975 1.0 1158
1285392.4 23
15 1 26.727500000000006 1.0 771
17 0 8.842500000000001 1.0 856
17 0 21.617500000000007 1.0 866
8 1 57.3875 1.0 445
13 0 8.842500000000001 1.0 656
16 0 49.7225 1.0 838
22 1 16.507500000000007 1.0 1113
23 1 3.7325000000000017 1.0 1153
14 1 44.6125 1.0 735
18 0 19.0625 1.0 914
11 0 54.83250000000001 1.0 592
7 1 29.2825 1.0 373
12 0 42.057500000000005 1.0 632
8 0 39.5025 1.0 430
14 1 36.947500000000005 1.0 729
15 1 42.057500000000005 1.0 783
13 0 13.9525 1.0 660
21 1 11.3975 1.0 1059
2 0 16.507500000000007 1.0 112
3 1 57.3875 1.0 195
10 1 8.842500000000001 1.0 507
5 0 49.7225 1.0 288
6 0 6.287500000000001 1.0 304
1752667.6 9
7 1 29.2825 1.0 373
24 0 57.3875 1.0 1244
21 1 19.0625 1.0 1065
3 0 19.0625 1.0 164
23 1 31.837500000000006 1.0 1175
3 0 11.3975 1.0 158
20 0 42.057500000000005 1.0 1032
18 1 1.177500000000002 1.0 901
6 0 36.947500000000005 1.0 328
272513.53 7
7 1 21.617500000000007 1.0 367
3 0 16.507500000000007 1.0 162
8 0 36.947500000000005 1.0 428
12 0 24.1725 1.0 618
17 1 24.1725 1.0 869
6 0 6.287500000000001 1.0 304
17 1 34.3925 1.0 877
1017437.2 21
4 0 6.287500000000001 1.0 204
11 0 34.3925 1.0 576
9 0 52.2775 1.0 490
8 1 29.2825 1.0 423
16 1 36.947500000000005 1.0 829
10 0 54.83250000000001 1.0 542
8 0 62.4975 1.0 448
7 0 57.3875 1.0 394
18 1 42.057500000000005 1.0 933
11 1 39.5025 1.0 581
9 0 36.947500000000005 1.0 478
2 0 31.837500000000006 1.0 124
10 0 52.2775 1.0 540
11 1 1.177500000000002 1.0 551
20 1 16.507500000000007 1.0 1013
24 1 44.6125 1.0 1235
19 1 54.83250000000001 1.0 993
6 1 59.94250000000001 1.0 347
24 0 24.1725 1.0 1218
15 0 42.057500000000005 1.0 782
7 1 47.167500000000004 1.0 387
1137018.8 15
21 1 19.0625 1.0 1065
22 0 42.057500000000005 1.0 1132
17 1 59.94250000000001 1.0 897
4 1 52.2775 1.0 241
6 0 31.837500000000006 1.0 324
18 1 59.94250000000001 1.0 947
20 0 47.167500000000004 1.0 1036
0 1 1.177500000000002 1.0 1
24 0 42.057500000000005 1.0 1232
6 0 52.2775 1.0 340
10 1 8.842500000000001 1.0 507
9 1 34.3925 1.0 477
3 1 47.167500000000004 1.0 187
5 0 26.727500000000006 1.0 270
6 1 24.1725 1.0 319
874942.6 23
6 0 34.3925 1.0 326
6 0 62.4975 1.0 348
1 1 42.057500000000005 1.0 83
1 0 3.7325000000000017 1.0 52
22 1 21.617500000000007 1.0 1117
4 1 11.3975 1.0 209
3 1 47.167500000000004 1.0 187
3 0 16.507500000000007 1.0 162
21 0 42.057500000000005 1.0 1082
14 0 57.3875 1.0 744
16 0 8.842500000000001 1.0 806
6 0 36.947500000000005 1.0 328
6 1 39.5025 1.0 331
15 1 29.2825 1.0 773
12 0 6.287500000000001 1.0 604
12 0 42.057500000000005 1.0 632
16 0 59.94250000000001 1.0 846
16 0 3.7325000000000017 1.0 802
12 1 13.9525 1.0 611
3 1 13.9525 1.0 161
13 1 49.7225 1.0 689
7 0 3.7325000000000017 1.0 352
21 1 54.83250000000001 1.0 1093
1094610.1 17
24 0 26.727500000000006 1.0 1220
20 0 42.057500000000005 1.0 1032
18 0 3.7325000000000017 1.0 902
16 0 42.057500000000005 1.0 832
20 1 16.507500000000007 1.0 1013
24 0 8.842500000000001 1.0 1206
23 1 16.507500000000007 1.0 1163
4 0 59.94250000000001 1.0 246
18 1 44.6125 1.0 935
3 0 19.0625 1.0 164
2 0 31.837500000000006 1.0 124
5 0 21.617500000000007 1.0 266
12 1 39.5025 1.0 631
24 1 16.507500000000007 1.0 1213
19 0 54.83250000000001 1.0 992
11 1 44.6125 1.0 585
12 0 6.287500000000001 1.0 604
1751395.2 10
22 0 31.837500000000006 1.0 1124
4 0 59.94250000000001 1.0 246
4 1 31.837500000000006 1.0 225
15 0 8.842500000000001 1.0 756
17 1 59.94250000000001 1.0 897
22 0 44.6125 1.0 1134
2 0 34.3925 1.0 126
6 0 21.617500000000007 1.0 316
24 0 11.3975 1.0 1208
12 1 47.167500000000004 1.0 637
1586363.5 9
18 0 57.3875 1.0 944
11 0 13.9525 1.0 560
21 1 44.6125 1.0 1085
22 1 52.2775 1.0 1141
1 1 44.6125 1.0 85
3 0 36.947500000000005 1.0 178
10 0 54.83250000000001 1.0 542
8 0 62.4975 1.0 448
20 1 16.507500000000007 1.0 1013
1285433.9 6
4 1 3.7325000000000017 1.0 203
1 0 19.0625 1.0 64
14 1 42.057500000000005 1.0 733
20 1 36.947500000000005 1.0 1029
15 1 42.057500000000005 1.0 783
23 1 3.7325000000000017 1.0 1153
819725.06 16
4 0 49.7225 1.0 238
7 0 19.0625 1.0 364
21 0 3.7325000000000017 1.0 1052
6 0 42.057500000000005 1.0 332
11 1 1.177500000000002 1.0 551
6 0 31.837500000000006 1.0 324
13 1 24.1725 1.0 669
2 0 24.1725 1.0 118
17 1 13.9525 1.0 861
14 1 59.94250000000001 1.0 747
10 0 21.617500000000007 1.0 516
5 0 21.617500000000007 1.0 266
13 0 54.83250000000001 1.0 692
10 0 54.83250000000001 1.0 542
4 1 52.2775 1.0 241
23 1 31.837500000000006 1.0 1175
482519.78 7
23 1 13.9525 1.0 1161
12 0 39.5025 1.0 630
15 1 62.4975 1.0 799
1 1 31.837500000000006 1.0 75
15 1 42.057500000000005 1.0 783
4 1 54.83250000000001 1.0 243
22 1 21.617500000000007 1.0 1117
848833.7 17
11 1 44.6125 1.0 585
20 1 19.0625 1.0 1015
21 0 29.2825 1.0 1072
10 1 26.727500000000006 1.0 521
10 1 8.842500000000001 1.0 507
2 1 29.2825 1.0 123
8 1 57.3875 1.0 445
3 0 11.3975 1.0 158
0 0 62.4975 1.0 48
0 1 34.3925 1.0 27
19 0 54.83250000000001 1.0 992
5 1 19.0625 1.0 265
17 0 16.507500000000007 1.0 862
1 1 62.4975 1.0 99
14 1 42.057500000000005 1.0 733
17 0 31.837500000000006 1.0 874
24 0 8.842500000000001 1.0 1206
1294301.6 19
1 0 59.94250000000001 1.0 96
16 1 36.947500000000005 1.0 829
1 0 52.2775 1.0 90
9 0 16.507500000000007 1.0 462
7 0 19.0625 1.0 364
1 1 59.94250000000001 1.0 97
18 0 3.7325000000000017 1.0 902
0 1 39.5025 1.0 31
5 0 8.842500000000001 1.0 256
4 0 59.94250000000001 1.0 246
5 0 26.727500000000006 1.0 270
21 0 59.94250000000001 1.0 1096
8 1 57.3875 1.0 445
15 0 42.057500000000005 1.0 782
8 1 29.2825 1.0 423
16 0 8.842500000000001 1.0 806
8 1 13.9525 1.0 411
0 0 47.167500000000004 1.0 36
12 1 31.837500000000006 1.0 625
339496.9 17
21 1 19.0625 1.0 1065
10 1 36.947500000000005 1.0 529
14 1 44.6125 1.0 735
19 1 8.842500000000001 1.0 957
12 0 6.287500000000001 1.0 604
22 0 31.837500000000006 1.0 1124
18 1 13.9525 1.0 911
16 0 49.7225 1.0 838
1 1 59.94250000000001 1.0 97
8 1 59.94250000000001 1.0 447
5 1 34.3925 1.0 277
18 1 42.057500000000005 1.0 933
15 1 16.507500000000007 1.0 763
24 0 54.83250000000001 1.0 1242
16 0 39.5025 1.0 830
12 1 59.94250000000001 1.0 647
19 1 47.167500000000004 1.0 987
1081922.8 8
2 0 39.5025 1.0 130
6 1 49.7225 1.0 339
0 1 36.947500000000005 1.0 29
22 0 57.3875 1.0 1144
15 1 47.167500000000004 1.0 787
3 0 62.4975 1.0 198
1 1 59.94250000000001 1.0 97
1 0 19.0625 1.0 64
451906.56 14
12 1 62.4975 1.0 649
3 0 36.947500000000005 1.0 178
22 0 16.507500000000007 1.0 1112
15 1 29.2825 1.0 773
22 1 52.2775 1.0 1141
0 0 36.947500000000005 1.0 28
21 0 49.7225 1.0 1088
24 0 36.947500000000005 1.0 1228
14 0 26.727500000000006 1.0 720
22 1 57.3875 1.0 1145
13 1 49.7225 1.0 689
17 1 59.94250000000001 1.0 897
22 0 44.6125 1.0 1134
19 0 54.83250000000001 1.0 992
417198.6 6
22 0 31.837500000000006 1.0 1124
5 0 47.167500000000004 1.0 286
17 0 16.507500000000007 1.0 862
19 0 6.287500000000001 1.0 954
24 0 26.727500000000006 1.0 1220
9 1 39.5025 1.0 481
1070346.4 14
19 1 34.3925 1.0 977
10 0 47.167500000000004 1.0 536
5 0 47.167500000000004 1.0 286
2 0 6.287500000000001 1.0 104
15 1 44.6125 1.0 785
14 1 57.3875 1.0 745
2 0 42.057500000000005 1.0 132
20 1 19.0625 1.0 1015
21 0 59.94250000000001 1.0 1096
14 1 42.057500000000005 1.0 733
14 0 57.3875 1.0 744
8 0 39.5025 1.0 430
11 0 13.9525 1.0 560
14 0 26.727500000000006 1.0 720
910938.5 9
4 1 54.83250000000001 1.0 243
19 0 16.507500000000007 1.0 962
15 1 42.057500000000005 1.0 783
22 0 26.727500000000006 1.0 1120
22 0 44.6125 1.0 1134
3 1 13.9525 1.0 161
9 1 13.9525 1.0 461
12 0 39.5025 1.0 630
9 0 19.0625 1.0 464
1475356.8 10
9 1 19.0625 1.0 465
17 1 8.842500000000001 1.0 857
16 0 54.83250000000001 1.0 842
12 1 16.507500000000007 1.0 613
18 0 47.167500000000004 1.0 936
23 0 11.3975 1.0 1158
8 1 57.3875 1.0 445
6 1 24.1725 1.0 319
6 0 31.837500000000006 1.0 324
11 1 3.7325000000000017 1.0 553
1376312.5 8
3 0 11.3975 1.0 158
15 1 47.167500000000004 1.0 787
3 0 36.947500000000005 1.0 178
5 0 21.617500000000007 1.0 266
4 0 13.9525 1.0 210
19 0 54.83250000000001 1.0 992
4 1 52.2775 1.0 241
24 0 24.1725 1.0 1218
196446.98 22
19 0 11.3975 1.0 958
20 1 19.0625 1.0 1015
6 0 42.057500000000005 1.0 332
3 1 13.9525 1.0 161
19 0 21.617500000000007 1.0 966
12 1 8.842500000000001 1.0 607
22 0 21.617500000000007 1.0 1116
1 0 39.5025 1.0 80
2 1 11.3975 1.0 109
4 0 59.94250000000001 1.0 246
10 0 6.287500000000001 1.0 504
5 0 42.057500000000005 1.0 282
15 0 21.617500000000007 1.0 766
14 1 59.94250000000001 1.0 747
10 1 26.727500000000006 1.0 521
4 0 36.947500000000005 1.0 228
19 0 8.842500000000001 1.0 956
18 0 3.7325000000000017 1.0 902
16 1 26.727500000000006 1.0 821
7 0 3.7325000000000017 1.0 352
17 0 19.0625 1.0 864
16 0 54.83250000000001 1.0 842
870177.56 15
20 0 1.177500000000002 1.0 1000
11 1 1.177500000000002 1.0 551
4 0 26.727500000000006 1.0 220
20 0 47.167500000000004 1.0 1036
14 0 52.2775 1.0 740
12 0 1.177500000000002 1.0 600
15 0 21.617500000000007 1.0 766
12 1 13.9525 1.0 611
22 1 13.9525 1.0 1111
6 1 24.1725 1.0 319
21 1 44.6125 1.0 1085
0 0 47.167500000000004 1.0 36
8 1 6.287500000000001 1.0 405
4 0 52.2775 1.0 240
14 0 3.7325000000000017 1.0 702
716790.6 20
11 1 1.177500000000002 1.0 551
1 1 31.837500000000006 1.0 75
0 1 1.177500000000002 1.0 1
17 0 16.507500000000007 1.0 862
22 0 21.617500000000007 1.0 1116
6 1 54.83250000000001 1.0 343
11 0 3.7325000000000017 1.0 552
9 1 24.1725 1.0 469
4 1 52.2775 1.0 241
19 0 29.2825 1.0 972
20 0 42.057500000000005 1.0 1032
22 1 34.3925 1.0 1127
19 0 54.83250000000001 1.0 992
22 1 52.2775 1.0 1141
18 0 47.167500000000004 1.0 936
8 0 42.057500000000005 1.0 432
21 0 54.83250000000001 1.0 1092
0 1 39.5025 1.0 31
24 0 24.1725 1.0 1218
15 0 11.3975 1.0 758
1751586.0 14
1 1 26.727500000000006 1.0 71
5 1 26.727500000000006 1.0 271
2 1 62.4975 1.0 149
17 1 59.94250000000001 1.0 897
18 0 24.1725 1.0 918
6 1 62.4975 1.0 349
6 1 29.2825 1.0 323
2 0 49.7225 1.0 138
8 0 21.617500000000007 1.0 416
15 1 16.507500000000007 1.0 763
19 1 29.2825 1.0 973
4 0 49.7225 1.0 238
4 0 21.617500000000007 1.0 216
7 1 26.727500000000006 1.0 371
1024039.1 21
2 0 39.5025 1.0 130
8 1 36.947500000000005 1.0 429
22 0 57.3875 1.0 1144
0 0 62.4975 1.0 48
22 0 31.837500000000006 1.0 1124
5 1 21.617500000000007 1.0 267
21 1 19.0625 1.0 1065
5 0 24.1725 1.0 268
6 0 42.057500000000005 1.0 332
6 1 54.83250000000001 1.0 343
24 1 34.3925 1.0 1227
18 0 24.1725 1.0 918
7 1 16.507500000000007 1.0 363
20 1 21.617500000000007 1.0 1017
6 1 16.507500000000007 1.0 313
6 0 24.1725 1.0 318
15 0 42.057500000000005 1.0 782
16 0 11.3975 1.0 808
6 1 49.7225 1.0 339
19 1 34.3925 1.0 977
5 0 44.6125 1.0 284
235017.61 7
0 1 21.617500000000007 1.0 17
23 1 3.7325000000000017 1.0 1153
10 0 47.167500000000004 1.0 536
4 1 6.287500000000001 1.0 205
19 1 34.3925 1.0 977
11 0 8.842500000000001 1.0 556
10 0 36.947500000000005 1.0 528
152412.56 10
20 1 36.947500000000005 1.0 1029
20 0 34.3925 1.0 1026
21 0 59.94250000000001 1.0 1096
15 1 26.727500000000006 1.0 771
11 0 6.287500000000001 1.0 554
15 0 13.9525 1.0 760
11 1 44.6125 1.0 585
19 0 8.842500000000001 1.0 956
8 0 62.4975 1.0 448
4 1 52.2775 1.0 241
1490886.1 23
20 0 1.177500000000002 1.0 1000
13 0 1.177500000000002 1.0 650
0 1 21.617500000000007 1.0 17
2 0 31.837500000000006 1.0 124
8 0 39.5025 1.0 430
11 1 6.287500000000001 1.0 555
12 0 24.1725 1.0 618
1 1 44.6125 1.0 85
17 0 42.057500000000005 1.0 882
20 1 16.507500000000007 1.0 1013
24 0 57.3875 1.0 1244
9 1 31.837500000000006 1.0 475
9 1 13.9525 1.0 461
13 1 52.2775 1.0 691
5 1 54.83250000000001 1.0 293
20 1 24.1725 1.0 1019
21 1 21.617500000000007 1.0 1067
16 0 8.842500000000001 1.0 806
7 1 21.617500000000007 1.0 367
6 1 47.167500000000004 1.0 337
21 0 49.7225 1.0 1088
4 0 59.94250000000001 1.0 246
3 0 16.507500000000007 1.0 162
1166707.6 11
18 1 13.9525 1.0 911
3 1 57.3875 1.0 195
22 1 34.3925 1.0 1127
16 0 42.057500000000005 1.0 832
24 1 8.842500000000001 1.0 1207
4 0 13.9525 1.0 210
1 1 42.057500000000005 1.0 83
17 1 31.837500000000006 1.0 875
22 0 44.6125 1.0 1134
18 1 11.3975 1.0 909
24 1 16.507500000000007 1.0 1213
1717516.5 15
14 0 54.83250000000001 1.0 742
24 0 34.3925 1.0 1226
23 0 11.3975 1.0 1158
17 0 16.507500000000007 1.0 862
16 0 11.3975 1.0 808
0 0 31.837500000000006 1.0 24
24 1 62.4975 1.0 1249
4 0 54.83250000000001 1.0 242
16 1 13.9525 1.0 811
21 0 3.7325000000000017 1.0 1052
15 0 11.3975 1.0 758
15 0 24.1725 1.0 768
19 1 1.177500000000002 1.0 951
3 1 21.617500000000007 1.0 167
20 0 34.3925 1.0 1026
176466.75 19
7 0 19.0625 1.0 364
21 1 19.0625 1.0 1065
16 1 13.9525 1.0 811
5 0 26.727500000000006 1.0 270
16 1 19.0625 1.0 815
6 0 1.177500000000002 1.0 300
4 0 52.2775 1.0 240
19 0 54.83250000000001 1.0 992
14 1 59.94250000000001 1.0 747
22 0 44.6125 1.0 1134
18 1 1.177500000000002 1.0 901
5 1 19.0625 1.0 265
17 0 16.507500000000007 1.0 862
22 0 54.83250000000001 1.0 1142
23 0 47.167500000000004 1.0 1186
22 0 3.7325000000000017 1.0 1102
21 1 54.83250000000001 1.0 1093
17 1 8.842500000000001 1.0 857
4 1 11.3975 1.0 209
371244.34 9
5 1 54.83250000000001 1.0 293
8 0 52.2775 1.0 440
4 1 6.287500000000001 1.0 205
9 1 13.9525 1.0 461
22 1 57.3875 1.0 1145
18 0 24.1725 1.0 918
0 0 31.837500000000006 1.0 24
8 1 29.2825 1.0 423
1 1 19.0625 1.0 65
447790.56 13
5 1 19.0625 1.0 265
18 0 47.167500000000004 1.0 936
15 1 26.727500000000006 1.0 771
20 1 24.1725 1.0 1019
1 1 42.057500000000005 1.0 83
1 0 19.0625 1.0 64
16 0 59.94250000000001 1.0 846
7 1 47.167500000000004 1.0 387
24 1 62.4975 1.0 1249
15 1 62.4975 1.0 799
11 0 3.7325000000000017 1.0 552
18 1 13.9525 1.0 911
1 1 31.837500000000006 1.0 75
1781483.5 21
19 1 34.3925 1.0 977
10 1 54.83250000000001 1.0 543
0 0 34.3925 1.0 26
2 0 39.5025 1.0 130
5 1 26.727500000000006 1.0 271
18 1 59.94250000000001 1.0 947
0 0 47.167500000000004 1.0 36
13 0 54.83250000000001 1.0 692
6 0 52.2775 1.0 340
20 0 11.3975 1.0 1008
23 1 1.177500000000002 1.0 1151
5 1 59.94250000000001 1.0 297
10 0 6.287500000000001 1.0 504
17 0 54.83250000000001 1.0 892
18 0 11.3975 1.0 908
12 0 57.3875 1.0 644
15 1 29.2825 1.0 773
15 0 57.3875 1.0 794
10 0 36.947500000000005 1.0 528
11 1 3.7325000000000017 1.0 553
24 0 57.3875 1.0 1244
1784982.9 9
19 0 44.6125 1.0 984
13 1 24.1725 1.0 669
22 1 8.842500000000001 1.0 1107
4 0 59.94250000000001 1.0 246
0 0 29.2825 1.0 22
22 1 57.3875 1.0 1145
11 0 3.7325000000000017 1.0 552
24 1 31.837500000000006 1.0 1225
22 1 52.2775 1.0 1141
1953194.1 9
10 1 8.842500000000001 1.0 507
6 1 24.1725 1.0 319
4 1 1.177500000000002 1.0 201
24 0 11.3975 1.0 1208
3 1 19.0625 1.0 165
24 1 16.507500000000007 1.0 1213
22 0 31.837500000000006 1.0 1124
19 1 11.3975 1.0 959
24 1 57.3875 1.0 1245
267611.25 17
23 1 3.7325000000000017 1.0 1153
15 1 26.727500000000006 1.0 771
14 1 57.3875 1.0 745
17 0 16.507500000000007 1.0 862
17 0 31.837500000000006 1.0 874
11 1 1.177500000000002 1.0 551
4 1 57.3875 1.0 245
1 0 36.947500000000005 1.0 78
23 1 16.507500000000007 1.0 1163
11 0 34.3925 1.0 576
20 0 39.5025 1.0 1030
14 0 52.2775 1.0 740
8 0 21.617500000000007 1.0 416
1 1 42.057500000000005 1.0 83
6 0 6.287500000000001 1.0 304
4 0 52.2775 1.0 240
11 0 3.7325000000000017 1.0 552
596840.3 20
16 0 3.7325000000000017 1.0 802
22 0 49.7225 1.0 1138
10 1 54.83250000000001 1.0 543
0 0 36.947500000000005 1.0 28
16 0 34.3925 1.0 826
13 0 34.3925 1.0 676
22 1 57.3875 1.0 1145
15 1 16.507500000000007 1.0 763
7 1 26.727500000000006 1.0 371
7 1 29.2825 1.0 373
3 1 13.9525 1.0 161
6 0 52.2775 1.0 340
14 0 59.94250000000001 1.0 746
22 0 24.1725 1.0 1118
2 1 11.3975 1.0 109
18 0 57.3875 1.0 944
16 0 54.83250000000001 1.0 842
10 1 8.842500000000001 1.0 507
24 1 24.1725 1.0 1219
2 0 39.5025 1.0 130
1854890.9 23
16 1 26.727500000000006 1.0 821
1 0 39.5025 1.0 80
24 0 36.947500000000005 1.0 1228
17 0 8.842500000000001 1.0 856
12 0 57.3875 1.0 644
11 1 24.1725 1.0 569
14 0 24.1725 1.0 718
14 0 39.5025 1.0 730
9 1 47.167500000000004 1.0 487
10 0 62.4975 1.0 548
11 1 1.177500000000002 1.0 551
5 0 44.6125 1.0 284
22 0 57.3875 1.0 1144
11 1 62.4975 1.0 599
20 0 34.3925 1.0 1026
24 1 62.4975 1.0 1249
20 0 1.177500000000002 1.0 1000
0 0 36.947500000000005 1.0 28
9 0 34.3925 1.0 476
11 0 3.7325000000000017 1.0 552
6 1 49.7225 1.0 339
4 0 59.94250000000001 1.0 246
18 0 57.3875 1.0 944
894235.94 18
17 1 34.3925 1.0 877
13 1 54.83250000000001 1.0 693
4 1 52.2775 1.0 241
19 0 8.842500000000001 1.0 956
22 1 47.167500000000004 1.0 1137
16 0 57.3875 1.0 844
5 0 26.727500000000006 1.0 270
17 0 54.83250000000001 1.0 892
5 0 44.6125 1.0 284
5 0 21.617500000000007 1.0 266
24 0 11.3975 1.0 1208
10 0 52.2775 1.0 540
1 1 44.6125 1.0 85
12 0 16.507500000000007 1.0 612
12 0 57.3875 1.0 644
5 0 47.167500000000004 1.0 286
10 1 8.842500000000001 1.0 507
13 0 34.3925 1.0 676
1810490.2 6
19 0 54.83250000000001 1.0 992
13 0 54.83250000000001 1.0 692
6 1 39.5025 1.0 331
2 0 49.7225 1.0 138
16 0 11.3975 1.0 808
2 1 62.4975 1.0 149
253368.73 24
14 1 44.6125 1.0 735
24 1 62.4975 1.0 1249
18 1 1.177500000000002 1.0 901
14 1 16.507500000000007 1.0 713
16 0 54.83250000000001 1.0 842
7 1 29.2825 1.0 373
8 1 29.2825 1.0 423
9 0 44.6125 1.0 484
4 1 36.947500000000005 1.0 229
21 0 49.7225 1.0 1088
15 1 16.507500000000007 1.0 763
12 0 6.287500000000001 1.0 604
4 1 62.4975 1.0 249
2 1 8.842500000000001 1.0 107
17 1 16.507500000000007 1.0 863
19 0 29.2825 1.0 972
14 1 29.2825 1.0 723
14 1 59.94250000000001 1.0 747
19 1 47.167500000000004 1.0 987
24 1 49.7225 1.0 1239
14 0 54.83250000000001 1.0 742
19 0 8.842500000000001 1.0 956
20 0 34.3925 1.0 1026
4 0 1.177500000000002 1.0 200
1721149.8 17
10 0 21.617500000000007 1.0 516
18 1 1.177500000000002 1.0 901
3 1 57.3875 1.0 195
12 0 42.057500000000005 1.0 632
22 0 21.617500000000007 1.0 1116
9 1 13.9525 1.0 461
6 1 49.7225 1.0 339
21 0 59.94250000000001 1.0 1096
4 0 54.83250000000001 1.0 242
14 1 42.057500000000005 1.0 733
24 0 24.1725 1.0 1218
17 1 34.3925 1.0 877
11 0 3.7325000000000017 1.0 552
6 0 29.2825 1.0 322
18 0 11.3975 1.0 908
4 1 24.1725 1.0 219
6 0 62.4975 1.0 348
1088731.6 22
6 0 62.4975 1.0 348
24 1 49.7225 1.0 1239
4 1 1.177500000000002 1.0 201
14 0 34.3925 1.0 726
16 0 52.2775 1.0 840
15 1 26.727500000000006 1.0 771
17 0 16.507500000000007 1.0 862
12 1 39.5025 1.0 631
20 0 11.3975 1.0 1008
9 1 39.5025 1.0 481
2 1 29.2825 1.0 123
8 0 59.94250000000001 1.0 446
0 0 47.167500000000004 1.0 36
15 0 42.057500000000005 1.0 782
2 0 34.3925 1.0 126
24 0 26.727500000000006 1.0 1220
12 0 16.507500000000007 1.0 612
4 0 21.617500000000007 1.0 216
6 0 29.2825 1.0 322
15 0 8.842500000000001 1.0 756
13 1 24.1725 1.0 669
22 1 8.842500000000001 1.0 1107
1789642.9 22
9 0 52.2775 1.0 490
22 1 34.3925 1.0 1127
1 1 31.837500000000006 1.0 75
17 1 26.727500000000006 1.0 871
7 0 3.7325000000000017 1.0 352
6 0 26.727500000000006 1.0 320
21 1 44.6125 1.0 1085
11 0 6.287500000000001 1.0 554
3 0 44.6125 1.0 184
24 1 6.287500000000001 1.0 1205
22 0 8.842500000000001 1.0 1106
7 1 52.2775 1.0 391
1 0 39.5025 1.0 80
20 0 11.3975 1.0 1008
8 1 54.83250000000001 1.0 443
9 0 42.057500000000005 1.0 482
10 0 36.947500000000005 1.0 528
9 1 47.167500000000004 1.0 487
16 1 29.2825 1.0 823
24 0 34.3925 1.0 1226
20 0 47.167500000000004 1.0 1036
7 1 3.7325000000000017 1.0 353
1300903.4 8
15 0 59.94250000000001 1.0 796
13 1 52.2775 1.0 691
5 1 13.9525 1.0 261
16 1 26.727500000000006 1.0 821
17 0 19.0625 1.0 864
3 1 36.947500000000005 1.0 179
18 0 3.7325000000000017 1.0 902
21 0 31.837500000000006 1.0 1074
1316442.0 9
14 0 26.727500000000006 1.0 720
11 1 57.3875 1.0 595
18 1 59.94250000000001 1.0 947
14 0 6.287500000000001 1.0 704
3 0 16.507500000000007 1.0 162
11 0 1.177500000000002 1.0 550
5 0 47.167500000000004 1.0 286
14 1 52.2775 1.0 741
24 0 36.947500000000005 1.0 1228
1005925.8 14
21 1 19.0625 1.0 1065
8 1 59.94250000000001 1.0 447
19 1 8.842500000000001 1.0 957
14 1 36.947500000000005 1.0 729
20 1 36.947500000000005 1.0 1029
7 0 3.7325000000000017 1.0 352
9 0 36.947500000000005 1.0 478
11 0 34.3925 1.0 576
2 0 39.5025 1.0 130
16 0 54.83250000000001 1.0 842
5 0 24.1725 1.0 268
24 0 26.727500000000006 1.0 1220
10 0 62.4975 1.0 548
22 0 59.94250000000001 1.0 1146
858341.2 21
23 0 57.3875 1.0 1194
3 1 44.6125 1.0 185
3 1 21.617500000000007 1.0 167
8 0 59.94250000000001 1.0 446
18 0 29.2825 1.0 922
24 1 6.287500000000001 1.0 1205
23 1 13.9525 1.0 1161
1 1 42.057500000000005 1.0 83
2 1 29.2825 1.0 123
16 0 34.3925 1.0 826
22 0 3.7325000000000017 1.0 1102
24 1 42.057500000000005 1.0 1233
6 0 1.177500000000002 1.0 300
17 0 16.507500000000007 1.0 862
6 0 52.2775 1.0 340
8 0 62.4975 1.0 448
22 0 57.3875 1.0 1144
24 1 62.4975 1.0 1249
10 1 8.842500000000001 1.0 507
11 0 3.7325000000000017 1.0 552
22 0 34.3925 1.0 1126
1775003.5 10
12 1 54.83250000000001 1.0 643
20 0 39.5025 1.0 1030
8 0 3.7325000000000017 1.0 402
18 0 24.1725 1.0 918
9 1 49.7225 1.0 489
19 0 29.2825 1.0 972
15 1 42.057500000000005 1.0 783
24 1 16.507500000000007 1.0 1213
5 0 24.1725 1.0 268
3 1 8.842500000000001 1.0 157
994026.5 18
14 0 59.94250000000001 1.0 746
3 1 62.4975 1.0 199
8 1 29.2825 1.0 423
2 0 34.3925 1.0 126
24 0 36.947500000000005 1.0 1228
0 1 19.0625 1.0 15
7 1 29.2825 1.0 373
10 1 52.2775 1.0 541
22 1 19.0625 1.0 1115
9 1 24.1725 1.0 469
11 0 34.3925 1.0 576
20 1 36.947500000000005 1.0 1029
5 0 42.057500000000005 1.0 282
11 1 3.7325000000000017 1.0 553
20 1 19.0625 1.0 1015
8 0 39.5025 1.0 430
2 0 42.057500000000005 1.0 132
18 0 1.177500000000002 1.0 900
1134602.9 20
16 1 13.9525 1.0 811
2 0 24.1725 1.0 118
14 1 44.6125 1.0 735
2 1 11.3975 1.0 109
14 1 54.83250000000001 1.0 743
9 1 49.7225 1.0 489
5 1 54.83250000000001 1.0 293
18 0 57.3875 1.0 944
11 0 3.7325000000000017 1.0 552
18 1 13.9525 1.0 911
6 1 24.1725 1.0 319
12 1 16.507500000000007 1.0 613
11 0 13.9525 1.0 560
3 1 6.287500000000001 1.0 155
11 0 34.3925 1.0 576
22 1 8.842500000000001 1.0 1107
3 1 8.842500000000001 1.0 157
20 1 26.727500000000006 1.0 1021
15 1 16.507500000000007 1.0 763
7 1 21.617500000000007 1.0 367
100269.84 9
14 0 39.5025 1.0 730
7 1 26.727500000000006 1.0 371
24 1 8.842500000000001 1.0 1207
2 1 11.3975 1.0 109
19 1 34.3925 1.0 977
19 0 29.2825 1.0 972
4 1 1.177500000000002 1.0 201
3 0 49.7225 1.0 188
17 0 8.842500000000001 1.0 856
1071391.5 21
24 0 34.3925 1.0 1226
18 1 59.94250000000001 1.0 947
12 0 57.3875 1.0 644
12 1 6.287500000000001 1.0 605
1 1 24.1725 1.0 69
24 0 57.3875 1.0 1244
22 1 52.2775 1.0 1141
14 0 59.94250000000001 1.0 746
10 0 57.3875 1.0 544
23 0 11.3975 1.0 1158
1 1 57.3875 1.0 95
11 1 3.7325000000000017 1.0 553
24 1 6.287500000000001 1.0 1205
5 0 47.167500000000004 1.0 286
12 1 54.83250000000001 1.0 643
0 0 31.837500000000006 1.0 24
6 0 16.507500000000007 1.0 312
2 1 62.4975 1.0 149
22 1 21.617500000000007 1.0 1117
18 1 42.057500000000005 1.0 933
6 1 47.167500000000004 1.0 337
914862.94 8
22 1 8.842500000000001 1.0 1107
13 1 49.7225 1.0 689
3 0 59.94250000000001 1.0 196
8 0 57.3875 1.0 444
2 1 29.2825 1.0 123
12 1 62.4975 1.0 649
11 0 6.287500000000001 1.0 554
21 1 21.617500000000007 1.0 1067
743903.6 23
12 0 39.5025 1.0 630
22 0 42.057500000000005 1.0 1132
21 0 49.7225 1.0 1088
18 0 24.1725 1.0 918
6 1 26.727500000000006 1.0 321
11 0 54.83250000000001 1.0 592
3 1 62.4975 1.0 199
12 1 44.6125 1.0 635
16 0 59.94250000000001 1.0 846
14 0 24.1725 1.0 718
7 1 21.617500000000007 1.0 367
2 1 36.947500000000005 1.0 129
9 1 39.5025 1.0 481
13 0 62.4975 1.0 698
7 0 16.507500000000007 1.0 362
20 1 19.0625 1.0 1015
12 0 16.507500000000007 1.0 612
3 0 19.0625 1.0 164
21 1 19.0625 1.0 1065
1 0 52.2775 1.0 90
8 0 62.4975 1.0 448
24 1 54.83250000000001 1.0 1243
9 1 11.3975 1.0 459
1986070.4 24
9 0 44.6125 1.0 484
17 1 59.94250000000001 1.0 897
1 0 52.2775 1.0 90
3 0 49.7225 1.0 188
14 1 44.6125 1.0 735
12 1 39.5025 1.0 631
19 1 47.167500000000004 1.0 987
12 1 59.94250000000001 1.0 647
3 1 13.9525 1.0 161
23 1 29.2825 1.0 1173
8 1 52.2775 1.0 441
20 0 11.3975 1.0 1008
12 0 11.3975 1.0 608
22 0 3.7325000000000017 1.0 1102
7 1 16.507500000000007 1.0 363
9 0 47.167500000000004 1.0 486
1 0 13.9525 1.0 60
18 1 59.94250000000001 1.0 947
0 0 62.4975 1.0 48
22 0 31.837500000000006 1.0 1124
19 1 13.9525 1.0 961
11 1 1.177500000000002 1.0 551
12 0 24.1725 1.0 618
1 0 19.0625 1.0 64
1055659.4 16
9 1 47.167500000000004 1.0 487
9 1 39.5025 1.0 481
17 0 31.837500000000006 1.0 874
20 1 54.83250000000001 1.0 1043
2 0 42.057500000000005 1.0 132
18 1 1.177500000000002 1.0 901
19 1 42.057500000000005 1.0 983
18 0 24.1725 1.0 918
20 1 16.507500000000007 1.0 1013
6 1 44.6125 1.0 335
19 0 11.3975 1.0 958
9 0 19.0625 1.0 464
3 0 11.3975 1.0 158
6 0 42.057500000000005 1.0 332
14 0 24.1725 1.0 718
10 0 21.617500000000007 1.0 516
427142.2 10
19 1 16.507500000000007 1.0 963
14 1 42.057500000000005 1.0 733
20 1 19.0625 1.0 1015
1 1 62.4975 1.0 99
22 1 57.3875 1.0 1145
3 0 16.507500000000007 1.0 162
3 1 47.167500000000004 1.0 187
1 0 52.2775 1.0 90
24 1 62.4975 1.0 1249
2 0 57.3875 1.0 144
1332070.5 19
11 1 39.5025 1.0 581
20 0 39.5025 1.0 1030
5 0 24.1725 1.0 268
24 0 11.3975 1.0 1208
19 1 34.3925 1.0 977
16 0 59.94250000000001 1.0 846
20 0 11.3975 1.0 1008
13 0 54.83250000000001 1.0 692
6 1 54.83250000000001 1.0 343
12 0 39.5025 1.0 630
20 1 16.507500000000007 1.0 1013
10 0 8.842500000000001 1.0 506
14 1 44.6125 1.0 735
21 1 44.6125 1.0 1085
7 1 42.057500000000005 1.0 383
2 1 29.2825 1.0 123
17 0 42.057500000000005 1.0 882
22 1 47.167500000000004 1.0 1137
21 1 16.507500000000007 1.0 1063
1688905.2 15
12 1 39.5025 1.0 631
14 1 39.5025 1.0 731
0 1 1.177500000000002 1.0 1
4 0 1.177500000000002 1.0 200
20 0 49.7225 1.0 1038
10 1 8.842500000000001 1.0 507
6 0 42.057500000000005 1.0 332
10 0 8.842500000000001 1.0 506
2 0 34.3925 1.0 126
15 0 21.617500000000007 1.0 766
20 0 11.3975 1.0 1008
7 0 34.3925 1.0 376
1 0 19.0625 1.0 64
4 0 13.9525 1.0 210
24 0 24.1725 1.0 1218
739602.75 12
21 1 19.0625 1.0 1065
16 0 49.7225 1.0 838
12 1 6.287500000000001 1.0 605
10 0 21.617500000000007 1.0 516
5 0 26.727500000000006 1.0 270
6 0 52.2775 1.0 340
18 1 59.94250000000001 1.0 947
21 0 62.4975 1.0 1098
18 0 29.2825 1.0 922
17 1 57.3875 1.0 895
24 0 8.842500000000001 1.0 1206
2 0 39.5025 1.0 130
1894377.1 6
23 0 31.837500000000006 1.0 1174
6 0 44.6125 1.0 334
3 0 11.3975 1.0 158
11 0 3.7325000000000017 1.0 552
22 0 47.167500000000004 1.0 1136
13 1 52.2775 1.0 691
227444.92 10
22 1 34.3925 1.0 1127
22 0 49.7225 1.0 1138
12 1 34.3925 1.0 627
7 1 47.167500000000004 1.0 387
11 0 13.9525 1.0 560
7 1 39.5025 1.0 381
24 0 26.727500000000006 1.0 1220
6 0 1.177500000000002 1.0 300
4 1 11.3975 1.0 209
6 1 24.1725 1.0 319
566064.0 11
10 0 16.507500000000007 1.0 512
17 0 42.057500000000005 1.0 882
13 0 54.83250000000001 1.0 692
24 1 49.7225 1.0 1239
5 0 24.1725 1.0 268
19 0 59.94250000000001 1.0 996
17 0 19.0625 1.0 864
9 0 42.057500000000005 1.0 482
1 0 39.5025 1.0 80
19 1 34.3925 1.0 977
10 0 36.947500000000005 1.0 528
1089230.0 24
1 1 31.837500000000006 1.0 75
16 1 52.2775 1.0 841
23 1 3.7325000000000017 1.0 1153
5 1 49.7225 1.0 289
13 0 42.057500000000005 1.0 682
18 0 57.3875 1.0 944
9 1 39.5025 1.0 481
20 1 21.617500000000007 1.0 1017
8 1 3.7325000000000017 1.0 403
0 1 21.617500000000007 1.0 17
20 0 31.837500000000006 1.0 1024
4 1 57.3875 1.0 245
4 0 54.83250000000001 1.0 242
20 0 8.842500000000001 1.0 1006
11 1 1.177500000000002 1.0 551
9 1 29.2825 1.0 473
8 0 59.94250000000001 1.0 446
7 1 42.057500000000005 1.0 383
6 0 62.4975 1.0 348
21 0 59.94250000000001 1.0 1096
10 1 34.3925 1.0 527
19 1 34.3925 1.0 977
1 0 19.0625 1.0 64
24 1 1.177500000000002 1.0 1201
603097.56 7
0 1 59.94250000000001 1.0 47
10 0 62.4975 1.0 548
10 0 1.177500000000002 1.0 500
20 0 8.842500000000001 1.0 1006
10 1 26.727500000000006 1.0 521
1 0 52.2775 1.0 90
17 1 31.837500000000006 1.0 875
524121.97 16
20 1 24.1725 1.0 1019
12 1 13.9525 1.0 611
4 0 16.507500000000007 1.0 212
10 1 54.83250000000001 1.0 543
13 1 24.1725 1.0 669
12 1 39.5025 1.0 631
6 1 39.5025 1.0 331
13 1 21.617500000000007 1.0 667
7 0 3.7325000000000017 1.0 352
3 1 13.9525 1.0 161
15 1 19.0625 1.0 765
18 1 26.727500000000006 1.0 921
1 0 6.287500000000001 1.0 54
18 0 29.2825 1.0 922
9 1 31.837500000000006 1.0 475
10 0 24.1725 1.0 518
1931643.0 11
11 0 13.9525 1.0 560
9 0 44.6125 1.0 484
20 0 42.057500000000005 1.0 1032
4 1 6.287500000000001 1.0 205
0 1 39.5025 1.0 31
14 0 59.94250000000001 1.0 746
22 0 49.7225 1.0 1138
9 1 31.837500000000006 1.0 475
0 0 31.837500000000006 1.0 24
24 1 62.4975 1.0 1249
4 0 39.5025 1.0 230
1773401.4 21
8 1 57.3875 1.0 445
8 1 44.6125 1.0 435
0 0 36.947500000000005 1.0 28
22 1 42.057500000000005 1.0 1133
1 1 31.837500000000006 1.0 75
4 0 52.2775 1.0 240
11 1 39.5025 1.0 581
23 0 11.3975 1.0 1158
3 0 49.7225 1.0 188
23 1 3.7325000000000017 1.0 1153
12 1 31.837500000000006 1.0 625
22 0 34.3925 1.0 1126
11 0 34.3925 1.0 576
13 1 24.1725 1.0 669
6 1 24.1725 1.0 319
0 1 39.5025 1.0 31
22 0 13.9525 1.0 1110
23 1 26.727500000000006 1.0 1171
20 1 24.1725 1.0 1019
15 0 21.617500000000007 1.0 766
10 1 8.842500000000001 1.0 507
759820.9 23
1 1 42.057500000000005 1.0 83
3 0 49.7225 1.0 188
16 1 13.9525 1.0 811
0 0 29.2825 1.0 22
21 0 26.727500000000006 1.0 1070
7 1 21.617500000000007 1.0 367
6 1 49.7225 1.0 339
10 0 47.167500000000004 1.0 536
3 1 36.947500000000005 1.0 179
19 1 49.7225 1.0 989
7 1 29.2825 1.0 373
3 1 6.287500000000001 1.0 155
1 1 39.5025 1.0 81
12 0 57.3875 1.0 644
18 1 13.9525 1.0 911
19 0 8.842500000000001 1.0 956
17 0 19.0625 1.0 864
4 1 52.2775 1.0 241
2 0 42.057500000000005 1.0 132
1 0 11.3975 1.0 58
14 1 1.177500000000002 1.0 701
20 0 11.3975 1.0 1008
17 1 34.3925 1.0 877
298913.6 14
4 0 54.83250000000001 1.0 242
18 1 6.287500000000001 1.0 905
19 1 47.167500000000004 1.0 987
0 0 29.2825 1.0 22
16 0 52.2775 1.0 840
24 0 34.3925 1.0 1226
17 1 26.727500000000006 1.0 871
9 0 47.167500000000004 1.0 486
3 1 57.3875 1.0 195
21 1 44.6125 1.0 1085
6 0 16.507500000000007 1.0 312
3 0 11.3975 1.0 158
13 0 54.83250000000001 1.0 692
7 1 47.167500000000004 1.0 387
1186816.6 8
16 0 59.94250000000001 1.0 846
5 1 54.83250000000001 1.0 293
14 1 57.3875 1.0 745
11 1 44.6125 1.0 585
17 0 16.507500000000007 1.0 862
16 1 26.727500000000006 1.0 821
17 0 19.0625 1.0 864
1 0 19.0625 1.0 64
1975962.4 24
10 1 52.2775 1.0 541
16 0 52.2775 1.0 840
17 1 31.837500000000006 1.0 875
10 0 6.287500000000001 1.0 504
5 0 44.6125 1.0 284
19 0 62.4975 1.0 998
10 0 21.617500000000007 1.0 516
23 0 11.3975 1.0 1158
10 1 8.842500000000001 1.0 507
13 1 52.2775 1.0 691
6 0 62.4975 1.0 348
0 1 1.177500000000002 1.0 1
4 1 6.287500000000001 1.0 205
4 0 36.947500000000005 1.0 228
12 1 6.287500000000001 1.0 605
14 0 24.1725 1.0 718
1 0 49.7225 1.0 88
1 0 3.7325000000000017 1.0 52
9 0 47.167500000000004 1.0 486
8 0 1.177500000000002 1.0 400
12 1 19.0625 1.0 615
12 0 26.727500000000006 1.0 620
2 0 6.287500000000001 1.0 104
17 0 31.837500000000006 1.0 874
828082.94 22
12 0 6.287500000000001 1.0 604
11 0 44.6125 1.0 584
15 0 13.9525 1.0 760
11 0 13.9525 1.0 560
20 0 11.3975 1.0 1008
2 0 31.837500000000006 1.0 124
12 1 39.5025 1.0 631
12 1 6.287500000000001 1.0 605
21 0 47.167500000000004 1.0 1086
18 0 47.167500000000004 1.0 936
10 0 6.287500000000001 1.0 504
20 0 8.842500000000001 1.0 1006
14 0 39.5025 1.0 730
17 1 47.167500000000004 1.0 887
15 0 8.842500000000001 1.0 756
4 0 13.9525 1.0 210
4 1 36.947500000000005 1.0 229
16 0 34.3925 1.0 826
17 0 16.507500000000007 1.0 862
24 1 21.617500000000007 1.0 1217
17 0 19.0625 1.0 864
11 1 62.4975 1.0 599
1591520.9 21
15 1 42.057500000000005 1.0 783
17 1 59.94250000000001 1.0 897
19 0 42.057500000000005 1.0 982
7 1 29.2825 1.0 373
6 0 6.287500000000001 1.0 304
10 1 8.842500000000001 1.0 507
5 1 21.617500000000007 1.0 267
7 1 47.167500000000004 1.0 387
19 1 34.3925 1.0 977
14 1 59.94250000000001 1.0 747
12 0 16.507500000000007 1.0 612
21 0 59.94250000000001 1.0 1096
15 0 11.3975 1.0 758
3 1 62.4975 1.0 199
18 0 11.3975 1.0 908
18 0 57.3875 1.0 944
24 1 62.4975 1.0 1249
8 0 39.5025 1.0 430
18 1 11.3975 1.0 909
23 1 11.3975 1.0 1159
18 1 59.94250000000001 1.0 947
1548287.5 10
23 1 24.1725 1.0 1169
3 0 49.7225 1.0 188
10 1 52.2775 1.0 541
18 0 57.3875 1.0 944
2 0 39.5025 1.0 130
15 1 42.057500000000005 1.0 783
4 1 62.4975 1.0 249
18 1 13.9525 1.0 911
21 1 42.057500000000005 1.0 1083
6 0 62.4975 1.0 348
479867.7 16
12 0 16.507500000000007 1.0 612
12 0 42.057500000000005 1.0 632
10 0 36.947500000000005 1.0 528
16 1 26.727500000000006 1.0 821
14 1 49.7225 1.0 739
4 0 52.2775 1.0 240
2 1 29.2825 1.0 123
4 1 24.1725 1.0 219
19 1 42.057500000000005 1.0 983
0 0 6.287500000000001 1.0 4
20 0 11.3975 1.0 1008
7 1 42.057500000000005 1.0 383
14 1 29.2825 1.0 723
0 1 1.177500000000002 1.0 1
3 1 44.6125 1.0 185
20 1 16.507500000000007 1.0 1013
375080.44 22
13 1 49.7225 1.0 689
22 0 57.3875 1.0 1144
10 1 26.727500000000006 1.0 521
12 1 54.83250000000001 1.0 643
15 1 42.057500000000005 1.0 783
0 0 44.6125 1.0 34
14 1 42.057500000000005 1.0 733
2 0 59.94250000000001 1.0 146
12 0 24.1725 1.0 618
10 0 47.167500000000004 1.0 536
17 1 29.2825 1.0 873
21 1 8.842500000000001 1.0 1057
18 1 1.177500000000002 1.0 901
9 1 31.837500000000006 1.0 475
5 0 21.617500000000007 1.0 266
10 0 21.617500000000007 1.0 516
0 1 21.617500000000007 1.0 17
4 0 13.9525 1.0 210
6 1 57.3875 1.0 345
0 0 36.947500000000005 1.0 28
9 0 47.167500000000004 1.0 486
4 1 3.7325000000000017 1.0 203
47657.582 11
3 1 54.83250000000001 1.0 193
24 1 8.842500000000001 1.0 1207
15 1 3.7325000000000017 1.0 753
20 1 16.507500000000007 1.0 1013
0 0 47.167500000000004 1.0 36
16 1 36.947500000000005 1.0 829
22 1 57.3875 1.0 1145
11 0 54.83250000000001 1.0 592
6 0 42.057500000000005 1.0 332
12 1 16.507500000000007 1.0 613
1 0 19.0625 1.0 64
1974697.9 18
8 1 59.94250000000001 1.0 447
8 0 36.947500000000005 1.0 428
9 1 39.5025 1.0 481
10 1 16.507500000000007 1.0 513
14 1 59.94250000000001 1.0 747
17 0 21.617500000000007 1.0 866
10 1 8.842500000000001 1.0 507
1 0 52.2775 1.0 90
7 1 16.507500000000007 1.0 363
9 1 49.7225 1.0 489
14 0 19.0625 1.0 714
16 0 3.7325000000000017 1.0 802
15 0 29.2825 1.0 772
19 0 8.842500000000001 1.0 956
16 1 11.3975 1.0 809
14 0 57.3875 1.0 744
16 0 49.7225 1.0 838
7 1 52.2775 1.0 391
1598291.5 5
1 0 1.177500000000002 1.0 50
17 1 1.177500000000002 1.0 851
6 1 39.5025 1.0 331
12 1 39.5025 1.0 631
7 0 57.3875 1.0 394
946534.0 12
15 1 62.4975 1.0 799
22 0 21.617500000000007 1.0 1116
10 0 62.4975 1.0 548
20 0 42.057500000000005 1.0 1032
22 0 3.7325000000000017 1.0 1102
4 0 1.177500000000002 1.0 200
4 1 44.6125 1.0 235
12 1 62.4975 1.0 649
17 0 54.83250000000001 1.0 892
16 0 54.83250000000001 1.0 842
12 1 13.9525 1.0 611
1 1 6.287500000000001 1.0 55
309158.84 15
0 1 39.5025 1.0 31
12 1 31.837500000000006 1.0 625
12 0 62.4975 1.0 648
5 0 47.167500000000004 1.0 286
3 0 3.7325000000000017 1.0 152
23 1 3.7325000000000017 1.0 1153
4 1 57.3875 1.0 245
20 1 1.177500000000002 1.0 1001
2 1 11.3975 1.0 109
16 0 11.3975 1.0 808
20 0 34.3925 1.0 1026
17 1 16.507500000000007 1.0 863
7 1 8.842500000000001 1.0 357
7 1 52.2775 1.0 391
6 1 47.167500000000004 1.0 337
1913878.5 5
4 0 54.83250000000001 1.0 242
14 0 24.1725 1.0 718
5 0 26.727500000000006 1.0 270
18 1 13.9525 1.0 911
10 0 47.167500000000004 1.0 536
1376648.4 15
9 0 47.167500000000004 1.0 486
22 0 3.7325000000000017 1.0 1102
3 1 36.947500000000005 1.0 179
5 1 44.6125 1.0 285
1 1 44.6125 1.0 85
15 1 29.2825 1.0 773
5 0 21.617500000000007 1.0 266
10 0 62.4975 1.0 548
2 0 6.287500000000001 1.0 104
23 0 16.507500000000007 1.0 1162
6 1 47.167500000000004 1.0 337
22 1 21.617500000000007 1.0 1117
2 0 39.5025 1.0 130
10 0 21.617500000000007 1.0 516
5 1 21.617500000000007 1.0 267
742128.7 20
12 1 59.94250000000001 1.0 647
0 0 36.947500000000005 1.0 28
23 1 16.507500000000007 1.0 1163
3 0 59.94250000000001 1.0 196
22 1 42.057500000000005 1.0 1133
12 1 62.4975 1.0 649
3 1 13.9525 1.0 161
13 1 49.7225 1.0 689
10 0 52.2775 1.0 540
19 0 1.177500000000002 1.0 950
22 1 57.3875 1.0 1145
8 1 59.94250000000001 1.0 447
18 1 59.94250000000001 1.0 947
1 0 19.0625 1.0 64
17 1 16.507500000000007 1.0 863
6 0 31.837500000000006 1.0 324
17 1 8.842500000000001 1.0 857
16 1 13.9525 1.0 811
7 1 29.2825 1.0 373
2 1 11.3975 1.0 109
1297722.5 20
1 0 49.7225 1.0 88
3 0 19.0625 1.0 164
10 0 57.3875 1.0 544
7 1 29.2825 1.0 373
7 0 3.7325000000000017 1.0 352
22 0 44.6125 1.0 1134
4 1 62.4975 1.0 249
0 1 39.5025 1.0 31
8 0 11.3975 1.0 408
10 1 26.727500000000006 1.0 521
14 1 44.6125 1.0 735
4 0 54.83250000000001 1.0 242
20 0 42.057500000000005 1.0 1032
5 1 21.617500000000007 1.0 267
9 1 34.3925 1.0 477
17 0 16.507500000000007 1.0 862
13 1 52.2775 1.0 691
11 0 59.94250000000001 1.0 596
17 0 19.0625 1.0 864
16 1 26.727500000000006 1.0 821
639344.9 24
21 1 11.3975 1.0 1059
17 0 31.837500000000006 1.0 874
6 0 1.177500000000002 1.0 300
15 1 59.94250000000001 1.0 797
15 1 1.177500000000002 1.0 751
10 0 26.727500000000006 1.0 520
20 0 1.177500000000002 1.0 1000
17 0 16.507500000000007 1.0 862
17 1 29.2825 1.0 873
12 1 16.507500000000007 1.0 613
4 0 39.5025 1.0 230
24 1 62.4975 1.0 1249
17 0 8.842500000000001 1.0 856
17 1 31.837500000000006 1.0 875
16 0 3.7325000000000017 1.0 802
6 0 16.507500000000007 1.0 312
16 1 8.842500000000001 1.0 807
0 0 11.3975 1.0 8
20 0 47.167500000000004 1.0 1036
15 0 21.617500000000007 1.0 766
15 1 26.727500000000006 1.0 771
23 0 11.3975 1.0 1158
11 1 26.727500000000006 1.0 571
8 0 39.5025 1.0 430
1839383.6 12
9 1 21.617500000000007 1.0 467
23 1 3.7325000000000017 1.0 1153
4 1 24.1725 1.0 219
10 0 21.617500000000007 1.0 516
17 0 21.617500000000007 1.0 866
23 1 31.837500000000006 1.0 1175
22 0 3.7325000000000017 1.0 1102
24 0 36.947500000000005 1.0 1228
15 0 11.3975 1.0 758
14 0 52.2775 1.0 740
9 0 44.6125 1.0 484
6 1 49.7225 1.0 339
1524208.0 19
2 0 31.837500000000006 1.0 124
14 1 57.3875 1.0 745
6 0 36.947500000000005 1.0 328
1 1 44.6125 1.0 85
0 0 44.6125 1.0 34
15 1 42.057500000000005 1.0 783
2 1 62.4975 1.0 149
3 1 62.4975 1.0 199
10 1 8.842500000000001 1.0 507
24 0 36.947500000000005 1.0 1228
9 0 42.057500000000005 1.0 482
16 1 36.947500000000005 1.0 829
5 0 21.617500000000007 1.0 266
0 1 1.177500000000002 1.0 1
7 1 47.167500000000004 1.0 387
22 0 57.3875 1.0 1144
4 0 21.617500000000007 1.0 216
0 0 31.837500000000006 1.0 24
16 0 11.3975 1.0 808
942478.2 6
4 1 1.177500000000002 1.0 201
9 0 47.167500000000004 1.0 486
24 1 49.7225 1.0 1239
15 0 11.3975 1.0 758
3 0 16.507500000000007 1.0 162
12 1 31.837500000000006 1.0 625
579205.5 20
16 0 59.94250000000001 1.0 846
16 0 62.4975 1.0 848
4 1 11.3975 1.0 209
16 1 13.9525 1.0 811
18 0 34.3925 1.0 926
12 0 57.3875 1.0 644
1 0 39.5025 1.0 80
20 1 16.507500000000007 1.0 1013
9 1 1.177500000000002 1.0 451
5 0 44.6125 1.0 284
5 1 21.617500000000007 1.0 267
8 1 29.2825 1.0 423
24 1 8.842500000000001 1.0 1207
7 0 19.0625 1.0 364
5 0 26.727500000000006 1.0 270
21 0 19.0625 1.0 1064
21 1 19.0625 1.0 1065
20 0 39.5025 1.0 1030
21 0 59.94250000000001 1.0 1096
1 0 19.0625 1.0 64
1137946.6 18
3 1 6.287500000000001 1.0 155
12 0 24.1725 1.0 618
6 0 54.83250000000001 1.0 342
16 0 59.94250000000001 1.0 846
22 0 49.7225 1.0 1138
11 1 44.6125 1.0 585
14 1 24.1725 1.0 719
11 0 3.7325000000000017 1.0 552
5 0 24.1725 1.0 268
23 1 3.7325000000000017 1.0 1153
12 0 36.947500000000005 1.0 628
13 0 3.7325000000000017 1.0 652
9 0 36.947500000000005 1.0 478
24 0 8.842500000000001 1.0 1206
22 0 31.837500000000006 1.0 1124
14 1 59.94250000000001 1.0 747
17 0 3.7325000000000017 1.0 852
13 0 34.3925 1.0 676
1545967.2 22
4 1 16.507500000000007 1.0 213
1 0 3.7325000000000017 1.0 52
13 1 49.7225 1.0 689
24 0 11.3975 1.0 1208
9 1 24.1725 1.0 469
10 1 24.1725 1.0 519
10 1 26.727500000000006 1.0 521
22 1 21.617500000000007 1.0 1117
22 0 3.7325000000000017 1.0 1102
2 1 52.2775 1.0 141
20 1 21.617500000000007 1.0 1017
18 1 1.177500000000002 1.0 901
2 0 49.7225 1.0 138
22 1 57.3875 1.0 1145
16 1 42.057500000000005 1.0 833
14 0 24.1725 1.0 718
18 0 47.167500000000004 1.0 936
8 1 57.3875 1.0 445
13 1 52.2775 1.0 691
19 0 8.842500000000001 1.0 956
12 1 39.5025 1.0 631
3 0 49.7225 1.0 188
789558.44 18
20 1 36.947500000000005 1.0 1029
22 0 1.177500000000002 1.0 1100
22 0 49.7225 1.0 1138
9 1 47.167500000000004 1.0 487
4 1 62.4975 1.0 249
15 0 21.617500000000007 1.0 766
12 1 44.6125 1.0 635
5 0 21.617500000000007 1.0 266
20 0 47.167500000000004 1.0 1036
2 0 49.7225 1.0 138
8 0 42.057500000000005 1.0 432
18 1 59.94250000000001 1.0 947
12 1 13.9525 1.0 611
23 1 13.9525 1.0 1161
7 1 47.167500000000004 1.0 387
15 0 13.9525 1.0 760
20 1 24.1725 1.0 1019
13 1 52.2775 1.0 691
1015284.56 14
5 0 44.6125 1.0 284
9 0 19.0625 1.0 464
4 1 54.83250000000001 1.0 243
0 1 59.94250000000001 1.0 47
4 1 6.287500000000001 1.0 205
6 0 62.4975 1.0 348
10 0 47.167500000000004 1.0 536
17 0 39.5025 1.0 880
14 0 59.94250000000001 1.0 746
9 0 21.617500000000007 1.0 466
0 0 6.287500000000001 1.0 4
6 1 54.83250000000001 1.0 343
1 1 6.287500000000001 1.0 55
10 0 6.287500000000001 1.0 504
975230.8 6
17 0 47.167500000000004 1.0 886
1 1 44.6125 1.0 85
20 1 39.5025 1.0 1031
12 1 29.2825 1.0 623
16 0 42.057500000000005 1.0 832
20 0 42.057500000000005 1.0 1032
849569.1 17
12 0 39.5025 1.0 630
2 0 26.727500000000006 1.0 120
11 0 34.3925 1.0 576
11 1 6.287500000000001 1.0 555
7 1 26.727500000000006 1.0 371
16 0 11.3975 1.0 808
5 0 44.6125 1.0 284
13 1 52.2775 1.0 691
19 0 57.3875 1.0 994
19 1 8.842500000000001 1.0 957
14 0 57.3875 1.0 744
2 0 39.5025 1.0 130
4 0 21.617500000000007 1.0 216
12 0 16.507500000000007 1.0 612
22 1 42.057500000000005 1.0 1133
10 0 6.287500000000001 1.0 504
16 0 54.83250000000001 1.0 842
609218.5 6
20 0 1.177500000000002 1.0 1000
7 1 3.7325000000000017 1.0 353
10 0 54.83250000000001 1.0 542
5 0 21.617500000000007 1.0 266
14 0 26.727500000000006 1.0 720
10 1 52.2775 1.0 541
1440921.6 5
22 1 21.617500000000007 1.0 1117
5 0 1.177500000000002 1.0 250
15 1 26.727500000000006 1.0 771
18 0 11.3975 1.0 908
15 0 42.057500000000005 1.0 782
1380075.2 23
5 0 26.727500000000006 1.0 270
0 0 6.287500000000001 1.0 4
15 1 62.4975 1.0 799
4 1 11.3975 1.0 209
22 0 31.837500000000006 1.0 1124
14 1 44.6125 1.0 735
6 0 6.287500000000001 1.0 304
16 0 11.3975 1.0 808
3 0 16.507500000000007 1.0 162
16 1 11.3975 1.0 809
23 0 8.842500000000001 1.0 1156
16 0 52.2775 1.0 840
9 0 36.947500000000005 1.0 478
12 1 39.5025 1.0 631
1 1 44.6125 1.0 85
4 0 54.83250000000001 1.0 242
16 0 49.7225 1.0 838
13 1 24.1725 1.0 669
17 0 52.2775 1.0 890
20 1 57.3875 1.0 1045
11 0 34.3925 1.0 576
22 1 34.3925 1.0 1127
3 1 42.057500000000005 1.0 183
1021135.4 7
20 0 47.167500000000004 1.0 1036
7 0 57.3875 1.0 394
1 1 44.6125 1.0 85
4 1 39.5025 1.0 231
18 1 1.177500000000002 1.0 901
3 1 42.057500000000005 1.0 183
17 0 16.507500000000007 1.0 862
1938911.4 9
4 1 52.2775 1.0 241
20 1 19.0625 1.0 1015
13 1 24.1725 1.0 669
22 0 57.3875 1.0 1144
4 1 57.3875 1.0 245
10 0 6.287500000000001 1.0 504
4 1 3.7325000000000017 1.0 203
10 0 62.4975 1.0 548
8 0 59.94250000000001 1.0 446
764000.94 8
15 0 11.3975 1.0 758
8 1 29.2825 1.0 423
19 1 54.83250000000001 1.0 993
19 0 54.83250000000001 1.0 992
8 0 31.837500000000006 1.0 424
11 1 3.7325000000000017 1.0 553
2 0 31.837500000000006 1.0 124
24 1 49.7225 1.0 1239
1988532.6 11
6 1 39.5025 1.0 331
10 0 8.842500000000001 1.0 506
9 0 52.2775 1.0 490
15 1 1.177500000000002 1.0 751
4 1 11.3975 1.0 209
20 0 1.177500000000002 1.0 1000
14 1 59.94250000000001 1.0 747
18 0 57.3875 1.0 944
4 0 13.9525 1.0 210
22 1 8.842500000000001 1.0 1107
7 0 3.7325000000000017 1.0 352
204268.97 18
3 0 19.0625 1.0 164
9 1 49.7225 1.0 489
0 1 54.83250000000001 1.0 43
4 1 57.3875 1.0 245
20 0 1.177500000000002 1.0 1000
18 1 59.94250000000001 1.0 947
17 1 34.3925 1.0 877
16 0 44.6125 1.0 834
7 0 57.3875 1.0 394
22 0 54.83250000000001 1.0 1142
13 1 34.3925 1.0 677
21 1 19.0625 1.0 1065
1 0 29.2825 1.0 72
0 0 31.837500000000006 1.0 24
17 0 19.0625 1.0 864
1 0 52.2775 1.0 90
19 1 34.3925 1.0 977
2 1 47.167500000000004 1.0 137
1478592.0 17
4 0 52.2775 1.0 240
12 1 16.507500000000007 1.0 613
14 0 57.3875 1.0 744
23 0 29.2825 1.0 1172
4 0 44.6125 1.0 234
7 1 21.617500000000007 1.0 367
10 1 26.727500000000006 1.0 521
23 1 13.9525 1.0 1161
20 1 19.0625 1.0 1015
16 0 62.4975 1.0 848
24 0 24.1725 1.0 1218
20 1 16.507500000000007 1.0 1013
17 0 54.83250000000001 1.0 892
18 0 11.3975 1.0 908
12 0 6.287500000000001 1.0 604
24 0 54.83250000000001 1.0 1242
0 0 31.837500000000006 1.0 24
598227.3 23
24 1 8.842500000000001 1.0 1207
22 1 42.057500000000005 1.0 1133
20 1 13.9525 1.0 1011
6 0 8.842500000000001 1.0 306
6 0 6.287500000000001 1.0 304
22 0 42.057500000000005 1.0 1132
11 0 6.287500000000001 1.0 554
3 1 42.057500000000005 1.0 183
1 1 42.057500000000005 1.0 83
2 1 36.947500000000005 1.0 129
22 1 1.177500000000002 1.0 1101
3 0 19.0625 1.0 164
5 0 42.057500000000005 1.0 282
9 1 13.9525 1.0 461
15 1 62.4975 1.0 799
9 1 39.5025 1.0 481
0 1 21.617500000000007 1.0 17
24 0 26.727500000000006 1.0 1220
6 0 1.177500000000002 1.0 300
22 0 44.6125 1.0 1134
1 1 31.837500000000006 1.0 75
10 1 8.842500000000001 1.0 507
14 0 24.1725 1.0 718
1659937.1 20
1 0 19.0625 1.0 64
19 0 8.842500000000001 1.0 956
1 0 1.177500000000002 1.0 50
12 0 42.057500000000005 1.0 632
17 0 54.83250000000001 1.0 892
3 1 44.6125 1.0 185
6 1 47.167500000000004 1.0 337
20 0 8.842500000000001 1.0 1006
7 1 16.507500000000007 1.0 363
3 0 16.507500000000007 1.0 162
23 0 11.3975 1.0 1158
22 0 42.057500000000005 1.0 1132
14 1 59.94250000000001 1.0 747
24 0 11.3975 1.0 1208
13 0 54.83250000000001 1.0 692
8 1 11.3975 1.0 409
5 0 47.167500000000004 1.0 286
5 0 21.617500000000007 1.0 266
12 0 6.287500000000001 1.0 604
0 0 36.947500000000005 1.0 28
813140.9 24
3 0 19.0625 1.0 164
5 0 26.727500000000006 1.0 270
5 1 54.83250000000001 1.0 293
22 1 52.2775 1.0 1141
9 1 47.167500000000004 1.0 487
8 1 57.3875 1.0 445
6 0 36.947500000000005 1.0 328
16 0 54.83250000000001 1.0 842
20 1 21.617500000000007 1.0 1017
18 0 57.3875 1.0 944
20 0 47.167500000000004 1.0 1036
0 0 36.947500000000005 1.0 28
4 1 62.4975 1.0 249
12 1 39.5025 1.0 631
7 1 3.7325000000000017 1.0 353
10 0 54.83250000000001 1.0 542
13 1 49.7225 1.0 689
2 1 62.4975 1.0 149
18 1 13.9525 1.0 911
16 0 11.3975 1.0 808
22 1 8.842500000000001 1.0 1107
6 0 42.057500000000005 1.0 332
16 0 59.94250000000001 1.0 846
15 1 42.057500000000005 1.0 783
178357.03 18
22 0 42.057500000000005 1.0 1132
23 1 16.507500000000007 1.0 1163
20 0 62.4975 1.0 1048
4 1 3.7325000000000017 1.0 203
18 1 42.057500000000005 1.0 933
13 1 21.617500000000007 1.0 667
7 1 16.507500000000007 1.0 363
20 0 47.167500000000004 1.0 1036
16 0 11.3975 1.0 808
12 0 47.167500000000004 1.0 636
16 0 42.057500000000005 1.0 832
10 1 8.842500000000001 1.0 507
18 0 24.1725 1.0 918
17 1 29.2825 1.0 873
22 1 21.617500000000007 1.0 1117
13 1 49.7225 1.0 689
22 0 21.617500000000007 1.0 1116
12 1 44.6125 1.0 635
1955745.0 13
20 0 47.167500000000004 1.0 1036
18 1 11.3975 1.0 909
4 0 62.4975 1.0 248
22 1 21.617500000000007 1.0 1117
11 0 3.7325000000000017 1.0 552
6 1 47.167500000000004 1.0 337
10 0 3.7325000000000017 1.0 502
24 1 31.837500000000006 1.0 1225
1 0 3.7325000000000017 1.0 52
22 0 49.7225 1.0 1138
1 1 42.057500000000005 1.0 83
2 0 31.837500000000006 1.0 124
17 0 54.83250000000001 1.0 892
349446.66 15
6 1 34.3925 1.0 327
12 1 62.4975 1.0 649
16 0 59.94250000000001 1.0 846
8 1 19.0625 1.0 415
4 1 16.507500000000007 1.0 213
21 0 49.7225 1.0 1088
15 1 26.727500000000006 1.0 771
9 1 39.5025 1.0 481
4 0 52.2775 1.0 240
12 1 16.507500000000007 1.0 613
22 0 42.057500000000005 1.0 1132
4 1 11.3975 1.0 209
7 1 47.167500000000004 1.0 387
9 1 31.837500000000006 1.0 475
4 0 59.94250000000001 1.0 246
1521699.5 15
16 1 26.727500000000006 1.0 821
16 1 13.9525 1.0 811
19 0 47.167500000000004 1.0 986
9 0 44.6125 1.0 484
16 0 59.94250000000001 1.0 846
4 0 21.617500000000007 1.0 216
22 0 49.7225 1.0 1138
7 1 47.167500000000004 1.0 387
13 0 1.177500000000002 1.0 650
20 0 42.057500000000005 1.0 1032
8 0 31.837500000000006 1.0 424
5 1 54.83250000000001 1.0 293
10 1 54.83250000000001 1.0 543
18 0 3.7325000000000017 1.0 902
23 1 3.7325000000000017 1.0 1153
1497393.1 16
22 0 21.617500000000007 1.0 1116
11 1 44.6125 1.0 585
5 1 21.617500000000007 1.0 267
10 0 36.947500000000005 1.0 528
3 1 62.4975 1.0 199
2 0 57.3875 1.0 144
20 0 42.057500000000005 1.0 1032
16 0 57.3875 1.0 844
3 0 13.9525 1.0 160
19 0 47.167500000000004 1.0 986
17 1 16.507500000000007 1.0 863
3 0 49.7225 1.0 188
22 1 26.727500000000006 1.0 1121
22 0 54.83250000000001 1.0 1142
4 0 54.83250000000001 1.0 242
6 0 59.94250000000001 1.0 346
976519.6 7
17 1 39.5025 1.0 881
8 0 59.94250000000001 1.0 446
8 1 57.3875 1.0 445
5 0 21.617500000000007 1.0 266
11 1 62.4975 1.0 599
10 0 21.617500000000007 1.0 516
5 0 26.727500000000006 1.0 270
145166.1 18
20 0 11.3975 1.0 1008
6 0 36.947500000000005 1.0 328
15 1 16.507500000000007 1.0 763
2 0 49.7225 1.0 138
15 1 26.727500000000006 1.0 771
22 0 31.837500000000006 1.0 1124
20 0 42.057500000000005 1.0 1032
20 1 19.0625 1.0 1015
10 0 6.287500000000001 1.0 504
20 1 16.507500000000007 1.0 1013
12 0 57.3875 1.0 644
6 1 39.5025 1.0 331
10 0 8.842500000000001 1.0 506
16 0 39.5025 1.0 830
4 1 54.83250000000001 1.0 243
1 1 16.507500000000007 1.0 63
17 1 16.507500000000007 1.0 863
12 1 39.5025 1.0 631
96961.25 20
6 0 6.287500000000001 1.0 304
6 0 52.2775 1.0 340
9 1 47.167500000000004 1.0 487
10 0 54.83250000000001 1.0 542
21 1 11.3975 1.0 1059
14 1 42.057500000000005 1.0 733
6 0 16.507500000000007 1.0 312
7 0 57.3875 1.0 394
13 0 54.83250000000001 1.0 692
5 1 44.6125 1.0 285
16 1 31.837500000000006 1.0 825
0 1 21.617500000000007 1.0 17
2 1 36.947500000000005 1.0 129
11 0 34.3925 1.0 576
20 1 36.947500000000005 1.0 1029
5 0 42.057500000000005 1.0 282
22 0 49.7225 1.0 1138
12 1 44.6125 1.0 635
20 0 8.842500000000001 1.0 1006
17 0 31.837500000000006 1.0 874
1061509.1 13
2 1 29.2825 1.0 123
6 0 16.507500000000007 1.0 312
18 1 59.94250000000001 1.0 947
18 0 11.3975 1.0 908
7 0 3.7325000000000017 1.0 352
21 0 19.0625 1.0 1064
3 0 47.167500000000004 1.0 186
9 1 13.9525 1.0 461
6 0 31.837500000000006 1.0 324
4 1 62.4975 1.0 249
0 1 21.617500000000007 1.0 17
17 0 31.837500000000006 1.0 874
17 1 59.94250000000001 1.0 897
91206.14 13
10 0 21.617500000000007 1.0 516
0 1 1.177500000000002 1.0 1
1 0 3.7325000000000017 1.0 52
11 1 39.5025 1.0 581
10 0 6.287500000000001 1.0 504
9 0 52.2775 1.0 490
18 1 11.3975 1.0 909
4 1 24.1725 1.0 219
15 1 16.507500000000007 1.0 763
18 1 42.057500000000005 1.0 933
10 1 8.842500000000001 1.0 507
12 0 1.177500000000002 1.0 600
8 1 42.057500000000005 1.0 433
