Numero de pedidos
200
duedate num_referencias // pasillo lado altura peso
813479.06 18
0 1 42.057500000000005 1.0 33
0 1 6.287500000000001 1.0 5
4 0 11.3975 1.0 208
2 1 13.9525 1.0 111
9 1 52.2775 1.0 491
4 0 54.83250000000001 1.0 242
6 1 57.3875 1.0 345
0 1 52.2775 1.0 41
1 1 49.7225 1.0 89
0 0 26.727500000000006 1.0 20
21 0 62.4975 1.0 1098
4 0 42.057500000000005 1.0 232
7 0 34.3925 1.0 376
3 0 57.3875 1.0 194
0 0 3.7325000000000017 1.0 2
4 1 8.842500000000001 1.0 207
4 1 3.7325000000000017 1.0 203
2 0 26.727500000000006 1.0 120
770330.56 16
0 0 39.5025 1.0 30
13 0 29.2825 1.0 672
0 0 16.507500000000007 1.0 12
18 1 13.9525 1.0 911
3 0 62.4975 1.0 198
1 0 47.167500000000004 1.0 86
4 0 8.842500000000001 1.0 206
2 0 31.837500000000006 1.0 124
2 1 57.3875 1.0 145
0 1 54.83250000000001 1.0 43
4 1 52.2775 1.0 241
3 0 29.2825 1.0 172
2 1 8.842500000000001 1.0 107
1 1 1.177500000000002 1.0 51
6 0 29.2825 1.0 322
9 1 34.3925 1.0 477
500310.16 16
2 0 3.7325000000000017 1.0 102
1 0 42.057500000000005 1.0 82
0 1 31.837500000000006 1.0 25
1 0 3.7325000000000017 1.0 52
23 0 19.0625 1.0 1164
1 1 3.7325000000000017 1.0 53
1 1 39.5025 1.0 81
1 1 21.617500000000007 1.0 67
3 1 44.6125 1.0 185
0 0 3.7325000000000017 1.0 2
3 0 1.177500000000002 1.0 150
4 0 3.7325000000000017 1.0 202
4 0 29.2825 1.0 222
19 1 59.94250000000001 1.0 997
4 0 21.617500000000007 1.0 216
4 1 62.4975 1.0 249
918694.56 8
0 1 11.3975 1.0 9
4 0 19.0625 1.0 214
1 0 1.177500000000002 1.0 50
2 1 44.6125 1.0 135
15 0 3.7325000000000017 1.0 752
0 0 47.167500000000004 1.0 36
2 0 13.9525 1.0 110
4 0 44.6125 1.0 234
947315.75 21
4 0 42.057500000000005 1.0 232
3 1 42.057500000000005 1.0 183
8 1 34.3925 1.0 427
0 1 19.0625 1.0 15
4 1 49.7225 1.0 239
8 1 11.3975 1.0 409
7 1 21.617500000000007 1.0 367
4 1 59.94250000000001 1.0 247
9 1 57.3875 1.0 495
1 1 1.177500000000002 1.0 51
3 0 36.947500000000005 1.0 178
2 0 24.1725 1.0 118
0 1 29.2825 1.0 23
4 0 26.727500000000006 1.0 220
0 0 49.7225 1.0 38
4 1 57.3875 1.0 245
0 1 26.727500000000006 1.0 21
3 0 59.94250000000001 1.0 196
0 0 36.947500000000005 1.0 28
4 1 13.9525 1.0 211
2 1 8.842500000000001 1.0 107
1408515.5 9
0 1 59.94250000000001 1.0 47
17 0 6.287500000000001 1.0 854
6 1 62.4975 1.0 349
0 1 16.507500000000007 1.0 13
0 0 26.727500000000006 1.0 20
1 1 47.167500000000004 1.0 87
23 0 26.727500000000006 1.0 1170
4 1 62.4975 1.0 249
16 0 24.1725 1.0 818
565102.4 5
1 0 1.177500000000002 1.0 50
1 0 24.1725 1.0 68
9 1 52.2775 1.0 491
0 0 44.6125 1.0 34
0 0 11.3975 1.0 8
1909945.0 20
1 0 26.727500000000006 1.0 70
0 1 16.507500000000007 1.0 13
1 0 11.3975 1.0 58
0 1 21.617500000000007 1.0 17
4 1 54.83250000000001 1.0 243
4 1 49.7225 1.0 239
2 1 21.617500000000007 1.0 117
0 1 24.1725 1.0 19
2 0 54.83250000000001 1.0 142
0 0 54.83250000000001 1.0 42
2 0 3.7325000000000017 1.0 102
0 0 11.3975 1.0 8
2 0 57.3875 1.0 144
4 0 29.2825 1.0 222
14 1 59.94250000000001 1.0 747
2 1 3.7325000000000017 1.0 103
3 1 16.507500000000007 1.0 163
8 1 11.3975 1.0 409
4 0 31.837500000000006 1.0 224
5 1 34.3925 1.0 277
535091.6 20
1 1 19.0625 1.0 65
1 0 62.4975 1.0 98
2 1 31.837500000000006 1.0 125
1 1 13.9525 1.0 61
0 1 59.94250000000001 1.0 47
19 0 52.2775 1.0 990
1 0 16.507500000000007 1.0 62
4 1 19.0625 1.0 215
3 0 1.177500000000002 1.0 150
0 1 13.9525 1.0 11
9 1 57.3875 1.0 495
2 1 13.9525 1.0 111
3 1 42.057500000000005 1.0 183
20 1 54.83250000000001 1.0 1043
0 0 59.94250000000001 1.0 46
0 1 19.0625 1.0 15
9 1 39.5025 1.0 481
3 1 44.6125 1.0 185
0 1 54.83250000000001 1.0 43
1 1 8.842500000000001 1.0 57
1817760.0 13
1 0 26.727500000000006 1.0 70
0 0 26.727500000000006 1.0 20
1 1 57.3875 1.0 95
2 1 16.507500000000007 1.0 113
1 1 39.5025 1.0 81
2 1 24.1725 1.0 119
1 0 13.9525 1.0 60
4 1 8.842500000000001 1.0 207
3 0 16.507500000000007 1.0 162
4 0 34.3925 1.0 226
0 1 49.7225 1.0 39
1 1 36.947500000000005 1.0 79
2 0 44.6125 1.0 134
1764538.6 10
4 1 52.2775 1.0 241
2 1 11.3975 1.0 109
15 0 47.167500000000004 1.0 786
2 0 42.057500000000005 1.0 132
3 1 26.727500000000006 1.0 171
2 0 59.94250000000001 1.0 146
20 1 26.727500000000006 1.0 1021
2 1 54.83250000000001 1.0 143
4 0 36.947500000000005 1.0 228
1 0 42.057500000000005 1.0 82
1264516.0 23
1 1 6.287500000000001 1.0 55
2 1 6.287500000000001 1.0 105
4 0 57.3875 1.0 244
0 0 49.7225 1.0 38
1 0 26.727500000000006 1.0 70
0 0 54.83250000000001 1.0 42
0 0 11.3975 1.0 8
0 1 26.727500000000006 1.0 21
0 1 47.167500000000004 1.0 37
3 0 52.2775 1.0 190
1 1 29.2825 1.0 73
3 1 11.3975 1.0 159
0 0 44.6125 1.0 34
2 1 26.727500000000006 1.0 121
5 0 6.287500000000001 1.0 254
1 0 34.3925 1.0 76
2 0 11.3975 1.0 108
23 1 34.3925 1.0 1177
4 1 8.842500000000001 1.0 207
1 1 11.3975 1.0 59
2 0 16.507500000000007 1.0 112
2 1 13.9525 1.0 111
0 0 3.7325000000000017 1.0 2
1859174.1 9
4 0 13.9525 1.0 210
3 0 16.507500000000007 1.0 162
10 0 47.167500000000004 1.0 536
4 0 62.4975 1.0 248
6 0 8.842500000000001 1.0 306
4 1 44.6125 1.0 235
4 0 54.83250000000001 1.0 242
20 1 62.4975 1.0 1049
10 1 24.1725 1.0 519
694932.1 13
3 1 49.7225 1.0 189
11 0 26.727500000000006 1.0 570
9 1 3.7325000000000017 1.0 453
0 1 62.4975 1.0 49
4 0 21.617500000000007 1.0 216
2 1 47.167500000000004 1.0 137
4 1 8.842500000000001 1.0 207
7 0 29.2825 1.0 372
2 1 39.5025 1.0 131
13 1 44.6125 1.0 685
3 1 31.837500000000006 1.0 175
4 0 39.5025 1.0 230
1 0 47.167500000000004 1.0 86
1856545.9 5
3 0 19.0625 1.0 164
5 0 57.3875 1.0 294
16 0 34.3925 1.0 826
6 0 54.83250000000001 1.0 342
2 0 34.3925 1.0 126
118745.94 22
1 0 39.5025 1.0 80
4 0 11.3975 1.0 208
16 1 62.4975 1.0 849
22 1 8.842500000000001 1.0 1107
20 0 57.3875 1.0 1044
2 1 29.2825 1.0 123
3 1 42.057500000000005 1.0 183
4 0 1.177500000000002 1.0 200
1 0 16.507500000000007 1.0 62
3 0 49.7225 1.0 188
0 1 62.4975 1.0 49
19 0 42.057500000000005 1.0 982
4 0 59.94250000000001 1.0 246
1 1 44.6125 1.0 85
19 0 3.7325000000000017 1.0 952
16 0 1.177500000000002 1.0 800
3 1 3.7325000000000017 1.0 153
4 1 19.0625 1.0 215
2 1 21.617500000000007 1.0 117
1 0 31.837500000000006 1.0 74
22 1 54.83250000000001 1.0 1143
1 0 36.947500000000005 1.0 78
466247.66 9
3 1 39.5025 1.0 181
2 0 3.7325000000000017 1.0 102
4 1 8.842500000000001 1.0 207
3 1 24.1725 1.0 169
2 0 21.617500000000007 1.0 116
6 1 26.727500000000006 1.0 321
22 1 13.9525 1.0 1111
1 1 29.2825 1.0 73
0 0 8.842500000000001 1.0 6
1411883.2 6
3 1 11.3975 1.0 159
18 0 52.2775 1.0 940
3 0 11.3975 1.0 158
22 0 8.842500000000001 1.0 1106
19 0 8.842500000000001 1.0 956
10 0 19.0625 1.0 514
296431.28 22
1 0 19.0625 1.0 64
0 1 39.5025 1.0 31
4 1 34.3925 1.0 227
4 1 24.1725 1.0 219
17 0 47.167500000000004 1.0 886
7 0 52.2775 1.0 390
18 1 54.83250000000001 1.0 943
4 1 26.727500000000006 1.0 221
5 1 21.617500000000007 1.0 267
5 0 59.94250000000001 1.0 296
2 0 57.3875 1.0 144
4 0 44.6125 1.0 234
4 1 19.0625 1.0 215
0 0 47.167500000000004 1.0 36
2 0 49.7225 1.0 138
2 0 39.5025 1.0 130
4 0 16.507500000000007 1.0 212
3 0 52.2775 1.0 190
19 0 6.287500000000001 1.0 954
0 0 49.7225 1.0 38
0 1 26.727500000000006 1.0 21
1 1 59.94250000000001 1.0 97
1176093.4 22
20 1 29.2825 1.0 1023
10 0 49.7225 1.0 538
0 0 52.2775 1.0 40
1 1 54.83250000000001 1.0 93
2 1 29.2825 1.0 123
3 0 29.2825 1.0 172
4 0 6.287500000000001 1.0 204
3 0 34.3925 1.0 176
0 0 19.0625 1.0 14
4 1 34.3925 1.0 227
4 0 34.3925 1.0 226
0 0 31.837500000000006 1.0 24
1 0 47.167500000000004 1.0 86
7 1 1.177500000000002 1.0 351
21 1 26.727500000000006 1.0 1071
1 0 24.1725 1.0 68
1 0 34.3925 1.0 76
1 0 13.9525 1.0 60
3 1 36.947500000000005 1.0 179
2 0 59.94250000000001 1.0 146
0 0 44.6125 1.0 34
0 0 59.94250000000001 1.0 46
788210.44 5
2 1 47.167500000000004 1.0 137
4 1 3.7325000000000017 1.0 203
5 1 13.9525 1.0 261
0 1 42.057500000000005 1.0 33
1 1 31.837500000000006 1.0 75
1945452.0 23
2 1 6.287500000000001 1.0 105
14 0 44.6125 1.0 734
2 1 8.842500000000001 1.0 107
17 0 24.1725 1.0 868
14 0 8.842500000000001 1.0 706
3 1 16.507500000000007 1.0 163
0 1 8.842500000000001 1.0 7
4 1 36.947500000000005 1.0 229
0 0 34.3925 1.0 26
4 0 21.617500000000007 1.0 216
2 1 49.7225 1.0 139
3 0 26.727500000000006 1.0 170
4 1 26.727500000000006 1.0 221
0 0 3.7325000000000017 1.0 2
1 0 29.2825 1.0 72
0 0 11.3975 1.0 8
0 0 13.9525 1.0 10
0 1 29.2825 1.0 23
23 1 26.727500000000006 1.0 1171
20 0 6.287500000000001 1.0 1004
20 1 29.2825 1.0 1023
8 0 52.2775 1.0 440
0 0 62.4975 1.0 48
849310.3 10
1 0 8.842500000000001 1.0 56
2 1 62.4975 1.0 149
14 1 36.947500000000005 1.0 729
2 0 31.837500000000006 1.0 124
2 0 44.6125 1.0 134
3 0 39.5025 1.0 180
3 1 3.7325000000000017 1.0 153
4 1 62.4975 1.0 249
3 1 59.94250000000001 1.0 197
0 1 52.2775 1.0 41
684924.44 21
1 1 6.287500000000001 1.0 55
1 0 26.727500000000006 1.0 70
2 1 6.287500000000001 1.0 105
3 0 6.287500000000001 1.0 154
2 0 29.2825 1.0 122
5 0 24.1725 1.0 268
6 1 44.6125 1.0 335
0 0 16.507500000000007 1.0 12
3 1 62.4975 1.0 199
5 0 44.6125 1.0 284
4 1 62.4975 1.0 249
19 1 16.507500000000007 1.0 963
4 1 57.3875 1.0 245
2 0 21.617500000000007 1.0 116
19 1 29.2825 1.0 973
2 0 13.9525 1.0 110
4 1 59.94250000000001 1.0 247
1 0 6.287500000000001 1.0 54
3 0 29.2825 1.0 172
4 0 42.057500000000005 1.0 232
6 1 59.94250000000001 1.0 347
1948355.2 9
2 0 57.3875 1.0 144
17 1 57.3875 1.0 895
19 0 31.837500000000006 1.0 974
0 1 13.9525 1.0 11
0 1 6.287500000000001 1.0 5
3 1 52.2775 1.0 191
9 0 11.3975 1.0 458
2 1 6.287500000000001 1.0 105
1 1 26.727500000000006 1.0 71
890520.0 7
2 1 24.1725 1.0 119
11 1 21.617500000000007 1.0 567
2 1 11.3975 1.0 109
2 1 52.2775 1.0 141
4 1 39.5025 1.0 231
4 1 59.94250000000001 1.0 247
1 0 6.287500000000001 1.0 54
1130716.2 9
2 1 13.9525 1.0 111
0 0 39.5025 1.0 30
4 1 29.2825 1.0 223
23 1 3.7325000000000017 1.0 1153
3 1 29.2825 1.0 173
4 0 57.3875 1.0 244
2 1 54.83250000000001 1.0 143
4 0 11.3975 1.0 208
0 1 52.2775 1.0 41
68426.05 22
4 1 3.7325000000000017 1.0 203
1 0 8.842500000000001 1.0 56
3 1 24.1725 1.0 169
3 0 6.287500000000001 1.0 154
4 1 57.3875 1.0 245
0 0 24.1725 1.0 18
1 1 26.727500000000006 1.0 71
3 0 62.4975 1.0 198
1 0 42.057500000000005 1.0 82
0 0 11.3975 1.0 8
3 0 52.2775 1.0 190
1 1 54.83250000000001 1.0 93
3 1 52.2775 1.0 191
1 0 29.2825 1.0 72
4 0 36.947500000000005 1.0 228
2 0 57.3875 1.0 144
3 1 26.727500000000006 1.0 171
0 0 59.94250000000001 1.0 46
4 0 3.7325000000000017 1.0 202
0 0 49.7225 1.0 38
3 0 11.3975 1.0 158
0 0 26.727500000000006 1.0 20
216566.27 20
1 0 42.057500000000005 1.0 82
8 1 49.7225 1.0 439
0 0 3.7325000000000017 1.0 2
1 1 8.842500000000001 1.0 57
4 1 36.947500000000005 1.0 229
6 0 6.287500000000001 1.0 304
0 1 52.2775 1.0 41
4 1 8.842500000000001 1.0 207
4 0 42.057500000000005 1.0 232
8 0 1.177500000000002 1.0 400
5 0 29.2825 1.0 272
3 1 29.2825 1.0 173
1 1 54.83250000000001 1.0 93
0 1 44.6125 1.0 35
0 0 13.9525 1.0 10
15 0 34.3925 1.0 776
4 1 39.5025 1.0 231
3 0 57.3875 1.0 194
4 0 26.727500000000006 1.0 220
2 1 13.9525 1.0 111
994666.1 6
2 0 59.94250000000001 1.0 146
9 0 29.2825 1.0 472
4 1 42.057500000000005 1.0 233
1 1 52.2775 1.0 91
11 1 49.7225 1.0 589
0 0 8.842500000000001 1.0 6
1902770.0 10
4 1 47.167500000000004 1.0 237
0 0 62.4975 1.0 48
14 0 26.727500000000006 1.0 720
8 1 49.7225 1.0 439
3 1 26.727500000000006 1.0 171
1 0 49.7225 1.0 88
0 1 16.507500000000007 1.0 13
2 0 34.3925 1.0 126
1 0 62.4975 1.0 98
13 1 59.94250000000001 1.0 697
51081.035 10
0 0 21.617500000000007 1.0 16
2 1 49.7225 1.0 139
0 1 16.507500000000007 1.0 13
1 1 6.287500000000001 1.0 55
0 0 34.3925 1.0 26
2 1 42.057500000000005 1.0 133
1 0 1.177500000000002 1.0 50
3 1 42.057500000000005 1.0 183
3 1 29.2825 1.0 173
1 1 52.2775 1.0 91
1942117.9 5
2 0 54.83250000000001 1.0 142
1 1 52.2775 1.0 91
10 1 54.83250000000001 1.0 543
0 1 24.1725 1.0 19
0 0 31.837500000000006 1.0 24
1343755.2 18
0 1 3.7325000000000017 1.0 3
6 1 62.4975 1.0 349
1 1 11.3975 1.0 59
3 1 29.2825 1.0 173
9 0 34.3925 1.0 476
2 0 3.7325000000000017 1.0 102
2 1 26.727500000000006 1.0 121
20 0 44.6125 1.0 1034
2 0 26.727500000000006 1.0 120
1 1 24.1725 1.0 69
4 0 54.83250000000001 1.0 242
4 0 47.167500000000004 1.0 236
24 1 21.617500000000007 1.0 1217
1 0 57.3875 1.0 94
0 1 1.177500000000002 1.0 1
13 0 24.1725 1.0 668
2 1 3.7325000000000017 1.0 103
4 0 24.1725 1.0 218
611570.25 19
4 1 57.3875 1.0 245
15 0 21.617500000000007 1.0 766
3 1 19.0625 1.0 165
2 0 6.287500000000001 1.0 104
1 0 31.837500000000006 1.0 74
3 1 3.7325000000000017 1.0 153
2 0 8.842500000000001 1.0 106
4 1 52.2775 1.0 241
5 1 21.617500000000007 1.0 267
6 0 11.3975 1.0 308
4 0 49.7225 1.0 238
4 0 31.837500000000006 1.0 224
1 1 26.727500000000006 1.0 71
0 1 39.5025 1.0 31
6 1 34.3925 1.0 327
0 1 21.617500000000007 1.0 17
4 1 8.842500000000001 1.0 207
2 1 49.7225 1.0 139
1 1 62.4975 1.0 99
1488148.1 9
3 1 26.727500000000006 1.0 171
3 0 8.842500000000001 1.0 156
4 1 44.6125 1.0 235
2 1 8.842500000000001 1.0 107
2 1 42.057500000000005 1.0 133
6 1 59.94250000000001 1.0 347
1 1 3.7325000000000017 1.0 53
1 1 52.2775 1.0 91
0 1 34.3925 1.0 27
241269.72 22
2 0 42.057500000000005 1.0 132
5 0 31.837500000000006 1.0 274
20 0 8.842500000000001 1.0 1006
1 1 11.3975 1.0 59
1 1 44.6125 1.0 85
3 1 34.3925 1.0 177
2 1 6.287500000000001 1.0 105
4 0 44.6125 1.0 234
2 1 62.4975 1.0 149
3 0 29.2825 1.0 172
4 0 52.2775 1.0 240
2 0 29.2825 1.0 122
21 0 26.727500000000006 1.0 1070
0 0 34.3925 1.0 26
7 0 13.9525 1.0 360
8 1 21.617500000000007 1.0 417
3 0 31.837500000000006 1.0 174
17 1 26.727500000000006 1.0 871
3 0 3.7325000000000017 1.0 152
3 1 54.83250000000001 1.0 193
3 0 21.617500000000007 1.0 166
11 1 26.727500000000006 1.0 571
1959062.1 22
2 1 31.837500000000006 1.0 125
1 1 6.287500000000001 1.0 55
1 0 3.7325000000000017 1.0 52
1 0 54.83250000000001 1.0 92
1 0 13.9525 1.0 60
7 1 54.83250000000001 1.0 393
2 0 11.3975 1.0 108
21 1 54.83250000000001 1.0 1093
3 1 42.057500000000005 1.0 183
4 1 26.727500000000006 1.0 221
3 0 13.9525 1.0 160
0 1 52.2775 1.0 41
4 0 59.94250000000001 1.0 246
3 0 11.3975 1.0 158
2 0 49.7225 1.0 138
2 1 39.5025 1.0 131
24 0 13.9525 1.0 1210
1 0 21.617500000000007 1.0 66
3 0 39.5025 1.0 180
1 1 16.507500000000007 1.0 63
1 1 42.057500000000005 1.0 83
0 1 6.287500000000001 1.0 5
1310457.9 24
4 1 1.177500000000002 1.0 201
2 0 13.9525 1.0 110
0 1 24.1725 1.0 19
2 1 11.3975 1.0 109
0 0 16.507500000000007 1.0 12
4 1 24.1725 1.0 219
0 0 54.83250000000001 1.0 42
1 1 42.057500000000005 1.0 83
2 0 8.842500000000001 1.0 106
4 0 57.3875 1.0 244
21 0 62.4975 1.0 1098
2 0 62.4975 1.0 148
4 1 47.167500000000004 1.0 237
22 1 44.6125 1.0 1135
1 0 47.167500000000004 1.0 86
14 0 52.2775 1.0 740
1 0 29.2825 1.0 72
4 0 16.507500000000007 1.0 212
0 1 59.94250000000001 1.0 47
1 0 44.6125 1.0 84
15 0 8.842500000000001 1.0 756
16 0 57.3875 1.0 844
2 1 1.177500000000002 1.0 101
2 1 62.4975 1.0 149
1510549.4 8
0 0 29.2825 1.0 22
0 0 24.1725 1.0 18
1 1 62.4975 1.0 99
3 1 47.167500000000004 1.0 187
5 0 3.7325000000000017 1.0 252
16 0 6.287500000000001 1.0 804
0 1 54.83250000000001 1.0 43
5 0 21.617500000000007 1.0 266
1219543.0 24
19 0 36.947500000000005 1.0 978
0 0 36.947500000000005 1.0 28
2 0 39.5025 1.0 130
4 0 47.167500000000004 1.0 236
0 0 57.3875 1.0 44
0 0 44.6125 1.0 34
1 0 29.2825 1.0 72
2 0 1.177500000000002 1.0 100
0 0 39.5025 1.0 30
3 1 26.727500000000006 1.0 171
1 1 57.3875 1.0 95
9 1 44.6125 1.0 485
18 1 47.167500000000004 1.0 937
4 1 16.507500000000007 1.0 213
3 0 49.7225 1.0 188
1 1 16.507500000000007 1.0 63
3 1 57.3875 1.0 195
4 1 24.1725 1.0 219
2 0 13.9525 1.0 110
3 1 44.6125 1.0 185
2 1 36.947500000000005 1.0 129
0 0 19.0625 1.0 14
6 1 36.947500000000005 1.0 329
21 1 52.2775 1.0 1091
1877089.4 16
1 1 62.4975 1.0 99
3 0 24.1725 1.0 168
0 1 6.287500000000001 1.0 5
3 0 44.6125 1.0 184
4 0 3.7325000000000017 1.0 202
4 1 59.94250000000001 1.0 247
4 0 44.6125 1.0 234
15 1 1.177500000000002 1.0 751
0 0 52.2775 1.0 40
1 0 6.287500000000001 1.0 54
1 1 11.3975 1.0 59
2 0 13.9525 1.0 110
5 1 36.947500000000005 1.0 279
3 0 6.287500000000001 1.0 154
4 1 36.947500000000005 1.0 229
5 1 54.83250000000001 1.0 293
1280761.6 5
2 1 52.2775 1.0 141
3 1 29.2825 1.0 173
4 1 13.9525 1.0 211
0 0 16.507500000000007 1.0 12
0 1 26.727500000000006 1.0 21
389126.06 15
15 0 29.2825 1.0 772
4 0 21.617500000000007 1.0 216
3 1 49.7225 1.0 189
2 0 39.5025 1.0 130
1 1 19.0625 1.0 65
8 1 26.727500000000006 1.0 421
5 0 34.3925 1.0 276
3 1 21.617500000000007 1.0 167
4 1 24.1725 1.0 219
4 0 24.1725 1.0 218
11 1 29.2825 1.0 573
23 1 6.287500000000001 1.0 1155
0 0 21.617500000000007 1.0 16
5 1 19.0625 1.0 265
0 1 47.167500000000004 1.0 37
77996.39 20
1 1 49.7225 1.0 89
3 0 34.3925 1.0 176
11 0 36.947500000000005 1.0 578
8 0 6.287500000000001 1.0 404
3 1 57.3875 1.0 195
8 0 19.0625 1.0 414
3 1 42.057500000000005 1.0 183
4 1 52.2775 1.0 241
21 1 39.5025 1.0 1081
2 1 21.617500000000007 1.0 117
3 0 59.94250000000001 1.0 196
3 0 3.7325000000000017 1.0 152
10 1 39.5025 1.0 531
16 1 42.057500000000005 1.0 833
1 0 19.0625 1.0 64
2 0 11.3975 1.0 108
3 1 6.287500000000001 1.0 155
0 0 8.842500000000001 1.0 6
0 0 44.6125 1.0 34
22 0 16.507500000000007 1.0 1112
1180878.4 21
0 1 36.947500000000005 1.0 29
1 0 31.837500000000006 1.0 74
3 1 59.94250000000001 1.0 197
3 1 44.6125 1.0 185
3 0 39.5025 1.0 180
0 1 21.617500000000007 1.0 17
3 1 52.2775 1.0 191
24 0 57.3875 1.0 1244
9 1 42.057500000000005 1.0 483
0 1 3.7325000000000017 1.0 3
20 0 47.167500000000004 1.0 1036
4 0 52.2775 1.0 240
4 0 47.167500000000004 1.0 236
13 1 19.0625 1.0 665
2 0 42.057500000000005 1.0 132
2 1 11.3975 1.0 109
6 0 49.7225 1.0 338
1 1 59.94250000000001 1.0 97
4 0 8.842500000000001 1.0 206
0 0 49.7225 1.0 38
11 0 19.0625 1.0 564
1990682.2 5
2 1 44.6125 1.0 135
0 0 62.4975 1.0 48
3 0 39.5025 1.0 180
15 1 24.1725 1.0 769
1 1 59.94250000000001 1.0 97
1564568.1 6
1 0 29.2825 1.0 72
3 1 6.287500000000001 1.0 155
0 0 26.727500000000006 1.0 20
2 0 1.177500000000002 1.0 100
4 0 47.167500000000004 1.0 236
0 1 21.617500000000007 1.0 17
405107.88 8
4 0 62.4975 1.0 248
2 1 59.94250000000001 1.0 147
6 0 57.3875 1.0 344
0 1 13.9525 1.0 11
12 0 29.2825 1.0 622
6 1 36.947500000000005 1.0 329
4 1 8.842500000000001 1.0 207
0 0 49.7225 1.0 38
935921.44 20
1 1 39.5025 1.0 81
3 1 6.287500000000001 1.0 155
3 0 34.3925 1.0 176
2 0 1.177500000000002 1.0 100
0 1 1.177500000000002 1.0 1
5 1 11.3975 1.0 259
6 1 39.5025 1.0 331
1 1 31.837500000000006 1.0 75
10 0 24.1725 1.0 518
22 1 52.2775 1.0 1141
4 1 8.842500000000001 1.0 207
1 1 59.94250000000001 1.0 97
10 1 6.287500000000001 1.0 505
3 1 59.94250000000001 1.0 197
24 0 13.9525 1.0 1210
6 1 16.507500000000007 1.0 313
0 1 44.6125 1.0 35
4 0 1.177500000000002 1.0 200
1 1 36.947500000000005 1.0 79
9 1 36.947500000000005 1.0 479
325829.44 15
1 0 1.177500000000002 1.0 50
5 1 19.0625 1.0 265
0 0 36.947500000000005 1.0 28
4 1 52.2775 1.0 241
6 1 24.1725 1.0 319
7 0 19.0625 1.0 364
12 1 54.83250000000001 1.0 643
0 0 1.177500000000002 1.0 0
14 1 21.617500000000007 1.0 717
2 0 59.94250000000001 1.0 146
8 1 44.6125 1.0 435
1 1 3.7325000000000017 1.0 53
2 0 57.3875 1.0 144
3 0 49.7225 1.0 188
4 1 19.0625 1.0 215
329870.53 24
9 1 1.177500000000002 1.0 451
2 1 19.0625 1.0 115
9 1 19.0625 1.0 465
2 0 47.167500000000004 1.0 136
0 0 29.2825 1.0 22
5 0 52.2775 1.0 290
2 0 19.0625 1.0 114
4 1 57.3875 1.0 245
24 0 21.617500000000007 1.0 1216
0 0 47.167500000000004 1.0 36
3 1 49.7225 1.0 189
0 0 54.83250000000001 1.0 42
2 0 26.727500000000006 1.0 120
0 0 11.3975 1.0 8
0 0 39.5025 1.0 30
1 0 44.6125 1.0 84
1 0 13.9525 1.0 60
16 0 11.3975 1.0 808
3 0 36.947500000000005 1.0 178
15 0 34.3925 1.0 776
1 0 54.83250000000001 1.0 92
0 1 26.727500000000006 1.0 21
14 0 62.4975 1.0 748
1 0 24.1725 1.0 68
430868.72 17
3 0 36.947500000000005 1.0 178
4 1 24.1725 1.0 219
0 1 11.3975 1.0 9
1 0 52.2775 1.0 90
4 1 34.3925 1.0 227
0 0 13.9525 1.0 10
1 0 8.842500000000001 1.0 56
23 1 26.727500000000006 1.0 1171
4 0 29.2825 1.0 222
1 0 49.7225 1.0 88
2 0 39.5025 1.0 130
4 1 49.7225 1.0 239
4 1 29.2825 1.0 223
2 0 44.6125 1.0 134
4 0 59.94250000000001 1.0 246
3 0 16.507500000000007 1.0 162
15 0 62.4975 1.0 798
1331603.6 18
3 1 29.2825 1.0 173
2 1 42.057500000000005 1.0 133
2 0 57.3875 1.0 144
1 1 49.7225 1.0 89
2 1 39.5025 1.0 131
0 1 3.7325000000000017 1.0 3
6 1 49.7225 1.0 339
22 0 54.83250000000001 1.0 1142
1 0 19.0625 1.0 64
4 1 57.3875 1.0 245
4 1 62.4975 1.0 249
3 0 19.0625 1.0 164
0 0 26.727500000000006 1.0 20
1 1 11.3975 1.0 59
4 1 42.057500000000005 1.0 233
0 1 57.3875 1.0 45
2 1 57.3875 1.0 145
19 0 44.6125 1.0 984
1172920.9 15
5 1 34.3925 1.0 277
3 0 54.83250000000001 1.0 192
7 1 11.3975 1.0 359
1 1 29.2825 1.0 73
3 1 42.057500000000005 1.0 183
7 0 31.837500000000006 1.0 374
2 1 19.0625 1.0 115
4 0 13.9525 1.0 210
1 1 42.057500000000005 1.0 83
4 1 36.947500000000005 1.0 229
1 1 52.2775 1.0 91
1 0 31.837500000000006 1.0 74
0 1 49.7225 1.0 39
3 1 19.0625 1.0 165
4 1 6.287500000000001 1.0 205
825886.8 20
17 1 42.057500000000005 1.0 883
7 1 47.167500000000004 1.0 387
0 1 31.837500000000006 1.0 25
2 1 29.2825 1.0 123
2 1 24.1725 1.0 119
4 0 13.9525 1.0 210
3 0 57.3875 1.0 194
3 1 42.057500000000005 1.0 183
4 0 47.167500000000004 1.0 236
2 0 8.842500000000001 1.0 106
2 1 21.617500000000007 1.0 117
1 1 24.1725 1.0 69
4 0 34.3925 1.0 226
0 1 34.3925 1.0 27
3 0 59.94250000000001 1.0 196
7 0 42.057500000000005 1.0 382
0 1 59.94250000000001 1.0 47
4 1 21.617500000000007 1.0 217
7 1 52.2775 1.0 391
1 0 42.057500000000005 1.0 82
1043315.8 24
2 1 52.2775 1.0 141
3 1 39.5025 1.0 181
10 0 6.287500000000001 1.0 504
0 1 39.5025 1.0 31
5 0 54.83250000000001 1.0 292
24 0 52.2775 1.0 1240
3 1 31.837500000000006 1.0 175
4 0 39.5025 1.0 230
0 0 52.2775 1.0 40
0 0 59.94250000000001 1.0 46
0 1 36.947500000000005 1.0 29
0 1 31.837500000000006 1.0 25
4 0 8.842500000000001 1.0 206
9 0 39.5025 1.0 480
5 0 11.3975 1.0 258
4 1 6.287500000000001 1.0 205
0 1 11.3975 1.0 9
3 0 36.947500000000005 1.0 178
3 0 31.837500000000006 1.0 174
4 1 24.1725 1.0 219
7 1 26.727500000000006 1.0 371
0 0 39.5025 1.0 30
1 1 57.3875 1.0 95
4 0 19.0625 1.0 214
1179944.2 13
3 0 13.9525 1.0 160
4 1 42.057500000000005 1.0 233
3 1 11.3975 1.0 159
4 0 6.287500000000001 1.0 204
13 0 31.837500000000006 1.0 674
12 1 54.83250000000001 1.0 643
3 1 8.842500000000001 1.0 157
0 0 31.837500000000006 1.0 24
4 1 34.3925 1.0 227
4 1 49.7225 1.0 239
2 0 16.507500000000007 1.0 112
6 0 57.3875 1.0 344
0 1 39.5025 1.0 31
430148.22 5
0 0 57.3875 1.0 44
3 0 29.2825 1.0 172
10 1 47.167500000000004 1.0 537
0 1 52.2775 1.0 41
0 0 54.83250000000001 1.0 42
540137.8 15
4 0 44.6125 1.0 234
1 0 16.507500000000007 1.0 62
1 1 19.0625 1.0 65
1 0 6.287500000000001 1.0 54
0 0 39.5025 1.0 30
19 1 54.83250000000001 1.0 993
4 1 16.507500000000007 1.0 213
4 0 13.9525 1.0 210
9 0 59.94250000000001 1.0 496
3 0 36.947500000000005 1.0 178
0 0 54.83250000000001 1.0 42
2 1 8.842500000000001 1.0 107
0 0 49.7225 1.0 38
3 0 47.167500000000004 1.0 186
18 1 49.7225 1.0 939
1997022.8 18
14 1 39.5025 1.0 731
22 0 24.1725 1.0 1118
1 0 39.5025 1.0 80
2 0 42.057500000000005 1.0 132
4 0 1.177500000000002 1.0 200
8 0 57.3875 1.0 444
4 1 13.9525 1.0 211
5 1 26.727500000000006 1.0 271
4 0 62.4975 1.0 248
11 0 42.057500000000005 1.0 582
4 1 52.2775 1.0 241
8 1 3.7325000000000017 1.0 403
0 0 57.3875 1.0 44
8 0 21.617500000000007 1.0 416
2 1 52.2775 1.0 141
16 1 21.617500000000007 1.0 817
4 1 57.3875 1.0 245
1 1 44.6125 1.0 85
1794419.5 14
1 0 26.727500000000006 1.0 70
3 0 21.617500000000007 1.0 166
2 1 21.617500000000007 1.0 117
12 1 26.727500000000006 1.0 621
2 1 52.2775 1.0 141
4 1 16.507500000000007 1.0 213
4 0 11.3975 1.0 208
3 0 59.94250000000001 1.0 196
6 0 6.287500000000001 1.0 304
4 0 52.2775 1.0 240
5 0 47.167500000000004 1.0 286
0 1 6.287500000000001 1.0 5
6 0 34.3925 1.0 326
1 0 42.057500000000005 1.0 82
862923.3 7
3 1 31.837500000000006 1.0 175
3 0 31.837500000000006 1.0 174
4 1 54.83250000000001 1.0 243
5 1 1.177500000000002 1.0 251
10 1 47.167500000000004 1.0 537
0 1 54.83250000000001 1.0 43
6 0 13.9525 1.0 310
1506707.4 16
4 1 1.177500000000002 1.0 201
2 1 52.2775 1.0 141
2 1 31.837500000000006 1.0 125
0 1 8.842500000000001 1.0 7
1 0 36.947500000000005 1.0 78
4 1 8.842500000000001 1.0 207
6 0 52.2775 1.0 340
1 1 44.6125 1.0 85
9 0 44.6125 1.0 484
0 1 26.727500000000006 1.0 21
4 1 24.1725 1.0 219
3 1 8.842500000000001 1.0 157
21 0 62.4975 1.0 1098
0 0 39.5025 1.0 30
7 0 13.9525 1.0 360
24 1 21.617500000000007 1.0 1217
1985516.1 5
7 1 59.94250000000001 1.0 397
0 0 21.617500000000007 1.0 16
3 0 59.94250000000001 1.0 196
2 1 26.727500000000006 1.0 121
0 1 47.167500000000004 1.0 37
372044.44 21
0 0 6.287500000000001 1.0 4
5 1 39.5025 1.0 281
4 0 6.287500000000001 1.0 204
0 1 49.7225 1.0 39
10 0 39.5025 1.0 530
13 0 47.167500000000004 1.0 686
2 1 44.6125 1.0 135
4 1 3.7325000000000017 1.0 203
2 0 49.7225 1.0 138
0 0 57.3875 1.0 44
4 1 36.947500000000005 1.0 229
20 1 49.7225 1.0 1039
21 0 13.9525 1.0 1060
2 0 21.617500000000007 1.0 116
4 1 59.94250000000001 1.0 247
1 1 31.837500000000006 1.0 75
2 1 29.2825 1.0 123
1 0 34.3925 1.0 76
3 1 31.837500000000006 1.0 175
1 0 13.9525 1.0 60
3 0 44.6125 1.0 184
1577939.5 10
3 1 52.2775 1.0 191
0 1 52.2775 1.0 41
11 0 44.6125 1.0 584
23 0 6.287500000000001 1.0 1154
0 0 49.7225 1.0 38
1 1 42.057500000000005 1.0 83
1 1 21.617500000000007 1.0 67
4 0 62.4975 1.0 248
3 1 8.842500000000001 1.0 157
2 1 13.9525 1.0 111
1956311.0 21
22 1 57.3875 1.0 1145
18 1 16.507500000000007 1.0 913
3 0 47.167500000000004 1.0 186
0 1 16.507500000000007 1.0 13
7 0 21.617500000000007 1.0 366
20 1 54.83250000000001 1.0 1043
0 0 24.1725 1.0 18
1 0 6.287500000000001 1.0 54
1 0 57.3875 1.0 94
6 0 42.057500000000005 1.0 332
4 1 39.5025 1.0 231
3 0 34.3925 1.0 176
6 1 47.167500000000004 1.0 337
11 1 19.0625 1.0 565
6 0 39.5025 1.0 330
2 1 62.4975 1.0 149
2 0 3.7325000000000017 1.0 102
1 1 29.2825 1.0 73
1 0 29.2825 1.0 72
7 1 16.507500000000007 1.0 363
8 0 6.287500000000001 1.0 404
872864.06 12
2 1 54.83250000000001 1.0 143
2 0 44.6125 1.0 134
0 1 19.0625 1.0 15
3 1 54.83250000000001 1.0 193
1 1 44.6125 1.0 85
9 0 36.947500000000005 1.0 478
0 0 8.842500000000001 1.0 6
6 0 42.057500000000005 1.0 332
23 0 24.1725 1.0 1168
3 1 13.9525 1.0 161
4 1 13.9525 1.0 211
3 0 16.507500000000007 1.0 162
267896.16 21
3 1 1.177500000000002 1.0 151
1 1 42.057500000000005 1.0 83
3 1 62.4975 1.0 199
6 1 13.9525 1.0 311
7 0 49.7225 1.0 388
3 1 21.617500000000007 1.0 167
20 0 21.617500000000007 1.0 1016
3 0 24.1725 1.0 168
2 1 54.83250000000001 1.0 143
3 1 29.2825 1.0 173
3 0 16.507500000000007 1.0 162
3 0 59.94250000000001 1.0 196
0 0 26.727500000000006 1.0 20
0 1 8.842500000000001 1.0 7
8 0 39.5025 1.0 430
3 1 31.837500000000006 1.0 175
4 0 13.9525 1.0 210
0 1 52.2775 1.0 41
20 0 26.727500000000006 1.0 1020
23 1 36.947500000000005 1.0 1179
1 1 44.6125 1.0 85
325019.47 9
13 1 42.057500000000005 1.0 683
0 1 59.94250000000001 1.0 47
3 1 19.0625 1.0 165
4 0 3.7325000000000017 1.0 202
4 0 59.94250000000001 1.0 246
0 0 39.5025 1.0 30
1 0 11.3975 1.0 58
3 1 11.3975 1.0 159
8 0 36.947500000000005 1.0 428
1412194.1 5
2 0 42.057500000000005 1.0 132
1 0 39.5025 1.0 80
1 1 13.9525 1.0 61
4 1 54.83250000000001 1.0 243
2 1 31.837500000000006 1.0 125
1552140.2 16
2 1 57.3875 1.0 145
17 0 29.2825 1.0 872
0 0 47.167500000000004 1.0 36
1 1 59.94250000000001 1.0 97
2 1 44.6125 1.0 135
3 1 1.177500000000002 1.0 151
5 1 62.4975 1.0 299
6 1 36.947500000000005 1.0 329
5 0 47.167500000000004 1.0 286
0 0 24.1725 1.0 18
3 0 54.83250000000001 1.0 192
0 0 44.6125 1.0 34
9 1 39.5025 1.0 481
1 0 16.507500000000007 1.0 62
1 0 24.1725 1.0 68
10 1 59.94250000000001 1.0 547
1857346.2 17
4 1 11.3975 1.0 209
3 0 21.617500000000007 1.0 166
6 1 49.7225 1.0 339
0 0 36.947500000000005 1.0 28
4 1 13.9525 1.0 211
2 1 42.057500000000005 1.0 133
4 1 36.947500000000005 1.0 229
4 0 47.167500000000004 1.0 236
1 0 42.057500000000005 1.0 82
18 0 19.0625 1.0 914
0 0 59.94250000000001 1.0 46
4 0 36.947500000000005 1.0 228
3 1 13.9525 1.0 161
3 0 39.5025 1.0 180
0 0 29.2825 1.0 22
2 0 21.617500000000007 1.0 116
1 0 19.0625 1.0 64
708742.4 19
9 0 6.287500000000001 1.0 454
3 1 16.507500000000007 1.0 163
3 0 44.6125 1.0 184
1 1 62.4975 1.0 99
0 0 16.507500000000007 1.0 12
9 0 42.057500000000005 1.0 482
2 0 36.947500000000005 1.0 128
3 0 16.507500000000007 1.0 162
1 0 19.0625 1.0 64
20 1 44.6125 1.0 1035
0 0 36.947500000000005 1.0 28
2 1 24.1725 1.0 119
3 0 29.2825 1.0 172
0 1 13.9525 1.0 11
1 1 42.057500000000005 1.0 83
1 1 3.7325000000000017 1.0 53
1 1 57.3875 1.0 95
1 1 44.6125 1.0 85
1 1 31.837500000000006 1.0 75
1645261.1 14
1 1 3.7325000000000017 1.0 53
3 1 29.2825 1.0 173
0 0 1.177500000000002 1.0 0
3 1 49.7225 1.0 189
2 1 13.9525 1.0 111
4 0 49.7225 1.0 238
1 0 8.842500000000001 1.0 56
8 0 11.3975 1.0 408
23 0 31.837500000000006 1.0 1174
1 0 52.2775 1.0 90
0 0 19.0625 1.0 14
1 0 6.287500000000001 1.0 54
4 1 21.617500000000007 1.0 217
1 1 29.2825 1.0 73
746085.94 7
8 1 47.167500000000004 1.0 437
3 1 54.83250000000001 1.0 193
2 1 39.5025 1.0 131
1 0 21.617500000000007 1.0 66
4 0 47.167500000000004 1.0 236
8 0 29.2825 1.0 422
3 0 11.3975 1.0 158
604736.56 18
0 0 1.177500000000002 1.0 0
1 0 47.167500000000004 1.0 86
23 1 16.507500000000007 1.0 1163
4 0 42.057500000000005 1.0 232
18 1 19.0625 1.0 915
8 1 19.0625 1.0 415
3 1 1.177500000000002 1.0 151
4 1 13.9525 1.0 211
1 0 11.3975 1.0 58
1 0 59.94250000000001 1.0 96
0 0 57.3875 1.0 44
3 0 54.83250000000001 1.0 192
2 0 1.177500000000002 1.0 100
2 0 31.837500000000006 1.0 124
2 1 62.4975 1.0 149
3 0 59.94250000000001 1.0 196
4 0 21.617500000000007 1.0 216
3 1 11.3975 1.0 159
1776920.6 17
1 0 1.177500000000002 1.0 50
3 0 49.7225 1.0 188
2 0 49.7225 1.0 138
0 1 31.837500000000006 1.0 25
0 1 39.5025 1.0 31
0 1 59.94250000000001 1.0 47
1 0 8.842500000000001 1.0 56
0 1 29.2825 1.0 23
3 1 1.177500000000002 1.0 151
2 1 24.1725 1.0 119
4 0 16.507500000000007 1.0 212
0 1 1.177500000000002 1.0 1
22 0 3.7325000000000017 1.0 1102
4 1 54.83250000000001 1.0 243
17 1 19.0625 1.0 865
2 0 47.167500000000004 1.0 136
4 1 11.3975 1.0 209
1336503.1 6
4 1 62.4975 1.0 249
0 1 52.2775 1.0 41
1 1 42.057500000000005 1.0 83
4 1 13.9525 1.0 211
22 1 34.3925 1.0 1127
2 1 1.177500000000002 1.0 101
546625.0 15
2 1 54.83250000000001 1.0 143
2 0 6.287500000000001 1.0 104
9 0 16.507500000000007 1.0 462
2 0 29.2825 1.0 122
2 1 26.727500000000006 1.0 121
3 1 52.2775 1.0 191
3 1 47.167500000000004 1.0 187
0 0 29.2825 1.0 22
2 0 13.9525 1.0 110
0 1 26.727500000000006 1.0 21
0 0 26.727500000000006 1.0 20
3 0 3.7325000000000017 1.0 152
4 0 21.617500000000007 1.0 216
0 1 1.177500000000002 1.0 1
3 1 54.83250000000001 1.0 193
1752559.1 11
2 1 29.2825 1.0 123
3 0 34.3925 1.0 176
3 1 42.057500000000005 1.0 183
2 0 42.057500000000005 1.0 132
0 1 24.1725 1.0 19
8 0 21.617500000000007 1.0 416
3 0 39.5025 1.0 180
4 1 42.057500000000005 1.0 233
3 0 21.617500000000007 1.0 166
1 1 57.3875 1.0 95
3 1 62.4975 1.0 199
219886.9 8
0 1 47.167500000000004 1.0 37
3 0 52.2775 1.0 190
3 1 6.287500000000001 1.0 155
0 1 34.3925 1.0 27
3 1 3.7325000000000017 1.0 153
9 1 34.3925 1.0 477
0 0 54.83250000000001 1.0 42
1 1 31.837500000000006 1.0 75
1745504.9 15
21 1 49.7225 1.0 1089
5 1 42.057500000000005 1.0 283
3 0 1.177500000000002 1.0 150
1 0 47.167500000000004 1.0 86
3 1 49.7225 1.0 189
12 0 54.83250000000001 1.0 642
4 0 16.507500000000007 1.0 212
4 0 13.9525 1.0 210
0 1 1.177500000000002 1.0 1
2 0 59.94250000000001 1.0 146
7 0 16.507500000000007 1.0 362
3 1 62.4975 1.0 199
1 0 19.0625 1.0 64
0 0 11.3975 1.0 8
13 0 1.177500000000002 1.0 650
709960.06 19
1 1 21.617500000000007 1.0 67
4 0 13.9525 1.0 210
9 1 19.0625 1.0 465
2 1 31.837500000000006 1.0 125
4 1 21.617500000000007 1.0 217
2 1 49.7225 1.0 139
9 0 1.177500000000002 1.0 450
1 1 44.6125 1.0 85
2 1 19.0625 1.0 115
4 0 21.617500000000007 1.0 216
3 0 21.617500000000007 1.0 166
2 0 8.842500000000001 1.0 106
2 0 36.947500000000005 1.0 128
9 1 16.507500000000007 1.0 463
6 1 1.177500000000002 1.0 301
2 1 36.947500000000005 1.0 129
1 0 16.507500000000007 1.0 62
2 1 8.842500000000001 1.0 107
0 1 47.167500000000004 1.0 37
630691.2 23
4 1 13.9525 1.0 211
0 1 1.177500000000002 1.0 1
3 0 3.7325000000000017 1.0 152
2 1 1.177500000000002 1.0 101
3 0 57.3875 1.0 194
3 0 34.3925 1.0 176
1 1 13.9525 1.0 61
3 1 6.287500000000001 1.0 155
4 0 13.9525 1.0 210
6 0 36.947500000000005 1.0 328
4 0 62.4975 1.0 248
1 0 21.617500000000007 1.0 66
3 0 26.727500000000006 1.0 170
2 1 62.4975 1.0 149
0 0 13.9525 1.0 10
1 0 57.3875 1.0 94
0 1 8.842500000000001 1.0 7
4 1 1.177500000000002 1.0 201
3 0 13.9525 1.0 160
2 0 54.83250000000001 1.0 142
0 1 16.507500000000007 1.0 13
3 0 36.947500000000005 1.0 178
13 0 11.3975 1.0 658
315385.78 8
3 1 59.94250000000001 1.0 197
4 1 57.3875 1.0 245
0 0 11.3975 1.0 8
0 1 47.167500000000004 1.0 37
4 1 29.2825 1.0 223
0 0 52.2775 1.0 40
4 1 24.1725 1.0 219
0 0 3.7325000000000017 1.0 2
1199878.2 13
8 1 34.3925 1.0 427
6 0 6.287500000000001 1.0 304
3 1 21.617500000000007 1.0 167
13 1 34.3925 1.0 677
1 0 1.177500000000002 1.0 50
2 1 16.507500000000007 1.0 113
3 0 24.1725 1.0 168
2 0 31.837500000000006 1.0 124
2 0 13.9525 1.0 110
0 0 21.617500000000007 1.0 16
2 0 26.727500000000006 1.0 120
4 0 42.057500000000005 1.0 232
3 0 62.4975 1.0 198
1713585.8 24
4 0 11.3975 1.0 208
3 0 44.6125 1.0 184
1 0 42.057500000000005 1.0 82
23 0 11.3975 1.0 1158
9 1 8.842500000000001 1.0 457
3 1 52.2775 1.0 191
0 0 16.507500000000007 1.0 12
2 0 54.83250000000001 1.0 142
2 0 57.3875 1.0 144
5 1 49.7225 1.0 289
3 1 6.287500000000001 1.0 155
1 1 26.727500000000006 1.0 71
5 0 36.947500000000005 1.0 278
2 1 52.2775 1.0 141
2 1 26.727500000000006 1.0 121
0 1 19.0625 1.0 15
2 1 34.3925 1.0 127
3 0 34.3925 1.0 176
20 1 19.0625 1.0 1015
0 1 16.507500000000007 1.0 13
4 0 59.94250000000001 1.0 246
3 0 8.842500000000001 1.0 156
4 1 8.842500000000001 1.0 207
3 0 26.727500000000006 1.0 170
1049666.9 24
3 0 62.4975 1.0 198
0 1 29.2825 1.0 23
1 1 29.2825 1.0 73
0 0 8.842500000000001 1.0 6
3 1 49.7225 1.0 189
0 0 6.287500000000001 1.0 4
0 1 34.3925 1.0 27
4 0 47.167500000000004 1.0 236
0 1 6.287500000000001 1.0 5
1 0 42.057500000000005 1.0 82
4 1 31.837500000000006 1.0 225
4 1 49.7225 1.0 239
2 1 34.3925 1.0 127
4 1 42.057500000000005 1.0 233
3 1 62.4975 1.0 199
4 1 16.507500000000007 1.0 213
2 1 13.9525 1.0 111
1 1 26.727500000000006 1.0 71
0 1 8.842500000000001 1.0 7
0 0 34.3925 1.0 26
2 1 62.4975 1.0 149
2 0 6.287500000000001 1.0 104
2 1 19.0625 1.0 115
4 1 36.947500000000005 1.0 229
67821.67 22
6 0 62.4975 1.0 348
3 1 34.3925 1.0 177
0 1 16.507500000000007 1.0 13
3 0 26.727500000000006 1.0 170
3 1 8.842500000000001 1.0 157
8 1 31.837500000000006 1.0 425
1 0 34.3925 1.0 76
2 1 34.3925 1.0 127
4 0 49.7225 1.0 238
2 1 31.837500000000006 1.0 125
8 0 52.2775 1.0 440
1 1 21.617500000000007 1.0 67
1 1 6.287500000000001 1.0 55
0 1 3.7325000000000017 1.0 3
2 0 62.4975 1.0 148
2 1 26.727500000000006 1.0 121
0 1 52.2775 1.0 41
0 1 8.842500000000001 1.0 7
1 0 6.287500000000001 1.0 54
8 0 6.287500000000001 1.0 404
24 0 36.947500000000005 1.0 1228
1 1 34.3925 1.0 77
201022.44 16
1 1 42.057500000000005 1.0 83
4 1 49.7225 1.0 239
3 1 29.2825 1.0 173
0 1 11.3975 1.0 9
3 0 16.507500000000007 1.0 162
2 0 47.167500000000004 1.0 136
1 0 11.3975 1.0 58
18 1 6.287500000000001 1.0 905
4 0 34.3925 1.0 226
0 1 52.2775 1.0 41
4 1 52.2775 1.0 241
3 1 13.9525 1.0 161
3 1 3.7325000000000017 1.0 153
9 0 16.507500000000007 1.0 462
3 0 11.3975 1.0 158
5 0 13.9525 1.0 260
1914183.8 20
0 0 21.617500000000007 1.0 16
2 0 29.2825 1.0 122
1 1 54.83250000000001 1.0 93
0 1 31.837500000000006 1.0 25
0 0 36.947500000000005 1.0 28
1 0 49.7225 1.0 88
1 0 42.057500000000005 1.0 82
12 1 57.3875 1.0 645
4 1 6.287500000000001 1.0 205
1 1 42.057500000000005 1.0 83
4 1 59.94250000000001 1.0 247
6 0 39.5025 1.0 330
1 1 16.507500000000007 1.0 63
23 0 31.837500000000006 1.0 1174
4 0 44.6125 1.0 234
2 0 39.5025 1.0 130
8 0 19.0625 1.0 414
1 1 26.727500000000006 1.0 71
3 0 21.617500000000007 1.0 166
13 1 1.177500000000002 1.0 651
758924.56 7
1 1 34.3925 1.0 77
0 0 49.7225 1.0 38
4 1 29.2825 1.0 223
3 0 3.7325000000000017 1.0 152
2 1 1.177500000000002 1.0 101
3 1 16.507500000000007 1.0 163
1 0 44.6125 1.0 84
1174429.5 20
3 1 54.83250000000001 1.0 193
15 1 16.507500000000007 1.0 763
4 0 26.727500000000006 1.0 220
1 1 59.94250000000001 1.0 97
2 0 31.837500000000006 1.0 124
4 1 21.617500000000007 1.0 217
2 0 19.0625 1.0 114
1 1 13.9525 1.0 61
2 0 21.617500000000007 1.0 116
22 1 57.3875 1.0 1145
1 0 6.287500000000001 1.0 54
2 1 11.3975 1.0 109
4 1 57.3875 1.0 245
7 1 59.94250000000001 1.0 397
4 1 52.2775 1.0 241
2 1 34.3925 1.0 127
3 0 34.3925 1.0 176
3 0 39.5025 1.0 180
4 1 44.6125 1.0 235
4 0 1.177500000000002 1.0 200
1376142.2 19
9 1 26.727500000000006 1.0 471
2 1 11.3975 1.0 109
3 1 29.2825 1.0 173
2 1 59.94250000000001 1.0 147
3 0 59.94250000000001 1.0 196
0 1 1.177500000000002 1.0 1
0 0 29.2825 1.0 22
1 1 21.617500000000007 1.0 67
3 1 3.7325000000000017 1.0 153
1 1 6.287500000000001 1.0 55
3 1 54.83250000000001 1.0 193
0 1 49.7225 1.0 39
22 1 8.842500000000001 1.0 1107
21 0 42.057500000000005 1.0 1082
13 1 39.5025 1.0 681
3 0 49.7225 1.0 188
7 0 24.1725 1.0 368
3 1 59.94250000000001 1.0 197
18 1 6.287500000000001 1.0 905
702012.75 13
2 1 62.4975 1.0 149
3 0 54.83250000000001 1.0 192
1 0 47.167500000000004 1.0 86
0 0 3.7325000000000017 1.0 2
3 0 6.287500000000001 1.0 154
2 1 57.3875 1.0 145
1 1 24.1725 1.0 69
2 0 6.287500000000001 1.0 104
2 0 39.5025 1.0 130
2 1 26.727500000000006 1.0 121
3 0 8.842500000000001 1.0 156
4 0 16.507500000000007 1.0 212
21 0 49.7225 1.0 1088
1972064.8 20
2 0 42.057500000000005 1.0 132
8 1 54.83250000000001 1.0 443
2 0 57.3875 1.0 144
1 0 3.7325000000000017 1.0 52
2 1 59.94250000000001 1.0 147
1 0 24.1725 1.0 68
4 1 3.7325000000000017 1.0 203
0 1 1.177500000000002 1.0 1
3 0 13.9525 1.0 160
4 1 39.5025 1.0 231
3 1 44.6125 1.0 185
2 0 19.0625 1.0 114
1 0 34.3925 1.0 76
0 0 39.5025 1.0 30
1 0 54.83250000000001 1.0 92
1 0 31.837500000000006 1.0 74
1 0 59.94250000000001 1.0 96
3 1 1.177500000000002 1.0 151
1 0 42.057500000000005 1.0 82
4 0 62.4975 1.0 248
1152939.9 14
0 0 16.507500000000007 1.0 12
3 1 1.177500000000002 1.0 151
9 0 6.287500000000001 1.0 454
3 1 21.617500000000007 1.0 167
1 1 16.507500000000007 1.0 63
3 1 47.167500000000004 1.0 187
8 0 49.7225 1.0 438
0 0 29.2825 1.0 22
3 0 47.167500000000004 1.0 186
0 1 54.83250000000001 1.0 43
1 1 13.9525 1.0 61
5 1 49.7225 1.0 289
2 1 34.3925 1.0 127
13 1 39.5025 1.0 681
903892.5 14
1 0 47.167500000000004 1.0 86
9 0 21.617500000000007 1.0 466
7 1 54.83250000000001 1.0 393
1 0 59.94250000000001 1.0 96
0 1 52.2775 1.0 41
1 1 1.177500000000002 1.0 51
1 1 47.167500000000004 1.0 87
0 1 11.3975 1.0 9
3 0 47.167500000000004 1.0 186
4 0 8.842500000000001 1.0 206
24 0 44.6125 1.0 1234
5 0 13.9525 1.0 260
2 1 49.7225 1.0 139
4 0 29.2825 1.0 222
1446987.8 22
1 1 6.287500000000001 1.0 55
3 1 16.507500000000007 1.0 163
2 1 13.9525 1.0 111
1 0 29.2825 1.0 72
0 0 31.837500000000006 1.0 24
1 1 21.617500000000007 1.0 67
4 0 62.4975 1.0 248
2 0 3.7325000000000017 1.0 102
3 0 31.837500000000006 1.0 174
4 1 47.167500000000004 1.0 237
4 1 19.0625 1.0 215
2 1 24.1725 1.0 119
1 0 54.83250000000001 1.0 92
2 0 19.0625 1.0 114
12 0 59.94250000000001 1.0 646
0 0 3.7325000000000017 1.0 2
10 0 49.7225 1.0 538
2 1 21.617500000000007 1.0 117
4 0 29.2825 1.0 222
5 0 42.057500000000005 1.0 282
4 0 13.9525 1.0 210
0 0 52.2775 1.0 40
1266557.9 23
0 1 47.167500000000004 1.0 37
6 0 42.057500000000005 1.0 332
2 1 57.3875 1.0 145
3 1 16.507500000000007 1.0 163
24 1 24.1725 1.0 1219
0 1 6.287500000000001 1.0 5
3 1 39.5025 1.0 181
1 0 13.9525 1.0 60
17 1 8.842500000000001 1.0 857
4 1 8.842500000000001 1.0 207
3 0 34.3925 1.0 176
4 0 31.837500000000006 1.0 224
4 0 49.7225 1.0 238
20 1 62.4975 1.0 1049
6 1 52.2775 1.0 341
7 1 13.9525 1.0 361
4 0 44.6125 1.0 234
4 1 24.1725 1.0 219
0 0 36.947500000000005 1.0 28
23 1 34.3925 1.0 1177
4 1 26.727500000000006 1.0 221
5 1 52.2775 1.0 291
4 0 62.4975 1.0 248
55359.46 19
0 1 6.287500000000001 1.0 5
0 1 11.3975 1.0 9
1 0 49.7225 1.0 88
4 1 1.177500000000002 1.0 201
3 1 11.3975 1.0 159
0 1 59.94250000000001 1.0 47
1 0 59.94250000000001 1.0 96
1 0 16.507500000000007 1.0 62
4 0 11.3975 1.0 208
2 1 3.7325000000000017 1.0 103
2 1 13.9525 1.0 111
0 0 36.947500000000005 1.0 28
3 0 36.947500000000005 1.0 178
2 0 59.94250000000001 1.0 146
2 0 8.842500000000001 1.0 106
4 1 19.0625 1.0 215
4 1 57.3875 1.0 245
2 0 3.7325000000000017 1.0 102
4 1 31.837500000000006 1.0 225
1283772.6 19
0 0 59.94250000000001 1.0 46
1 0 31.837500000000006 1.0 74
4 1 29.2825 1.0 223
3 0 1.177500000000002 1.0 150
4 0 54.83250000000001 1.0 242
4 0 31.837500000000006 1.0 224
1 0 3.7325000000000017 1.0 52
2 0 47.167500000000004 1.0 136
20 1 26.727500000000006 1.0 1021
3 1 1.177500000000002 1.0 151
2 0 16.507500000000007 1.0 112
1 0 39.5025 1.0 80
4 0 29.2825 1.0 222
3 1 16.507500000000007 1.0 163
1 0 59.94250000000001 1.0 96
3 1 57.3875 1.0 195
3 0 31.837500000000006 1.0 174
2 1 11.3975 1.0 109
2 1 57.3875 1.0 145
705705.75 12
2 0 52.2775 1.0 140
0 1 54.83250000000001 1.0 43
0 0 31.837500000000006 1.0 24
1 0 1.177500000000002 1.0 50
3 1 21.617500000000007 1.0 167
3 1 34.3925 1.0 177
1 1 26.727500000000006 1.0 71
1 1 39.5025 1.0 81
1 1 21.617500000000007 1.0 67
3 1 52.2775 1.0 191
12 0 62.4975 1.0 648
2 1 44.6125 1.0 135
497280.5 13
4 0 42.057500000000005 1.0 232
19 1 11.3975 1.0 959
0 1 44.6125 1.0 35
6 0 11.3975 1.0 308
2 1 11.3975 1.0 109
1 0 52.2775 1.0 90
1 1 11.3975 1.0 59
8 1 16.507500000000007 1.0 413
0 1 1.177500000000002 1.0 1
9 0 42.057500000000005 1.0 482
0 1 21.617500000000007 1.0 17
1 1 24.1725 1.0 69
9 1 34.3925 1.0 477
546123.4 8
0 0 24.1725 1.0 18
4 0 13.9525 1.0 210
1 0 6.287500000000001 1.0 54
3 1 21.617500000000007 1.0 167
24 0 47.167500000000004 1.0 1236
2 0 19.0625 1.0 114
7 0 52.2775 1.0 390
23 0 34.3925 1.0 1176
1006385.5 5
7 0 62.4975 1.0 398
1 1 47.167500000000004 1.0 87
14 1 3.7325000000000017 1.0 703
6 1 62.4975 1.0 349
1 0 29.2825 1.0 72
353364.22 20
0 0 21.617500000000007 1.0 16
1 1 26.727500000000006 1.0 71
4 1 44.6125 1.0 235
2 0 26.727500000000006 1.0 120
23 1 24.1725 1.0 1169
23 0 52.2775 1.0 1190
16 1 42.057500000000005 1.0 833
0 0 26.727500000000006 1.0 20
1 0 57.3875 1.0 94
2 1 42.057500000000005 1.0 133
4 1 34.3925 1.0 227
3 1 3.7325000000000017 1.0 153
3 0 44.6125 1.0 184
0 1 49.7225 1.0 39
0 0 49.7225 1.0 38
1 0 8.842500000000001 1.0 56
4 1 62.4975 1.0 249
4 1 3.7325000000000017 1.0 203
2 0 19.0625 1.0 114
3 0 54.83250000000001 1.0 192
1089685.5 6
4 0 29.2825 1.0 222
3 0 49.7225 1.0 188
0 0 26.727500000000006 1.0 20
4 1 13.9525 1.0 211
1 1 11.3975 1.0 59
3 0 47.167500000000004 1.0 186
360407.22 6
1 0 36.947500000000005 1.0 78
8 1 21.617500000000007 1.0 417
3 0 13.9525 1.0 160
4 1 6.287500000000001 1.0 205
3 0 52.2775 1.0 190
2 1 16.507500000000007 1.0 113
456012.72 14
15 0 54.83250000000001 1.0 792
0 0 16.507500000000007 1.0 12
5 1 57.3875 1.0 295
2 1 39.5025 1.0 131
1 1 19.0625 1.0 65
0 1 16.507500000000007 1.0 13
11 1 29.2825 1.0 573
1 0 26.727500000000006 1.0 70
1 1 1.177500000000002 1.0 51
1 0 54.83250000000001 1.0 92
1 0 3.7325000000000017 1.0 52
3 0 54.83250000000001 1.0 192
3 1 1.177500000000002 1.0 151
2 0 26.727500000000006 1.0 120
1523200.1 11
1 1 42.057500000000005 1.0 83
0 1 42.057500000000005 1.0 33
3 1 42.057500000000005 1.0 183
3 0 36.947500000000005 1.0 178
7 0 16.507500000000007 1.0 362
6 0 16.507500000000007 1.0 312
0 1 11.3975 1.0 9
2 0 6.287500000000001 1.0 104
4 0 59.94250000000001 1.0 246
0 0 1.177500000000002 1.0 0
3 1 52.2775 1.0 191
590763.06 13
2 1 11.3975 1.0 109
5 1 44.6125 1.0 285
3 0 11.3975 1.0 158
4 0 42.057500000000005 1.0 232
0 0 31.837500000000006 1.0 24
3 0 24.1725 1.0 168
0 1 16.507500000000007 1.0 13
7 1 3.7325000000000017 1.0 353
0 1 13.9525 1.0 11
17 1 59.94250000000001 1.0 897
4 0 26.727500000000006 1.0 220
4 0 39.5025 1.0 230
4 0 59.94250000000001 1.0 246
1871466.6 20
2 1 3.7325000000000017 1.0 103
21 0 36.947500000000005 1.0 1078
6 0 36.947500000000005 1.0 328
1 0 31.837500000000006 1.0 74
23 0 31.837500000000006 1.0 1174
3 0 1.177500000000002 1.0 150
1 0 54.83250000000001 1.0 92
7 0 1.177500000000002 1.0 350
4 0 42.057500000000005 1.0 232
0 1 57.3875 1.0 45
3 0 34.3925 1.0 176
3 0 11.3975 1.0 158
3 0 31.837500000000006 1.0 174
0 0 11.3975 1.0 8
0 1 49.7225 1.0 39
3 0 47.167500000000004 1.0 186
0 1 47.167500000000004 1.0 37
6 1 34.3925 1.0 327
1 1 44.6125 1.0 85
4 0 47.167500000000004 1.0 236
1864200.9 21
5 1 11.3975 1.0 259
9 0 31.837500000000006 1.0 474
13 1 57.3875 1.0 695
3 1 19.0625 1.0 165
3 0 16.507500000000007 1.0 162
1 1 24.1725 1.0 69
4 1 36.947500000000005 1.0 229
0 0 3.7325000000000017 1.0 2
8 1 29.2825 1.0 423
0 1 42.057500000000005 1.0 33
0 0 39.5025 1.0 30
2 0 26.727500000000006 1.0 120
3 0 49.7225 1.0 188
3 0 24.1725 1.0 168
9 1 62.4975 1.0 499
4 0 8.842500000000001 1.0 206
4 0 57.3875 1.0 244
2 0 24.1725 1.0 118
0 1 59.94250000000001 1.0 47
3 1 57.3875 1.0 195
3 0 29.2825 1.0 172
944565.44 15
7 0 39.5025 1.0 380
4 0 59.94250000000001 1.0 246
0 1 52.2775 1.0 41
0 0 54.83250000000001 1.0 42
8 1 11.3975 1.0 409
2 0 3.7325000000000017 1.0 102
1 0 8.842500000000001 1.0 56
4 1 49.7225 1.0 239
0 1 3.7325000000000017 1.0 3
0 0 31.837500000000006 1.0 24
3 0 49.7225 1.0 188
0 1 42.057500000000005 1.0 33
22 0 6.287500000000001 1.0 1104
1 0 16.507500000000007 1.0 62
1 1 29.2825 1.0 73
74183.03 17
4 0 19.0625 1.0 214
4 0 54.83250000000001 1.0 242
0 1 44.6125 1.0 35
3 0 11.3975 1.0 158
3 1 6.287500000000001 1.0 155
15 0 52.2775 1.0 790
4 0 24.1725 1.0 218
0 0 47.167500000000004 1.0 36
0 1 29.2825 1.0 23
4 1 26.727500000000006 1.0 221
2 1 19.0625 1.0 115
1 0 31.837500000000006 1.0 74
1 0 59.94250000000001 1.0 96
24 1 26.727500000000006 1.0 1221
4 0 42.057500000000005 1.0 232
6 1 26.727500000000006 1.0 321
4 0 29.2825 1.0 222
1995922.2 7
3 1 49.7225 1.0 189
16 0 47.167500000000004 1.0 836
7 1 3.7325000000000017 1.0 353
1 0 3.7325000000000017 1.0 52
1 1 39.5025 1.0 81
4 0 62.4975 1.0 248
5 0 3.7325000000000017 1.0 252
1011186.06 5
0 0 34.3925 1.0 26
8 0 26.727500000000006 1.0 420
3 0 3.7325000000000017 1.0 152
1 1 44.6125 1.0 85
1 0 36.947500000000005 1.0 78
999509.06 23
2 0 19.0625 1.0 114
0 1 21.617500000000007 1.0 17
1 1 19.0625 1.0 65
1 0 36.947500000000005 1.0 78
0 1 44.6125 1.0 35
3 1 57.3875 1.0 195
4 1 29.2825 1.0 223
2 1 24.1725 1.0 119
1 1 6.287500000000001 1.0 55
2 1 13.9525 1.0 111
2 0 47.167500000000004 1.0 136
14 0 47.167500000000004 1.0 736
0 1 34.3925 1.0 27
1 1 16.507500000000007 1.0 63
2 0 21.617500000000007 1.0 116
6 1 24.1725 1.0 319
4 0 49.7225 1.0 238
2 0 11.3975 1.0 108
8 0 47.167500000000004 1.0 436
0 0 16.507500000000007 1.0 12
4 1 34.3925 1.0 227
4 1 8.842500000000001 1.0 207
3 1 1.177500000000002 1.0 151
399433.9 20
1 0 13.9525 1.0 60
3 1 49.7225 1.0 189
1 0 36.947500000000005 1.0 78
4 0 47.167500000000004 1.0 236
1 1 52.2775 1.0 91
1 0 1.177500000000002 1.0 50
4 1 54.83250000000001 1.0 243
3 0 26.727500000000006 1.0 170
1 0 39.5025 1.0 80
3 1 34.3925 1.0 177
22 1 24.1725 1.0 1119
0 0 59.94250000000001 1.0 46
4 0 1.177500000000002 1.0 200
16 0 26.727500000000006 1.0 820
0 0 47.167500000000004 1.0 36
0 0 49.7225 1.0 38
3 0 6.287500000000001 1.0 154
0 0 39.5025 1.0 30
1 1 57.3875 1.0 95
3 0 29.2825 1.0 172
1670453.9 7
0 1 31.837500000000006 1.0 25
2 0 19.0625 1.0 114
9 0 47.167500000000004 1.0 486
2 0 31.837500000000006 1.0 124
4 1 6.287500000000001 1.0 205
2 0 16.507500000000007 1.0 112
2 1 8.842500000000001 1.0 107
1171806.2 7
4 0 21.617500000000007 1.0 216
0 1 31.837500000000006 1.0 25
21 0 31.837500000000006 1.0 1074
3 1 13.9525 1.0 161
4 1 13.9525 1.0 211
2 1 11.3975 1.0 109
20 1 1.177500000000002 1.0 1001
979724.6 9
3 0 31.837500000000006 1.0 174
14 0 24.1725 1.0 718
1 1 36.947500000000005 1.0 79
5 1 8.842500000000001 1.0 257
3 1 29.2825 1.0 173
8 1 16.507500000000007 1.0 413
4 0 34.3925 1.0 226
1 1 47.167500000000004 1.0 87
7 1 52.2775 1.0 391
1058698.1 7
7 0 1.177500000000002 1.0 350
2 0 36.947500000000005 1.0 128
1 0 34.3925 1.0 76
2 1 24.1725 1.0 119
1 1 21.617500000000007 1.0 67
3 1 8.842500000000001 1.0 157
0 0 54.83250000000001 1.0 42
1332270.4 11
0 1 47.167500000000004 1.0 37
19 1 47.167500000000004 1.0 987
0 1 11.3975 1.0 9
4 0 34.3925 1.0 226
14 1 29.2825 1.0 723
3 1 26.727500000000006 1.0 171
4 0 62.4975 1.0 248
3 1 42.057500000000005 1.0 183
18 1 42.057500000000005 1.0 933
1 0 34.3925 1.0 76
3 1 59.94250000000001 1.0 197
472580.06 9
3 0 13.9525 1.0 160
3 0 59.94250000000001 1.0 196
0 0 8.842500000000001 1.0 6
1 1 26.727500000000006 1.0 71
1 0 6.287500000000001 1.0 54
0 1 62.4975 1.0 49
2 0 42.057500000000005 1.0 132
3 1 13.9525 1.0 161
7 1 39.5025 1.0 381
1585628.6 12
4 0 29.2825 1.0 222
3 1 47.167500000000004 1.0 187
21 0 57.3875 1.0 1094
4 0 39.5025 1.0 230
2 1 36.947500000000005 1.0 129
3 1 11.3975 1.0 159
3 1 34.3925 1.0 177
2 1 11.3975 1.0 109
3 0 29.2825 1.0 172
3 1 42.057500000000005 1.0 183
10 0 49.7225 1.0 538
1 0 29.2825 1.0 72
1356116.8 20
24 0 31.837500000000006 1.0 1224
4 1 31.837500000000006 1.0 225
1 1 29.2825 1.0 73
2 1 31.837500000000006 1.0 125
0 0 59.94250000000001 1.0 46
3 0 24.1725 1.0 168
4 1 3.7325000000000017 1.0 203
12 1 1.177500000000002 1.0 601
11 0 24.1725 1.0 568
1 1 8.842500000000001 1.0 57
3 1 19.0625 1.0 165
1 0 31.837500000000006 1.0 74
4 0 8.842500000000001 1.0 206
1 1 3.7325000000000017 1.0 53
21 1 26.727500000000006 1.0 1071
0 1 47.167500000000004 1.0 37
3 1 57.3875 1.0 195
13 1 1.177500000000002 1.0 651
9 1 39.5025 1.0 481
8 1 26.727500000000006 1.0 421
488633.06 19
22 1 19.0625 1.0 1115
5 1 47.167500000000004 1.0 287
9 0 13.9525 1.0 460
1 0 13.9525 1.0 60
2 1 54.83250000000001 1.0 143
4 1 6.287500000000001 1.0 205
0 0 47.167500000000004 1.0 36
9 0 36.947500000000005 1.0 478
0 1 57.3875 1.0 45
2 0 6.287500000000001 1.0 104
3 0 13.9525 1.0 160
0 0 29.2825 1.0 22
6 1 21.617500000000007 1.0 317
4 1 24.1725 1.0 219
0 0 57.3875 1.0 44
4 0 8.842500000000001 1.0 206
8 0 13.9525 1.0 410
4 1 8.842500000000001 1.0 207
1 1 29.2825 1.0 73
1464650.2 5
0 0 13.9525 1.0 10
0 0 31.837500000000006 1.0 24
3 1 13.9525 1.0 161
1 0 11.3975 1.0 58
16 0 54.83250000000001 1.0 842
1804739.5 12
4 0 6.287500000000001 1.0 204
9 1 19.0625 1.0 465
8 1 6.287500000000001 1.0 405
1 0 42.057500000000005 1.0 82
0 1 6.287500000000001 1.0 5
3 0 36.947500000000005 1.0 178
4 1 62.4975 1.0 249
18 0 54.83250000000001 1.0 942
9 1 44.6125 1.0 485
1 0 19.0625 1.0 64
4 1 39.5025 1.0 231
0 1 57.3875 1.0 45
1587467.1 17
0 1 21.617500000000007 1.0 17
0 0 36.947500000000005 1.0 28
1 1 6.287500000000001 1.0 55
3 0 29.2825 1.0 172
1 1 57.3875 1.0 95
0 1 11.3975 1.0 9
1 0 39.5025 1.0 80
2 0 21.617500000000007 1.0 116
2 0 31.837500000000006 1.0 124
0 0 62.4975 1.0 48
2 1 47.167500000000004 1.0 137
8 0 39.5025 1.0 430
3 1 44.6125 1.0 185
12 0 31.837500000000006 1.0 624
1 0 54.83250000000001 1.0 92
4 0 47.167500000000004 1.0 236
3 0 13.9525 1.0 160
292542.44 15
3 0 59.94250000000001 1.0 196
1 0 47.167500000000004 1.0 86
1 1 57.3875 1.0 95
1 0 42.057500000000005 1.0 82
17 0 54.83250000000001 1.0 892
20 0 52.2775 1.0 1040
4 1 16.507500000000007 1.0 213
0 0 36.947500000000005 1.0 28
3 1 42.057500000000005 1.0 183
2 0 62.4975 1.0 148
0 1 57.3875 1.0 45
4 0 34.3925 1.0 226
2 0 44.6125 1.0 134
0 1 34.3925 1.0 27
3 0 29.2825 1.0 172
309187.88 16
3 0 8.842500000000001 1.0 156
4 1 13.9525 1.0 211
6 0 36.947500000000005 1.0 328
3 1 47.167500000000004 1.0 187
2 1 31.837500000000006 1.0 125
24 0 44.6125 1.0 1234
2 0 13.9525 1.0 110
1 1 59.94250000000001 1.0 97
4 1 16.507500000000007 1.0 213
0 0 59.94250000000001 1.0 46
4 1 62.4975 1.0 249
1 0 6.287500000000001 1.0 54
1 0 54.83250000000001 1.0 92
5 1 47.167500000000004 1.0 287
0 1 8.842500000000001 1.0 7
8 0 21.617500000000007 1.0 416
1360811.4 10
1 0 44.6125 1.0 84
4 0 26.727500000000006 1.0 220
24 1 24.1725 1.0 1219
2 1 3.7325000000000017 1.0 103
2 1 29.2825 1.0 123
0 0 44.6125 1.0 34
1 1 62.4975 1.0 99
4 1 54.83250000000001 1.0 243
2 0 49.7225 1.0 138
3 0 3.7325000000000017 1.0 152
1271482.5 24
3 0 59.94250000000001 1.0 196
7 1 47.167500000000004 1.0 387
1 0 11.3975 1.0 58
1 0 24.1725 1.0 68
22 0 39.5025 1.0 1130
14 0 1.177500000000002 1.0 700
3 0 62.4975 1.0 198
1 1 34.3925 1.0 77
11 0 59.94250000000001 1.0 596
1 1 29.2825 1.0 73
4 0 16.507500000000007 1.0 212
20 1 47.167500000000004 1.0 1037
3 1 1.177500000000002 1.0 151
2 1 34.3925 1.0 127
0 0 19.0625 1.0 14
3 0 1.177500000000002 1.0 150
1 0 62.4975 1.0 98
2 0 19.0625 1.0 114
4 0 31.837500000000006 1.0 224
19 1 62.4975 1.0 999
3 1 49.7225 1.0 189
1 1 39.5025 1.0 81
0 1 31.837500000000006 1.0 25
13 0 6.287500000000001 1.0 654
607854.06 24
2 1 52.2775 1.0 141
2 1 31.837500000000006 1.0 125
1 0 36.947500000000005 1.0 78
6 1 54.83250000000001 1.0 343
1 0 39.5025 1.0 80
3 0 26.727500000000006 1.0 170
11 0 29.2825 1.0 572
0 0 13.9525 1.0 10
4 1 62.4975 1.0 249
8 0 21.617500000000007 1.0 416
1 0 16.507500000000007 1.0 62
0 0 3.7325000000000017 1.0 2
2 0 29.2825 1.0 122
0 0 16.507500000000007 1.0 12
4 0 54.83250000000001 1.0 242
1 1 21.617500000000007 1.0 67
1 1 34.3925 1.0 77
3 1 57.3875 1.0 195
4 0 13.9525 1.0 210
3 0 57.3875 1.0 194
16 1 62.4975 1.0 849
1 1 42.057500000000005 1.0 83
10 1 57.3875 1.0 545
3 1 29.2825 1.0 173
882621.9 11
0 0 19.0625 1.0 14
2 0 59.94250000000001 1.0 146
3 0 8.842500000000001 1.0 156
7 0 24.1725 1.0 368
1 0 42.057500000000005 1.0 82
2 1 19.0625 1.0 115
4 1 31.837500000000006 1.0 225
2 1 44.6125 1.0 135
13 0 36.947500000000005 1.0 678
0 0 52.2775 1.0 40
2 0 26.727500000000006 1.0 120
290180.38 14
2 0 13.9525 1.0 110
2 1 6.287500000000001 1.0 105
2 1 8.842500000000001 1.0 107
3 0 24.1725 1.0 168
0 0 19.0625 1.0 14
3 1 49.7225 1.0 189
4 0 47.167500000000004 1.0 236
4 0 44.6125 1.0 234
0 1 52.2775 1.0 41
0 0 59.94250000000001 1.0 46
4 1 3.7325000000000017 1.0 203
2 1 52.2775 1.0 141
4 0 62.4975 1.0 248
3 1 29.2825 1.0 173
1380517.1 10
4 1 31.837500000000006 1.0 225
16 1 42.057500000000005 1.0 833
1 1 26.727500000000006 1.0 71
0 1 31.837500000000006 1.0 25
3 1 6.287500000000001 1.0 155
1 0 26.727500000000006 1.0 70
11 0 13.9525 1.0 560
2 0 54.83250000000001 1.0 142
1 0 57.3875 1.0 94
4 1 39.5025 1.0 231
1684861.0 23
2 1 21.617500000000007 1.0 117
13 1 13.9525 1.0 661
3 1 13.9525 1.0 161
4 1 24.1725 1.0 219
0 1 62.4975 1.0 49
1 0 6.287500000000001 1.0 54
4 0 62.4975 1.0 248
22 1 3.7325000000000017 1.0 1103
4 0 26.727500000000006 1.0 220
24 1 62.4975 1.0 1249
3 1 54.83250000000001 1.0 193
4 0 31.837500000000006 1.0 224
3 0 11.3975 1.0 158
17 0 59.94250000000001 1.0 896
5 0 44.6125 1.0 284
0 0 36.947500000000005 1.0 28
6 0 21.617500000000007 1.0 316
0 0 59.94250000000001 1.0 46
4 0 1.177500000000002 1.0 200
4 1 52.2775 1.0 241
3 1 11.3975 1.0 159
4 1 26.727500000000006 1.0 221
0 0 31.837500000000006 1.0 24
352217.0 18
2 0 31.837500000000006 1.0 124
1 1 39.5025 1.0 81
0 0 24.1725 1.0 18
6 1 52.2775 1.0 341
2 0 21.617500000000007 1.0 116
1 0 13.9525 1.0 60
19 0 47.167500000000004 1.0 986
7 1 19.0625 1.0 365
3 0 19.0625 1.0 164
1 0 39.5025 1.0 80
5 1 54.83250000000001 1.0 293
1 0 47.167500000000004 1.0 86
0 1 1.177500000000002 1.0 1
3 1 52.2775 1.0 191
0 0 34.3925 1.0 26
4 0 6.287500000000001 1.0 204
14 0 39.5025 1.0 730
1 0 31.837500000000006 1.0 74
55959.652 10
0 1 19.0625 1.0 15
4 0 57.3875 1.0 244
0 1 31.837500000000006 1.0 25
3 0 57.3875 1.0 194
4 0 54.83250000000001 1.0 242
3 1 6.287500000000001 1.0 155
4 1 16.507500000000007 1.0 213
2 1 52.2775 1.0 141
19 1 11.3975 1.0 959
6 0 8.842500000000001 1.0 306
1101829.6 22
4 1 8.842500000000001 1.0 207
4 0 59.94250000000001 1.0 246
2 0 36.947500000000005 1.0 128
3 1 3.7325000000000017 1.0 153
9 1 52.2775 1.0 491
4 1 24.1725 1.0 219
0 1 59.94250000000001 1.0 47
8 0 52.2775 1.0 440
7 0 3.7325000000000017 1.0 352
9 1 29.2825 1.0 473
3 1 47.167500000000004 1.0 187
11 1 26.727500000000006 1.0 571
4 1 1.177500000000002 1.0 201
24 1 44.6125 1.0 1235
1 1 16.507500000000007 1.0 63
23 0 49.7225 1.0 1188
4 0 26.727500000000006 1.0 220
0 1 34.3925 1.0 27
1 0 8.842500000000001 1.0 56
3 1 1.177500000000002 1.0 151
2 0 42.057500000000005 1.0 132
3 0 1.177500000000002 1.0 150
1920912.6 8
4 1 42.057500000000005 1.0 233
1 0 44.6125 1.0 84
5 0 57.3875 1.0 294
10 1 1.177500000000002 1.0 501
14 0 6.287500000000001 1.0 704
6 0 49.7225 1.0 338
2 1 1.177500000000002 1.0 101
3 1 3.7325000000000017 1.0 153
1782502.1 21
13 1 16.507500000000007 1.0 663
2 0 13.9525 1.0 110
2 0 8.842500000000001 1.0 106
3 1 49.7225 1.0 189
8 1 47.167500000000004 1.0 437
7 1 24.1725 1.0 369
4 0 24.1725 1.0 218
18 1 26.727500000000006 1.0 921
1 0 11.3975 1.0 58
4 0 57.3875 1.0 244
4 0 19.0625 1.0 214
24 0 21.617500000000007 1.0 1216
1 0 29.2825 1.0 72
3 0 36.947500000000005 1.0 178
3 0 42.057500000000005 1.0 182
1 1 13.9525 1.0 61
2 0 29.2825 1.0 122
2 0 11.3975 1.0 108
11 0 44.6125 1.0 584
1 0 62.4975 1.0 98
7 0 11.3975 1.0 358
217110.33 24
2 1 24.1725 1.0 119
1 0 42.057500000000005 1.0 82
3 1 34.3925 1.0 177
4 0 8.842500000000001 1.0 206
5 0 49.7225 1.0 288
19 1 19.0625 1.0 965
0 1 13.9525 1.0 11
9 1 8.842500000000001 1.0 457
2 1 52.2775 1.0 141
3 1 21.617500000000007 1.0 167
0 0 52.2775 1.0 40
13 0 52.2775 1.0 690
1 1 42.057500000000005 1.0 83
4 0 57.3875 1.0 244
22 1 52.2775 1.0 1141
3 1 54.83250000000001 1.0 193
0 0 8.842500000000001 1.0 6
1 0 44.6125 1.0 84
7 1 52.2775 1.0 391
1 0 47.167500000000004 1.0 86
1 1 39.5025 1.0 81
21 0 6.287500000000001 1.0 1054
2 0 44.6125 1.0 134
4 0 3.7325000000000017 1.0 202
461182.47 19
3 0 26.727500000000006 1.0 170
2 1 49.7225 1.0 139
6 1 29.2825 1.0 323
5 1 8.842500000000001 1.0 257
2 0 26.727500000000006 1.0 120
7 0 47.167500000000004 1.0 386
0 0 6.287500000000001 1.0 4
18 0 47.167500000000004 1.0 936
2 1 34.3925 1.0 127
3 1 54.83250000000001 1.0 193
2 0 39.5025 1.0 130
1 1 16.507500000000007 1.0 63
24 0 6.287500000000001 1.0 1204
0 0 47.167500000000004 1.0 36
3 1 42.057500000000005 1.0 183
3 1 36.947500000000005 1.0 179
1 1 19.0625 1.0 65
3 0 19.0625 1.0 164
4 0 24.1725 1.0 218
1927937.6 17
1 1 29.2825 1.0 73
0 1 26.727500000000006 1.0 21
1 0 31.837500000000006 1.0 74
0 1 59.94250000000001 1.0 47
1 0 62.4975 1.0 98
2 0 54.83250000000001 1.0 142
4 0 29.2825 1.0 222
3 1 31.837500000000006 1.0 175
3 1 47.167500000000004 1.0 187
6 1 16.507500000000007 1.0 313
0 1 54.83250000000001 1.0 43
1 0 34.3925 1.0 76
8 1 11.3975 1.0 409
2 1 54.83250000000001 1.0 143
5 1 57.3875 1.0 295
12 1 54.83250000000001 1.0 643
3 1 13.9525 1.0 161
683462.6 6
3 0 21.617500000000007 1.0 166
2 1 34.3925 1.0 127
2 1 54.83250000000001 1.0 143
4 0 47.167500000000004 1.0 236
7 0 3.7325000000000017 1.0 352
3 0 11.3975 1.0 158
1331858.0 18
4 0 13.9525 1.0 210
4 1 57.3875 1.0 245
3 1 34.3925 1.0 177
14 1 54.83250000000001 1.0 743
3 0 26.727500000000006 1.0 170
13 1 29.2825 1.0 673
17 0 19.0625 1.0 864
4 1 13.9525 1.0 211
1 0 16.507500000000007 1.0 62
1 0 29.2825 1.0 72
0 1 52.2775 1.0 41
1 0 57.3875 1.0 94
2 1 31.837500000000006 1.0 125
3 0 54.83250000000001 1.0 192
4 0 6.287500000000001 1.0 204
0 0 36.947500000000005 1.0 28
2 0 49.7225 1.0 138
7 0 62.4975 1.0 398
1172869.8 18
3 1 34.3925 1.0 177
2 0 52.2775 1.0 140
0 0 54.83250000000001 1.0 42
3 0 62.4975 1.0 198
1 0 21.617500000000007 1.0 66
0 0 47.167500000000004 1.0 36
3 1 47.167500000000004 1.0 187
19 1 31.837500000000006 1.0 975
2 0 59.94250000000001 1.0 146
7 1 8.842500000000001 1.0 357
2 0 31.837500000000006 1.0 124
1 1 59.94250000000001 1.0 97
9 0 36.947500000000005 1.0 478
1 0 19.0625 1.0 64
1 0 54.83250000000001 1.0 92
3 0 31.837500000000006 1.0 174
8 1 26.727500000000006 1.0 421
4 0 49.7225 1.0 238
1110822.8 12
1 1 26.727500000000006 1.0 71
0 1 11.3975 1.0 9
14 1 16.507500000000007 1.0 713
3 1 8.842500000000001 1.0 157
4 0 24.1725 1.0 218
5 1 19.0625 1.0 265
0 0 31.837500000000006 1.0 24
2 0 6.287500000000001 1.0 104
1 1 59.94250000000001 1.0 97
3 1 36.947500000000005 1.0 179
3 0 3.7325000000000017 1.0 152
1 1 52.2775 1.0 91
923006.25 11
2 1 29.2825 1.0 123
4 0 39.5025 1.0 230
4 1 34.3925 1.0 227
6 0 13.9525 1.0 310
1 1 16.507500000000007 1.0 63
2 0 24.1725 1.0 118
3 1 19.0625 1.0 165
3 0 3.7325000000000017 1.0 152
2 1 54.83250000000001 1.0 143
1 1 47.167500000000004 1.0 87
4 0 54.83250000000001 1.0 242
1266053.0 20
0 0 19.0625 1.0 14
3 0 8.842500000000001 1.0 156
6 0 31.837500000000006 1.0 324
17 0 8.842500000000001 1.0 856
2 1 44.6125 1.0 135
3 0 36.947500000000005 1.0 178
3 0 26.727500000000006 1.0 170
2 0 44.6125 1.0 134
8 1 34.3925 1.0 427
0 1 39.5025 1.0 31
10 1 8.842500000000001 1.0 507
2 0 42.057500000000005 1.0 132
6 0 6.287500000000001 1.0 304
7 1 6.287500000000001 1.0 355
19 0 44.6125 1.0 984
1 0 62.4975 1.0 98
2 0 13.9525 1.0 110
0 1 62.4975 1.0 49
3 0 1.177500000000002 1.0 150
6 0 62.4975 1.0 348
1861818.6 13
20 1 1.177500000000002 1.0 1001
1 1 57.3875 1.0 95
3 0 36.947500000000005 1.0 178
0 0 13.9525 1.0 10
4 0 39.5025 1.0 230
7 0 31.837500000000006 1.0 374
1 0 49.7225 1.0 88
22 0 42.057500000000005 1.0 1132
2 1 21.617500000000007 1.0 117
3 0 29.2825 1.0 172
2 1 49.7225 1.0 139
0 0 31.837500000000006 1.0 24
3 1 54.83250000000001 1.0 193
1687802.4 6
3 0 13.9525 1.0 160
4 1 29.2825 1.0 223
4 1 6.287500000000001 1.0 205
3 0 36.947500000000005 1.0 178
1 1 8.842500000000001 1.0 57
1 0 3.7325000000000017 1.0 52
938268.1 23
1 1 62.4975 1.0 99
2 1 62.4975 1.0 149
3 1 19.0625 1.0 165
4 0 52.2775 1.0 240
0 0 6.287500000000001 1.0 4
3 1 59.94250000000001 1.0 197
2 1 3.7325000000000017 1.0 103
2 1 16.507500000000007 1.0 113
4 0 29.2825 1.0 222
2 0 34.3925 1.0 126
9 1 29.2825 1.0 473
0 0 49.7225 1.0 38
3 1 49.7225 1.0 189
1 1 11.3975 1.0 59
0 0 29.2825 1.0 22
4 0 47.167500000000004 1.0 236
4 0 59.94250000000001 1.0 246
3 0 36.947500000000005 1.0 178
3 1 21.617500000000007 1.0 167
4 1 34.3925 1.0 227
1 0 52.2775 1.0 90
16 0 39.5025 1.0 830
0 0 52.2775 1.0 40
510021.5 17
1 0 1.177500000000002 1.0 50
3 1 21.617500000000007 1.0 167
3 1 6.287500000000001 1.0 155
0 1 59.94250000000001 1.0 47
0 1 57.3875 1.0 45
2 1 3.7325000000000017 1.0 103
3 0 49.7225 1.0 188
1 0 47.167500000000004 1.0 86
0 1 44.6125 1.0 35
0 0 57.3875 1.0 44
2 1 34.3925 1.0 127
3 1 16.507500000000007 1.0 163
19 1 3.7325000000000017 1.0 953
0 0 59.94250000000001 1.0 46
2 1 8.842500000000001 1.0 107
2 1 62.4975 1.0 149
0 0 44.6125 1.0 34
818198.06 13
4 1 54.83250000000001 1.0 243
0 1 19.0625 1.0 15
0 1 31.837500000000006 1.0 25
0 0 8.842500000000001 1.0 6
4 1 52.2775 1.0 241
0 0 26.727500000000006 1.0 20
7 1 59.94250000000001 1.0 397
3 0 11.3975 1.0 158
1 1 36.947500000000005 1.0 79
17 1 49.7225 1.0 889
3 0 47.167500000000004 1.0 186
2 1 6.287500000000001 1.0 105
2 0 62.4975 1.0 148
1917326.6 5
3 0 52.2775 1.0 190
1 1 59.94250000000001 1.0 97
1 0 8.842500000000001 1.0 56
0 0 47.167500000000004 1.0 36
0 0 44.6125 1.0 34
1021957.5 6
12 0 52.2775 1.0 640
1 0 49.7225 1.0 88
1 1 49.7225 1.0 89
4 0 24.1725 1.0 218
1 1 47.167500000000004 1.0 87
2 0 62.4975 1.0 148
762116.44 10
1 0 24.1725 1.0 68
2 1 49.7225 1.0 139
4 0 54.83250000000001 1.0 242
6 0 3.7325000000000017 1.0 302
7 1 52.2775 1.0 391
18 1 36.947500000000005 1.0 929
0 1 24.1725 1.0 19
17 1 8.842500000000001 1.0 857
2 0 62.4975 1.0 148
3 1 3.7325000000000017 1.0 153
1134499.2 7
4 1 21.617500000000007 1.0 217
1 1 26.727500000000006 1.0 71
4 0 24.1725 1.0 218
2 1 31.837500000000006 1.0 125
2 0 29.2825 1.0 122
1 1 54.83250000000001 1.0 93
7 1 57.3875 1.0 395
124899.266 11
3 0 26.727500000000006 1.0 170
2 1 47.167500000000004 1.0 137
3 0 36.947500000000005 1.0 178
6 1 57.3875 1.0 345
23 1 34.3925 1.0 1177
3 1 16.507500000000007 1.0 163
1 1 19.0625 1.0 65
3 1 26.727500000000006 1.0 171
3 0 6.287500000000001 1.0 154
0 1 62.4975 1.0 49
0 0 19.0625 1.0 14
274808.78 5
1 0 11.3975 1.0 58
8 1 44.6125 1.0 435
5 1 29.2825 1.0 273
3 1 19.0625 1.0 165
6 1 13.9525 1.0 311
1001592.5 14
1 0 13.9525 1.0 60
4 1 57.3875 1.0 245
17 1 34.3925 1.0 877
8 0 49.7225 1.0 438
4 1 47.167500000000004 1.0 237
4 1 59.94250000000001 1.0 247
4 0 42.057500000000005 1.0 232
3 1 26.727500000000006 1.0 171
0 0 13.9525 1.0 10
1 0 49.7225 1.0 88
0 0 52.2775 1.0 40
2 1 39.5025 1.0 131
4 0 8.842500000000001 1.0 206
4 1 3.7325000000000017 1.0 203
1104509.9 18
0 1 47.167500000000004 1.0 37
0 1 31.837500000000006 1.0 25
0 0 8.842500000000001 1.0 6
5 0 36.947500000000005 1.0 278
3 1 26.727500000000006 1.0 171
4 0 3.7325000000000017 1.0 202
3 0 19.0625 1.0 164
4 0 8.842500000000001 1.0 206
4 0 42.057500000000005 1.0 232
3 1 16.507500000000007 1.0 163
2 0 54.83250000000001 1.0 142
17 0 49.7225 1.0 888
4 1 6.287500000000001 1.0 205
2 0 6.287500000000001 1.0 104
1 0 21.617500000000007 1.0 66
4 0 62.4975 1.0 248
4 1 16.507500000000007 1.0 213
2 1 1.177500000000002 1.0 101
1188387.4 8
1 1 24.1725 1.0 69
3 0 11.3975 1.0 158
2 1 57.3875 1.0 145
4 1 29.2825 1.0 223
0 0 13.9525 1.0 10
2 0 42.057500000000005 1.0 132
2 0 3.7325000000000017 1.0 102
7 1 16.507500000000007 1.0 363
1577043.5 13
1 0 44.6125 1.0 84
1 1 21.617500000000007 1.0 67
2 1 1.177500000000002 1.0 101
6 1 57.3875 1.0 345
4 1 39.5025 1.0 231
3 1 57.3875 1.0 195
16 1 6.287500000000001 1.0 805
3 1 13.9525 1.0 161
4 0 3.7325000000000017 1.0 202
3 1 29.2825 1.0 173
1 1 47.167500000000004 1.0 87
3 1 26.727500000000006 1.0 171
3 1 19.0625 1.0 165
424990.34 7
0 0 16.507500000000007 1.0 12
3 0 16.507500000000007 1.0 162
2 0 3.7325000000000017 1.0 102
1 1 11.3975 1.0 59
0 0 26.727500000000006 1.0 20
2 0 42.057500000000005 1.0 132
4 1 44.6125 1.0 235
1978795.4 10
0 1 57.3875 1.0 45
2 1 6.287500000000001 1.0 105
3 1 54.83250000000001 1.0 193
6 1 3.7325000000000017 1.0 303
10 1 11.3975 1.0 509
4 0 19.0625 1.0 214
6 0 49.7225 1.0 338
3 0 29.2825 1.0 172
0 0 49.7225 1.0 38
2 1 39.5025 1.0 131
637788.7 8
2 1 54.83250000000001 1.0 143
4 1 6.287500000000001 1.0 205
4 1 21.617500000000007 1.0 217
7 1 47.167500000000004 1.0 387
0 1 31.837500000000006 1.0 25
0 1 29.2825 1.0 23
3 0 42.057500000000005 1.0 182
2 1 31.837500000000006 1.0 125
1152735.6 5
2 1 31.837500000000006 1.0 125
1 0 39.5025 1.0 80
4 0 52.2775 1.0 240
8 1 16.507500000000007 1.0 413
0 0 36.947500000000005 1.0 28
1580797.4 19
1 0 8.842500000000001 1.0 56
6 1 54.83250000000001 1.0 343
4 1 39.5025 1.0 231
2 1 52.2775 1.0 141
0 0 52.2775 1.0 40
3 1 52.2775 1.0 191
1 1 36.947500000000005 1.0 79
13 1 62.4975 1.0 699
3 1 62.4975 1.0 199
2 0 6.287500000000001 1.0 104
4 0 6.287500000000001 1.0 204
7 1 39.5025 1.0 381
1 0 29.2825 1.0 72
0 1 13.9525 1.0 11
3 0 21.617500000000007 1.0 166
3 0 19.0625 1.0 164
4 0 8.842500000000001 1.0 206
1 1 49.7225 1.0 89
2 0 59.94250000000001 1.0 146
1363527.1 11
1 1 54.83250000000001 1.0 93
4 0 49.7225 1.0 238
0 1 26.727500000000006 1.0 21
1 1 52.2775 1.0 91
1 1 39.5025 1.0 81
2 0 52.2775 1.0 140
1 1 31.837500000000006 1.0 75
0 1 29.2825 1.0 23
2 1 47.167500000000004 1.0 137
2 0 47.167500000000004 1.0 136
3 1 54.83250000000001 1.0 193
195273.08 9
3 1 39.5025 1.0 181
9 1 31.837500000000006 1.0 475
2 1 3.7325000000000017 1.0 103
3 0 54.83250000000001 1.0 192
1 1 47.167500000000004 1.0 87
0 1 54.83250000000001 1.0 43
2 0 13.9525 1.0 110
3 1 26.727500000000006 1.0 171
0 1 21.617500000000007 1.0 17
802268.44 14
3 0 59.94250000000001 1.0 196
3 1 59.94250000000001 1.0 197
2 0 42.057500000000005 1.0 132
4 0 44.6125 1.0 234
0 0 29.2825 1.0 22
9 1 26.727500000000006 1.0 471
0 0 26.727500000000006 1.0 20
20 1 39.5025 1.0 1031
18 0 1.177500000000002 1.0 900
2 0 34.3925 1.0 126
1 0 54.83250000000001 1.0 92
19 1 34.3925 1.0 977
1 1 24.1725 1.0 69
0 1 1.177500000000002 1.0 1
210463.69 14
1 0 47.167500000000004 1.0 86
4 1 57.3875 1.0 245
4 1 16.507500000000007 1.0 213
3 0 19.0625 1.0 164
4 1 44.6125 1.0 235
1 0 49.7225 1.0 88
13 1 42.057500000000005 1.0 683
0 0 3.7325000000000017 1.0 2
2 1 57.3875 1.0 145
8 1 39.5025 1.0 431
1 1 44.6125 1.0 85
24 1 42.057500000000005 1.0 1233
4 0 36.947500000000005 1.0 228
3 0 59.94250000000001 1.0 196
723733.8 19
2 1 26.727500000000006 1.0 121
0 1 34.3925 1.0 27
4 1 26.727500000000006 1.0 221
4 0 54.83250000000001 1.0 242
1 0 36.947500000000005 1.0 78
21 0 49.7225 1.0 1088
7 0 42.057500000000005 1.0 382
23 1 8.842500000000001 1.0 1157
0 0 49.7225 1.0 38
1 1 59.94250000000001 1.0 97
0 0 31.837500000000006 1.0 24
6 1 8.842500000000001 1.0 307
0 1 47.167500000000004 1.0 37
17 1 52.2775 1.0 891
0 0 47.167500000000004 1.0 36
3 1 44.6125 1.0 185
0 0 62.4975 1.0 48
7 0 36.947500000000005 1.0 378
1 0 3.7325000000000017 1.0 52
87745.68 5
3 0 31.837500000000006 1.0 174
2 0 13.9525 1.0 110
1 1 21.617500000000007 1.0 67
1 0 29.2825 1.0 72
15 0 6.287500000000001 1.0 754
357611.72 13
1 0 34.3925 1.0 76
3 1 57.3875 1.0 195
1 0 44.6125 1.0 84
7 0 11.3975 1.0 358
19 0 62.4975 1.0 998
14 0 49.7225 1.0 738
1 0 16.507500000000007 1.0 62
0 1 59.94250000000001 1.0 47
2 1 8.842500000000001 1.0 107
1 1 62.4975 1.0 99
4 1 57.3875 1.0 245
21 0 52.2775 1.0 1090
2 0 54.83250000000001 1.0 142
432359.0 15
11 0 11.3975 1.0 558
4 1 57.3875 1.0 245
3 0 8.842500000000001 1.0 156
3 1 11.3975 1.0 159
1 1 57.3875 1.0 95
3 0 36.947500000000005 1.0 178
3 0 52.2775 1.0 190
4 1 49.7225 1.0 239
0 0 11.3975 1.0 8
1 1 11.3975 1.0 59
4 0 26.727500000000006 1.0 220
0 1 47.167500000000004 1.0 37
0 1 6.287500000000001 1.0 5
0 1 16.507500000000007 1.0 13
0 0 26.727500000000006 1.0 20
151946.4 14
10 1 11.3975 1.0 509
3 1 62.4975 1.0 199
2 1 62.4975 1.0 149
8 0 24.1725 1.0 418
3 0 11.3975 1.0 158
7 1 13.9525 1.0 361
3 1 6.287500000000001 1.0 155
1 1 6.287500000000001 1.0 55
1 1 31.837500000000006 1.0 75
0 0 42.057500000000005 1.0 32
4 0 13.9525 1.0 210
4 0 57.3875 1.0 244
19 0 49.7225 1.0 988
1 0 24.1725 1.0 68
1326706.6 23
4 0 59.94250000000001 1.0 246
0 0 29.2825 1.0 22
9 1 52.2775 1.0 491
4 0 47.167500000000004 1.0 236
0 1 6.287500000000001 1.0 5
3 1 16.507500000000007 1.0 163
8 1 57.3875 1.0 445
2 1 59.94250000000001 1.0 147
9 1 39.5025 1.0 481
4 0 31.837500000000006 1.0 224
1 1 21.617500000000007 1.0 67
1 0 54.83250000000001 1.0 92
2 0 1.177500000000002 1.0 100
18 1 52.2775 1.0 941
7 1 34.3925 1.0 377
17 0 1.177500000000002 1.0 850
3 1 34.3925 1.0 177
7 0 34.3925 1.0 376
1 0 13.9525 1.0 60
3 1 39.5025 1.0 181
0 1 26.727500000000006 1.0 21
4 1 36.947500000000005 1.0 229
4 1 24.1725 1.0 219
904502.7 15
1 0 36.947500000000005 1.0 78
14 0 6.287500000000001 1.0 704
0 1 26.727500000000006 1.0 21
1 1 16.507500000000007 1.0 63
2 0 26.727500000000006 1.0 120
22 1 42.057500000000005 1.0 1133
10 1 54.83250000000001 1.0 543
1 0 13.9525 1.0 60
19 0 3.7325000000000017 1.0 952
10 0 31.837500000000006 1.0 524
3 0 21.617500000000007 1.0 166
3 0 3.7325000000000017 1.0 152
3 1 6.287500000000001 1.0 155
16 0 47.167500000000004 1.0 836
4 1 29.2825 1.0 223
1053099.1 7
3 1 1.177500000000002 1.0 151
1 1 54.83250000000001 1.0 93
2 1 54.83250000000001 1.0 143
3 1 57.3875 1.0 195
6 0 44.6125 1.0 334
5 1 54.83250000000001 1.0 293
2 1 39.5025 1.0 131
862399.2 11
24 1 6.287500000000001 1.0 1205
12 0 49.7225 1.0 638
0 0 57.3875 1.0 44
2 0 24.1725 1.0 118
3 0 34.3925 1.0 176
4 1 6.287500000000001 1.0 205
1 1 6.287500000000001 1.0 55
8 0 36.947500000000005 1.0 428
3 0 36.947500000000005 1.0 178
3 1 52.2775 1.0 191
2 0 62.4975 1.0 148
1721877.9 6
2 1 26.727500000000006 1.0 121
3 0 47.167500000000004 1.0 186
2 1 39.5025 1.0 131
2 1 8.842500000000001 1.0 107
2 1 47.167500000000004 1.0 137
1 1 47.167500000000004 1.0 87
1152989.8 7
3 1 39.5025 1.0 181
2 0 3.7325000000000017 1.0 102
4 1 21.617500000000007 1.0 217
4 0 11.3975 1.0 208
1 1 3.7325000000000017 1.0 53
4 1 49.7225 1.0 239
0 1 16.507500000000007 1.0 13
1347456.5 22
2 1 11.3975 1.0 109
0 1 36.947500000000005 1.0 29
21 1 49.7225 1.0 1089
3 1 26.727500000000006 1.0 171
4 0 26.727500000000006 1.0 220
4 1 3.7325000000000017 1.0 203
8 1 21.617500000000007 1.0 417
1 1 39.5025 1.0 81
0 0 34.3925 1.0 26
1 0 19.0625 1.0 64
1 1 21.617500000000007 1.0 67
0 0 21.617500000000007 1.0 16
2 1 42.057500000000005 1.0 133
1 1 6.287500000000001 1.0 55
4 1 21.617500000000007 1.0 217
0 1 29.2825 1.0 23
0 0 54.83250000000001 1.0 42
12 0 19.0625 1.0 614
0 1 6.287500000000001 1.0 5
4 1 16.507500000000007 1.0 213
1 0 24.1725 1.0 68
3 0 52.2775 1.0 190
1867414.2 13
16 0 19.0625 1.0 814
15 1 8.842500000000001 1.0 757
3 0 62.4975 1.0 198
7 0 13.9525 1.0 360
0 1 62.4975 1.0 49
16 1 19.0625 1.0 815
3 1 54.83250000000001 1.0 193
2 0 62.4975 1.0 148
0 1 26.727500000000006 1.0 21
6 0 34.3925 1.0 326
7 1 44.6125 1.0 385
0 0 24.1725 1.0 18
1 1 16.507500000000007 1.0 63
501161.9 6
10 0 19.0625 1.0 514
3 1 3.7325000000000017 1.0 153
4 1 47.167500000000004 1.0 237
1 0 57.3875 1.0 94
0 0 3.7325000000000017 1.0 2
0 0 16.507500000000007 1.0 12
783049.5 14
1 0 1.177500000000002 1.0 50
1 0 29.2825 1.0 72
0 1 21.617500000000007 1.0 17
3 1 21.617500000000007 1.0 167
4 1 49.7225 1.0 239
21 0 3.7325000000000017 1.0 1052
0 0 62.4975 1.0 48
3 1 24.1725 1.0 169
4 0 26.727500000000006 1.0 220
2 0 52.2775 1.0 140
3 0 1.177500000000002 1.0 150
24 1 6.287500000000001 1.0 1205
21 0 52.2775 1.0 1090
20 0 13.9525 1.0 1010
1482720.9 17
0 1 47.167500000000004 1.0 37
0 1 8.842500000000001 1.0 7
3 1 26.727500000000006 1.0 171
2 1 26.727500000000006 1.0 121
24 1 57.3875 1.0 1245
4 0 62.4975 1.0 248
0 1 3.7325000000000017 1.0 3
24 1 19.0625 1.0 1215
0 0 54.83250000000001 1.0 42
3 1 11.3975 1.0 159
1 0 29.2825 1.0 72
3 0 42.057500000000005 1.0 182
0 1 26.727500000000006 1.0 21
0 1 29.2825 1.0 23
3 0 52.2775 1.0 190
4 0 21.617500000000007 1.0 216
2 0 54.83250000000001 1.0 142
1044291.2 11
2 1 49.7225 1.0 139
1 0 21.617500000000007 1.0 66
1 0 1.177500000000002 1.0 50
3 0 1.177500000000002 1.0 150
0 1 49.7225 1.0 39
3 0 42.057500000000005 1.0 182
2 0 47.167500000000004 1.0 136
0 1 36.947500000000005 1.0 29
1 1 54.83250000000001 1.0 93
0 0 42.057500000000005 1.0 32
0 1 29.2825 1.0 23
1881783.4 20
11 1 24.1725 1.0 569
2 1 44.6125 1.0 135
3 0 8.842500000000001 1.0 156
3 1 6.287500000000001 1.0 155
3 1 59.94250000000001 1.0 197
0 1 24.1725 1.0 19
0 0 34.3925 1.0 26
1 1 29.2825 1.0 73
1 1 24.1725 1.0 69
1 0 16.507500000000007 1.0 62
3 1 11.3975 1.0 159
3 0 6.287500000000001 1.0 154
2 1 13.9525 1.0 111
2 0 16.507500000000007 1.0 112
7 1 39.5025 1.0 381
2 1 62.4975 1.0 149
2 1 1.177500000000002 1.0 101
9 0 47.167500000000004 1.0 486
1 1 1.177500000000002 1.0 51
0 0 52.2775 1.0 40
1898438.1 10
5 0 19.0625 1.0 264
1 1 19.0625 1.0 65
0 0 57.3875 1.0 44
0 1 29.2825 1.0 23
2 0 54.83250000000001 1.0 142
2 1 29.2825 1.0 123
3 1 31.837500000000006 1.0 175
3 0 31.837500000000006 1.0 174
3 1 6.287500000000001 1.0 155
12 1 59.94250000000001 1.0 647
