Numero de pedidos
250
duedate num_referencias // pasillo lado altura peso
483168.97 9
8 0 49.7225 1.0 438
24 1 11.3975 1.0 1209
3 0 24.1725 1.0 168
20 0 44.6125 1.0 1034
19 1 36.947500000000005 1.0 979
18 0 16.507500000000007 1.0 912
20 1 16.507500000000007 1.0 1013
11 1 11.3975 1.0 559
2 0 62.4975 1.0 148
1854957.2 8
21 1 34.3925 1.0 1077
14 0 3.7325000000000017 1.0 702
10 1 16.507500000000007 1.0 513
16 0 62.4975 1.0 848
4 1 21.617500000000007 1.0 217
14 1 3.7325000000000017 1.0 703
14 0 29.2825 1.0 722
9 1 54.83250000000001 1.0 493
1788879.9 10
16 0 62.4975 1.0 848
10 1 16.507500000000007 1.0 513
20 1 16.507500000000007 1.0 1013
21 1 31.837500000000006 1.0 1075
18 1 26.727500000000006 1.0 921
21 0 26.727500000000006 1.0 1070
21 0 59.94250000000001 1.0 1096
21 0 24.1725 1.0 1068
21 1 47.167500000000004 1.0 1087
0 0 29.2825 1.0 22
1279597.8 17
1 1 19.0625 1.0 65
10 1 31.837500000000006 1.0 525
15 1 52.2775 1.0 791
13 0 11.3975 1.0 658
5 0 29.2825 1.0 272
12 0 49.7225 1.0 638
9 1 52.2775 1.0 491
22 1 6.287500000000001 1.0 1105
7 0 39.5025 1.0 380
8 1 29.2825 1.0 423
5 0 16.507500000000007 1.0 262
20 1 19.0625 1.0 1015
5 1 34.3925 1.0 277
24 0 47.167500000000004 1.0 1236
5 0 1.177500000000002 1.0 250
12 0 42.057500000000005 1.0 632
19 0 21.617500000000007 1.0 966
463466.84 16
4 0 34.3925 1.0 226
3 0 42.057500000000005 1.0 182
9 1 52.2775 1.0 491
12 1 62.4975 1.0 649
2 0 24.1725 1.0 118
1 1 54.83250000000001 1.0 93
5 0 11.3975 1.0 258
12 1 1.177500000000002 1.0 601
12 0 54.83250000000001 1.0 642
12 1 44.6125 1.0 635
18 1 54.83250000000001 1.0 943
13 0 31.837500000000006 1.0 674
19 0 57.3875 1.0 994
8 1 34.3925 1.0 427
21 1 34.3925 1.0 1077
22 1 42.057500000000005 1.0 1133
1843415.9 9
20 1 34.3925 1.0 1027
24 1 39.5025 1.0 1231
4 0 13.9525 1.0 210
15 0 16.507500000000007 1.0 762
3 0 34.3925 1.0 176
19 1 47.167500000000004 1.0 987
1 1 19.0625 1.0 65
9 1 19.0625 1.0 465
11 0 13.9525 1.0 560
1732923.5 10
17 0 1.177500000000002 1.0 850
2 0 26.727500000000006 1.0 120
7 0 52.2775 1.0 390
4 1 21.617500000000007 1.0 217
8 1 49.7225 1.0 439
5 1 29.2825 1.0 273
23 0 31.837500000000006 1.0 1174
18 0 62.4975 1.0 948
2 0 6.287500000000001 1.0 104
12 0 31.837500000000006 1.0 624
671480.7 21
16 0 39.5025 1.0 830
12 1 31.837500000000006 1.0 625
3 0 13.9525 1.0 160
1 0 24.1725 1.0 68
2 1 52.2775 1.0 141
0 0 34.3925 1.0 26
12 1 39.5025 1.0 631
4 1 42.057500000000005 1.0 233
21 1 34.3925 1.0 1077
12 1 42.057500000000005 1.0 633
4 0 54.83250000000001 1.0 242
15 1 24.1725 1.0 769
0 1 16.507500000000007 1.0 13
8 1 36.947500000000005 1.0 429
12 1 8.842500000000001 1.0 607
14 0 34.3925 1.0 726
23 1 21.617500000000007 1.0 1167
8 1 47.167500000000004 1.0 437
3 1 57.3875 1.0 195
19 1 62.4975 1.0 999
13 1 54.83250000000001 1.0 693
1793952.5 23
16 0 57.3875 1.0 844
8 1 8.842500000000001 1.0 407
4 1 21.617500000000007 1.0 217
20 0 49.7225 1.0 1038
10 0 1.177500000000002 1.0 500
14 0 54.83250000000001 1.0 742
22 1 36.947500000000005 1.0 1129
7 1 54.83250000000001 1.0 393
5 1 29.2825 1.0 273
12 1 42.057500000000005 1.0 633
15 0 34.3925 1.0 776
24 1 24.1725 1.0 1219
14 0 36.947500000000005 1.0 728
19 1 36.947500000000005 1.0 979
21 0 39.5025 1.0 1080
15 1 52.2775 1.0 791
4 0 34.3925 1.0 226
16 1 54.83250000000001 1.0 843
17 1 16.507500000000007 1.0 863
14 0 29.2825 1.0 722
21 0 19.0625 1.0 1064
21 1 6.287500000000001 1.0 1055
17 1 8.842500000000001 1.0 857
775382.25 7
6 0 8.842500000000001 1.0 306
0 0 13.9525 1.0 10
4 0 29.2825 1.0 222
17 1 57.3875 1.0 895
14 1 11.3975 1.0 709
3 1 44.6125 1.0 185
12 0 59.94250000000001 1.0 646
1797956.8 23
8 0 24.1725 1.0 418
10 1 19.0625 1.0 515
13 0 54.83250000000001 1.0 692
5 1 21.617500000000007 1.0 267
23 1 3.7325000000000017 1.0 1153
3 0 49.7225 1.0 188
15 0 21.617500000000007 1.0 766
18 1 49.7225 1.0 939
18 0 24.1725 1.0 918
11 1 34.3925 1.0 577
22 0 44.6125 1.0 1134
2 0 29.2825 1.0 122
14 0 34.3925 1.0 726
9 1 29.2825 1.0 473
18 1 44.6125 1.0 935
24 0 11.3975 1.0 1208
24 0 57.3875 1.0 1244
11 0 11.3975 1.0 558
2 0 13.9525 1.0 110
10 0 21.617500000000007 1.0 516
23 1 54.83250000000001 1.0 1193
20 0 24.1725 1.0 1018
11 0 13.9525 1.0 560
1299093.8 14
18 1 6.287500000000001 1.0 905
3 0 62.4975 1.0 198
4 1 36.947500000000005 1.0 229
19 0 21.617500000000007 1.0 966
5 1 52.2775 1.0 291
7 1 11.3975 1.0 359
24 0 47.167500000000004 1.0 1236
20 1 54.83250000000001 1.0 1043
6 0 8.842500000000001 1.0 306
2 1 26.727500000000006 1.0 121
2 0 24.1725 1.0 118
4 0 62.4975 1.0 248
18 1 44.6125 1.0 935
11 1 31.837500000000006 1.0 575
1211874.1 19
3 1 24.1725 1.0 169
16 0 62.4975 1.0 848
14 0 3.7325000000000017 1.0 702
5 1 29.2825 1.0 273
15 0 34.3925 1.0 776
12 1 31.837500000000006 1.0 625
13 1 39.5025 1.0 681
14 1 3.7325000000000017 1.0 703
10 0 52.2775 1.0 540
7 0 49.7225 1.0 388
10 1 59.94250000000001 1.0 547
21 1 39.5025 1.0 1081
11 0 11.3975 1.0 558
24 0 29.2825 1.0 1222
1 0 44.6125 1.0 84
13 1 29.2825 1.0 673
2 1 57.3875 1.0 145
20 0 59.94250000000001 1.0 1046
10 1 54.83250000000001 1.0 543
1050400.8 21
6 1 59.94250000000001 1.0 347
1 1 57.3875 1.0 95
6 0 3.7325000000000017 1.0 302
16 0 6.287500000000001 1.0 804
8 1 39.5025 1.0 431
4 1 34.3925 1.0 227
18 1 49.7225 1.0 939
0 1 59.94250000000001 1.0 47
5 0 29.2825 1.0 272
22 1 49.7225 1.0 1139
4 0 62.4975 1.0 248
0 1 16.507500000000007 1.0 13
24 0 42.057500000000005 1.0 1232
8 1 29.2825 1.0 423
10 1 16.507500000000007 1.0 513
1 0 24.1725 1.0 68
0 1 52.2775 1.0 41
11 0 49.7225 1.0 588
3 0 62.4975 1.0 198
8 1 34.3925 1.0 427
21 1 31.837500000000006 1.0 1075
1788225.4 8
24 1 11.3975 1.0 1209
20 1 31.837500000000006 1.0 1025
3 0 13.9525 1.0 160
14 0 26.727500000000006 1.0 720
21 1 44.6125 1.0 1085
0 1 16.507500000000007 1.0 13
12 1 39.5025 1.0 631
9 0 36.947500000000005 1.0 478
745567.25 5
24 0 47.167500000000004 1.0 1236
19 1 52.2775 1.0 991
20 0 6.287500000000001 1.0 1004
23 0 31.837500000000006 1.0 1174
21 1 47.167500000000004 1.0 1087
1888567.5 9
8 0 24.1725 1.0 418
8 1 29.2825 1.0 423
19 0 3.7325000000000017 1.0 952
7 0 44.6125 1.0 384
8 0 49.7225 1.0 438
5 0 11.3975 1.0 258
17 0 59.94250000000001 1.0 896
16 0 44.6125 1.0 834
18 0 34.3925 1.0 926
218964.6 14
18 0 16.507500000000007 1.0 912
23 0 47.167500000000004 1.0 1186
24 0 3.7325000000000017 1.0 1202
14 0 36.947500000000005 1.0 728
19 1 54.83250000000001 1.0 993
16 1 21.617500000000007 1.0 817
17 0 1.177500000000002 1.0 850
23 0 31.837500000000006 1.0 1174
18 0 13.9525 1.0 910
7 1 8.842500000000001 1.0 357
24 1 13.9525 1.0 1211
10 1 54.83250000000001 1.0 543
14 0 6.287500000000001 1.0 704
13 1 49.7225 1.0 689
947386.1 17
0 1 21.617500000000007 1.0 17
22 0 26.727500000000006 1.0 1120
21 1 39.5025 1.0 1081
18 0 31.837500000000006 1.0 924
13 1 39.5025 1.0 681
7 1 26.727500000000006 1.0 371
9 1 47.167500000000004 1.0 487
5 0 1.177500000000002 1.0 250
0 1 16.507500000000007 1.0 13
13 0 3.7325000000000017 1.0 652
9 1 6.287500000000001 1.0 455
16 0 6.287500000000001 1.0 804
19 0 3.7325000000000017 1.0 952
13 0 6.287500000000001 1.0 654
7 0 19.0625 1.0 364
4 0 21.617500000000007 1.0 216
1 1 54.83250000000001 1.0 93
1587230.4 21
20 0 59.94250000000001 1.0 1046
13 0 6.287500000000001 1.0 654
17 0 42.057500000000005 1.0 882
8 1 36.947500000000005 1.0 429
4 1 31.837500000000006 1.0 225
19 0 13.9525 1.0 960
6 1 36.947500000000005 1.0 329
21 0 34.3925 1.0 1076
24 1 13.9525 1.0 1211
10 1 31.837500000000006 1.0 525
20 0 49.7225 1.0 1038
12 0 11.3975 1.0 608
4 0 29.2825 1.0 222
0 0 34.3925 1.0 26
8 1 39.5025 1.0 431
10 0 29.2825 1.0 522
2 0 26.727500000000006 1.0 120
6 0 62.4975 1.0 348
17 1 59.94250000000001 1.0 897
6 0 39.5025 1.0 330
2 1 42.057500000000005 1.0 133
1213993.2 15
14 0 21.617500000000007 1.0 716
0 1 16.507500000000007 1.0 13
0 0 59.94250000000001 1.0 46
21 1 13.9525 1.0 1061
3 0 42.057500000000005 1.0 182
23 1 11.3975 1.0 1159
18 1 26.727500000000006 1.0 921
23 0 34.3925 1.0 1176
1 0 13.9525 1.0 60
6 0 3.7325000000000017 1.0 302
19 1 57.3875 1.0 995
11 1 31.837500000000006 1.0 575
1 0 36.947500000000005 1.0 78
8 0 3.7325000000000017 1.0 402
12 0 29.2825 1.0 622
554906.0 24
10 1 42.057500000000005 1.0 533
17 1 13.9525 1.0 861
18 1 11.3975 1.0 909
20 1 6.287500000000001 1.0 1005
19 1 57.3875 1.0 995
12 1 6.287500000000001 1.0 605
11 1 13.9525 1.0 561
3 0 8.842500000000001 1.0 156
21 1 31.837500000000006 1.0 1075
12 1 44.6125 1.0 635
24 1 47.167500000000004 1.0 1237
11 1 31.837500000000006 1.0 575
10 0 13.9525 1.0 510
5 1 3.7325000000000017 1.0 253
10 1 59.94250000000001 1.0 547
15 0 49.7225 1.0 788
18 0 34.3925 1.0 926
5 1 34.3925 1.0 277
4 0 13.9525 1.0 210
11 1 47.167500000000004 1.0 587
19 1 62.4975 1.0 999
2 0 21.617500000000007 1.0 116
22 0 13.9525 1.0 1110
12 0 39.5025 1.0 630
1296101.1 11
0 0 59.94250000000001 1.0 46
14 0 34.3925 1.0 726
7 0 6.287500000000001 1.0 354
16 0 39.5025 1.0 830
16 1 21.617500000000007 1.0 817
2 0 26.727500000000006 1.0 120
9 0 21.617500000000007 1.0 466
19 0 24.1725 1.0 968
2 1 36.947500000000005 1.0 129
2 1 57.3875 1.0 145
21 0 11.3975 1.0 1058
1901488.4 6
21 1 26.727500000000006 1.0 1071
5 1 29.2825 1.0 273
3 1 44.6125 1.0 185
20 1 11.3975 1.0 1009
21 1 44.6125 1.0 1085
18 0 62.4975 1.0 948
475112.97 10
16 0 62.4975 1.0 848
16 1 44.6125 1.0 835
13 0 31.837500000000006 1.0 674
19 0 13.9525 1.0 960
4 1 47.167500000000004 1.0 237
2 1 36.947500000000005 1.0 129
9 0 6.287500000000001 1.0 454
20 1 34.3925 1.0 1027
22 1 36.947500000000005 1.0 1129
4 0 29.2825 1.0 222
1919685.0 6
4 0 34.3925 1.0 226
24 1 13.9525 1.0 1211
14 1 36.947500000000005 1.0 729
3 0 1.177500000000002 1.0 150
20 0 34.3925 1.0 1026
24 1 1.177500000000002 1.0 1201
1614369.2 10
21 1 34.3925 1.0 1077
16 0 57.3875 1.0 844
24 1 13.9525 1.0 1211
4 0 34.3925 1.0 226
20 1 59.94250000000001 1.0 1047
12 1 31.837500000000006 1.0 625
15 1 54.83250000000001 1.0 793
7 0 54.83250000000001 1.0 392
12 1 42.057500000000005 1.0 633
14 0 29.2825 1.0 722
1221032.5 9
20 1 11.3975 1.0 1009
5 0 11.3975 1.0 258
14 0 34.3925 1.0 726
10 1 19.0625 1.0 515
10 0 31.837500000000006 1.0 524
4 0 47.167500000000004 1.0 236
23 1 42.057500000000005 1.0 1183
20 1 16.507500000000007 1.0 1013
3 0 13.9525 1.0 160
413744.03 12
2 1 26.727500000000006 1.0 121
7 1 8.842500000000001 1.0 357
14 0 39.5025 1.0 730
18 1 26.727500000000006 1.0 921
21 1 44.6125 1.0 1085
19 0 19.0625 1.0 964
18 0 47.167500000000004 1.0 936
11 1 13.9525 1.0 561
19 1 57.3875 1.0 995
3 1 8.842500000000001 1.0 157
11 1 36.947500000000005 1.0 579
6 0 21.617500000000007 1.0 316
1737413.5 22
7 1 26.727500000000006 1.0 371
6 0 62.4975 1.0 348
3 0 21.617500000000007 1.0 166
7 0 44.6125 1.0 384
14 1 59.94250000000001 1.0 747
12 0 6.287500000000001 1.0 604
21 1 31.837500000000006 1.0 1075
0 1 54.83250000000001 1.0 43
11 1 31.837500000000006 1.0 575
6 1 42.057500000000005 1.0 333
21 0 34.3925 1.0 1076
19 1 44.6125 1.0 985
18 1 26.727500000000006 1.0 921
18 0 24.1725 1.0 918
4 1 47.167500000000004 1.0 237
18 0 62.4975 1.0 948
13 0 31.837500000000006 1.0 674
19 0 8.842500000000001 1.0 956
14 0 3.7325000000000017 1.0 702
12 1 3.7325000000000017 1.0 603
15 0 34.3925 1.0 776
22 0 59.94250000000001 1.0 1146
503296.94 11
6 0 3.7325000000000017 1.0 302
19 1 62.4975 1.0 999
15 0 16.507500000000007 1.0 762
4 0 34.3925 1.0 226
11 1 34.3925 1.0 577
23 1 42.057500000000005 1.0 1183
11 1 42.057500000000005 1.0 583
15 0 49.7225 1.0 788
4 1 36.947500000000005 1.0 229
13 0 3.7325000000000017 1.0 652
5 0 21.617500000000007 1.0 266
1986503.2 20
14 0 16.507500000000007 1.0 712
9 1 52.2775 1.0 491
6 1 59.94250000000001 1.0 347
10 0 21.617500000000007 1.0 516
12 1 39.5025 1.0 631
12 1 44.6125 1.0 635
16 1 8.842500000000001 1.0 807
20 0 34.3925 1.0 1026
5 1 29.2825 1.0 273
18 0 47.167500000000004 1.0 936
20 0 26.727500000000006 1.0 1020
2 0 29.2825 1.0 122
21 1 29.2825 1.0 1073
13 1 8.842500000000001 1.0 657
13 0 59.94250000000001 1.0 696
19 1 54.83250000000001 1.0 993
15 0 49.7225 1.0 788
19 1 62.4975 1.0 999
14 1 31.837500000000006 1.0 725
1 0 19.0625 1.0 64
137178.4 10
20 1 49.7225 1.0 1039
8 0 42.057500000000005 1.0 432
8 1 36.947500000000005 1.0 429
8 1 47.167500000000004 1.0 437
15 0 13.9525 1.0 760
12 0 31.837500000000006 1.0 624
5 0 29.2825 1.0 272
23 1 39.5025 1.0 1181
2 0 16.507500000000007 1.0 112
8 1 49.7225 1.0 439
1086622.2 11
7 1 42.057500000000005 1.0 383
22 0 57.3875 1.0 1144
14 1 36.947500000000005 1.0 729
12 1 3.7325000000000017 1.0 603
23 1 16.507500000000007 1.0 1163
14 1 3.7325000000000017 1.0 703
3 1 57.3875 1.0 195
9 1 8.842500000000001 1.0 457
13 0 24.1725 1.0 668
19 1 8.842500000000001 1.0 957
6 0 54.83250000000001 1.0 342
1874298.1 20
18 0 62.4975 1.0 948
2 0 26.727500000000006 1.0 120
13 0 24.1725 1.0 668
18 0 34.3925 1.0 926
4 0 39.5025 1.0 230
13 1 59.94250000000001 1.0 697
23 1 39.5025 1.0 1181
21 0 42.057500000000005 1.0 1082
17 0 59.94250000000001 1.0 896
13 1 31.837500000000006 1.0 675
2 1 57.3875 1.0 145
23 0 21.617500000000007 1.0 1166
14 0 11.3975 1.0 708
0 1 52.2775 1.0 41
7 0 54.83250000000001 1.0 392
20 1 24.1725 1.0 1019
8 0 24.1725 1.0 418
16 0 6.287500000000001 1.0 804
3 0 62.4975 1.0 198
11 1 11.3975 1.0 559
1749870.2 7
23 0 19.0625 1.0 1164
19 1 62.4975 1.0 999
24 1 39.5025 1.0 1231
20 0 44.6125 1.0 1034
6 0 3.7325000000000017 1.0 302
22 0 26.727500000000006 1.0 1120
6 1 47.167500000000004 1.0 337
259097.38 7
9 1 47.167500000000004 1.0 487
20 1 19.0625 1.0 1015
4 0 29.2825 1.0 222
5 1 52.2775 1.0 291
24 0 8.842500000000001 1.0 1206
13 1 59.94250000000001 1.0 697
24 0 29.2825 1.0 1222
1724724.6 20
13 1 13.9525 1.0 661
17 0 59.94250000000001 1.0 896
0 0 47.167500000000004 1.0 36
2 0 21.617500000000007 1.0 116
4 0 34.3925 1.0 226
9 1 8.842500000000001 1.0 457
22 1 36.947500000000005 1.0 1129
16 1 29.2825 1.0 823
18 1 16.507500000000007 1.0 913
9 1 47.167500000000004 1.0 487
24 1 24.1725 1.0 1219
20 0 62.4975 1.0 1048
13 1 54.83250000000001 1.0 693
4 1 49.7225 1.0 239
20 0 49.7225 1.0 1038
4 0 8.842500000000001 1.0 206
8 0 49.7225 1.0 438
0 0 3.7325000000000017 1.0 2
4 1 11.3975 1.0 209
3 0 13.9525 1.0 160
360751.62 15
3 1 24.1725 1.0 169
1 0 57.3875 1.0 94
5 1 34.3925 1.0 277
24 0 47.167500000000004 1.0 1236
24 1 39.5025 1.0 1231
1 1 54.83250000000001 1.0 93
16 1 6.287500000000001 1.0 805
1 0 24.1725 1.0 68
3 0 1.177500000000002 1.0 150
11 1 31.837500000000006 1.0 575
12 0 24.1725 1.0 618
16 1 13.9525 1.0 811
1 0 19.0625 1.0 64
8 1 34.3925 1.0 427
12 0 54.83250000000001 1.0 642
1322420.5 13
24 1 39.5025 1.0 1231
17 0 24.1725 1.0 868
13 0 31.837500000000006 1.0 674
15 0 16.507500000000007 1.0 762
24 1 24.1725 1.0 1219
7 1 47.167500000000004 1.0 387
0 0 59.94250000000001 1.0 46
13 0 54.83250000000001 1.0 692
22 1 57.3875 1.0 1145
19 0 8.842500000000001 1.0 956
3 1 24.1725 1.0 169
7 1 8.842500000000001 1.0 357
16 0 19.0625 1.0 814
1367442.9 20
5 0 16.507500000000007 1.0 262
9 1 59.94250000000001 1.0 497
23 1 42.057500000000005 1.0 1183
3 0 29.2825 1.0 172
17 0 59.94250000000001 1.0 896
12 1 31.837500000000006 1.0 625
22 1 54.83250000000001 1.0 1143
20 1 13.9525 1.0 1011
15 1 54.83250000000001 1.0 793
1 0 24.1725 1.0 68
9 0 49.7225 1.0 488
10 0 13.9525 1.0 510
21 1 39.5025 1.0 1081
2 1 57.3875 1.0 145
15 0 49.7225 1.0 788
1 1 57.3875 1.0 95
14 1 3.7325000000000017 1.0 703
7 0 6.287500000000001 1.0 354
10 1 59.94250000000001 1.0 547
0 0 21.617500000000007 1.0 16
1264526.5 21
3 0 57.3875 1.0 194
24 0 29.2825 1.0 1222
18 0 24.1725 1.0 918
14 1 13.9525 1.0 711
13 0 39.5025 1.0 680
7 0 6.287500000000001 1.0 354
2 1 57.3875 1.0 145
13 0 54.83250000000001 1.0 692
7 0 52.2775 1.0 390
11 0 3.7325000000000017 1.0 552
22 1 49.7225 1.0 1139
2 0 59.94250000000001 1.0 146
19 0 21.617500000000007 1.0 966
18 0 62.4975 1.0 948
17 0 62.4975 1.0 898
7 1 8.842500000000001 1.0 357
19 1 44.6125 1.0 985
18 1 44.6125 1.0 935
2 0 29.2825 1.0 122
1 0 39.5025 1.0 80
5 1 29.2825 1.0 273
1862125.0 11
2 1 62.4975 1.0 149
21 1 3.7325000000000017 1.0 1053
19 0 13.9525 1.0 960
21 0 24.1725 1.0 1068
6 0 21.617500000000007 1.0 316
8 1 26.727500000000006 1.0 421
22 0 47.167500000000004 1.0 1136
17 1 13.9525 1.0 861
16 0 52.2775 1.0 840
10 1 19.0625 1.0 515
22 1 49.7225 1.0 1139
1938186.4 19
19 0 3.7325000000000017 1.0 952
6 0 24.1725 1.0 318
22 1 36.947500000000005 1.0 1129
13 0 6.287500000000001 1.0 654
12 0 16.507500000000007 1.0 612
16 0 24.1725 1.0 818
10 0 31.837500000000006 1.0 524
19 1 44.6125 1.0 985
24 1 1.177500000000002 1.0 1201
21 1 31.837500000000006 1.0 1075
20 1 62.4975 1.0 1049
23 1 42.057500000000005 1.0 1183
10 1 54.83250000000001 1.0 543
5 1 29.2825 1.0 273
7 0 19.0625 1.0 364
1 0 36.947500000000005 1.0 78
17 1 59.94250000000001 1.0 897
24 1 44.6125 1.0 1235
23 1 39.5025 1.0 1181
1660125.6 23
13 0 6.287500000000001 1.0 654
3 0 57.3875 1.0 194
1 1 47.167500000000004 1.0 87
10 1 16.507500000000007 1.0 513
3 0 34.3925 1.0 176
16 0 62.4975 1.0 848
19 0 47.167500000000004 1.0 986
8 1 36.947500000000005 1.0 429
13 0 31.837500000000006 1.0 674
17 0 62.4975 1.0 898
2 1 52.2775 1.0 141
9 1 52.2775 1.0 491
0 0 34.3925 1.0 26
5 0 21.617500000000007 1.0 266
17 0 42.057500000000005 1.0 882
4 1 52.2775 1.0 241
1 0 44.6125 1.0 84
23 1 39.5025 1.0 1181
6 1 59.94250000000001 1.0 347
0 0 21.617500000000007 1.0 16
21 1 31.837500000000006 1.0 1075
7 1 11.3975 1.0 359
1 0 62.4975 1.0 98
1953368.5 16
7 0 54.83250000000001 1.0 392
13 0 54.83250000000001 1.0 692
13 1 59.94250000000001 1.0 697
16 0 62.4975 1.0 848
21 1 34.3925 1.0 1077
24 1 24.1725 1.0 1219
21 1 13.9525 1.0 1061
2 0 57.3875 1.0 144
13 0 3.7325000000000017 1.0 652
13 1 13.9525 1.0 661
7 0 24.1725 1.0 368
22 1 36.947500000000005 1.0 1129
16 1 29.2825 1.0 823
12 1 42.057500000000005 1.0 633
10 1 54.83250000000001 1.0 543
11 1 36.947500000000005 1.0 579
68176.016 7
19 1 57.3875 1.0 995
16 0 44.6125 1.0 834
24 1 13.9525 1.0 1211
11 0 34.3925 1.0 576
14 0 29.2825 1.0 722
11 1 49.7225 1.0 589
9 0 34.3925 1.0 476
911339.2 17
9 1 19.0625 1.0 465
17 0 59.94250000000001 1.0 896
4 0 42.057500000000005 1.0 232
2 1 26.727500000000006 1.0 121
21 1 47.167500000000004 1.0 1087
2 0 57.3875 1.0 144
12 0 54.83250000000001 1.0 642
15 0 34.3925 1.0 776
17 0 1.177500000000002 1.0 850
10 0 21.617500000000007 1.0 516
3 0 62.4975 1.0 198
4 1 36.947500000000005 1.0 229
24 1 47.167500000000004 1.0 1237
21 1 59.94250000000001 1.0 1097
13 0 39.5025 1.0 680
11 0 11.3975 1.0 558
3 0 49.7225 1.0 188
1494485.1 19
19 0 13.9525 1.0 960
12 1 8.842500000000001 1.0 607
15 1 42.057500000000005 1.0 783
15 1 54.83250000000001 1.0 793
14 1 3.7325000000000017 1.0 703
18 0 34.3925 1.0 926
12 0 11.3975 1.0 608
16 1 29.2825 1.0 823
13 0 47.167500000000004 1.0 686
13 1 8.842500000000001 1.0 657
11 1 31.837500000000006 1.0 575
22 1 6.287500000000001 1.0 1105
14 1 13.9525 1.0 711
23 0 57.3875 1.0 1194
24 0 47.167500000000004 1.0 1236
4 0 54.83250000000001 1.0 242
12 0 16.507500000000007 1.0 612
1 0 44.6125 1.0 84
24 1 49.7225 1.0 1239
628504.56 9
24 1 24.1725 1.0 1219
17 0 1.177500000000002 1.0 850
21 1 24.1725 1.0 1069
24 0 29.2825 1.0 1222
18 0 54.83250000000001 1.0 942
10 1 59.94250000000001 1.0 547
21 1 44.6125 1.0 1085
11 1 3.7325000000000017 1.0 553
13 0 31.837500000000006 1.0 674
1402851.1 13
18 0 34.3925 1.0 926
1 0 44.6125 1.0 84
9 0 13.9525 1.0 460
13 0 3.7325000000000017 1.0 652
15 0 44.6125 1.0 784
19 1 44.6125 1.0 985
4 0 47.167500000000004 1.0 236
2 0 39.5025 1.0 130
12 1 44.6125 1.0 635
6 0 62.4975 1.0 348
11 1 19.0625 1.0 565
4 1 34.3925 1.0 227
19 0 21.617500000000007 1.0 966
1581183.6 13
7 1 8.842500000000001 1.0 357
1 0 36.947500000000005 1.0 78
10 0 39.5025 1.0 530
15 1 54.83250000000001 1.0 793
10 1 31.837500000000006 1.0 525
20 1 39.5025 1.0 1031
10 1 19.0625 1.0 515
12 1 34.3925 1.0 627
10 0 11.3975 1.0 508
4 0 54.83250000000001 1.0 242
16 1 44.6125 1.0 835
10 0 31.837500000000006 1.0 524
4 1 34.3925 1.0 227
176160.48 18
24 1 47.167500000000004 1.0 1237
24 0 62.4975 1.0 1248
14 1 16.507500000000007 1.0 713
19 0 47.167500000000004 1.0 986
20 1 31.837500000000006 1.0 1025
8 1 62.4975 1.0 449
12 0 54.83250000000001 1.0 642
18 0 24.1725 1.0 918
1 0 31.837500000000006 1.0 74
20 1 59.94250000000001 1.0 1047
4 0 21.617500000000007 1.0 216
17 0 59.94250000000001 1.0 896
22 1 36.947500000000005 1.0 1129
22 0 16.507500000000007 1.0 1112
9 1 26.727500000000006 1.0 471
13 1 39.5025 1.0 681
3 1 44.6125 1.0 185
17 0 62.4975 1.0 898
621160.75 16
18 1 44.6125 1.0 935
22 0 13.9525 1.0 1110
20 1 59.94250000000001 1.0 1047
4 1 36.947500000000005 1.0 229
4 0 62.4975 1.0 248
13 1 36.947500000000005 1.0 679
3 1 57.3875 1.0 195
8 1 36.947500000000005 1.0 429
20 0 44.6125 1.0 1034
2 0 24.1725 1.0 118
17 0 1.177500000000002 1.0 850
14 0 3.7325000000000017 1.0 702
6 1 57.3875 1.0 345
11 1 13.9525 1.0 561
4 0 24.1725 1.0 218
6 0 21.617500000000007 1.0 316
1805150.8 14
16 0 62.4975 1.0 848
22 0 13.9525 1.0 1110
8 1 29.2825 1.0 423
17 1 8.842500000000001 1.0 857
3 0 57.3875 1.0 194
17 1 42.057500000000005 1.0 883
18 0 31.837500000000006 1.0 924
3 0 49.7225 1.0 188
24 1 39.5025 1.0 1231
0 0 57.3875 1.0 44
0 0 54.83250000000001 1.0 42
16 1 29.2825 1.0 823
11 0 49.7225 1.0 588
9 0 6.287500000000001 1.0 454
416857.56 8
16 1 1.177500000000002 1.0 801
5 1 21.617500000000007 1.0 267
12 0 16.507500000000007 1.0 612
13 0 54.83250000000001 1.0 692
10 0 24.1725 1.0 518
19 0 42.057500000000005 1.0 982
2 1 62.4975 1.0 149
5 0 3.7325000000000017 1.0 252
1245375.2 16
24 1 13.9525 1.0 1211
10 1 59.94250000000001 1.0 547
6 1 11.3975 1.0 309
15 0 13.9525 1.0 760
6 0 54.83250000000001 1.0 342
4 0 54.83250000000001 1.0 242
5 0 62.4975 1.0 298
12 0 54.83250000000001 1.0 642
18 1 6.287500000000001 1.0 905
11 1 13.9525 1.0 561
3 0 62.4975 1.0 198
1 0 19.0625 1.0 64
0 1 29.2825 1.0 23
3 0 57.3875 1.0 194
13 0 44.6125 1.0 684
15 1 31.837500000000006 1.0 775
1902812.1 6
11 0 11.3975 1.0 558
1 0 24.1725 1.0 68
6 1 49.7225 1.0 339
11 1 24.1725 1.0 569
1 1 19.0625 1.0 65
24 1 39.5025 1.0 1231
1221852.8 17
24 1 11.3975 1.0 1209
20 1 6.287500000000001 1.0 1005
0 1 44.6125 1.0 35
13 0 54.83250000000001 1.0 692
18 0 16.507500000000007 1.0 912
10 1 16.507500000000007 1.0 513
22 0 36.947500000000005 1.0 1128
20 0 26.727500000000006 1.0 1020
11 1 19.0625 1.0 565
3 0 1.177500000000002 1.0 150
22 1 49.7225 1.0 1139
0 0 47.167500000000004 1.0 36
10 1 1.177500000000002 1.0 501
4 0 13.9525 1.0 210
21 1 47.167500000000004 1.0 1087
16 1 29.2825 1.0 823
17 0 59.94250000000001 1.0 896
1980628.8 12
19 1 8.842500000000001 1.0 957
14 1 19.0625 1.0 715
21 1 16.507500000000007 1.0 1063
15 0 16.507500000000007 1.0 762
13 1 29.2825 1.0 673
4 0 54.83250000000001 1.0 242
21 1 39.5025 1.0 1081
3 1 57.3875 1.0 195
22 0 29.2825 1.0 1122
13 0 11.3975 1.0 658
11 1 26.727500000000006 1.0 571
2 1 47.167500000000004 1.0 137
1003315.8 22
8 1 29.2825 1.0 423
19 0 47.167500000000004 1.0 986
18 0 31.837500000000006 1.0 924
17 0 24.1725 1.0 868
7 0 52.2775 1.0 390
2 0 21.617500000000007 1.0 116
9 1 8.842500000000001 1.0 457
13 1 39.5025 1.0 681
10 1 54.83250000000001 1.0 543
23 1 42.057500000000005 1.0 1183
18 0 62.4975 1.0 948
7 0 19.0625 1.0 364
4 1 34.3925 1.0 227
13 0 54.83250000000001 1.0 692
4 1 21.617500000000007 1.0 217
9 1 59.94250000000001 1.0 497
14 1 13.9525 1.0 711
8 1 34.3925 1.0 427
5 0 11.3975 1.0 258
8 1 47.167500000000004 1.0 437
15 1 52.2775 1.0 791
9 1 39.5025 1.0 481
374932.94 13
0 1 52.2775 1.0 41
12 0 31.837500000000006 1.0 624
17 0 59.94250000000001 1.0 896
21 1 59.94250000000001 1.0 1097
2 1 36.947500000000005 1.0 129
6 1 44.6125 1.0 335
21 1 3.7325000000000017 1.0 1053
15 1 52.2775 1.0 791
4 0 34.3925 1.0 226
3 0 42.057500000000005 1.0 182
13 1 49.7225 1.0 689
0 0 59.94250000000001 1.0 46
11 1 42.057500000000005 1.0 583
1583209.4 5
21 1 31.837500000000006 1.0 1075
3 1 24.1725 1.0 169
9 1 52.2775 1.0 491
19 1 57.3875 1.0 995
0 1 59.94250000000001 1.0 47
360107.62 5
13 1 54.83250000000001 1.0 693
3 0 1.177500000000002 1.0 150
8 1 54.83250000000001 1.0 443
6 1 49.7225 1.0 339
16 1 34.3925 1.0 827
322370.66 23
22 0 13.9525 1.0 1110
15 1 54.83250000000001 1.0 793
2 1 52.2775 1.0 141
15 0 49.7225 1.0 788
11 1 11.3975 1.0 559
0 1 21.617500000000007 1.0 17
11 1 31.837500000000006 1.0 575
1 1 16.507500000000007 1.0 63
0 0 47.167500000000004 1.0 36
24 1 11.3975 1.0 1209
12 1 42.057500000000005 1.0 633
15 1 47.167500000000004 1.0 787
11 1 57.3875 1.0 595
18 0 31.837500000000006 1.0 924
9 1 6.287500000000001 1.0 455
13 0 8.842500000000001 1.0 656
17 0 42.057500000000005 1.0 882
17 1 59.94250000000001 1.0 897
4 0 29.2825 1.0 222
7 0 47.167500000000004 1.0 386
6 0 3.7325000000000017 1.0 302
20 1 49.7225 1.0 1039
9 1 62.4975 1.0 499
234099.02 11
23 1 29.2825 1.0 1173
21 1 34.3925 1.0 1077
17 1 42.057500000000005 1.0 883
20 0 44.6125 1.0 1034
19 1 8.842500000000001 1.0 957
9 0 21.617500000000007 1.0 466
8 1 26.727500000000006 1.0 421
20 0 26.727500000000006 1.0 1020
4 1 36.947500000000005 1.0 229
3 0 49.7225 1.0 188
6 0 21.617500000000007 1.0 316
1244095.1 12
19 1 62.4975 1.0 999
5 1 29.2825 1.0 273
17 1 59.94250000000001 1.0 897
2 0 11.3975 1.0 108
2 1 42.057500000000005 1.0 133
8 1 26.727500000000006 1.0 421
20 1 19.0625 1.0 1015
2 1 26.727500000000006 1.0 121
20 0 59.94250000000001 1.0 1046
24 1 42.057500000000005 1.0 1233
21 1 16.507500000000007 1.0 1063
23 0 31.837500000000006 1.0 1174
1055126.0 7
4 1 31.837500000000006 1.0 225
24 0 62.4975 1.0 1248
13 0 42.057500000000005 1.0 682
9 0 47.167500000000004 1.0 486
17 1 21.617500000000007 1.0 867
16 0 39.5025 1.0 830
13 1 59.94250000000001 1.0 697
783750.94 19
24 1 1.177500000000002 1.0 1201
3 1 47.167500000000004 1.0 187
3 0 47.167500000000004 1.0 186
9 1 36.947500000000005 1.0 479
6 1 1.177500000000002 1.0 301
19 0 13.9525 1.0 960
3 0 19.0625 1.0 164
5 0 21.617500000000007 1.0 266
14 0 16.507500000000007 1.0 712
9 1 19.0625 1.0 465
8 1 26.727500000000006 1.0 421
3 1 8.842500000000001 1.0 157
19 0 19.0625 1.0 964
12 0 13.9525 1.0 610
15 0 34.3925 1.0 776
14 1 44.6125 1.0 735
16 0 54.83250000000001 1.0 842
2 0 39.5025 1.0 130
9 1 26.727500000000006 1.0 471
1844931.5 18
12 1 8.842500000000001 1.0 607
16 1 29.2825 1.0 823
8 0 24.1725 1.0 418
21 1 31.837500000000006 1.0 1075
2 1 47.167500000000004 1.0 137
18 0 62.4975 1.0 948
21 1 59.94250000000001 1.0 1097
24 1 1.177500000000002 1.0 1201
15 0 29.2825 1.0 772
4 1 36.947500000000005 1.0 229
1 1 54.83250000000001 1.0 93
0 0 21.617500000000007 1.0 16
22 0 57.3875 1.0 1144
1 1 21.617500000000007 1.0 67
16 0 6.287500000000001 1.0 804
20 0 1.177500000000002 1.0 1000
16 0 57.3875 1.0 844
19 0 21.617500000000007 1.0 966
1048865.0 10
20 1 59.94250000000001 1.0 1047
14 1 13.9525 1.0 711
7 0 54.83250000000001 1.0 392
21 0 24.1725 1.0 1068
10 0 13.9525 1.0 510
10 1 19.0625 1.0 515
3 1 3.7325000000000017 1.0 153
6 0 54.83250000000001 1.0 342
8 1 29.2825 1.0 423
7 1 42.057500000000005 1.0 383
1473262.0 5
13 0 11.3975 1.0 658
18 0 16.507500000000007 1.0 912
3 0 62.4975 1.0 198
17 0 42.057500000000005 1.0 882
0 1 13.9525 1.0 11
1058592.8 9
15 1 49.7225 1.0 789
15 0 49.7225 1.0 788
3 1 57.3875 1.0 195
8 1 29.2825 1.0 423
6 1 54.83250000000001 1.0 343
16 1 57.3875 1.0 845
11 1 13.9525 1.0 561
18 1 44.6125 1.0 935
6 0 44.6125 1.0 334
283092.06 13
7 0 11.3975 1.0 358
12 1 31.837500000000006 1.0 625
11 1 31.837500000000006 1.0 575
15 1 36.947500000000005 1.0 779
19 1 54.83250000000001 1.0 993
20 1 54.83250000000001 1.0 1043
2 1 3.7325000000000017 1.0 103
15 0 11.3975 1.0 758
3 0 13.9525 1.0 160
8 0 36.947500000000005 1.0 428
15 1 34.3925 1.0 777
10 0 31.837500000000006 1.0 524
0 0 47.167500000000004 1.0 36
1843035.4 15
5 0 3.7325000000000017 1.0 252
13 1 54.83250000000001 1.0 693
11 0 13.9525 1.0 560
8 1 54.83250000000001 1.0 443
13 0 3.7325000000000017 1.0 652
12 1 59.94250000000001 1.0 647
4 1 34.3925 1.0 227
23 1 21.617500000000007 1.0 1167
12 1 8.842500000000001 1.0 607
14 1 62.4975 1.0 749
15 0 16.507500000000007 1.0 762
3 0 57.3875 1.0 194
13 0 57.3875 1.0 694
5 1 34.3925 1.0 277
4 1 47.167500000000004 1.0 237
960907.6 5
10 1 59.94250000000001 1.0 547
20 1 19.0625 1.0 1015
3 0 13.9525 1.0 160
7 1 54.83250000000001 1.0 393
12 0 31.837500000000006 1.0 624
127488.23 20
2 1 26.727500000000006 1.0 121
20 1 54.83250000000001 1.0 1043
16 1 13.9525 1.0 811
6 1 59.94250000000001 1.0 347
0 0 54.83250000000001 1.0 42
3 0 42.057500000000005 1.0 182
20 0 59.94250000000001 1.0 1046
22 1 49.7225 1.0 1139
18 0 8.842500000000001 1.0 906
21 0 24.1725 1.0 1068
1 0 13.9525 1.0 60
18 1 26.727500000000006 1.0 921
20 1 42.057500000000005 1.0 1033
0 0 47.167500000000004 1.0 36
14 1 24.1725 1.0 719
4 1 21.617500000000007 1.0 217
23 0 42.057500000000005 1.0 1182
1 1 3.7325000000000017 1.0 53
13 0 6.287500000000001 1.0 654
4 1 36.947500000000005 1.0 229
1326863.4 9
20 1 62.4975 1.0 1049
12 0 47.167500000000004 1.0 636
4 1 16.507500000000007 1.0 213
2 1 42.057500000000005 1.0 133
23 1 39.5025 1.0 1181
19 1 57.3875 1.0 995
4 0 54.83250000000001 1.0 242
7 0 6.287500000000001 1.0 354
17 1 42.057500000000005 1.0 883
1019948.94 22
22 1 36.947500000000005 1.0 1129
24 1 13.9525 1.0 1211
23 0 57.3875 1.0 1194
14 0 3.7325000000000017 1.0 702
17 0 42.057500000000005 1.0 882
17 1 21.617500000000007 1.0 867
21 1 3.7325000000000017 1.0 1053
8 1 26.727500000000006 1.0 421
1 0 24.1725 1.0 68
20 0 26.727500000000006 1.0 1020
10 1 47.167500000000004 1.0 537
22 0 29.2825 1.0 1122
5 0 11.3975 1.0 258
18 1 6.287500000000001 1.0 905
1 1 57.3875 1.0 95
22 1 54.83250000000001 1.0 1143
0 1 52.2775 1.0 41
5 0 59.94250000000001 1.0 296
2 0 39.5025 1.0 130
23 1 21.617500000000007 1.0 1167
8 0 36.947500000000005 1.0 428
2 1 62.4975 1.0 149
1176029.0 6
15 0 16.507500000000007 1.0 762
9 1 8.842500000000001 1.0 457
17 0 62.4975 1.0 898
0 1 21.617500000000007 1.0 17
14 0 26.727500000000006 1.0 720
4 0 34.3925 1.0 226
1430213.2 13
12 1 44.6125 1.0 635
20 0 6.287500000000001 1.0 1004
7 0 49.7225 1.0 388
4 0 29.2825 1.0 222
6 0 24.1725 1.0 318
18 0 49.7225 1.0 938
24 0 59.94250000000001 1.0 1246
10 1 59.94250000000001 1.0 547
20 1 13.9525 1.0 1011
11 1 42.057500000000005 1.0 583
18 0 8.842500000000001 1.0 906
24 1 24.1725 1.0 1219
10 1 1.177500000000002 1.0 501
1871528.9 6
11 1 54.83250000000001 1.0 593
10 0 16.507500000000007 1.0 512
20 1 31.837500000000006 1.0 1025
14 1 13.9525 1.0 711
21 1 44.6125 1.0 1085
14 0 47.167500000000004 1.0 736
806382.94 12
15 0 19.0625 1.0 764
0 1 59.94250000000001 1.0 47
6 1 59.94250000000001 1.0 347
5 1 29.2825 1.0 273
17 0 62.4975 1.0 898
16 1 29.2825 1.0 823
20 1 16.507500000000007 1.0 1013
1 0 44.6125 1.0 84
10 1 49.7225 1.0 539
8 1 34.3925 1.0 427
8 1 29.2825 1.0 423
17 0 59.94250000000001 1.0 896
1251665.5 19
6 0 54.83250000000001 1.0 342
10 1 42.057500000000005 1.0 533
4 1 62.4975 1.0 249
5 1 26.727500000000006 1.0 271
20 1 54.83250000000001 1.0 1043
9 0 52.2775 1.0 490
18 0 62.4975 1.0 948
22 0 29.2825 1.0 1122
14 1 26.727500000000006 1.0 721
11 1 42.057500000000005 1.0 583
21 0 24.1725 1.0 1068
4 0 13.9525 1.0 210
18 0 8.842500000000001 1.0 906
21 1 31.837500000000006 1.0 1075
17 1 42.057500000000005 1.0 883
5 0 11.3975 1.0 258
3 0 62.4975 1.0 198
20 0 62.4975 1.0 1048
18 1 6.287500000000001 1.0 905
1412217.4 5
11 1 54.83250000000001 1.0 593
0 0 16.507500000000007 1.0 12
21 0 24.1725 1.0 1068
16 0 34.3925 1.0 826
4 0 52.2775 1.0 240
681721.3 20
13 0 31.837500000000006 1.0 674
14 0 29.2825 1.0 722
20 0 59.94250000000001 1.0 1046
12 1 42.057500000000005 1.0 633
6 1 47.167500000000004 1.0 337
2 0 57.3875 1.0 144
21 1 31.837500000000006 1.0 1075
8 1 54.83250000000001 1.0 443
2 1 26.727500000000006 1.0 121
22 0 29.2825 1.0 1122
10 0 31.837500000000006 1.0 524
22 0 26.727500000000006 1.0 1120
4 0 34.3925 1.0 226
11 1 54.83250000000001 1.0 593
2 1 36.947500000000005 1.0 129
5 0 11.3975 1.0 258
7 1 8.842500000000001 1.0 357
4 1 36.947500000000005 1.0 229
2 0 29.2825 1.0 122
22 0 57.3875 1.0 1144
456168.5 20
9 1 8.842500000000001 1.0 457
5 1 52.2775 1.0 291
14 0 29.2825 1.0 722
14 1 31.837500000000006 1.0 725
4 0 54.83250000000001 1.0 242
10 0 59.94250000000001 1.0 546
20 0 49.7225 1.0 1038
1 0 13.9525 1.0 60
15 1 52.2775 1.0 791
21 1 47.167500000000004 1.0 1087
16 1 21.617500000000007 1.0 817
18 0 8.842500000000001 1.0 906
2 0 26.727500000000006 1.0 120
13 0 24.1725 1.0 668
13 1 29.2825 1.0 673
23 0 57.3875 1.0 1194
21 0 24.1725 1.0 1068
10 0 34.3925 1.0 526
8 1 36.947500000000005 1.0 429
7 0 6.287500000000001 1.0 354
1423075.0 17
24 0 19.0625 1.0 1214
5 0 47.167500000000004 1.0 286
8 1 47.167500000000004 1.0 437
8 1 49.7225 1.0 439
0 1 16.507500000000007 1.0 13
2 0 24.1725 1.0 118
6 1 59.94250000000001 1.0 347
6 0 54.83250000000001 1.0 342
11 1 42.057500000000005 1.0 583
17 0 24.1725 1.0 868
3 1 3.7325000000000017 1.0 153
0 0 34.3925 1.0 26
9 0 36.947500000000005 1.0 478
6 0 24.1725 1.0 318
19 1 54.83250000000001 1.0 993
14 1 3.7325000000000017 1.0 703
10 0 34.3925 1.0 526
970936.0 22
13 0 44.6125 1.0 684
17 0 24.1725 1.0 868
11 1 11.3975 1.0 559
5 0 16.507500000000007 1.0 262
15 0 49.7225 1.0 788
20 0 24.1725 1.0 1018
14 1 42.057500000000005 1.0 733
8 0 24.1725 1.0 418
8 1 34.3925 1.0 427
10 1 16.507500000000007 1.0 513
18 0 62.4975 1.0 948
17 0 42.057500000000005 1.0 882
14 0 47.167500000000004 1.0 736
16 0 57.3875 1.0 844
24 1 1.177500000000002 1.0 1201
1 1 54.83250000000001 1.0 93
20 1 62.4975 1.0 1049
6 0 3.7325000000000017 1.0 302
0 0 54.83250000000001 1.0 42
24 1 11.3975 1.0 1209
12 0 54.83250000000001 1.0 642
12 1 34.3925 1.0 627
737034.7 20
3 1 6.287500000000001 1.0 155
8 1 49.7225 1.0 439
10 1 1.177500000000002 1.0 501
22 1 6.287500000000001 1.0 1105
4 1 36.947500000000005 1.0 229
2 0 21.617500000000007 1.0 116
13 1 54.83250000000001 1.0 693
9 1 52.2775 1.0 491
1 0 31.837500000000006 1.0 74
2 1 52.2775 1.0 141
22 1 24.1725 1.0 1119
6 1 36.947500000000005 1.0 329
8 1 34.3925 1.0 427
5 0 3.7325000000000017 1.0 252
19 1 62.4975 1.0 999
24 0 24.1725 1.0 1218
21 1 47.167500000000004 1.0 1087
14 0 47.167500000000004 1.0 736
2 1 62.4975 1.0 149
3 0 42.057500000000005 1.0 182
1624732.1 6
5 0 1.177500000000002 1.0 250
4 0 54.83250000000001 1.0 242
18 0 34.3925 1.0 926
17 1 57.3875 1.0 895
8 1 29.2825 1.0 423
20 1 62.4975 1.0 1049
632198.1 6
2 1 57.3875 1.0 145
15 0 13.9525 1.0 760
6 1 26.727500000000006 1.0 321
3 0 49.7225 1.0 188
6 1 1.177500000000002 1.0 301
7 0 31.837500000000006 1.0 374
761104.1 6
7 0 54.83250000000001 1.0 392
19 1 34.3925 1.0 977
11 1 26.727500000000006 1.0 571
4 0 62.4975 1.0 248
8 0 24.1725 1.0 418
1 0 24.1725 1.0 68
1066529.6 14
16 1 29.2825 1.0 823
1 0 24.1725 1.0 68
0 0 47.167500000000004 1.0 36
7 0 57.3875 1.0 394
18 1 49.7225 1.0 939
12 0 16.507500000000007 1.0 612
14 1 13.9525 1.0 711
17 1 21.617500000000007 1.0 867
11 1 36.947500000000005 1.0 579
7 0 11.3975 1.0 358
3 1 6.287500000000001 1.0 155
17 0 1.177500000000002 1.0 850
6 1 34.3925 1.0 327
10 1 8.842500000000001 1.0 507
72536.35 14
12 0 29.2825 1.0 622
20 0 49.7225 1.0 1038
5 1 26.727500000000006 1.0 271
13 0 31.837500000000006 1.0 674
7 0 54.83250000000001 1.0 392
17 0 42.057500000000005 1.0 882
5 1 29.2825 1.0 273
6 1 49.7225 1.0 339
21 1 39.5025 1.0 1081
21 1 11.3975 1.0 1059
19 1 8.842500000000001 1.0 957
18 1 26.727500000000006 1.0 921
19 0 19.0625 1.0 964
15 1 54.83250000000001 1.0 793
749678.1 24
24 1 24.1725 1.0 1219
16 0 6.287500000000001 1.0 804
0 0 21.617500000000007 1.0 16
2 1 31.837500000000006 1.0 125
16 1 13.9525 1.0 811
6 1 49.7225 1.0 339
20 1 11.3975 1.0 1009
5 1 34.3925 1.0 277
9 1 6.287500000000001 1.0 455
19 0 19.0625 1.0 964
21 0 19.0625 1.0 1064
12 1 44.6125 1.0 635
18 1 49.7225 1.0 939
3 0 13.9525 1.0 160
20 0 59.94250000000001 1.0 1046
20 0 44.6125 1.0 1034
3 0 34.3925 1.0 176
15 1 42.057500000000005 1.0 783
18 0 8.842500000000001 1.0 906
24 1 59.94250000000001 1.0 1247
19 0 21.617500000000007 1.0 966
21 1 13.9525 1.0 1061
4 0 47.167500000000004 1.0 236
0 1 16.507500000000007 1.0 13
723233.75 14
16 0 26.727500000000006 1.0 820
22 0 24.1725 1.0 1118
13 0 39.5025 1.0 680
15 0 13.9525 1.0 760
17 0 24.1725 1.0 868
3 1 24.1725 1.0 169
20 1 59.94250000000001 1.0 1047
24 1 49.7225 1.0 1239
10 1 59.94250000000001 1.0 547
18 1 16.507500000000007 1.0 913
3 0 13.9525 1.0 160
10 1 36.947500000000005 1.0 529
3 0 42.057500000000005 1.0 182
11 0 26.727500000000006 1.0 570
806361.8 19
24 1 47.167500000000004 1.0 1237
5 0 16.507500000000007 1.0 262
21 1 24.1725 1.0 1069
1 0 36.947500000000005 1.0 78
12 1 34.3925 1.0 627
22 1 49.7225 1.0 1139
8 1 29.2825 1.0 423
13 0 54.83250000000001 1.0 692
13 1 39.5025 1.0 681
16 1 13.9525 1.0 811
6 1 49.7225 1.0 339
2 0 24.1725 1.0 118
4 0 44.6125 1.0 234
23 0 31.837500000000006 1.0 1174
6 0 44.6125 1.0 334
5 0 62.4975 1.0 298
12 1 39.5025 1.0 631
6 0 62.4975 1.0 348
11 0 13.9525 1.0 560
1932021.0 16
2 1 3.7325000000000017 1.0 103
0 0 13.9525 1.0 10
0 1 59.94250000000001 1.0 47
6 1 1.177500000000002 1.0 301
20 0 49.7225 1.0 1038
10 0 52.2775 1.0 540
23 0 24.1725 1.0 1168
20 1 19.0625 1.0 1015
8 0 42.057500000000005 1.0 432
9 1 19.0625 1.0 465
17 0 42.057500000000005 1.0 882
2 0 57.3875 1.0 144
6 0 3.7325000000000017 1.0 302
1 1 57.3875 1.0 95
11 1 31.837500000000006 1.0 575
20 0 59.94250000000001 1.0 1046
1989628.2 6
9 0 59.94250000000001 1.0 496
0 0 31.837500000000006 1.0 24
1 0 24.1725 1.0 68
20 1 49.7225 1.0 1039
4 0 49.7225 1.0 238
8 1 19.0625 1.0 415
1668360.9 6
13 1 8.842500000000001 1.0 657
19 0 57.3875 1.0 994
24 0 36.947500000000005 1.0 1228
7 0 24.1725 1.0 368
5 0 16.507500000000007 1.0 262
3 1 57.3875 1.0 195
1924828.6 8
10 0 31.837500000000006 1.0 524
2 0 29.2825 1.0 122
2 1 6.287500000000001 1.0 105
10 0 21.617500000000007 1.0 516
7 0 52.2775 1.0 390
20 0 6.287500000000001 1.0 1004
2 0 21.617500000000007 1.0 116
17 0 42.057500000000005 1.0 882
1699593.5 13
5 0 1.177500000000002 1.0 250
5 1 3.7325000000000017 1.0 253
18 0 54.83250000000001 1.0 942
24 1 39.5025 1.0 1231
9 1 52.2775 1.0 491
1 1 11.3975 1.0 59
23 1 21.617500000000007 1.0 1167
0 1 16.507500000000007 1.0 13
22 1 8.842500000000001 1.0 1107
24 1 47.167500000000004 1.0 1237
12 1 42.057500000000005 1.0 633
11 1 11.3975 1.0 559
3 0 1.177500000000002 1.0 150
1411086.8 5
3 0 13.9525 1.0 160
10 0 36.947500000000005 1.0 528
8 1 13.9525 1.0 411
24 0 29.2825 1.0 1222
23 0 57.3875 1.0 1194
807466.3 6
22 0 29.2825 1.0 1122
17 1 42.057500000000005 1.0 883
15 1 52.2775 1.0 791
9 1 47.167500000000004 1.0 487
18 0 34.3925 1.0 926
7 0 44.6125 1.0 384
188495.88 5
3 0 49.7225 1.0 188
14 0 47.167500000000004 1.0 736
19 1 62.4975 1.0 999
3 0 1.177500000000002 1.0 150
10 1 29.2825 1.0 523
380669.84 12
11 1 36.947500000000005 1.0 579
11 1 13.9525 1.0 561
5 0 3.7325000000000017 1.0 252
2 1 6.287500000000001 1.0 105
18 0 34.3925 1.0 926
2 1 36.947500000000005 1.0 129
12 0 49.7225 1.0 638
22 1 54.83250000000001 1.0 1143
20 0 6.287500000000001 1.0 1004
22 1 49.7225 1.0 1139
3 0 34.3925 1.0 176
22 1 42.057500000000005 1.0 1133
1422537.6 9
13 0 31.837500000000006 1.0 674
18 1 47.167500000000004 1.0 937
3 0 42.057500000000005 1.0 182
16 0 57.3875 1.0 844
22 0 47.167500000000004 1.0 1136
9 1 47.167500000000004 1.0 487
6 0 24.1725 1.0 318
0 0 59.94250000000001 1.0 46
12 1 62.4975 1.0 649
608298.6 10
8 1 49.7225 1.0 439
13 0 44.6125 1.0 684
16 1 47.167500000000004 1.0 837
0 0 54.83250000000001 1.0 42
19 1 34.3925 1.0 977
24 1 39.5025 1.0 1231
4 0 21.617500000000007 1.0 216
3 0 1.177500000000002 1.0 150
5 0 1.177500000000002 1.0 250
20 1 29.2825 1.0 1023
1307235.4 8
23 1 39.5025 1.0 1181
23 0 57.3875 1.0 1194
20 0 44.6125 1.0 1034
11 0 13.9525 1.0 560
19 0 19.0625 1.0 964
18 1 26.727500000000006 1.0 921
6 1 49.7225 1.0 339
10 0 52.2775 1.0 540
1523908.4 15
10 0 13.9525 1.0 510
3 0 1.177500000000002 1.0 150
0 0 47.167500000000004 1.0 36
6 1 49.7225 1.0 339
4 0 26.727500000000006 1.0 220
2 1 39.5025 1.0 131
20 1 31.837500000000006 1.0 1025
3 1 8.842500000000001 1.0 157
8 0 36.947500000000005 1.0 428
3 1 24.1725 1.0 169
7 1 57.3875 1.0 395
7 0 44.6125 1.0 384
9 1 3.7325000000000017 1.0 453
19 1 62.4975 1.0 999
8 1 34.3925 1.0 427
662731.25 15
7 1 54.83250000000001 1.0 393
22 1 54.83250000000001 1.0 1143
11 1 31.837500000000006 1.0 575
11 0 13.9525 1.0 560
4 0 52.2775 1.0 240
4 0 54.83250000000001 1.0 242
3 0 49.7225 1.0 188
6 0 54.83250000000001 1.0 342
16 1 13.9525 1.0 811
13 1 8.842500000000001 1.0 657
0 0 47.167500000000004 1.0 36
6 1 1.177500000000002 1.0 301
24 1 44.6125 1.0 1235
9 0 21.617500000000007 1.0 466
17 1 57.3875 1.0 895
1101998.6 23
7 0 6.287500000000001 1.0 354
7 0 49.7225 1.0 388
4 0 62.4975 1.0 248
21 0 3.7325000000000017 1.0 1052
23 0 47.167500000000004 1.0 1186
2 1 52.2775 1.0 141
22 0 57.3875 1.0 1144
3 0 13.9525 1.0 160
15 0 29.2825 1.0 772
11 1 11.3975 1.0 559
12 1 34.3925 1.0 627
20 0 6.287500000000001 1.0 1004
8 0 36.947500000000005 1.0 428
13 0 6.287500000000001 1.0 654
21 1 16.507500000000007 1.0 1063
1 1 16.507500000000007 1.0 63
14 1 3.7325000000000017 1.0 703
22 1 49.7225 1.0 1139
12 0 39.5025 1.0 630
21 1 24.1725 1.0 1069
2 1 62.4975 1.0 149
16 1 21.617500000000007 1.0 817
6 0 44.6125 1.0 334
951158.06 17
2 1 57.3875 1.0 145
9 0 21.617500000000007 1.0 466
20 1 26.727500000000006 1.0 1021
24 0 29.2825 1.0 1222
11 1 11.3975 1.0 559
24 1 39.5025 1.0 1231
6 0 21.617500000000007 1.0 316
2 1 52.2775 1.0 141
3 0 49.7225 1.0 188
5 0 13.9525 1.0 260
20 0 34.3925 1.0 1026
18 1 49.7225 1.0 939
8 1 36.947500000000005 1.0 429
17 1 59.94250000000001 1.0 897
23 0 31.837500000000006 1.0 1174
4 0 52.2775 1.0 240
1 1 19.0625 1.0 65
1438118.2 8
15 0 34.3925 1.0 776
21 0 29.2825 1.0 1072
22 1 29.2825 1.0 1123
21 1 34.3925 1.0 1077
7 0 44.6125 1.0 384
23 1 39.5025 1.0 1181
20 0 62.4975 1.0 1048
12 0 52.2775 1.0 640
1645314.4 22
10 1 54.83250000000001 1.0 543
23 0 31.837500000000006 1.0 1174
7 1 54.83250000000001 1.0 393
4 1 39.5025 1.0 231
16 0 62.4975 1.0 848
2 0 24.1725 1.0 118
7 1 31.837500000000006 1.0 375
19 0 3.7325000000000017 1.0 952
22 1 6.287500000000001 1.0 1105
10 1 59.94250000000001 1.0 547
5 0 62.4975 1.0 298
8 1 62.4975 1.0 449
4 0 47.167500000000004 1.0 236
4 0 13.9525 1.0 210
18 1 44.6125 1.0 935
4 1 36.947500000000005 1.0 229
1 1 54.83250000000001 1.0 93
17 0 42.057500000000005 1.0 882
7 0 52.2775 1.0 390
5 1 26.727500000000006 1.0 271
9 0 21.617500000000007 1.0 466
10 1 31.837500000000006 1.0 525
783649.1 16
18 1 49.7225 1.0 939
18 0 62.4975 1.0 948
6 0 62.4975 1.0 348
8 1 19.0625 1.0 415
2 0 39.5025 1.0 130
0 0 54.83250000000001 1.0 42
14 1 42.057500000000005 1.0 733
0 1 52.2775 1.0 41
17 0 59.94250000000001 1.0 896
4 1 42.057500000000005 1.0 233
4 0 21.617500000000007 1.0 216
8 0 42.057500000000005 1.0 432
21 1 26.727500000000006 1.0 1071
20 0 49.7225 1.0 1038
23 0 42.057500000000005 1.0 1182
6 0 24.1725 1.0 318
579449.7 20
4 0 34.3925 1.0 226
4 0 29.2825 1.0 222
8 0 52.2775 1.0 440
11 1 34.3925 1.0 577
10 1 6.287500000000001 1.0 505
5 0 62.4975 1.0 298
17 1 59.94250000000001 1.0 897
7 1 31.837500000000006 1.0 375
2 1 6.287500000000001 1.0 105
1 0 19.0625 1.0 64
2 0 42.057500000000005 1.0 132
24 1 47.167500000000004 1.0 1237
24 0 47.167500000000004 1.0 1236
15 0 34.3925 1.0 776
16 0 44.6125 1.0 834
0 0 13.9525 1.0 10
3 0 44.6125 1.0 184
5 1 34.3925 1.0 277
17 1 13.9525 1.0 861
13 0 31.837500000000006 1.0 674
958184.25 20
2 1 36.947500000000005 1.0 129
11 1 13.9525 1.0 561
11 1 19.0625 1.0 565
3 1 57.3875 1.0 195
3 0 57.3875 1.0 194
1 0 24.1725 1.0 68
10 0 21.617500000000007 1.0 516
11 1 1.177500000000002 1.0 551
10 0 13.9525 1.0 510
13 1 49.7225 1.0 689
11 1 16.507500000000007 1.0 563
14 1 1.177500000000002 1.0 701
8 0 57.3875 1.0 444
3 0 47.167500000000004 1.0 186
5 0 3.7325000000000017 1.0 252
22 0 13.9525 1.0 1110
19 0 13.9525 1.0 960
1 0 31.837500000000006 1.0 74
17 0 42.057500000000005 1.0 882
2 1 26.727500000000006 1.0 121
1002161.56 13
15 1 3.7325000000000017 1.0 753
1 0 44.6125 1.0 84
12 1 8.842500000000001 1.0 607
19 1 62.4975 1.0 999
2 0 54.83250000000001 1.0 142
4 0 47.167500000000004 1.0 236
8 1 47.167500000000004 1.0 437
13 1 49.7225 1.0 689
21 1 44.6125 1.0 1085
11 0 34.3925 1.0 576
20 1 62.4975 1.0 1049
20 0 49.7225 1.0 1038
11 1 34.3925 1.0 577
426350.6 15
5 1 49.7225 1.0 289
8 1 36.947500000000005 1.0 429
17 0 59.94250000000001 1.0 896
5 1 52.2775 1.0 291
13 1 49.7225 1.0 689
19 1 8.842500000000001 1.0 957
22 1 42.057500000000005 1.0 1133
14 1 13.9525 1.0 711
7 1 8.842500000000001 1.0 357
20 1 19.0625 1.0 1015
1 1 57.3875 1.0 95
1 1 34.3925 1.0 77
8 0 49.7225 1.0 438
24 1 24.1725 1.0 1219
13 0 6.287500000000001 1.0 654
1873703.6 24
18 1 6.287500000000001 1.0 905
13 0 6.287500000000001 1.0 654
11 1 42.057500000000005 1.0 583
0 1 21.617500000000007 1.0 17
20 0 31.837500000000006 1.0 1024
5 1 6.287500000000001 1.0 255
6 0 54.83250000000001 1.0 342
0 0 26.727500000000006 1.0 20
15 1 42.057500000000005 1.0 783
24 1 19.0625 1.0 1215
10 0 21.617500000000007 1.0 516
4 1 34.3925 1.0 227
3 1 24.1725 1.0 169
21 0 19.0625 1.0 1064
21 1 13.9525 1.0 1061
19 0 21.617500000000007 1.0 966
24 0 47.167500000000004 1.0 1236
0 0 1.177500000000002 1.0 0
14 0 36.947500000000005 1.0 728
23 1 42.057500000000005 1.0 1183
22 1 6.287500000000001 1.0 1105
8 1 36.947500000000005 1.0 429
20 1 62.4975 1.0 1049
11 1 54.83250000000001 1.0 593
1180447.5 5
20 1 11.3975 1.0 1009
4 0 6.287500000000001 1.0 204
0 1 49.7225 1.0 39
24 0 29.2825 1.0 1222
21 1 44.6125 1.0 1085
147090.14 11
9 1 44.6125 1.0 485
1 1 54.83250000000001 1.0 93
23 1 8.842500000000001 1.0 1157
7 0 52.2775 1.0 390
17 0 1.177500000000002 1.0 850
0 0 59.94250000000001 1.0 46
5 0 16.507500000000007 1.0 262
1 0 36.947500000000005 1.0 78
16 0 59.94250000000001 1.0 846
9 1 19.0625 1.0 465
0 1 44.6125 1.0 35
1171255.0 10
2 0 31.837500000000006 1.0 124
1 0 44.6125 1.0 84
18 1 26.727500000000006 1.0 921
19 1 36.947500000000005 1.0 979
20 0 34.3925 1.0 1026
16 0 39.5025 1.0 830
21 1 39.5025 1.0 1081
8 0 47.167500000000004 1.0 436
13 1 39.5025 1.0 681
19 0 44.6125 1.0 984
1896092.0 15
11 1 19.0625 1.0 565
20 1 11.3975 1.0 1009
1 0 36.947500000000005 1.0 78
10 1 31.837500000000006 1.0 525
9 0 21.617500000000007 1.0 466
23 1 42.057500000000005 1.0 1183
10 1 1.177500000000002 1.0 501
21 0 57.3875 1.0 1094
20 1 54.83250000000001 1.0 1043
17 0 24.1725 1.0 868
0 1 59.94250000000001 1.0 47
3 1 6.287500000000001 1.0 155
6 1 47.167500000000004 1.0 337
5 1 52.2775 1.0 291
18 1 54.83250000000001 1.0 943
919854.7 24
5 1 1.177500000000002 1.0 251
11 0 11.3975 1.0 558
8 0 36.947500000000005 1.0 428
13 1 39.5025 1.0 681
11 1 11.3975 1.0 559
13 0 57.3875 1.0 694
20 0 6.287500000000001 1.0 1004
18 0 24.1725 1.0 918
0 1 16.507500000000007 1.0 13
19 1 36.947500000000005 1.0 979
24 0 47.167500000000004 1.0 1236
4 0 1.177500000000002 1.0 200
15 1 42.057500000000005 1.0 783
21 1 34.3925 1.0 1077
22 0 57.3875 1.0 1144
21 1 59.94250000000001 1.0 1097
5 0 62.4975 1.0 298
0 1 21.617500000000007 1.0 17
1 0 31.837500000000006 1.0 74
9 1 8.842500000000001 1.0 457
23 1 21.617500000000007 1.0 1167
0 0 52.2775 1.0 40
12 1 39.5025 1.0 631
7 0 49.7225 1.0 388
321967.44 20
18 0 8.842500000000001 1.0 906
11 0 47.167500000000004 1.0 586
0 0 21.617500000000007 1.0 16
22 1 42.057500000000005 1.0 1133
20 0 6.287500000000001 1.0 1004
17 0 36.947500000000005 1.0 878
14 0 42.057500000000005 1.0 732
20 1 11.3975 1.0 1009
8 1 29.2825 1.0 423
18 1 44.6125 1.0 935
23 0 62.4975 1.0 1198
21 1 3.7325000000000017 1.0 1053
1 0 19.0625 1.0 64
5 0 3.7325000000000017 1.0 252
9 1 8.842500000000001 1.0 457
8 0 57.3875 1.0 444
18 0 31.837500000000006 1.0 924
3 0 34.3925 1.0 176
3 0 1.177500000000002 1.0 150
3 1 6.287500000000001 1.0 155
646845.56 22
22 0 57.3875 1.0 1144
19 1 57.3875 1.0 995
18 1 49.7225 1.0 939
13 1 54.83250000000001 1.0 693
2 1 47.167500000000004 1.0 137
18 0 8.842500000000001 1.0 906
10 0 31.837500000000006 1.0 524
21 1 31.837500000000006 1.0 1075
16 1 21.617500000000007 1.0 817
4 0 34.3925 1.0 226
7 1 8.842500000000001 1.0 357
20 0 34.3925 1.0 1026
15 1 42.057500000000005 1.0 783
8 0 49.7225 1.0 438
17 0 42.057500000000005 1.0 882
1 0 24.1725 1.0 68
2 1 57.3875 1.0 145
19 0 57.3875 1.0 994
3 0 62.4975 1.0 198
20 1 62.4975 1.0 1049
17 1 59.94250000000001 1.0 897
0 1 52.2775 1.0 41
1235796.1 19
10 1 31.837500000000006 1.0 525
18 0 62.4975 1.0 948
21 1 13.9525 1.0 1061
14 0 34.3925 1.0 726
19 1 62.4975 1.0 999
2 1 62.4975 1.0 149
22 0 13.9525 1.0 1110
6 1 59.94250000000001 1.0 347
2 1 42.057500000000005 1.0 133
11 1 36.947500000000005 1.0 579
24 1 1.177500000000002 1.0 1201
17 0 62.4975 1.0 898
16 0 6.287500000000001 1.0 804
6 0 21.617500000000007 1.0 316
17 0 42.057500000000005 1.0 882
10 1 54.83250000000001 1.0 543
18 0 24.1725 1.0 918
17 1 42.057500000000005 1.0 883
12 0 36.947500000000005 1.0 628
1397347.4 24
11 0 34.3925 1.0 576
16 0 39.5025 1.0 830
8 0 36.947500000000005 1.0 428
4 0 13.9525 1.0 210
6 1 49.7225 1.0 339
10 0 11.3975 1.0 508
5 0 16.507500000000007 1.0 262
17 0 49.7225 1.0 888
21 1 16.507500000000007 1.0 1063
14 1 26.727500000000006 1.0 721
22 1 6.287500000000001 1.0 1105
8 0 57.3875 1.0 444
15 0 29.2825 1.0 772
3 1 57.3875 1.0 195
22 0 57.3875 1.0 1144
7 0 52.2775 1.0 390
24 1 24.1725 1.0 1219
20 1 49.7225 1.0 1039
18 1 26.727500000000006 1.0 921
8 1 54.83250000000001 1.0 443
5 0 13.9525 1.0 260
19 0 13.9525 1.0 960
19 0 3.7325000000000017 1.0 952
5 1 29.2825 1.0 273
1825478.0 10
15 1 54.83250000000001 1.0 793
10 1 1.177500000000002 1.0 501
1 0 62.4975 1.0 98
14 0 34.3925 1.0 726
12 1 42.057500000000005 1.0 633
21 1 16.507500000000007 1.0 1063
21 1 59.94250000000001 1.0 1097
21 1 47.167500000000004 1.0 1087
18 1 54.83250000000001 1.0 943
18 0 16.507500000000007 1.0 912
1598941.1 14
2 1 26.727500000000006 1.0 121
5 1 52.2775 1.0 291
0 0 21.617500000000007 1.0 16
21 0 19.0625 1.0 1064
22 1 42.057500000000005 1.0 1133
1 1 13.9525 1.0 61
11 1 31.837500000000006 1.0 575
13 0 13.9525 1.0 660
2 1 6.287500000000001 1.0 105
20 1 54.83250000000001 1.0 1043
9 1 8.842500000000001 1.0 457
13 0 3.7325000000000017 1.0 652
0 0 54.83250000000001 1.0 42
5 0 62.4975 1.0 298
1614464.6 23
20 0 44.6125 1.0 1034
6 1 1.177500000000002 1.0 301
0 1 59.94250000000001 1.0 47
15 1 52.2775 1.0 791
8 1 19.0625 1.0 415
24 1 13.9525 1.0 1211
4 1 8.842500000000001 1.0 207
3 0 62.4975 1.0 198
11 0 11.3975 1.0 558
10 1 31.837500000000006 1.0 525
20 0 26.727500000000006 1.0 1020
0 0 59.94250000000001 1.0 46
1 1 19.0625 1.0 65
8 1 54.83250000000001 1.0 443
21 1 47.167500000000004 1.0 1087
10 0 13.9525 1.0 510
18 0 16.507500000000007 1.0 912
11 1 11.3975 1.0 559
13 1 29.2825 1.0 673
1 0 36.947500000000005 1.0 78
7 0 42.057500000000005 1.0 382
23 1 21.617500000000007 1.0 1167
7 1 8.842500000000001 1.0 357
1351453.1 5
4 1 34.3925 1.0 227
19 0 21.617500000000007 1.0 966
1 1 19.0625 1.0 65
23 0 19.0625 1.0 1164
3 0 13.9525 1.0 160
794941.25 19
4 1 34.3925 1.0 227
1 1 19.0625 1.0 65
14 0 36.947500000000005 1.0 728
18 1 44.6125 1.0 935
8 1 49.7225 1.0 439
15 0 11.3975 1.0 758
12 1 1.177500000000002 1.0 601
15 1 29.2825 1.0 773
14 1 3.7325000000000017 1.0 703
17 0 6.287500000000001 1.0 854
8 0 24.1725 1.0 418
11 1 44.6125 1.0 585
17 1 59.94250000000001 1.0 897
1 0 44.6125 1.0 84
14 0 47.167500000000004 1.0 736
18 0 34.3925 1.0 926
16 0 6.287500000000001 1.0 804
13 0 24.1725 1.0 668
20 1 57.3875 1.0 1045
122837.266 17
13 0 44.6125 1.0 684
18 1 54.83250000000001 1.0 943
15 1 42.057500000000005 1.0 783
4 0 13.9525 1.0 210
10 0 13.9525 1.0 510
6 1 36.947500000000005 1.0 329
4 1 34.3925 1.0 227
0 0 34.3925 1.0 26
23 0 42.057500000000005 1.0 1182
9 1 8.842500000000001 1.0 457
11 1 42.057500000000005 1.0 583
8 1 36.947500000000005 1.0 429
4 1 21.617500000000007 1.0 217
20 1 24.1725 1.0 1019
18 1 16.507500000000007 1.0 913
2 0 57.3875 1.0 144
10 0 34.3925 1.0 526
1644953.1 11
1 0 44.6125 1.0 84
23 0 31.837500000000006 1.0 1174
12 1 39.5025 1.0 631
6 0 21.617500000000007 1.0 316
19 0 13.9525 1.0 960
13 0 31.837500000000006 1.0 674
13 1 31.837500000000006 1.0 675
5 1 3.7325000000000017 1.0 253
16 1 29.2825 1.0 823
3 1 6.287500000000001 1.0 155
12 1 44.6125 1.0 635
481415.2 14
22 0 13.9525 1.0 1110
11 0 11.3975 1.0 558
12 0 16.507500000000007 1.0 612
8 0 36.947500000000005 1.0 428
11 0 13.9525 1.0 560
19 1 8.842500000000001 1.0 957
21 1 19.0625 1.0 1065
21 1 39.5025 1.0 1081
4 0 21.617500000000007 1.0 216
13 1 59.94250000000001 1.0 697
4 0 62.4975 1.0 248
1 0 19.0625 1.0 64
4 1 31.837500000000006 1.0 225
12 1 44.6125 1.0 635
843514.94 7
9 1 26.727500000000006 1.0 471
18 1 26.727500000000006 1.0 921
14 0 36.947500000000005 1.0 728
21 1 44.6125 1.0 1085
21 0 36.947500000000005 1.0 1078
17 1 47.167500000000004 1.0 887
17 0 62.4975 1.0 898
1886004.6 7
0 0 47.167500000000004 1.0 36
10 0 16.507500000000007 1.0 512
22 0 29.2825 1.0 1122
12 1 8.842500000000001 1.0 607
21 0 34.3925 1.0 1076
4 0 47.167500000000004 1.0 236
3 0 34.3925 1.0 176
315719.9 14
15 1 42.057500000000005 1.0 783
7 1 44.6125 1.0 385
24 1 47.167500000000004 1.0 1237
17 1 21.617500000000007 1.0 867
9 1 19.0625 1.0 465
13 0 11.3975 1.0 658
18 0 16.507500000000007 1.0 912
17 0 59.94250000000001 1.0 896
10 0 13.9525 1.0 510
16 0 6.287500000000001 1.0 804
7 0 3.7325000000000017 1.0 352
11 1 13.9525 1.0 561
8 0 49.7225 1.0 438
19 1 13.9525 1.0 961
963962.06 10
24 1 39.5025 1.0 1231
11 1 54.83250000000001 1.0 593
8 0 24.1725 1.0 418
3 1 6.287500000000001 1.0 155
12 0 8.842500000000001 1.0 606
4 0 47.167500000000004 1.0 236
9 1 26.727500000000006 1.0 471
21 1 44.6125 1.0 1085
9 0 21.617500000000007 1.0 466
0 0 54.83250000000001 1.0 42
684380.06 24
2 1 26.727500000000006 1.0 121
17 0 24.1725 1.0 868
4 0 47.167500000000004 1.0 236
20 1 31.837500000000006 1.0 1025
11 1 13.9525 1.0 561
4 0 31.837500000000006 1.0 224
13 0 3.7325000000000017 1.0 652
4 1 47.167500000000004 1.0 237
13 1 8.842500000000001 1.0 657
12 0 49.7225 1.0 638
4 1 34.3925 1.0 227
22 0 57.3875 1.0 1144
7 0 49.7225 1.0 388
13 0 31.837500000000006 1.0 674
5 1 3.7325000000000017 1.0 253
11 1 36.947500000000005 1.0 579
7 0 54.83250000000001 1.0 392
15 1 42.057500000000005 1.0 783
24 1 24.1725 1.0 1219
22 1 54.83250000000001 1.0 1143
3 0 62.4975 1.0 198
3 0 13.9525 1.0 160
15 1 8.842500000000001 1.0 757
4 1 62.4975 1.0 249
1941011.6 16
11 1 11.3975 1.0 559
8 0 57.3875 1.0 444
8 1 47.167500000000004 1.0 437
22 1 42.057500000000005 1.0 1133
11 0 49.7225 1.0 588
8 0 49.7225 1.0 438
10 0 34.3925 1.0 526
14 0 3.7325000000000017 1.0 702
11 1 6.287500000000001 1.0 555
15 0 54.83250000000001 1.0 792
5 0 3.7325000000000017 1.0 252
13 0 54.83250000000001 1.0 692
18 0 34.3925 1.0 926
20 0 21.617500000000007 1.0 1016
21 1 47.167500000000004 1.0 1087
21 1 44.6125 1.0 1085
1069401.4 8
13 0 11.3975 1.0 658
13 0 54.83250000000001 1.0 692
13 1 39.5025 1.0 681
20 1 59.94250000000001 1.0 1047
4 1 34.3925 1.0 227
19 0 8.842500000000001 1.0 956
19 0 21.617500000000007 1.0 966
2 1 62.4975 1.0 149
424692.94 7
9 1 54.83250000000001 1.0 493
13 0 44.6125 1.0 684
5 0 1.177500000000002 1.0 250
11 1 19.0625 1.0 565
23 1 62.4975 1.0 1199
14 1 26.727500000000006 1.0 721
20 1 11.3975 1.0 1009
1959561.9 19
2 0 62.4975 1.0 148
15 0 21.617500000000007 1.0 766
16 0 62.4975 1.0 848
2 0 39.5025 1.0 130
22 0 13.9525 1.0 1110
0 0 59.94250000000001 1.0 46
13 1 29.2825 1.0 673
17 0 59.94250000000001 1.0 896
5 0 62.4975 1.0 298
3 0 42.057500000000005 1.0 182
6 0 8.842500000000001 1.0 306
24 1 1.177500000000002 1.0 1201
2 1 47.167500000000004 1.0 137
6 0 62.4975 1.0 348
15 1 54.83250000000001 1.0 793
9 0 21.617500000000007 1.0 466
24 0 29.2825 1.0 1222
11 1 36.947500000000005 1.0 579
5 0 13.9525 1.0 260
1340084.8 9
22 1 6.287500000000001 1.0 1105
0 0 34.3925 1.0 26
22 1 49.7225 1.0 1139
16 0 62.4975 1.0 848
2 1 47.167500000000004 1.0 137
21 1 34.3925 1.0 1077
6 0 44.6125 1.0 334
13 0 6.287500000000001 1.0 654
18 1 13.9525 1.0 911
714960.25 9
23 0 42.057500000000005 1.0 1182
24 0 49.7225 1.0 1238
18 1 49.7225 1.0 939
16 1 3.7325000000000017 1.0 803
12 0 54.83250000000001 1.0 642
3 1 8.842500000000001 1.0 157
16 1 29.2825 1.0 823
14 1 31.837500000000006 1.0 725
16 0 11.3975 1.0 808
1734432.1 20
9 1 49.7225 1.0 489
20 0 57.3875 1.0 1044
0 1 59.94250000000001 1.0 47
18 1 44.6125 1.0 935
4 0 16.507500000000007 1.0 212
2 1 36.947500000000005 1.0 129
4 0 29.2825 1.0 222
21 1 44.6125 1.0 1085
14 1 52.2775 1.0 741
4 1 47.167500000000004 1.0 237
13 0 39.5025 1.0 680
24 1 1.177500000000002 1.0 1201
5 0 13.9525 1.0 260
24 1 16.507500000000007 1.0 1213
13 1 8.842500000000001 1.0 657
4 0 21.617500000000007 1.0 216
3 1 44.6125 1.0 185
9 1 11.3975 1.0 459
13 1 49.7225 1.0 689
10 0 34.3925 1.0 526
454425.03 20
6 1 59.94250000000001 1.0 347
16 0 6.287500000000001 1.0 804
18 1 54.83250000000001 1.0 943
5 1 34.3925 1.0 277
24 1 54.83250000000001 1.0 1243
20 1 16.507500000000007 1.0 1013
3 0 57.3875 1.0 194
4 0 62.4975 1.0 248
6 0 54.83250000000001 1.0 342
3 1 24.1725 1.0 169
13 1 39.5025 1.0 681
16 1 21.617500000000007 1.0 817
13 0 6.287500000000001 1.0 654
11 0 11.3975 1.0 558
20 1 59.94250000000001 1.0 1047
8 0 36.947500000000005 1.0 428
11 1 49.7225 1.0 589
8 0 49.7225 1.0 438
10 1 59.94250000000001 1.0 547
23 1 39.5025 1.0 1181
995263.0 18
5 0 29.2825 1.0 272
8 0 49.7225 1.0 438
20 1 19.0625 1.0 1015
23 0 42.057500000000005 1.0 1182
2 1 26.727500000000006 1.0 121
22 1 36.947500000000005 1.0 1129
19 0 3.7325000000000017 1.0 952
4 0 29.2825 1.0 222
3 1 11.3975 1.0 159
6 1 49.7225 1.0 339
4 0 16.507500000000007 1.0 212
6 0 44.6125 1.0 334
14 0 57.3875 1.0 744
5 0 1.177500000000002 1.0 250
16 0 39.5025 1.0 830
16 1 29.2825 1.0 823
6 1 47.167500000000004 1.0 337
17 1 21.617500000000007 1.0 867
983862.4 12
20 0 6.287500000000001 1.0 1004
23 1 42.057500000000005 1.0 1183
2 0 24.1725 1.0 118
12 1 62.4975 1.0 649
6 1 49.7225 1.0 339
4 1 36.947500000000005 1.0 229
8 1 19.0625 1.0 415
22 1 36.947500000000005 1.0 1129
17 0 42.057500000000005 1.0 882
5 1 3.7325000000000017 1.0 253
11 0 11.3975 1.0 558
3 0 62.4975 1.0 198
1285335.6 17
18 1 16.507500000000007 1.0 913
18 1 6.287500000000001 1.0 905
0 0 34.3925 1.0 26
2 1 62.4975 1.0 149
12 1 39.5025 1.0 631
21 1 13.9525 1.0 1061
4 0 16.507500000000007 1.0 212
19 1 57.3875 1.0 995
2 0 57.3875 1.0 144
8 1 19.0625 1.0 415
8 0 24.1725 1.0 418
20 0 26.727500000000006 1.0 1020
4 1 47.167500000000004 1.0 237
6 0 3.7325000000000017 1.0 302
6 0 44.6125 1.0 334
5 0 13.9525 1.0 260
20 1 19.0625 1.0 1015
1975000.4 20
13 1 42.057500000000005 1.0 683
1 0 57.3875 1.0 94
14 1 21.617500000000007 1.0 717
14 1 62.4975 1.0 749
2 1 52.2775 1.0 141
22 1 42.057500000000005 1.0 1133
0 0 59.94250000000001 1.0 46
23 0 42.057500000000005 1.0 1182
17 0 59.94250000000001 1.0 896
22 1 49.7225 1.0 1139
12 1 24.1725 1.0 619
2 1 26.727500000000006 1.0 121
5 0 11.3975 1.0 258
24 0 8.842500000000001 1.0 1206
20 0 6.287500000000001 1.0 1004
6 0 24.1725 1.0 318
2 0 24.1725 1.0 118
2 1 42.057500000000005 1.0 133
9 0 21.617500000000007 1.0 466
20 1 62.4975 1.0 1049
595408.06 17
17 0 1.177500000000002 1.0 850
5 1 52.2775 1.0 291
13 1 59.94250000000001 1.0 697
21 1 36.947500000000005 1.0 1079
7 0 44.6125 1.0 384
10 1 19.0625 1.0 515
20 0 49.7225 1.0 1038
4 0 54.83250000000001 1.0 242
21 1 47.167500000000004 1.0 1087
7 0 6.287500000000001 1.0 354
23 0 62.4975 1.0 1198
8 1 36.947500000000005 1.0 429
14 0 47.167500000000004 1.0 736
4 0 29.2825 1.0 222
19 0 3.7325000000000017 1.0 952
13 0 3.7325000000000017 1.0 652
24 1 24.1725 1.0 1219
1049393.5 17
15 0 13.9525 1.0 760
4 0 16.507500000000007 1.0 212
19 0 3.7325000000000017 1.0 952
23 0 3.7325000000000017 1.0 1152
7 0 6.287500000000001 1.0 354
18 1 49.7225 1.0 939
8 1 62.4975 1.0 449
1 1 57.3875 1.0 95
18 1 26.727500000000006 1.0 921
24 1 39.5025 1.0 1231
1 0 24.1725 1.0 68
2 1 36.947500000000005 1.0 129
10 1 54.83250000000001 1.0 543
21 1 16.507500000000007 1.0 1063
3 1 34.3925 1.0 177
15 1 42.057500000000005 1.0 783
6 1 47.167500000000004 1.0 337
1281883.5 15
13 0 6.287500000000001 1.0 654
17 0 59.94250000000001 1.0 896
2 1 49.7225 1.0 139
14 0 47.167500000000004 1.0 736
6 0 3.7325000000000017 1.0 302
8 1 49.7225 1.0 439
22 1 42.057500000000005 1.0 1133
19 0 21.617500000000007 1.0 966
8 0 24.1725 1.0 418
10 0 39.5025 1.0 530
16 1 29.2825 1.0 823
19 0 1.177500000000002 1.0 950
3 0 42.057500000000005 1.0 182
5 0 21.617500000000007 1.0 266
13 0 24.1725 1.0 668
1290645.4 8
6 0 62.4975 1.0 348
22 0 57.3875 1.0 1144
13 1 8.842500000000001 1.0 657
10 1 31.837500000000006 1.0 525
14 0 29.2825 1.0 722
6 0 11.3975 1.0 308
17 0 24.1725 1.0 868
2 0 11.3975 1.0 108
58905.035 10
18 1 44.6125 1.0 935
18 1 26.727500000000006 1.0 921
14 1 34.3925 1.0 727
1 0 59.94250000000001 1.0 96
15 0 54.83250000000001 1.0 792
4 1 21.617500000000007 1.0 217
11 0 1.177500000000002 1.0 550
3 1 57.3875 1.0 195
14 0 29.2825 1.0 722
22 1 6.287500000000001 1.0 1105
1804313.9 7
7 1 3.7325000000000017 1.0 353
8 1 47.167500000000004 1.0 437
17 1 42.057500000000005 1.0 883
17 0 1.177500000000002 1.0 850
14 0 31.837500000000006 1.0 724
13 0 39.5025 1.0 680
8 1 26.727500000000006 1.0 421
886783.2 24
18 0 8.842500000000001 1.0 906
2 0 21.617500000000007 1.0 116
19 0 3.7325000000000017 1.0 952
12 0 31.837500000000006 1.0 624
20 0 44.6125 1.0 1034
13 0 54.83250000000001 1.0 692
4 0 13.9525 1.0 210
10 0 52.2775 1.0 540
11 1 42.057500000000005 1.0 583
13 1 59.94250000000001 1.0 697
20 1 19.0625 1.0 1015
5 0 31.837500000000006 1.0 274
13 1 54.83250000000001 1.0 693
14 0 36.947500000000005 1.0 728
24 1 42.057500000000005 1.0 1233
0 1 21.617500000000007 1.0 17
0 1 52.2775 1.0 41
2 0 26.727500000000006 1.0 120
4 0 21.617500000000007 1.0 216
14 1 47.167500000000004 1.0 737
22 1 36.947500000000005 1.0 1129
24 0 44.6125 1.0 1234
8 1 36.947500000000005 1.0 429
14 0 6.287500000000001 1.0 704
1367653.0 8
23 0 42.057500000000005 1.0 1182
3 1 6.287500000000001 1.0 155
24 1 21.617500000000007 1.0 1217
10 1 1.177500000000002 1.0 501
3 1 57.3875 1.0 195
15 1 52.2775 1.0 791
14 1 31.837500000000006 1.0 725
13 0 6.287500000000001 1.0 654
1361681.4 17
6 1 1.177500000000002 1.0 301
14 0 36.947500000000005 1.0 728
21 1 16.507500000000007 1.0 1063
6 0 47.167500000000004 1.0 336
1 0 19.0625 1.0 64
8 1 36.947500000000005 1.0 429
2 0 3.7325000000000017 1.0 102
5 1 29.2825 1.0 273
0 0 59.94250000000001 1.0 46
4 1 36.947500000000005 1.0 229
14 0 29.2825 1.0 722
17 0 24.1725 1.0 868
4 0 54.83250000000001 1.0 242
15 0 29.2825 1.0 772
6 1 47.167500000000004 1.0 337
13 0 62.4975 1.0 698
3 0 42.057500000000005 1.0 182
604343.7 13
14 0 47.167500000000004 1.0 736
1 1 57.3875 1.0 95
8 1 36.947500000000005 1.0 429
3 0 34.3925 1.0 176
8 1 54.83250000000001 1.0 443
18 1 44.6125 1.0 935
4 1 21.617500000000007 1.0 217
17 0 59.94250000000001 1.0 896
14 1 31.837500000000006 1.0 725
7 0 47.167500000000004 1.0 386
13 0 24.1725 1.0 668
18 1 26.727500000000006 1.0 921
10 0 52.2775 1.0 540
912744.44 9
4 0 47.167500000000004 1.0 236
3 0 59.94250000000001 1.0 196
20 1 62.4975 1.0 1049
24 0 47.167500000000004 1.0 1236
24 1 39.5025 1.0 1231
2 1 42.057500000000005 1.0 133
17 0 42.057500000000005 1.0 882
13 0 6.287500000000001 1.0 654
10 0 31.837500000000006 1.0 524
1435901.8 20
20 0 44.6125 1.0 1034
14 0 34.3925 1.0 726
21 1 16.507500000000007 1.0 1063
0 1 19.0625 1.0 15
19 1 54.83250000000001 1.0 993
0 0 34.3925 1.0 26
6 0 3.7325000000000017 1.0 302
13 1 54.83250000000001 1.0 693
1 0 19.0625 1.0 64
7 0 54.83250000000001 1.0 392
1 1 57.3875 1.0 95
2 1 52.2775 1.0 141
9 1 8.842500000000001 1.0 457
12 1 39.5025 1.0 631
13 0 44.6125 1.0 684
13 1 44.6125 1.0 685
10 0 47.167500000000004 1.0 536
19 1 62.4975 1.0 999
8 0 24.1725 1.0 418
5 0 16.507500000000007 1.0 262
582385.3 22
9 1 26.727500000000006 1.0 471
4 0 54.83250000000001 1.0 242
2 1 47.167500000000004 1.0 137
19 0 29.2825 1.0 972
16 0 57.3875 1.0 844
10 0 13.9525 1.0 510
2 0 39.5025 1.0 130
16 1 29.2825 1.0 823
7 0 16.507500000000007 1.0 362
11 1 11.3975 1.0 559
0 0 59.94250000000001 1.0 46
20 1 62.4975 1.0 1049
20 1 8.842500000000001 1.0 1007
7 0 49.7225 1.0 388
24 1 39.5025 1.0 1231
0 1 34.3925 1.0 27
17 0 24.1725 1.0 868
3 0 57.3875 1.0 194
16 1 62.4975 1.0 849
0 0 47.167500000000004 1.0 36
20 1 57.3875 1.0 1045
3 0 42.057500000000005 1.0 182
1130502.2 24
0 0 13.9525 1.0 10
22 0 13.9525 1.0 1110
9 1 47.167500000000004 1.0 487
14 0 3.7325000000000017 1.0 702
18 0 16.507500000000007 1.0 912
23 0 57.3875 1.0 1194
6 1 49.7225 1.0 339
3 0 42.057500000000005 1.0 182
11 0 24.1725 1.0 568
20 1 13.9525 1.0 1011
0 0 6.287500000000001 1.0 4
18 0 49.7225 1.0 938
13 0 24.1725 1.0 668
4 0 21.617500000000007 1.0 216
13 1 29.2825 1.0 673
14 0 16.507500000000007 1.0 712
21 0 24.1725 1.0 1068
6 0 24.1725 1.0 318
19 1 36.947500000000005 1.0 979
23 1 39.5025 1.0 1181
21 1 3.7325000000000017 1.0 1053
22 1 42.057500000000005 1.0 1133
19 0 19.0625 1.0 964
16 1 21.617500000000007 1.0 817
1088053.8 6
19 1 62.4975 1.0 999
12 0 29.2825 1.0 622
6 0 44.6125 1.0 334
12 0 11.3975 1.0 608
17 0 62.4975 1.0 898
16 0 6.287500000000001 1.0 804
221885.88 6
16 0 57.3875 1.0 844
16 0 62.4975 1.0 848
2 0 29.2825 1.0 122
21 1 24.1725 1.0 1069
10 1 31.837500000000006 1.0 525
20 0 26.727500000000006 1.0 1020
1562606.0 18
5 0 16.507500000000007 1.0 262
10 0 13.9525 1.0 510
13 0 3.7325000000000017 1.0 652
8 0 36.947500000000005 1.0 428
16 0 36.947500000000005 1.0 828
5 0 21.617500000000007 1.0 266
11 1 11.3975 1.0 559
22 0 13.9525 1.0 1110
13 0 6.287500000000001 1.0 654
19 1 62.4975 1.0 999
15 0 26.727500000000006 1.0 770
16 0 62.4975 1.0 848
15 0 34.3925 1.0 776
8 1 26.727500000000006 1.0 421
20 1 31.837500000000006 1.0 1025
6 0 24.1725 1.0 318
3 1 8.842500000000001 1.0 157
15 1 42.057500000000005 1.0 783
1712177.8 11
17 0 59.94250000000001 1.0 896
15 0 11.3975 1.0 758
8 1 62.4975 1.0 449
8 1 34.3925 1.0 427
10 1 59.94250000000001 1.0 547
5 0 13.9525 1.0 260
3 0 49.7225 1.0 188
7 0 52.2775 1.0 390
24 1 24.1725 1.0 1219
14 0 29.2825 1.0 722
13 0 54.83250000000001 1.0 692
934246.8 23
8 0 49.7225 1.0 438
12 0 36.947500000000005 1.0 628
10 0 13.9525 1.0 510
13 1 49.7225 1.0 689
19 0 47.167500000000004 1.0 986
1 1 54.83250000000001 1.0 93
6 1 1.177500000000002 1.0 301
19 1 24.1725 1.0 969
3 1 57.3875 1.0 195
21 0 34.3925 1.0 1076
13 1 39.5025 1.0 681
23 1 21.617500000000007 1.0 1167
1 0 44.6125 1.0 84
8 1 49.7225 1.0 439
3 0 49.7225 1.0 188
8 1 36.947500000000005 1.0 429
19 1 54.83250000000001 1.0 993
24 1 1.177500000000002 1.0 1201
21 1 59.94250000000001 1.0 1097
17 0 62.4975 1.0 898
22 0 42.057500000000005 1.0 1132
10 0 24.1725 1.0 518
8 1 29.2825 1.0 423
727244.06 8
17 1 8.842500000000001 1.0 857
7 0 52.2775 1.0 390
14 0 29.2825 1.0 722
1 1 57.3875 1.0 95
15 0 16.507500000000007 1.0 762
14 1 26.727500000000006 1.0 721
12 1 34.3925 1.0 627
14 1 3.7325000000000017 1.0 703
1098076.0 7
11 1 11.3975 1.0 559
16 0 44.6125 1.0 834
11 1 34.3925 1.0 577
6 1 8.842500000000001 1.0 307
4 0 6.287500000000001 1.0 204
22 0 57.3875 1.0 1144
20 1 6.287500000000001 1.0 1005
286921.94 5
18 1 26.727500000000006 1.0 921
21 1 59.94250000000001 1.0 1097
14 0 29.2825 1.0 722
24 1 47.167500000000004 1.0 1237
10 0 13.9525 1.0 510
1062890.2 12
2 0 29.2825 1.0 122
16 0 13.9525 1.0 810
12 1 34.3925 1.0 627
10 0 52.2775 1.0 540
20 0 34.3925 1.0 1026
4 0 47.167500000000004 1.0 236
13 0 44.6125 1.0 684
19 0 19.0625 1.0 964
2 1 57.3875 1.0 145
14 0 3.7325000000000017 1.0 702
0 0 21.617500000000007 1.0 16
17 0 39.5025 1.0 880
1343072.2 10
19 1 8.842500000000001 1.0 957
13 1 49.7225 1.0 689
21 0 3.7325000000000017 1.0 1052
24 1 39.5025 1.0 1231
13 0 6.287500000000001 1.0 654
3 0 1.177500000000002 1.0 150
24 0 47.167500000000004 1.0 1236
24 0 19.0625 1.0 1214
21 1 3.7325000000000017 1.0 1053
12 0 39.5025 1.0 630
951081.5 21
19 0 19.0625 1.0 964
24 0 62.4975 1.0 1248
4 0 29.2825 1.0 222
16 1 62.4975 1.0 849
11 0 13.9525 1.0 560
6 0 21.617500000000007 1.0 316
13 1 57.3875 1.0 695
13 1 49.7225 1.0 689
18 0 8.842500000000001 1.0 906
8 1 47.167500000000004 1.0 437
17 1 62.4975 1.0 899
0 0 47.167500000000004 1.0 36
2 1 26.727500000000006 1.0 121
0 0 34.3925 1.0 26
21 1 54.83250000000001 1.0 1093
17 0 24.1725 1.0 868
6 1 59.94250000000001 1.0 347
2 1 52.2775 1.0 141
14 1 3.7325000000000017 1.0 703
18 1 54.83250000000001 1.0 943
17 0 1.177500000000002 1.0 850
472406.62 15
12 1 34.3925 1.0 627
9 1 3.7325000000000017 1.0 453
3 0 13.9525 1.0 160
12 1 39.5025 1.0 631
8 1 29.2825 1.0 423
11 1 34.3925 1.0 577
18 0 16.507500000000007 1.0 912
20 0 62.4975 1.0 1048
13 0 24.1725 1.0 668
21 1 31.837500000000006 1.0 1075
14 0 3.7325000000000017 1.0 702
13 0 31.837500000000006 1.0 674
18 1 44.6125 1.0 935
13 1 39.5025 1.0 681
6 1 19.0625 1.0 315
978575.56 22
13 1 59.94250000000001 1.0 697
5 1 52.2775 1.0 291
4 0 24.1725 1.0 218
22 1 29.2825 1.0 1123
5 0 13.9525 1.0 260
15 1 13.9525 1.0 761
4 0 54.83250000000001 1.0 242
12 1 39.5025 1.0 631
7 1 54.83250000000001 1.0 393
11 1 36.947500000000005 1.0 579
4 1 39.5025 1.0 231
10 0 34.3925 1.0 526
18 0 8.842500000000001 1.0 906
15 1 52.2775 1.0 791
13 0 44.6125 1.0 684
10 0 21.617500000000007 1.0 516
24 0 52.2775 1.0 1240
21 0 34.3925 1.0 1076
22 0 29.2825 1.0 1122
18 0 31.837500000000006 1.0 924
14 1 31.837500000000006 1.0 725
6 0 3.7325000000000017 1.0 302
547772.44 10
24 0 29.2825 1.0 1222
15 0 16.507500000000007 1.0 762
6 0 34.3925 1.0 326
11 1 1.177500000000002 1.0 551
8 0 52.2775 1.0 440
6 1 49.7225 1.0 339
16 0 44.6125 1.0 834
5 0 29.2825 1.0 272
17 1 42.057500000000005 1.0 883
11 1 34.3925 1.0 577
910404.25 7
13 1 49.7225 1.0 689
24 1 31.837500000000006 1.0 1225
18 0 24.1725 1.0 918
6 1 59.94250000000001 1.0 347
4 1 49.7225 1.0 239
16 0 8.842500000000001 1.0 806
7 1 42.057500000000005 1.0 383
1911669.6 19
6 0 49.7225 1.0 338
10 1 19.0625 1.0 515
2 1 26.727500000000006 1.0 121
20 0 62.4975 1.0 1048
20 1 16.507500000000007 1.0 1013
18 0 36.947500000000005 1.0 928
5 1 52.2775 1.0 291
1 1 19.0625 1.0 65
3 1 3.7325000000000017 1.0 153
9 1 8.842500000000001 1.0 457
3 0 34.3925 1.0 176
1 1 16.507500000000007 1.0 63
19 0 19.0625 1.0 964
21 1 44.6125 1.0 1085
6 0 62.4975 1.0 348
5 1 31.837500000000006 1.0 275
23 1 42.057500000000005 1.0 1183
23 0 54.83250000000001 1.0 1192
20 0 59.94250000000001 1.0 1046
1602366.2 16
11 0 34.3925 1.0 576
20 0 26.727500000000006 1.0 1020
19 1 54.83250000000001 1.0 993
3 0 13.9525 1.0 160
17 0 1.177500000000002 1.0 850
15 1 54.83250000000001 1.0 793
17 1 44.6125 1.0 885
10 1 16.507500000000007 1.0 513
7 1 13.9525 1.0 361
18 0 31.837500000000006 1.0 924
6 0 21.617500000000007 1.0 316
15 0 16.507500000000007 1.0 762
18 1 6.287500000000001 1.0 905
21 1 39.5025 1.0 1081
12 1 42.057500000000005 1.0 633
2 0 29.2825 1.0 122
866321.56 10
17 1 59.94250000000001 1.0 897
9 0 21.617500000000007 1.0 466
20 0 59.94250000000001 1.0 1046
12 0 16.507500000000007 1.0 612
9 1 6.287500000000001 1.0 455
18 1 44.6125 1.0 935
7 0 54.83250000000001 1.0 392
2 1 42.057500000000005 1.0 133
14 0 47.167500000000004 1.0 736
16 1 21.617500000000007 1.0 817
195889.88 19
5 1 52.2775 1.0 291
20 0 19.0625 1.0 1014
14 1 36.947500000000005 1.0 729
10 1 19.0625 1.0 515
12 1 39.5025 1.0 631
12 1 34.3925 1.0 627
4 0 47.167500000000004 1.0 236
0 1 36.947500000000005 1.0 29
1 0 13.9525 1.0 60
14 0 29.2825 1.0 722
23 1 19.0625 1.0 1165
14 0 47.167500000000004 1.0 736
4 0 62.4975 1.0 248
2 1 44.6125 1.0 135
19 1 54.83250000000001 1.0 993
3 0 62.4975 1.0 198
2 0 39.5025 1.0 130
12 0 54.83250000000001 1.0 642
8 1 29.2825 1.0 423
906907.06 20
2 1 52.2775 1.0 141
12 1 8.842500000000001 1.0 607
19 0 31.837500000000006 1.0 974
17 1 62.4975 1.0 899
7 1 42.057500000000005 1.0 383
7 1 8.842500000000001 1.0 357
22 1 6.287500000000001 1.0 1105
13 0 24.1725 1.0 668
6 0 47.167500000000004 1.0 336
11 1 49.7225 1.0 589
14 0 47.167500000000004 1.0 736
12 0 19.0625 1.0 614
0 0 13.9525 1.0 10
3 0 1.177500000000002 1.0 150
11 1 42.057500000000005 1.0 583
13 0 6.287500000000001 1.0 654
18 1 54.83250000000001 1.0 943
9 1 8.842500000000001 1.0 457
3 1 8.842500000000001 1.0 157
10 1 31.837500000000006 1.0 525
1447816.9 19
2 0 26.727500000000006 1.0 120
16 0 44.6125 1.0 834
13 1 59.94250000000001 1.0 697
9 1 52.2775 1.0 491
2 1 62.4975 1.0 149
10 1 59.94250000000001 1.0 547
11 0 29.2825 1.0 572
20 0 34.3925 1.0 1026
21 1 13.9525 1.0 1061
24 0 29.2825 1.0 1222
8 0 57.3875 1.0 444
19 0 3.7325000000000017 1.0 952
10 0 1.177500000000002 1.0 500
23 1 21.617500000000007 1.0 1167
13 1 36.947500000000005 1.0 679
13 0 44.6125 1.0 684
4 0 13.9525 1.0 210
18 1 44.6125 1.0 935
20 0 29.2825 1.0 1022
1992810.0 5
17 0 31.837500000000006 1.0 874
20 1 59.94250000000001 1.0 1047
11 1 13.9525 1.0 561
13 1 39.5025 1.0 681
13 0 31.837500000000006 1.0 674
1392864.9 11
20 1 54.83250000000001 1.0 1043
3 0 36.947500000000005 1.0 178
21 0 8.842500000000001 1.0 1056
14 1 31.837500000000006 1.0 725
17 0 24.1725 1.0 868
2 1 62.4975 1.0 149
21 1 16.507500000000007 1.0 1063
20 0 44.6125 1.0 1034
20 0 62.4975 1.0 1048
1 1 16.507500000000007 1.0 63
1 1 57.3875 1.0 95
449419.6 21
1 0 16.507500000000007 1.0 62
17 0 62.4975 1.0 898
22 1 42.057500000000005 1.0 1133
14 1 13.9525 1.0 711
20 0 62.4975 1.0 1048
13 0 54.83250000000001 1.0 692
24 1 24.1725 1.0 1219
8 1 29.2825 1.0 423
4 1 16.507500000000007 1.0 213
19 0 3.7325000000000017 1.0 952
3 0 13.9525 1.0 160
23 1 21.617500000000007 1.0 1167
15 1 52.2775 1.0 791
24 1 13.9525 1.0 1211
22 0 13.9525 1.0 1110
5 0 62.4975 1.0 298
14 0 29.2825 1.0 722
2 0 21.617500000000007 1.0 116
2 1 62.4975 1.0 149
12 0 31.837500000000006 1.0 624
15 0 49.7225 1.0 788
254971.52 20
19 1 13.9525 1.0 961
6 0 21.617500000000007 1.0 316
8 1 47.167500000000004 1.0 437
1 0 57.3875 1.0 94
10 1 19.0625 1.0 515
9 1 8.842500000000001 1.0 457
20 1 36.947500000000005 1.0 1029
8 1 19.0625 1.0 415
7 0 44.6125 1.0 384
9 0 49.7225 1.0 488
17 0 42.057500000000005 1.0 882
1 1 6.287500000000001 1.0 55
2 1 59.94250000000001 1.0 147
1 0 13.9525 1.0 60
17 0 62.4975 1.0 898
6 0 44.6125 1.0 334
4 0 13.9525 1.0 210
17 0 59.94250000000001 1.0 896
1 1 26.727500000000006 1.0 71
17 1 49.7225 1.0 889
1173391.5 12
21 0 34.3925 1.0 1076
17 0 24.1725 1.0 868
1 0 13.9525 1.0 60
11 1 54.83250000000001 1.0 593
15 1 52.2775 1.0 791
21 1 24.1725 1.0 1069
20 0 59.94250000000001 1.0 1046
5 0 13.9525 1.0 260
3 0 42.057500000000005 1.0 182
10 0 52.2775 1.0 540
20 0 49.7225 1.0 1038
0 1 52.2775 1.0 41
588480.75 21
20 0 26.727500000000006 1.0 1020
4 0 16.507500000000007 1.0 212
7 1 8.842500000000001 1.0 357
17 0 24.1725 1.0 868
0 0 13.9525 1.0 10
5 0 13.9525 1.0 260
15 1 21.617500000000007 1.0 767
22 1 62.4975 1.0 1149
5 1 49.7225 1.0 289
10 0 13.9525 1.0 510
14 1 3.7325000000000017 1.0 703
24 0 8.842500000000001 1.0 1206
0 1 59.94250000000001 1.0 47
22 0 29.2825 1.0 1122
6 0 24.1725 1.0 318
18 1 44.6125 1.0 935
21 1 31.837500000000006 1.0 1075
20 1 16.507500000000007 1.0 1013
10 1 31.837500000000006 1.0 525
18 0 34.3925 1.0 926
18 1 31.837500000000006 1.0 925
1619820.0 9
4 0 47.167500000000004 1.0 236
14 1 42.057500000000005 1.0 733
23 0 42.057500000000005 1.0 1182
16 0 24.1725 1.0 818
18 1 26.727500000000006 1.0 921
13 0 44.6125 1.0 684
8 0 39.5025 1.0 430
18 1 49.7225 1.0 939
21 1 47.167500000000004 1.0 1087
1802867.5 24
2 1 36.947500000000005 1.0 129
4 0 16.507500000000007 1.0 212
17 1 42.057500000000005 1.0 883
4 1 21.617500000000007 1.0 217
16 0 39.5025 1.0 830
4 0 6.287500000000001 1.0 204
3 0 34.3925 1.0 176
2 0 57.3875 1.0 144
8 0 36.947500000000005 1.0 428
3 0 49.7225 1.0 188
4 0 29.2825 1.0 222
14 1 13.9525 1.0 711
21 0 19.0625 1.0 1064
22 1 19.0625 1.0 1115
22 1 47.167500000000004 1.0 1137
6 1 31.837500000000006 1.0 325
6 0 11.3975 1.0 308
10 1 16.507500000000007 1.0 513
10 1 1.177500000000002 1.0 501
4 1 36.947500000000005 1.0 229
11 1 42.057500000000005 1.0 583
11 1 19.0625 1.0 565
10 1 54.83250000000001 1.0 543
17 0 62.4975 1.0 898
505794.5 16
15 1 36.947500000000005 1.0 779
11 1 54.83250000000001 1.0 593
17 1 42.057500000000005 1.0 883
17 0 59.94250000000001 1.0 896
2 1 42.057500000000005 1.0 133
10 0 16.507500000000007 1.0 512
2 0 24.1725 1.0 118
8 1 54.83250000000001 1.0 443
19 0 1.177500000000002 1.0 950
20 0 49.7225 1.0 1038
22 1 34.3925 1.0 1127
8 1 49.7225 1.0 439
2 1 47.167500000000004 1.0 137
19 1 52.2775 1.0 991
0 0 34.3925 1.0 26
4 1 21.617500000000007 1.0 217
955926.8 8
12 1 39.5025 1.0 631
2 0 57.3875 1.0 144
8 1 34.3925 1.0 427
9 1 26.727500000000006 1.0 471
21 1 49.7225 1.0 1089
12 1 34.3925 1.0 627
13 0 11.3975 1.0 658
7 0 52.2775 1.0 390
615035.9 6
13 0 16.507500000000007 1.0 662
4 0 29.2825 1.0 222
21 1 44.6125 1.0 1085
8 1 36.947500000000005 1.0 429
20 1 31.837500000000006 1.0 1025
7 0 6.287500000000001 1.0 354
464380.3 23
13 1 54.83250000000001 1.0 693
23 1 21.617500000000007 1.0 1167
4 0 36.947500000000005 1.0 228
9 1 52.2775 1.0 491
17 1 42.057500000000005 1.0 883
9 0 21.617500000000007 1.0 466
19 0 13.9525 1.0 960
14 0 34.3925 1.0 726
6 0 39.5025 1.0 330
19 0 21.617500000000007 1.0 966
17 1 59.94250000000001 1.0 897
2 1 47.167500000000004 1.0 137
14 1 13.9525 1.0 711
6 1 59.94250000000001 1.0 347
17 0 31.837500000000006 1.0 874
16 1 21.617500000000007 1.0 817
24 0 39.5025 1.0 1230
7 0 52.2775 1.0 390
18 0 31.837500000000006 1.0 924
1 1 24.1725 1.0 69
15 0 13.9525 1.0 760
3 1 24.1725 1.0 169
16 0 6.287500000000001 1.0 804
481714.4 6
12 1 31.837500000000006 1.0 625
3 1 24.1725 1.0 169
21 1 3.7325000000000017 1.0 1053
4 1 34.3925 1.0 227
9 0 21.617500000000007 1.0 466
10 1 59.94250000000001 1.0 547
1629018.6 19
22 0 13.9525 1.0 1110
24 1 34.3925 1.0 1227
21 1 44.6125 1.0 1085
2 1 26.727500000000006 1.0 121
8 1 19.0625 1.0 415
1 0 44.6125 1.0 84
11 0 13.9525 1.0 560
21 1 16.507500000000007 1.0 1063
19 0 36.947500000000005 1.0 978
8 0 24.1725 1.0 418
3 1 3.7325000000000017 1.0 153
19 0 21.617500000000007 1.0 966
22 0 29.2825 1.0 1122
24 0 54.83250000000001 1.0 1242
1 1 42.057500000000005 1.0 83
15 1 52.2775 1.0 791
16 0 6.287500000000001 1.0 804
17 0 59.94250000000001 1.0 896
17 0 24.1725 1.0 868
961768.25 21
16 0 62.4975 1.0 848
0 0 21.617500000000007 1.0 16
24 1 47.167500000000004 1.0 1237
22 0 42.057500000000005 1.0 1132
18 1 42.057500000000005 1.0 933
21 0 34.3925 1.0 1076
1 0 13.9525 1.0 60
12 1 39.5025 1.0 631
10 1 59.94250000000001 1.0 547
13 1 59.94250000000001 1.0 697
4 0 11.3975 1.0 208
12 1 59.94250000000001 1.0 647
0 0 47.167500000000004 1.0 36
21 1 13.9525 1.0 1061
19 1 11.3975 1.0 959
6 0 54.83250000000001 1.0 342
11 1 36.947500000000005 1.0 579
15 1 42.057500000000005 1.0 783
13 0 6.287500000000001 1.0 654
3 0 1.177500000000002 1.0 150
12 1 31.837500000000006 1.0 625
965105.7 8
17 1 13.9525 1.0 861
0 1 26.727500000000006 1.0 21
19 0 13.9525 1.0 960
16 1 21.617500000000007 1.0 817
10 1 16.507500000000007 1.0 513
4 1 36.947500000000005 1.0 229
2 1 36.947500000000005 1.0 129
23 1 11.3975 1.0 1159
1825765.9 20
18 0 16.507500000000007 1.0 912
19 0 13.9525 1.0 960
9 1 6.287500000000001 1.0 455
19 0 21.617500000000007 1.0 966
17 0 1.177500000000002 1.0 850
14 1 26.727500000000006 1.0 721
1 0 13.9525 1.0 60
1 0 31.837500000000006 1.0 74
20 0 59.94250000000001 1.0 1046
8 1 29.2825 1.0 423
9 1 8.842500000000001 1.0 457
3 1 57.3875 1.0 195
2 1 52.2775 1.0 141
24 1 11.3975 1.0 1209
10 0 21.617500000000007 1.0 516
15 1 44.6125 1.0 785
10 0 42.057500000000005 1.0 532
2 1 1.177500000000002 1.0 101
5 0 16.507500000000007 1.0 262
1 1 19.0625 1.0 65
1069615.0 23
3 0 1.177500000000002 1.0 150
13 1 59.94250000000001 1.0 697
12 0 39.5025 1.0 630
7 1 8.842500000000001 1.0 357
0 1 21.617500000000007 1.0 17
13 0 11.3975 1.0 658
0 1 36.947500000000005 1.0 29
11 1 31.837500000000006 1.0 575
17 1 59.94250000000001 1.0 897
19 1 62.4975 1.0 999
9 1 52.2775 1.0 491
4 0 47.167500000000004 1.0 236
3 0 57.3875 1.0 194
22 1 36.947500000000005 1.0 1129
20 0 42.057500000000005 1.0 1032
4 0 34.3925 1.0 226
10 1 54.83250000000001 1.0 543
13 1 8.842500000000001 1.0 657
5 0 21.617500000000007 1.0 266
22 1 42.057500000000005 1.0 1133
9 1 31.837500000000006 1.0 475
6 0 54.83250000000001 1.0 342
22 0 59.94250000000001 1.0 1146
1193761.1 23
3 0 42.057500000000005 1.0 182
0 1 39.5025 1.0 31
12 0 29.2825 1.0 622
17 0 24.1725 1.0 868
6 0 34.3925 1.0 326
3 0 49.7225 1.0 188
12 0 31.837500000000006 1.0 624
5 1 31.837500000000006 1.0 275
16 1 29.2825 1.0 823
3 1 54.83250000000001 1.0 193
5 1 3.7325000000000017 1.0 253
9 1 8.842500000000001 1.0 457
19 0 47.167500000000004 1.0 986
23 0 57.3875 1.0 1194
1 0 24.1725 1.0 68
0 1 52.2775 1.0 41
0 0 59.94250000000001 1.0 46
22 0 57.3875 1.0 1144
8 1 36.947500000000005 1.0 429
1 0 31.837500000000006 1.0 74
10 1 1.177500000000002 1.0 501
11 0 11.3975 1.0 558
11 0 16.507500000000007 1.0 562
1848094.0 15
16 1 29.2825 1.0 823
19 1 36.947500000000005 1.0 979
16 0 8.842500000000001 1.0 806
19 0 59.94250000000001 1.0 996
3 1 8.842500000000001 1.0 157
8 1 49.7225 1.0 439
23 0 31.837500000000006 1.0 1174
1 0 13.9525 1.0 60
7 0 44.6125 1.0 384
18 1 49.7225 1.0 939
16 0 19.0625 1.0 814
0 0 54.83250000000001 1.0 42
8 0 24.1725 1.0 418
4 0 54.83250000000001 1.0 242
1 1 6.287500000000001 1.0 55
716702.6 13
1 1 57.3875 1.0 95
5 0 3.7325000000000017 1.0 252
20 0 34.3925 1.0 1026
3 0 34.3925 1.0 176
24 0 31.837500000000006 1.0 1224
18 1 26.727500000000006 1.0 921
21 1 34.3925 1.0 1077
2 1 6.287500000000001 1.0 105
16 0 42.057500000000005 1.0 832
3 0 1.177500000000002 1.0 150
13 0 24.1725 1.0 668
17 0 62.4975 1.0 898
11 0 11.3975 1.0 558
1636069.6 19
17 1 42.057500000000005 1.0 883
3 1 62.4975 1.0 199
20 1 31.837500000000006 1.0 1025
0 0 54.83250000000001 1.0 42
23 0 31.837500000000006 1.0 1174
0 0 21.617500000000007 1.0 16
2 1 52.2775 1.0 141
20 1 49.7225 1.0 1039
9 0 13.9525 1.0 460
21 1 29.2825 1.0 1073
17 0 62.4975 1.0 898
10 1 59.94250000000001 1.0 547
15 1 49.7225 1.0 789
2 0 26.727500000000006 1.0 120
7 1 8.842500000000001 1.0 357
19 0 21.617500000000007 1.0 966
23 0 42.057500000000005 1.0 1182
8 1 54.83250000000001 1.0 443
13 1 3.7325000000000017 1.0 653
1524101.4 10
18 1 54.83250000000001 1.0 943
23 1 21.617500000000007 1.0 1167
0 0 13.9525 1.0 10
8 1 34.3925 1.0 427
10 0 34.3925 1.0 526
14 0 47.167500000000004 1.0 736
12 1 34.3925 1.0 627
1 0 44.6125 1.0 84
12 0 6.287500000000001 1.0 604
24 0 47.167500000000004 1.0 1236
832956.06 8
5 1 52.2775 1.0 291
13 0 24.1725 1.0 668
6 1 42.057500000000005 1.0 333
6 0 44.6125 1.0 334
14 1 13.9525 1.0 711
18 0 8.842500000000001 1.0 906
13 1 31.837500000000006 1.0 675
19 0 3.7325000000000017 1.0 952
1232522.2 16
8 1 49.7225 1.0 439
8 1 29.2825 1.0 423
9 0 47.167500000000004 1.0 486
13 0 24.1725 1.0 668
4 1 21.617500000000007 1.0 217
14 1 3.7325000000000017 1.0 703
0 0 34.3925 1.0 26
8 1 34.3925 1.0 427
18 0 31.837500000000006 1.0 924
18 0 24.1725 1.0 918
20 0 59.94250000000001 1.0 1046
1 0 13.9525 1.0 60
4 1 34.3925 1.0 227
12 1 44.6125 1.0 635
0 1 29.2825 1.0 23
16 0 57.3875 1.0 844
1524338.2 22
23 1 62.4975 1.0 1199
16 1 13.9525 1.0 811
18 0 31.837500000000006 1.0 924
5 0 11.3975 1.0 258
8 1 19.0625 1.0 415
8 0 24.1725 1.0 418
14 1 26.727500000000006 1.0 721
4 0 29.2825 1.0 222
17 1 42.057500000000005 1.0 883
20 1 44.6125 1.0 1035
3 0 34.3925 1.0 176
16 1 6.287500000000001 1.0 805
11 0 11.3975 1.0 558
13 1 59.94250000000001 1.0 697
4 0 52.2775 1.0 240
1 0 31.837500000000006 1.0 74
23 0 57.3875 1.0 1194
17 0 42.057500000000005 1.0 882
21 0 16.507500000000007 1.0 1062
15 0 62.4975 1.0 798
3 0 36.947500000000005 1.0 178
20 0 16.507500000000007 1.0 1012
1042208.44 9
2 1 57.3875 1.0 145
9 1 6.287500000000001 1.0 455
17 0 62.4975 1.0 898
20 1 49.7225 1.0 1039
8 0 36.947500000000005 1.0 428
12 1 34.3925 1.0 627
5 1 1.177500000000002 1.0 251
4 0 34.3925 1.0 226
10 1 11.3975 1.0 509
854517.0 23
15 0 49.7225 1.0 788
24 1 11.3975 1.0 1209
11 1 49.7225 1.0 589
18 0 31.837500000000006 1.0 924
0 0 34.3925 1.0 26
16 1 13.9525 1.0 811
8 1 29.2825 1.0 423
20 1 19.0625 1.0 1015
19 1 8.842500000000001 1.0 957
4 0 31.837500000000006 1.0 224
12 0 29.2825 1.0 622
12 1 42.057500000000005 1.0 633
3 0 1.177500000000002 1.0 150
10 0 31.837500000000006 1.0 524
6 0 3.7325000000000017 1.0 302
10 0 11.3975 1.0 508
13 0 31.837500000000006 1.0 674
16 1 11.3975 1.0 809
3 1 57.3875 1.0 195
10 0 34.3925 1.0 526
17 1 21.617500000000007 1.0 867
3 1 6.287500000000001 1.0 155
18 1 26.727500000000006 1.0 921
1487048.6 14
16 0 8.842500000000001 1.0 806
8 1 29.2825 1.0 423
2 1 62.4975 1.0 149
24 1 39.5025 1.0 1231
2 1 42.057500000000005 1.0 133
13 1 39.5025 1.0 681
6 0 39.5025 1.0 330
13 0 24.1725 1.0 668
21 1 13.9525 1.0 1061
8 1 34.3925 1.0 427
20 1 11.3975 1.0 1009
12 0 54.83250000000001 1.0 642
18 0 19.0625 1.0 914
14 0 59.94250000000001 1.0 746
300944.88 13
21 1 59.94250000000001 1.0 1097
3 1 8.842500000000001 1.0 157
3 0 36.947500000000005 1.0 178
4 1 34.3925 1.0 227
11 1 42.057500000000005 1.0 583
10 0 8.842500000000001 1.0 506
5 0 1.177500000000002 1.0 250
10 0 31.837500000000006 1.0 524
2 1 52.2775 1.0 141
8 1 47.167500000000004 1.0 437
15 0 13.9525 1.0 760
2 1 42.057500000000005 1.0 133
4 0 13.9525 1.0 210
467161.9 17
11 1 57.3875 1.0 595
11 0 13.9525 1.0 560
2 0 44.6125 1.0 134
19 1 62.4975 1.0 999
10 1 31.837500000000006 1.0 525
7 0 54.83250000000001 1.0 392
18 0 62.4975 1.0 948
4 0 6.287500000000001 1.0 204
13 0 24.1725 1.0 668
15 0 29.2825 1.0 772
15 0 16.507500000000007 1.0 762
19 0 24.1725 1.0 968
15 1 57.3875 1.0 795
22 0 29.2825 1.0 1122
22 1 49.7225 1.0 1139
14 0 1.177500000000002 1.0 700
0 1 59.94250000000001 1.0 47
392789.97 23
15 0 13.9525 1.0 760
4 1 21.617500000000007 1.0 217
12 1 44.6125 1.0 635
4 0 13.9525 1.0 210
17 0 59.94250000000001 1.0 896
19 0 19.0625 1.0 964
20 1 59.94250000000001 1.0 1047
0 0 29.2825 1.0 22
8 0 44.6125 1.0 434
2 1 57.3875 1.0 145
12 0 16.507500000000007 1.0 612
10 1 54.83250000000001 1.0 543
2 1 47.167500000000004 1.0 137
1 0 24.1725 1.0 68
18 1 49.7225 1.0 939
23 1 54.83250000000001 1.0 1193
1 0 31.837500000000006 1.0 74
4 0 62.4975 1.0 248
4 0 6.287500000000001 1.0 204
16 0 57.3875 1.0 844
21 1 34.3925 1.0 1077
22 0 57.3875 1.0 1144
13 1 8.842500000000001 1.0 657
404822.84 8
13 1 59.94250000000001 1.0 697
15 1 54.83250000000001 1.0 793
6 1 54.83250000000001 1.0 343
1 0 44.6125 1.0 84
4 0 62.4975 1.0 248
2 1 39.5025 1.0 131
19 1 54.83250000000001 1.0 993
15 0 16.507500000000007 1.0 762
1577265.5 12
7 0 49.7225 1.0 388
19 0 13.9525 1.0 960
6 0 3.7325000000000017 1.0 302
8 1 34.3925 1.0 427
0 0 52.2775 1.0 40
24 1 11.3975 1.0 1209
12 1 39.5025 1.0 631
10 1 19.0625 1.0 515
8 0 57.3875 1.0 444
1 0 31.837500000000006 1.0 74
19 1 8.842500000000001 1.0 957
16 0 44.6125 1.0 834
458329.12 6
6 1 47.167500000000004 1.0 337
19 0 21.617500000000007 1.0 966
5 0 62.4975 1.0 298
0 0 59.94250000000001 1.0 46
18 0 16.507500000000007 1.0 912
22 1 49.7225 1.0 1139
1650165.6 8
8 1 62.4975 1.0 449
18 1 54.83250000000001 1.0 943
8 0 49.7225 1.0 438
4 1 47.167500000000004 1.0 237
24 0 29.2825 1.0 1222
1 1 57.3875 1.0 95
8 0 24.1725 1.0 418
20 1 54.83250000000001 1.0 1043
1793654.0 8
13 0 24.1725 1.0 668
21 0 34.3925 1.0 1076
16 1 13.9525 1.0 811
24 0 47.167500000000004 1.0 1236
20 1 62.4975 1.0 1049
12 0 59.94250000000001 1.0 646
15 0 16.507500000000007 1.0 762
21 1 59.94250000000001 1.0 1097
596431.94 16
10 1 31.837500000000006 1.0 525
10 0 34.3925 1.0 526
8 1 36.947500000000005 1.0 429
16 0 44.6125 1.0 834
20 1 49.7225 1.0 1039
13 0 8.842500000000001 1.0 656
19 0 21.617500000000007 1.0 966
18 1 26.727500000000006 1.0 921
13 0 3.7325000000000017 1.0 652
21 1 31.837500000000006 1.0 1075
3 0 34.3925 1.0 176
24 0 47.167500000000004 1.0 1236
23 0 57.3875 1.0 1194
12 0 16.507500000000007 1.0 612
5 0 62.4975 1.0 298
8 0 49.7225 1.0 438
192920.12 13
12 0 54.83250000000001 1.0 642
2 1 26.727500000000006 1.0 121
13 0 24.1725 1.0 668
21 1 24.1725 1.0 1069
23 1 39.5025 1.0 1181
4 0 21.617500000000007 1.0 216
18 1 49.7225 1.0 939
0 1 47.167500000000004 1.0 37
22 1 42.057500000000005 1.0 1133
20 0 6.287500000000001 1.0 1004
20 0 34.3925 1.0 1026
3 1 6.287500000000001 1.0 155
21 1 13.9525 1.0 1061
1893592.1 10
5 0 29.2825 1.0 272
13 1 39.5025 1.0 681
24 1 24.1725 1.0 1219
14 1 13.9525 1.0 711
5 0 21.617500000000007 1.0 266
9 1 8.842500000000001 1.0 457
21 1 24.1725 1.0 1069
23 0 57.3875 1.0 1194
21 0 6.287500000000001 1.0 1054
19 0 47.167500000000004 1.0 986
1015922.4 16
9 1 19.0625 1.0 465
22 1 59.94250000000001 1.0 1147
14 0 47.167500000000004 1.0 736
10 1 59.94250000000001 1.0 547
9 0 34.3925 1.0 476
15 0 49.7225 1.0 788
24 1 47.167500000000004 1.0 1237
0 1 59.94250000000001 1.0 47
22 0 39.5025 1.0 1130
2 0 24.1725 1.0 118
4 1 21.617500000000007 1.0 217
5 0 31.837500000000006 1.0 274
20 1 39.5025 1.0 1031
11 1 49.7225 1.0 589
12 1 42.057500000000005 1.0 633
24 1 13.9525 1.0 1211
1079640.2 15
10 1 31.837500000000006 1.0 525
4 0 62.4975 1.0 248
15 1 39.5025 1.0 781
12 1 42.057500000000005 1.0 633
17 1 21.617500000000007 1.0 867
4 0 13.9525 1.0 210
19 1 36.947500000000005 1.0 979
5 1 31.837500000000006 1.0 275
2 0 62.4975 1.0 148
5 1 29.2825 1.0 273
13 1 49.7225 1.0 689
18 0 34.3925 1.0 926
11 0 49.7225 1.0 588
3 0 1.177500000000002 1.0 150
10 0 13.9525 1.0 510
373954.66 23
12 1 39.5025 1.0 631
16 1 57.3875 1.0 845
0 1 47.167500000000004 1.0 37
4 0 21.617500000000007 1.0 216
18 1 16.507500000000007 1.0 913
8 1 54.83250000000001 1.0 443
11 0 49.7225 1.0 588
3 1 8.842500000000001 1.0 157
12 1 42.057500000000005 1.0 633
3 0 47.167500000000004 1.0 186
20 0 49.7225 1.0 1038
24 1 47.167500000000004 1.0 1237
10 1 59.94250000000001 1.0 547
13 1 59.94250000000001 1.0 697
16 0 62.4975 1.0 848
16 0 6.287500000000001 1.0 804
20 1 44.6125 1.0 1035
12 0 29.2825 1.0 622
18 0 34.3925 1.0 926
3 1 6.287500000000001 1.0 155
14 0 47.167500000000004 1.0 736
10 1 54.83250000000001 1.0 543
2 1 42.057500000000005 1.0 133
781614.5 18
12 0 29.2825 1.0 622
11 1 36.947500000000005 1.0 579
16 0 39.5025 1.0 830
22 0 62.4975 1.0 1148
16 0 47.167500000000004 1.0 836
8 1 19.0625 1.0 415
11 0 11.3975 1.0 558
12 0 16.507500000000007 1.0 612
23 1 21.617500000000007 1.0 1167
15 0 13.9525 1.0 760
18 0 24.1725 1.0 918
3 0 57.3875 1.0 194
15 1 34.3925 1.0 777
3 0 49.7225 1.0 188
8 1 29.2825 1.0 423
12 1 21.617500000000007 1.0 617
16 1 29.2825 1.0 823
0 0 47.167500000000004 1.0 36
1698974.2 11
8 0 52.2775 1.0 440
0 0 34.3925 1.0 26
13 0 44.6125 1.0 684
18 0 31.837500000000006 1.0 924
23 1 39.5025 1.0 1181
3 0 1.177500000000002 1.0 150
22 0 57.3875 1.0 1144
1 0 13.9525 1.0 60
18 0 59.94250000000001 1.0 946
7 1 8.842500000000001 1.0 357
12 1 34.3925 1.0 627
747593.7 19
24 0 47.167500000000004 1.0 1236
2 0 26.727500000000006 1.0 120
1 0 24.1725 1.0 68
19 0 54.83250000000001 1.0 992
4 0 16.507500000000007 1.0 212
8 1 26.727500000000006 1.0 421
11 1 11.3975 1.0 559
21 1 39.5025 1.0 1081
15 1 52.2775 1.0 791
24 1 13.9525 1.0 1211
14 0 54.83250000000001 1.0 742
18 1 54.83250000000001 1.0 943
0 1 16.507500000000007 1.0 13
9 1 47.167500000000004 1.0 487
1 0 31.837500000000006 1.0 74
6 0 54.83250000000001 1.0 342
16 0 39.5025 1.0 830
1 1 16.507500000000007 1.0 63
11 1 31.837500000000006 1.0 575
774922.5 17
20 0 26.727500000000006 1.0 1020
21 1 16.507500000000007 1.0 1063
14 0 36.947500000000005 1.0 728
7 0 6.287500000000001 1.0 354
10 0 31.837500000000006 1.0 524
1 0 19.0625 1.0 64
15 0 34.3925 1.0 776
1 1 57.3875 1.0 95
3 0 57.3875 1.0 194
11 0 13.9525 1.0 560
8 0 39.5025 1.0 430
17 0 24.1725 1.0 868
9 1 26.727500000000006 1.0 471
18 1 6.287500000000001 1.0 905
2 0 29.2825 1.0 122
17 1 1.177500000000002 1.0 851
1 0 13.9525 1.0 60
706325.8 24
10 0 34.3925 1.0 526
14 0 34.3925 1.0 726
10 0 52.2775 1.0 540
20 1 49.7225 1.0 1039
24 1 39.5025 1.0 1231
16 0 6.287500000000001 1.0 804
3 1 13.9525 1.0 161
6 1 47.167500000000004 1.0 337
5 0 3.7325000000000017 1.0 252
14 1 3.7325000000000017 1.0 703
9 1 6.287500000000001 1.0 455
19 0 21.617500000000007 1.0 966
0 0 47.167500000000004 1.0 36
20 1 31.837500000000006 1.0 1025
18 0 34.3925 1.0 926
24 0 47.167500000000004 1.0 1236
13 1 19.0625 1.0 665
18 0 24.1725 1.0 918
20 0 49.7225 1.0 1038
13 1 49.7225 1.0 689
16 0 44.6125 1.0 834
20 0 59.94250000000001 1.0 1046
8 0 36.947500000000005 1.0 428
0 0 34.3925 1.0 26
1394738.2 19
8 1 19.0625 1.0 415
24 1 11.3975 1.0 1209
12 1 39.5025 1.0 631
20 1 11.3975 1.0 1009
23 0 3.7325000000000017 1.0 1152
4 0 34.3925 1.0 226
6 0 3.7325000000000017 1.0 302
13 1 49.7225 1.0 689
18 1 6.287500000000001 1.0 905
13 0 11.3975 1.0 658
12 0 6.287500000000001 1.0 604
10 0 13.9525 1.0 510
21 1 47.167500000000004 1.0 1087
19 1 8.842500000000001 1.0 957
12 0 29.2825 1.0 622
6 0 54.83250000000001 1.0 342
8 1 47.167500000000004 1.0 437
9 1 8.842500000000001 1.0 457
11 1 11.3975 1.0 559
1159853.2 22
20 1 62.4975 1.0 1049
17 1 21.617500000000007 1.0 867
9 0 26.727500000000006 1.0 470
14 0 47.167500000000004 1.0 736
2 1 26.727500000000006 1.0 121
4 0 13.9525 1.0 210
9 1 19.0625 1.0 465
5 0 21.617500000000007 1.0 266
14 1 26.727500000000006 1.0 721
23 1 19.0625 1.0 1165
21 1 44.6125 1.0 1085
19 1 57.3875 1.0 995
6 1 59.94250000000001 1.0 347
23 0 57.3875 1.0 1194
18 1 26.727500000000006 1.0 921
7 0 49.7225 1.0 388
15 1 24.1725 1.0 769
2 1 62.4975 1.0 149
12 0 29.2825 1.0 622
20 0 26.727500000000006 1.0 1020
4 0 47.167500000000004 1.0 236
18 1 54.83250000000001 1.0 943
382320.44 19
21 1 31.837500000000006 1.0 1075
16 1 44.6125 1.0 835
8 1 19.0625 1.0 415
23 1 59.94250000000001 1.0 1197
0 0 54.83250000000001 1.0 42
15 1 42.057500000000005 1.0 783
10 1 1.177500000000002 1.0 501
12 0 31.837500000000006 1.0 624
8 0 36.947500000000005 1.0 428
9 1 8.842500000000001 1.0 457
17 0 62.4975 1.0 898
1 1 54.83250000000001 1.0 93
21 1 19.0625 1.0 1065
20 1 49.7225 1.0 1039
13 1 39.5025 1.0 681
15 0 29.2825 1.0 772
12 0 57.3875 1.0 644
1 0 24.1725 1.0 68
18 0 34.3925 1.0 926
157350.84 12
18 0 16.507500000000007 1.0 912
9 1 19.0625 1.0 465
12 0 16.507500000000007 1.0 612
9 0 6.287500000000001 1.0 454
3 0 8.842500000000001 1.0 156
3 0 42.057500000000005 1.0 182
19 1 36.947500000000005 1.0 979
16 1 29.2825 1.0 823
16 0 62.4975 1.0 848
15 1 52.2775 1.0 791
3 1 8.842500000000001 1.0 157
14 0 34.3925 1.0 726
1102569.1 10
18 1 44.6125 1.0 935
2 1 62.4975 1.0 149
16 1 44.6125 1.0 835
13 1 39.5025 1.0 681
15 0 29.2825 1.0 772
14 0 34.3925 1.0 726
2 1 52.2775 1.0 141
19 1 36.947500000000005 1.0 979
3 0 13.9525 1.0 160
8 0 36.947500000000005 1.0 428
926884.94 15
13 0 24.1725 1.0 668
18 1 16.507500000000007 1.0 913
6 0 21.617500000000007 1.0 316
2 1 57.3875 1.0 145
8 1 34.3925 1.0 427
17 1 59.94250000000001 1.0 897
18 0 3.7325000000000017 1.0 902
16 1 13.9525 1.0 811
21 1 13.9525 1.0 1061
23 1 42.057500000000005 1.0 1183
20 0 34.3925 1.0 1026
3 0 1.177500000000002 1.0 150
2 1 26.727500000000006 1.0 121
24 1 1.177500000000002 1.0 1201
4 0 29.2825 1.0 222
350508.38 5
17 0 59.94250000000001 1.0 896
12 0 29.2825 1.0 622
21 1 44.6125 1.0 1085
11 0 13.9525 1.0 560
8 0 57.3875 1.0 444
1551326.1 17
19 1 36.947500000000005 1.0 979
21 1 24.1725 1.0 1069
17 0 26.727500000000006 1.0 870
2 0 26.727500000000006 1.0 120
4 1 36.947500000000005 1.0 229
6 1 47.167500000000004 1.0 337
20 1 62.4975 1.0 1049
6 0 54.83250000000001 1.0 342
15 0 16.507500000000007 1.0 762
2 1 47.167500000000004 1.0 137
15 1 54.83250000000001 1.0 793
5 1 62.4975 1.0 299
10 1 1.177500000000002 1.0 501
15 0 49.7225 1.0 788
24 0 47.167500000000004 1.0 1236
12 1 44.6125 1.0 635
20 0 6.287500000000001 1.0 1004
729393.9 17
15 1 54.83250000000001 1.0 793
10 0 21.617500000000007 1.0 516
8 0 36.947500000000005 1.0 428
2 0 26.727500000000006 1.0 120
11 1 11.3975 1.0 559
5 0 13.9525 1.0 260
6 0 54.83250000000001 1.0 342
16 0 57.3875 1.0 844
22 1 42.057500000000005 1.0 1133
2 0 39.5025 1.0 130
21 1 3.7325000000000017 1.0 1053
6 0 21.617500000000007 1.0 316
18 1 49.7225 1.0 939
9 1 31.837500000000006 1.0 475
17 0 42.057500000000005 1.0 882
0 1 3.7325000000000017 1.0 3
10 0 13.9525 1.0 510
1769052.2 16
21 1 39.5025 1.0 1081
14 1 49.7225 1.0 739
15 1 52.2775 1.0 791
15 1 54.83250000000001 1.0 793
12 0 16.507500000000007 1.0 612
5 0 21.617500000000007 1.0 266
5 0 11.3975 1.0 258
10 1 31.837500000000006 1.0 525
1 0 13.9525 1.0 60
18 1 54.83250000000001 1.0 943
10 1 59.94250000000001 1.0 547
12 1 8.842500000000001 1.0 607
20 1 31.837500000000006 1.0 1025
14 1 13.9525 1.0 711
13 1 54.83250000000001 1.0 693
16 1 54.83250000000001 1.0 843
909780.0 17
20 0 62.4975 1.0 1048
20 0 26.727500000000006 1.0 1020
19 1 11.3975 1.0 959
20 1 11.3975 1.0 1009
4 1 36.947500000000005 1.0 229
13 1 8.842500000000001 1.0 657
17 0 24.1725 1.0 868
13 0 31.837500000000006 1.0 674
10 1 26.727500000000006 1.0 521
8 0 24.1725 1.0 418
3 0 34.3925 1.0 176
14 1 13.9525 1.0 711
23 1 21.617500000000007 1.0 1167
12 1 42.057500000000005 1.0 633
16 0 57.3875 1.0 844
2 0 34.3925 1.0 126
16 0 62.4975 1.0 848
