Numero de pedidos
250
duedate num_referencias // pasillo lado altura peso
978958.7 22
1 0 1.177500000000002 1.0 50
2 1 34.3925 1.0 127
3 0 29.2825 1.0 172
7 1 16.507500000000007 1.0 363
10 1 29.2825 1.0 523
1 1 3.7325000000000017 1.0 53
3 1 19.0625 1.0 165
17 0 26.727500000000006 1.0 870
0 1 31.837500000000006 1.0 25
4 0 44.6125 1.0 234
4 0 42.057500000000005 1.0 232
5 1 42.057500000000005 1.0 283
4 1 44.6125 1.0 235
2 1 52.2775 1.0 141
1 0 19.0625 1.0 64
2 1 13.9525 1.0 111
1 0 26.727500000000006 1.0 70
1 1 13.9525 1.0 61
2 1 21.617500000000007 1.0 117
3 1 52.2775 1.0 191
15 0 16.507500000000007 1.0 762
0 1 29.2825 1.0 23
1139596.4 16
21 0 26.727500000000006 1.0 1070
8 1 36.947500000000005 1.0 429
5 0 49.7225 1.0 288
4 0 34.3925 1.0 226
3 0 62.4975 1.0 198
4 0 6.287500000000001 1.0 204
1 1 16.507500000000007 1.0 63
3 0 31.837500000000006 1.0 174
2 0 52.2775 1.0 140
2 0 29.2825 1.0 122
18 1 29.2825 1.0 923
24 0 44.6125 1.0 1234
4 1 59.94250000000001 1.0 247
3 0 29.2825 1.0 172
0 0 13.9525 1.0 10
0 0 57.3875 1.0 44
869981.6 5
4 0 13.9525 1.0 210
0 0 21.617500000000007 1.0 16
0 1 47.167500000000004 1.0 37
0 1 29.2825 1.0 23
3 1 29.2825 1.0 173
555453.6 6
7 0 49.7225 1.0 388
0 0 57.3875 1.0 44
2 0 47.167500000000004 1.0 136
3 0 36.947500000000005 1.0 178
3 1 47.167500000000004 1.0 187
7 1 34.3925 1.0 377
139329.38 5
2 1 47.167500000000004 1.0 137
4 1 13.9525 1.0 211
17 0 24.1725 1.0 868
3 1 11.3975 1.0 159
2 1 3.7325000000000017 1.0 103
258721.81 19
3 0 19.0625 1.0 164
0 1 49.7225 1.0 39
18 0 8.842500000000001 1.0 906
19 1 11.3975 1.0 959
0 0 42.057500000000005 1.0 32
1 0 47.167500000000004 1.0 86
0 1 26.727500000000006 1.0 21
0 1 3.7325000000000017 1.0 3
6 0 29.2825 1.0 322
0 1 6.287500000000001 1.0 5
4 0 62.4975 1.0 248
4 1 44.6125 1.0 235
2 0 34.3925 1.0 126
4 0 29.2825 1.0 222
21 1 52.2775 1.0 1091
0 0 36.947500000000005 1.0 28
3 1 39.5025 1.0 181
0 0 29.2825 1.0 22
2 0 44.6125 1.0 134
619914.8 15
18 1 19.0625 1.0 915
0 1 21.617500000000007 1.0 17
3 0 3.7325000000000017 1.0 152
18 0 26.727500000000006 1.0 920
1 0 42.057500000000005 1.0 82
1 0 26.727500000000006 1.0 70
2 0 24.1725 1.0 118
3 1 8.842500000000001 1.0 157
3 1 36.947500000000005 1.0 179
3 1 29.2825 1.0 173
3 1 62.4975 1.0 199
6 1 13.9525 1.0 311
23 1 31.837500000000006 1.0 1175
4 1 26.727500000000006 1.0 221
4 0 49.7225 1.0 238
885572.5 20
3 0 59.94250000000001 1.0 196
2 0 13.9525 1.0 110
6 0 36.947500000000005 1.0 328
2 0 21.617500000000007 1.0 116
4 0 1.177500000000002 1.0 200
0 1 21.617500000000007 1.0 17
4 0 57.3875 1.0 244
2 0 19.0625 1.0 114
3 1 6.287500000000001 1.0 155
9 0 24.1725 1.0 468
3 0 42.057500000000005 1.0 182
18 1 54.83250000000001 1.0 943
0 1 36.947500000000005 1.0 29
4 0 47.167500000000004 1.0 236
2 0 31.837500000000006 1.0 124
1 1 47.167500000000004 1.0 87
4 1 8.842500000000001 1.0 207
4 1 13.9525 1.0 211
0 0 42.057500000000005 1.0 32
5 0 11.3975 1.0 258
1355999.5 20
1 0 13.9525 1.0 60
0 1 47.167500000000004 1.0 37
1 0 36.947500000000005 1.0 78
9 0 36.947500000000005 1.0 478
7 0 16.507500000000007 1.0 362
0 0 49.7225 1.0 38
1 0 52.2775 1.0 90
0 1 13.9525 1.0 11
8 1 29.2825 1.0 423
17 1 42.057500000000005 1.0 883
0 1 11.3975 1.0 9
4 0 59.94250000000001 1.0 246
3 1 16.507500000000007 1.0 163
4 0 16.507500000000007 1.0 212
2 0 13.9525 1.0 110
2 0 36.947500000000005 1.0 128
3 0 24.1725 1.0 168
0 1 31.837500000000006 1.0 25
3 1 39.5025 1.0 181
4 0 39.5025 1.0 230
798472.2 18
1 0 16.507500000000007 1.0 62
19 1 62.4975 1.0 999
4 0 49.7225 1.0 238
16 1 8.842500000000001 1.0 807
1 0 57.3875 1.0 94
3 0 21.617500000000007 1.0 166
3 0 11.3975 1.0 158
7 0 24.1725 1.0 368
2 1 6.287500000000001 1.0 105
1 0 52.2775 1.0 90
4 0 42.057500000000005 1.0 232
3 1 42.057500000000005 1.0 183
1 1 52.2775 1.0 91
5 1 16.507500000000007 1.0 263
2 0 34.3925 1.0 126
5 1 19.0625 1.0 265
1 0 21.617500000000007 1.0 66
0 0 13.9525 1.0 10
800201.7 22
2 0 62.4975 1.0 148
4 1 29.2825 1.0 223
1 1 29.2825 1.0 73
7 0 42.057500000000005 1.0 382
2 0 44.6125 1.0 134
1 1 16.507500000000007 1.0 63
5 1 6.287500000000001 1.0 255
0 1 1.177500000000002 1.0 1
2 0 31.837500000000006 1.0 124
0 0 47.167500000000004 1.0 36
3 1 36.947500000000005 1.0 179
14 0 54.83250000000001 1.0 742
0 1 52.2775 1.0 41
0 1 36.947500000000005 1.0 29
4 1 16.507500000000007 1.0 213
1 0 6.287500000000001 1.0 54
3 1 57.3875 1.0 195
4 1 8.842500000000001 1.0 207
0 1 19.0625 1.0 15
11 0 21.617500000000007 1.0 566
3 1 47.167500000000004 1.0 187
2 1 19.0625 1.0 115
1848350.9 19
0 1 13.9525 1.0 11
4 1 42.057500000000005 1.0 233
0 0 19.0625 1.0 14
3 1 59.94250000000001 1.0 197
3 0 31.837500000000006 1.0 174
8 1 36.947500000000005 1.0 429
2 0 1.177500000000002 1.0 100
1 0 52.2775 1.0 90
20 1 52.2775 1.0 1041
3 1 49.7225 1.0 189
0 0 36.947500000000005 1.0 28
4 1 1.177500000000002 1.0 201
4 0 39.5025 1.0 230
2 1 26.727500000000006 1.0 121
3 1 31.837500000000006 1.0 175
3 0 11.3975 1.0 158
0 0 47.167500000000004 1.0 36
4 1 16.507500000000007 1.0 213
2 0 13.9525 1.0 110
300104.34 17
24 1 8.842500000000001 1.0 1207
3 1 26.727500000000006 1.0 171
2 0 49.7225 1.0 138
3 0 36.947500000000005 1.0 178
3 1 13.9525 1.0 161
0 0 54.83250000000001 1.0 42
2 0 36.947500000000005 1.0 128
3 0 57.3875 1.0 194
4 1 21.617500000000007 1.0 217
1 0 31.837500000000006 1.0 74
0 0 47.167500000000004 1.0 36
2 0 59.94250000000001 1.0 146
1 1 34.3925 1.0 77
3 0 3.7325000000000017 1.0 152
2 1 49.7225 1.0 139
4 0 31.837500000000006 1.0 224
21 1 34.3925 1.0 1077
435803.47 12
4 1 29.2825 1.0 223
18 1 21.617500000000007 1.0 917
1 1 24.1725 1.0 69
3 0 31.837500000000006 1.0 174
8 0 6.287500000000001 1.0 404
0 0 6.287500000000001 1.0 4
7 1 39.5025 1.0 381
0 1 47.167500000000004 1.0 37
11 1 36.947500000000005 1.0 579
7 0 1.177500000000002 1.0 350
1 0 59.94250000000001 1.0 96
0 0 57.3875 1.0 44
634765.3 5
0 0 39.5025 1.0 30
5 0 47.167500000000004 1.0 286
2 0 11.3975 1.0 108
1 0 34.3925 1.0 76
2 0 59.94250000000001 1.0 146
1157111.1 7
3 0 13.9525 1.0 160
4 1 8.842500000000001 1.0 207
12 0 59.94250000000001 1.0 646
4 0 24.1725 1.0 218
4 1 62.4975 1.0 249
3 0 29.2825 1.0 172
8 0 6.287500000000001 1.0 404
331178.7 9
8 0 21.617500000000007 1.0 416
13 0 59.94250000000001 1.0 696
4 1 26.727500000000006 1.0 221
9 1 21.617500000000007 1.0 467
15 0 44.6125 1.0 784
0 0 47.167500000000004 1.0 36
3 0 6.287500000000001 1.0 154
2 1 39.5025 1.0 131
2 0 8.842500000000001 1.0 106
1886171.4 22
3 1 21.617500000000007 1.0 167
4 0 34.3925 1.0 226
4 0 49.7225 1.0 238
4 0 54.83250000000001 1.0 242
2 1 62.4975 1.0 149
4 1 44.6125 1.0 235
0 0 62.4975 1.0 48
3 1 16.507500000000007 1.0 163
1 0 1.177500000000002 1.0 50
19 1 62.4975 1.0 999
3 1 13.9525 1.0 161
3 1 8.842500000000001 1.0 157
3 0 1.177500000000002 1.0 150
3 1 6.287500000000001 1.0 155
4 0 13.9525 1.0 210
3 0 34.3925 1.0 176
4 0 24.1725 1.0 218
11 0 1.177500000000002 1.0 550
3 0 59.94250000000001 1.0 196
1 0 16.507500000000007 1.0 62
4 0 42.057500000000005 1.0 232
4 1 49.7225 1.0 239
169497.1 23
1 1 47.167500000000004 1.0 87
2 0 13.9525 1.0 110
3 1 42.057500000000005 1.0 183
2 0 3.7325000000000017 1.0 102
2 0 34.3925 1.0 126
2 0 6.287500000000001 1.0 104
5 1 34.3925 1.0 277
2 0 44.6125 1.0 134
6 0 39.5025 1.0 330
2 0 11.3975 1.0 108
0 0 44.6125 1.0 34
2 1 26.727500000000006 1.0 121
6 1 36.947500000000005 1.0 329
3 1 47.167500000000004 1.0 187
2 1 6.287500000000001 1.0 105
0 1 31.837500000000006 1.0 25
2 0 26.727500000000006 1.0 120
4 0 49.7225 1.0 238
6 0 13.9525 1.0 310
1 0 26.727500000000006 1.0 70
0 1 44.6125 1.0 35
1 0 11.3975 1.0 58
3 1 26.727500000000006 1.0 171
351578.47 13
9 1 21.617500000000007 1.0 467
0 1 47.167500000000004 1.0 37
8 0 39.5025 1.0 430
4 1 59.94250000000001 1.0 247
12 1 3.7325000000000017 1.0 603
0 1 6.287500000000001 1.0 5
3 1 59.94250000000001 1.0 197
4 1 54.83250000000001 1.0 243
4 0 26.727500000000006 1.0 220
2 0 36.947500000000005 1.0 128
1 1 29.2825 1.0 73
7 0 29.2825 1.0 372
1 0 31.837500000000006 1.0 74
1562811.0 20
1 1 29.2825 1.0 73
19 1 57.3875 1.0 995
3 0 6.287500000000001 1.0 154
1 1 54.83250000000001 1.0 93
4 0 62.4975 1.0 248
2 0 44.6125 1.0 134
0 0 1.177500000000002 1.0 0
1 0 16.507500000000007 1.0 62
0 1 1.177500000000002 1.0 1
3 0 19.0625 1.0 164
0 1 6.287500000000001 1.0 5
12 1 3.7325000000000017 1.0 603
2 0 24.1725 1.0 118
0 0 16.507500000000007 1.0 12
0 0 21.617500000000007 1.0 16
1 1 47.167500000000004 1.0 87
1 0 36.947500000000005 1.0 78
2 0 47.167500000000004 1.0 136
3 1 6.287500000000001 1.0 155
4 0 31.837500000000006 1.0 224
1085671.2 7
0 0 8.842500000000001 1.0 6
3 1 47.167500000000004 1.0 187
0 0 16.507500000000007 1.0 12
4 1 3.7325000000000017 1.0 203
0 1 42.057500000000005 1.0 33
1 0 62.4975 1.0 98
3 1 57.3875 1.0 195
933792.56 17
5 1 26.727500000000006 1.0 271
3 0 52.2775 1.0 190
4 1 24.1725 1.0 219
4 1 8.842500000000001 1.0 207
0 0 31.837500000000006 1.0 24
0 1 31.837500000000006 1.0 25
0 0 59.94250000000001 1.0 46
4 1 21.617500000000007 1.0 217
1 1 47.167500000000004 1.0 87
11 1 13.9525 1.0 561
0 1 42.057500000000005 1.0 33
24 0 8.842500000000001 1.0 1206
1 1 13.9525 1.0 61
3 1 59.94250000000001 1.0 197
2 1 6.287500000000001 1.0 105
0 0 54.83250000000001 1.0 42
4 1 3.7325000000000017 1.0 203
229172.23 10
1 0 1.177500000000002 1.0 50
3 0 47.167500000000004 1.0 186
3 1 59.94250000000001 1.0 197
1 1 42.057500000000005 1.0 83
4 0 39.5025 1.0 230
20 0 13.9525 1.0 1010
3 1 24.1725 1.0 169
3 0 11.3975 1.0 158
1 1 49.7225 1.0 89
3 0 21.617500000000007 1.0 166
307115.72 8
0 1 39.5025 1.0 31
1 0 54.83250000000001 1.0 92
9 1 52.2775 1.0 491
2 1 6.287500000000001 1.0 105
1 1 57.3875 1.0 95
0 1 3.7325000000000017 1.0 3
1 1 59.94250000000001 1.0 97
2 0 13.9525 1.0 110
1926972.6 15
2 0 39.5025 1.0 130
4 0 31.837500000000006 1.0 224
1 0 42.057500000000005 1.0 82
13 1 13.9525 1.0 661
0 0 39.5025 1.0 30
4 1 49.7225 1.0 239
1 0 34.3925 1.0 76
1 1 11.3975 1.0 59
5 1 11.3975 1.0 259
6 1 52.2775 1.0 341
4 1 1.177500000000002 1.0 201
0 0 47.167500000000004 1.0 36
1 0 6.287500000000001 1.0 54
16 0 31.837500000000006 1.0 824
4 0 11.3975 1.0 208
453544.53 20
4 0 57.3875 1.0 244
6 1 29.2825 1.0 323
0 0 59.94250000000001 1.0 46
3 0 34.3925 1.0 176
19 1 29.2825 1.0 973
2 0 24.1725 1.0 118
3 1 24.1725 1.0 169
4 1 57.3875 1.0 245
3 0 29.2825 1.0 172
3 1 59.94250000000001 1.0 197
0 0 19.0625 1.0 14
1 1 3.7325000000000017 1.0 53
1 0 52.2775 1.0 90
4 1 52.2775 1.0 241
1 1 16.507500000000007 1.0 63
4 0 26.727500000000006 1.0 220
2 0 3.7325000000000017 1.0 102
21 0 52.2775 1.0 1090
5 0 8.842500000000001 1.0 256
0 0 31.837500000000006 1.0 24
988521.2 7
2 1 8.842500000000001 1.0 107
4 1 42.057500000000005 1.0 233
1 0 49.7225 1.0 88
0 1 16.507500000000007 1.0 13
2 1 54.83250000000001 1.0 143
4 0 21.617500000000007 1.0 216
1 1 11.3975 1.0 59
1970489.0 16
8 1 13.9525 1.0 411
15 0 6.287500000000001 1.0 754
4 1 54.83250000000001 1.0 243
3 0 21.617500000000007 1.0 166
1 1 57.3875 1.0 95
1 0 54.83250000000001 1.0 92
0 1 24.1725 1.0 19
2 0 36.947500000000005 1.0 128
4 0 47.167500000000004 1.0 236
0 1 19.0625 1.0 15
1 1 54.83250000000001 1.0 93
4 1 19.0625 1.0 215
21 1 16.507500000000007 1.0 1063
3 1 49.7225 1.0 189
3 1 36.947500000000005 1.0 179
4 1 62.4975 1.0 249
1114276.1 23
9 1 16.507500000000007 1.0 463
4 1 49.7225 1.0 239
4 0 39.5025 1.0 230
2 0 6.287500000000001 1.0 104
3 0 31.837500000000006 1.0 174
8 0 47.167500000000004 1.0 436
0 1 44.6125 1.0 35
0 1 39.5025 1.0 31
5 0 13.9525 1.0 260
1 1 11.3975 1.0 59
2 0 1.177500000000002 1.0 100
3 0 19.0625 1.0 164
8 1 8.842500000000001 1.0 407
4 1 42.057500000000005 1.0 233
2 1 39.5025 1.0 131
3 1 52.2775 1.0 191
4 1 3.7325000000000017 1.0 203
0 0 21.617500000000007 1.0 16
4 0 1.177500000000002 1.0 200
3 1 13.9525 1.0 161
12 0 21.617500000000007 1.0 616
7 1 62.4975 1.0 399
1 0 42.057500000000005 1.0 82
621047.1 23
0 0 54.83250000000001 1.0 42
2 1 19.0625 1.0 115
0 0 39.5025 1.0 30
3 0 1.177500000000002 1.0 150
2 0 8.842500000000001 1.0 106
2 0 36.947500000000005 1.0 128
3 0 52.2775 1.0 190
5 1 42.057500000000005 1.0 283
2 0 54.83250000000001 1.0 142
4 1 29.2825 1.0 223
5 1 49.7225 1.0 289
3 1 24.1725 1.0 169
2 0 26.727500000000006 1.0 120
8 1 3.7325000000000017 1.0 403
0 1 6.287500000000001 1.0 5
1 0 57.3875 1.0 94
2 0 42.057500000000005 1.0 132
4 1 59.94250000000001 1.0 247
0 0 31.837500000000006 1.0 24
8 0 3.7325000000000017 1.0 402
1 1 8.842500000000001 1.0 57
15 0 57.3875 1.0 794
17 1 42.057500000000005 1.0 883
603484.94 14
0 1 34.3925 1.0 27
4 0 3.7325000000000017 1.0 202
2 0 47.167500000000004 1.0 136
1 1 39.5025 1.0 81
1 1 47.167500000000004 1.0 87
5 0 6.287500000000001 1.0 254
4 0 11.3975 1.0 208
1 0 54.83250000000001 1.0 92
8 0 59.94250000000001 1.0 446
3 1 6.287500000000001 1.0 155
1 1 29.2825 1.0 73
2 1 34.3925 1.0 127
1 0 26.727500000000006 1.0 70
4 1 6.287500000000001 1.0 205
1357025.2 22
9 0 36.947500000000005 1.0 478
0 1 11.3975 1.0 9
8 1 59.94250000000001 1.0 447
1 1 42.057500000000005 1.0 83
6 0 3.7325000000000017 1.0 302
1 1 52.2775 1.0 91
1 0 62.4975 1.0 98
1 0 59.94250000000001 1.0 96
1 1 34.3925 1.0 77
5 0 57.3875 1.0 294
4 0 29.2825 1.0 222
1 0 31.837500000000006 1.0 74
2 1 1.177500000000002 1.0 101
4 0 47.167500000000004 1.0 236
0 0 6.287500000000001 1.0 4
4 0 54.83250000000001 1.0 242
2 0 13.9525 1.0 110
3 0 3.7325000000000017 1.0 152
5 1 3.7325000000000017 1.0 253
1 0 57.3875 1.0 94
19 1 8.842500000000001 1.0 957
4 0 6.287500000000001 1.0 204
552967.5 14
4 0 3.7325000000000017 1.0 202
0 1 49.7225 1.0 39
3 0 26.727500000000006 1.0 170
0 1 47.167500000000004 1.0 37
4 1 36.947500000000005 1.0 229
2 0 36.947500000000005 1.0 128
4 0 16.507500000000007 1.0 212
4 1 8.842500000000001 1.0 207
7 1 57.3875 1.0 395
2 1 44.6125 1.0 135
18 1 16.507500000000007 1.0 913
1 1 13.9525 1.0 61
2 0 26.727500000000006 1.0 120
1 0 21.617500000000007 1.0 66
1602649.8 18
3 1 34.3925 1.0 177
1 0 26.727500000000006 1.0 70
4 1 54.83250000000001 1.0 243
3 0 11.3975 1.0 158
0 1 11.3975 1.0 9
3 1 21.617500000000007 1.0 167
6 1 57.3875 1.0 345
9 0 34.3925 1.0 476
1 0 8.842500000000001 1.0 56
1 1 24.1725 1.0 69
4 0 29.2825 1.0 222
6 0 42.057500000000005 1.0 332
1 1 3.7325000000000017 1.0 53
4 0 52.2775 1.0 240
0 0 52.2775 1.0 40
15 1 3.7325000000000017 1.0 753
0 1 44.6125 1.0 35
11 0 36.947500000000005 1.0 578
869358.3 19
3 1 34.3925 1.0 177
6 0 21.617500000000007 1.0 316
1 0 3.7325000000000017 1.0 52
2 0 19.0625 1.0 114
0 0 47.167500000000004 1.0 36
3 1 36.947500000000005 1.0 179
4 0 26.727500000000006 1.0 220
2 1 24.1725 1.0 119
3 0 39.5025 1.0 180
1 0 11.3975 1.0 58
0 1 29.2825 1.0 23
0 0 21.617500000000007 1.0 16
8 0 8.842500000000001 1.0 406
8 0 44.6125 1.0 434
0 0 62.4975 1.0 48
3 1 62.4975 1.0 199
3 1 19.0625 1.0 165
1 1 31.837500000000006 1.0 75
23 0 26.727500000000006 1.0 1170
1850302.0 19
3 0 24.1725 1.0 168
4 1 16.507500000000007 1.0 213
2 0 47.167500000000004 1.0 136
24 0 59.94250000000001 1.0 1246
16 0 42.057500000000005 1.0 832
2 0 44.6125 1.0 134
4 0 39.5025 1.0 230
18 1 54.83250000000001 1.0 943
3 1 59.94250000000001 1.0 197
2 0 57.3875 1.0 144
3 0 44.6125 1.0 184
17 1 57.3875 1.0 895
0 1 57.3875 1.0 45
3 1 57.3875 1.0 195
1 0 13.9525 1.0 60
2 1 1.177500000000002 1.0 101
19 1 49.7225 1.0 989
9 1 59.94250000000001 1.0 497
5 0 34.3925 1.0 276
1505563.6 11
2 0 59.94250000000001 1.0 146
9 1 29.2825 1.0 473
3 0 42.057500000000005 1.0 182
1 0 3.7325000000000017 1.0 52
3 1 24.1725 1.0 169
5 1 1.177500000000002 1.0 251
0 0 1.177500000000002 1.0 0
1 1 47.167500000000004 1.0 87
21 0 6.287500000000001 1.0 1054
4 1 57.3875 1.0 245
0 1 19.0625 1.0 15
1828728.6 9
0 1 31.837500000000006 1.0 25
4 0 8.842500000000001 1.0 206
0 0 3.7325000000000017 1.0 2
3 1 19.0625 1.0 165
1 0 16.507500000000007 1.0 62
0 0 47.167500000000004 1.0 36
19 1 52.2775 1.0 991
11 1 11.3975 1.0 559
2 1 54.83250000000001 1.0 143
963048.44 11
1 1 21.617500000000007 1.0 67
3 1 21.617500000000007 1.0 167
0 0 36.947500000000005 1.0 28
3 0 1.177500000000002 1.0 150
1 0 36.947500000000005 1.0 78
6 1 62.4975 1.0 349
0 1 24.1725 1.0 19
4 1 19.0625 1.0 215
4 1 16.507500000000007 1.0 213
2 0 8.842500000000001 1.0 106
1 0 47.167500000000004 1.0 86
511459.34 7
3 0 59.94250000000001 1.0 196
2 1 42.057500000000005 1.0 133
20 1 26.727500000000006 1.0 1021
4 1 21.617500000000007 1.0 217
1 0 3.7325000000000017 1.0 52
4 0 3.7325000000000017 1.0 202
23 0 47.167500000000004 1.0 1186
1130143.8 20
2 0 8.842500000000001 1.0 106
3 0 29.2825 1.0 172
1 1 52.2775 1.0 91
1 0 13.9525 1.0 60
16 1 31.837500000000006 1.0 825
4 1 19.0625 1.0 215
1 0 54.83250000000001 1.0 92
6 1 39.5025 1.0 331
1 0 26.727500000000006 1.0 70
1 1 36.947500000000005 1.0 79
4 1 6.287500000000001 1.0 205
7 0 19.0625 1.0 364
2 0 49.7225 1.0 138
3 1 6.287500000000001 1.0 155
0 1 16.507500000000007 1.0 13
0 1 52.2775 1.0 41
5 1 24.1725 1.0 269
0 1 24.1725 1.0 19
2 1 31.837500000000006 1.0 125
0 1 62.4975 1.0 49
1571833.0 24
6 0 57.3875 1.0 344
7 1 39.5025 1.0 381
2 1 1.177500000000002 1.0 101
4 0 29.2825 1.0 222
8 0 16.507500000000007 1.0 412
4 0 49.7225 1.0 238
0 0 16.507500000000007 1.0 12
1 0 16.507500000000007 1.0 62
3 0 6.287500000000001 1.0 154
1 0 19.0625 1.0 64
2 0 29.2825 1.0 122
4 1 34.3925 1.0 227
4 0 47.167500000000004 1.0 236
7 1 29.2825 1.0 373
0 1 47.167500000000004 1.0 37
4 1 57.3875 1.0 245
4 1 21.617500000000007 1.0 217
1 0 8.842500000000001 1.0 56
0 0 21.617500000000007 1.0 16
0 1 19.0625 1.0 15
3 0 59.94250000000001 1.0 196
4 0 26.727500000000006 1.0 220
0 0 29.2825 1.0 22
1 0 42.057500000000005 1.0 82
742714.25 14
2 0 3.7325000000000017 1.0 102
2 1 8.842500000000001 1.0 107
4 1 49.7225 1.0 239
0 0 52.2775 1.0 40
3 1 6.287500000000001 1.0 155
2 0 39.5025 1.0 130
5 0 34.3925 1.0 276
2 0 16.507500000000007 1.0 112
3 0 31.837500000000006 1.0 174
5 0 39.5025 1.0 280
4 0 49.7225 1.0 238
1 0 34.3925 1.0 76
2 0 29.2825 1.0 122
0 1 49.7225 1.0 39
1533482.2 20
1 1 1.177500000000002 1.0 51
7 0 31.837500000000006 1.0 374
0 1 29.2825 1.0 23
23 1 57.3875 1.0 1195
9 0 59.94250000000001 1.0 496
3 1 57.3875 1.0 195
1 1 21.617500000000007 1.0 67
4 0 29.2825 1.0 222
0 1 16.507500000000007 1.0 13
8 0 57.3875 1.0 444
0 1 19.0625 1.0 15
0 0 13.9525 1.0 10
14 1 49.7225 1.0 739
3 0 26.727500000000006 1.0 170
1 1 57.3875 1.0 95
2 0 19.0625 1.0 114
3 0 52.2775 1.0 190
7 1 36.947500000000005 1.0 379
0 1 31.837500000000006 1.0 25
0 0 44.6125 1.0 34
1935564.5 17
0 1 6.287500000000001 1.0 5
2 1 6.287500000000001 1.0 105
17 1 8.842500000000001 1.0 857
4 0 21.617500000000007 1.0 216
1 1 13.9525 1.0 61
0 0 57.3875 1.0 44
3 0 21.617500000000007 1.0 166
4 0 44.6125 1.0 234
3 1 31.837500000000006 1.0 175
2 1 47.167500000000004 1.0 137
3 0 42.057500000000005 1.0 182
3 0 36.947500000000005 1.0 178
1 1 54.83250000000001 1.0 93
0 0 31.837500000000006 1.0 24
3 0 54.83250000000001 1.0 192
9 0 57.3875 1.0 494
4 1 62.4975 1.0 249
1874001.8 14
2 0 34.3925 1.0 126
9 1 3.7325000000000017 1.0 453
1 1 1.177500000000002 1.0 51
1 1 59.94250000000001 1.0 97
3 1 6.287500000000001 1.0 155
4 1 59.94250000000001 1.0 247
15 1 54.83250000000001 1.0 793
1 0 6.287500000000001 1.0 54
3 1 44.6125 1.0 185
6 1 3.7325000000000017 1.0 303
0 0 57.3875 1.0 44
6 0 8.842500000000001 1.0 306
4 1 19.0625 1.0 215
0 1 19.0625 1.0 15
1700656.2 16
20 1 34.3925 1.0 1027
1 0 62.4975 1.0 98
2 0 54.83250000000001 1.0 142
0 1 21.617500000000007 1.0 17
20 0 47.167500000000004 1.0 1036
9 0 11.3975 1.0 458
2 1 24.1725 1.0 119
1 0 8.842500000000001 1.0 56
7 1 31.837500000000006 1.0 375
1 1 34.3925 1.0 77
4 0 44.6125 1.0 234
0 1 31.837500000000006 1.0 25
3 1 49.7225 1.0 189
4 1 6.287500000000001 1.0 205
1 1 26.727500000000006 1.0 71
2 1 34.3925 1.0 127
364148.88 7
4 0 1.177500000000002 1.0 200
4 1 16.507500000000007 1.0 213
1 0 62.4975 1.0 98
0 0 26.727500000000006 1.0 20
0 1 29.2825 1.0 23
1 1 54.83250000000001 1.0 93
4 0 42.057500000000005 1.0 232
47714.586 16
0 1 54.83250000000001 1.0 43
3 1 36.947500000000005 1.0 179
4 1 24.1725 1.0 219
3 1 29.2825 1.0 173
2 1 21.617500000000007 1.0 117
1 0 39.5025 1.0 80
3 1 59.94250000000001 1.0 197
9 0 16.507500000000007 1.0 462
1 0 13.9525 1.0 60
1 0 3.7325000000000017 1.0 52
1 1 29.2825 1.0 73
4 1 39.5025 1.0 231
0 1 26.727500000000006 1.0 21
2 0 24.1725 1.0 118
6 1 24.1725 1.0 319
2 0 29.2825 1.0 122
1165554.8 8
13 1 13.9525 1.0 661
3 0 29.2825 1.0 172
0 0 44.6125 1.0 34
4 0 62.4975 1.0 248
2 0 52.2775 1.0 140
0 1 31.837500000000006 1.0 25
4 1 16.507500000000007 1.0 213
3 0 44.6125 1.0 184
363373.3 17
18 1 52.2775 1.0 941
3 0 19.0625 1.0 164
3 0 16.507500000000007 1.0 162
4 1 1.177500000000002 1.0 201
0 1 54.83250000000001 1.0 43
4 0 11.3975 1.0 208
3 1 6.287500000000001 1.0 155
3 1 3.7325000000000017 1.0 153
2 1 59.94250000000001 1.0 147
0 0 8.842500000000001 1.0 6
9 0 29.2825 1.0 472
0 0 52.2775 1.0 40
3 0 34.3925 1.0 176
3 1 19.0625 1.0 165
3 0 49.7225 1.0 188
1 1 49.7225 1.0 89
10 1 3.7325000000000017 1.0 503
462138.97 23
8 1 57.3875 1.0 445
3 1 29.2825 1.0 173
7 1 1.177500000000002 1.0 351
12 1 39.5025 1.0 631
0 0 8.842500000000001 1.0 6
1 0 54.83250000000001 1.0 92
4 1 19.0625 1.0 215
7 1 6.287500000000001 1.0 355
2 1 54.83250000000001 1.0 143
4 1 21.617500000000007 1.0 217
0 1 11.3975 1.0 9
8 0 59.94250000000001 1.0 446
2 0 47.167500000000004 1.0 136
19 1 13.9525 1.0 961
3 0 11.3975 1.0 158
1 1 34.3925 1.0 77
4 0 54.83250000000001 1.0 242
13 1 21.617500000000007 1.0 667
1 1 8.842500000000001 1.0 57
3 1 44.6125 1.0 185
0 0 24.1725 1.0 18
0 1 39.5025 1.0 31
3 0 1.177500000000002 1.0 150
1352831.8 21
14 1 39.5025 1.0 731
2 1 59.94250000000001 1.0 147
4 0 49.7225 1.0 238
3 1 8.842500000000001 1.0 157
2 0 52.2775 1.0 140
7 1 52.2775 1.0 391
4 1 44.6125 1.0 235
0 0 36.947500000000005 1.0 28
6 1 62.4975 1.0 349
3 1 54.83250000000001 1.0 193
3 1 49.7225 1.0 189
0 0 29.2825 1.0 22
1 1 8.842500000000001 1.0 57
3 0 39.5025 1.0 180
1 1 57.3875 1.0 95
22 0 31.837500000000006 1.0 1124
3 1 44.6125 1.0 185
2 1 39.5025 1.0 131
3 1 34.3925 1.0 177
3 1 19.0625 1.0 165
0 1 39.5025 1.0 31
49712.074 15
7 0 44.6125 1.0 384
3 0 39.5025 1.0 180
2 0 49.7225 1.0 138
1 0 24.1725 1.0 68
3 1 19.0625 1.0 165
3 0 19.0625 1.0 164
1 0 59.94250000000001 1.0 96
1 1 42.057500000000005 1.0 83
9 1 47.167500000000004 1.0 487
5 0 21.617500000000007 1.0 266
23 1 29.2825 1.0 1173
1 0 44.6125 1.0 84
4 0 39.5025 1.0 230
12 0 24.1725 1.0 618
4 1 3.7325000000000017 1.0 203
803870.94 10
1 0 11.3975 1.0 58
0 0 31.837500000000006 1.0 24
3 0 62.4975 1.0 198
2 0 49.7225 1.0 138
1 0 16.507500000000007 1.0 62
4 0 16.507500000000007 1.0 212
2 0 1.177500000000002 1.0 100
2 0 39.5025 1.0 130
2 1 34.3925 1.0 127
4 1 19.0625 1.0 215
1339692.1 8
8 0 24.1725 1.0 418
19 1 59.94250000000001 1.0 997
3 0 49.7225 1.0 188
0 0 42.057500000000005 1.0 32
3 0 57.3875 1.0 194
1 1 29.2825 1.0 73
12 1 8.842500000000001 1.0 607
6 1 49.7225 1.0 339
1326486.1 22
1 1 19.0625 1.0 65
19 0 19.0625 1.0 964
2 0 31.837500000000006 1.0 124
1 1 54.83250000000001 1.0 93
3 1 36.947500000000005 1.0 179
3 1 21.617500000000007 1.0 167
3 1 8.842500000000001 1.0 157
9 0 29.2825 1.0 472
8 0 34.3925 1.0 426
1 0 34.3925 1.0 76
2 1 54.83250000000001 1.0 143
3 0 47.167500000000004 1.0 186
11 1 19.0625 1.0 565
0 1 54.83250000000001 1.0 43
1 0 3.7325000000000017 1.0 52
4 0 47.167500000000004 1.0 236
1 1 62.4975 1.0 99
1 0 26.727500000000006 1.0 70
0 1 59.94250000000001 1.0 47
2 1 49.7225 1.0 139
6 1 26.727500000000006 1.0 321
0 1 13.9525 1.0 11
273441.03 17
2 1 62.4975 1.0 149
3 0 31.837500000000006 1.0 174
4 1 49.7225 1.0 239
0 1 36.947500000000005 1.0 29
1 0 16.507500000000007 1.0 62
3 0 26.727500000000006 1.0 170
4 1 1.177500000000002 1.0 201
2 0 8.842500000000001 1.0 106
0 0 52.2775 1.0 40
3 1 42.057500000000005 1.0 183
0 1 57.3875 1.0 45
16 0 57.3875 1.0 844
4 0 16.507500000000007 1.0 212
3 1 57.3875 1.0 195
2 0 47.167500000000004 1.0 136
0 1 8.842500000000001 1.0 7
2 1 11.3975 1.0 109
1511026.6 20
2 1 19.0625 1.0 115
8 1 42.057500000000005 1.0 433
0 0 3.7325000000000017 1.0 2
2 0 26.727500000000006 1.0 120
1 0 13.9525 1.0 60
0 0 59.94250000000001 1.0 46
15 1 34.3925 1.0 777
2 0 3.7325000000000017 1.0 102
6 0 36.947500000000005 1.0 328
5 0 62.4975 1.0 298
24 0 6.287500000000001 1.0 1204
4 1 29.2825 1.0 223
3 0 3.7325000000000017 1.0 152
4 0 19.0625 1.0 214
24 1 16.507500000000007 1.0 1213
4 1 47.167500000000004 1.0 237
13 1 47.167500000000004 1.0 687
4 0 36.947500000000005 1.0 228
12 1 16.507500000000007 1.0 613
4 1 11.3975 1.0 209
446342.53 6
17 0 36.947500000000005 1.0 878
4 1 34.3925 1.0 227
0 0 44.6125 1.0 34
1 1 36.947500000000005 1.0 79
1 0 13.9525 1.0 60
1 1 44.6125 1.0 85
1339550.1 12
3 0 39.5025 1.0 180
3 0 54.83250000000001 1.0 192
6 0 57.3875 1.0 344
3 1 1.177500000000002 1.0 151
0 1 6.287500000000001 1.0 5
0 0 62.4975 1.0 48
1 1 26.727500000000006 1.0 71
15 0 34.3925 1.0 776
4 0 54.83250000000001 1.0 242
3 1 54.83250000000001 1.0 193
4 1 34.3925 1.0 227
0 1 54.83250000000001 1.0 43
417682.8 17
17 0 59.94250000000001 1.0 896
4 1 6.287500000000001 1.0 205
5 1 24.1725 1.0 269
6 0 52.2775 1.0 340
9 1 16.507500000000007 1.0 463
3 1 36.947500000000005 1.0 179
2 1 59.94250000000001 1.0 147
0 0 49.7225 1.0 38
3 0 1.177500000000002 1.0 150
4 0 57.3875 1.0 244
4 0 42.057500000000005 1.0 232
10 0 6.287500000000001 1.0 504
2 1 52.2775 1.0 141
2 1 44.6125 1.0 135
2 1 6.287500000000001 1.0 105
2 0 6.287500000000001 1.0 104
0 0 47.167500000000004 1.0 36
100219.21 17
1 1 31.837500000000006 1.0 75
4 1 1.177500000000002 1.0 201
6 0 8.842500000000001 1.0 306
5 1 57.3875 1.0 295
2 1 52.2775 1.0 141
12 1 59.94250000000001 1.0 647
5 1 21.617500000000007 1.0 267
24 0 26.727500000000006 1.0 1220
0 0 13.9525 1.0 10
2 1 21.617500000000007 1.0 117
24 0 36.947500000000005 1.0 1228
3 0 52.2775 1.0 190
4 1 54.83250000000001 1.0 243
2 0 1.177500000000002 1.0 100
1 0 1.177500000000002 1.0 50
4 0 54.83250000000001 1.0 242
4 0 24.1725 1.0 218
1471777.0 12
2 0 47.167500000000004 1.0 136
2 1 62.4975 1.0 149
3 1 13.9525 1.0 161
4 1 24.1725 1.0 219
2 1 47.167500000000004 1.0 137
3 1 16.507500000000007 1.0 163
1 1 13.9525 1.0 61
2 1 16.507500000000007 1.0 113
2 0 29.2825 1.0 122
0 0 24.1725 1.0 18
15 0 54.83250000000001 1.0 792
3 0 36.947500000000005 1.0 178
1505277.2 14
3 1 47.167500000000004 1.0 187
2 0 11.3975 1.0 108
2 1 11.3975 1.0 109
4 1 1.177500000000002 1.0 201
4 1 42.057500000000005 1.0 233
4 0 11.3975 1.0 208
1 0 19.0625 1.0 64
4 1 31.837500000000006 1.0 225
0 0 6.287500000000001 1.0 4
1 1 13.9525 1.0 61
3 1 62.4975 1.0 199
0 0 42.057500000000005 1.0 32
13 0 16.507500000000007 1.0 662
3 0 44.6125 1.0 184
110934.99 20
21 1 42.057500000000005 1.0 1083
1 0 42.057500000000005 1.0 82
4 1 24.1725 1.0 219
0 0 24.1725 1.0 18
1 0 16.507500000000007 1.0 62
4 1 16.507500000000007 1.0 213
0 0 13.9525 1.0 10
2 1 44.6125 1.0 135
4 1 26.727500000000006 1.0 221
24 0 34.3925 1.0 1226
4 0 21.617500000000007 1.0 216
3 1 11.3975 1.0 159
3 1 44.6125 1.0 185
22 1 16.507500000000007 1.0 1113
0 0 21.617500000000007 1.0 16
3 1 24.1725 1.0 169
4 0 57.3875 1.0 244
3 0 26.727500000000006 1.0 170
0 1 39.5025 1.0 31
6 0 34.3925 1.0 326
687690.25 10
1 1 47.167500000000004 1.0 87
4 0 42.057500000000005 1.0 232
4 1 54.83250000000001 1.0 243
0 0 3.7325000000000017 1.0 2
2 0 24.1725 1.0 118
8 1 62.4975 1.0 449
2 1 52.2775 1.0 141
0 1 62.4975 1.0 49
10 1 6.287500000000001 1.0 505
1 1 24.1725 1.0 69
626386.94 23
3 0 24.1725 1.0 168
2 0 16.507500000000007 1.0 112
2 1 47.167500000000004 1.0 137
8 1 26.727500000000006 1.0 421
15 1 31.837500000000006 1.0 775
3 0 42.057500000000005 1.0 182
0 1 8.842500000000001 1.0 7
0 0 11.3975 1.0 8
5 0 1.177500000000002 1.0 250
6 0 11.3975 1.0 308
5 1 6.287500000000001 1.0 255
1 0 44.6125 1.0 84
1 1 57.3875 1.0 95
2 0 21.617500000000007 1.0 116
2 1 11.3975 1.0 109
0 0 52.2775 1.0 40
0 0 34.3925 1.0 26
2 0 62.4975 1.0 148
11 1 57.3875 1.0 595
6 1 8.842500000000001 1.0 307
1 1 26.727500000000006 1.0 71
1 0 29.2825 1.0 72
0 0 47.167500000000004 1.0 36
1241703.0 10
2 1 62.4975 1.0 149
0 0 49.7225 1.0 38
4 1 1.177500000000002 1.0 201
20 0 1.177500000000002 1.0 1000
4 0 39.5025 1.0 230
1 0 31.837500000000006 1.0 74
0 0 26.727500000000006 1.0 20
0 0 31.837500000000006 1.0 24
4 1 42.057500000000005 1.0 233
13 1 62.4975 1.0 699
1687443.4 17
3 1 44.6125 1.0 185
1 1 52.2775 1.0 91
0 1 44.6125 1.0 35
4 1 39.5025 1.0 231
0 0 57.3875 1.0 44
0 1 6.287500000000001 1.0 5
9 1 6.287500000000001 1.0 455
4 1 21.617500000000007 1.0 217
1 1 59.94250000000001 1.0 97
1 0 34.3925 1.0 76
1 0 59.94250000000001 1.0 96
0 1 11.3975 1.0 9
3 0 21.617500000000007 1.0 166
0 1 13.9525 1.0 11
0 1 31.837500000000006 1.0 25
3 0 34.3925 1.0 176
7 1 42.057500000000005 1.0 383
1573608.5 21
0 1 62.4975 1.0 49
4 0 34.3925 1.0 226
6 1 34.3925 1.0 327
4 1 1.177500000000002 1.0 201
0 0 44.6125 1.0 34
9 1 26.727500000000006 1.0 471
2 0 31.837500000000006 1.0 124
1 1 29.2825 1.0 73
0 0 26.727500000000006 1.0 20
3 1 6.287500000000001 1.0 155
4 0 57.3875 1.0 244
4 0 16.507500000000007 1.0 212
0 1 26.727500000000006 1.0 21
4 1 62.4975 1.0 249
1 0 47.167500000000004 1.0 86
3 1 24.1725 1.0 169
1 0 3.7325000000000017 1.0 52
0 1 3.7325000000000017 1.0 3
4 0 29.2825 1.0 222
1 1 3.7325000000000017 1.0 53
3 0 8.842500000000001 1.0 156
658294.75 18
2 0 11.3975 1.0 108
1 0 21.617500000000007 1.0 66
3 1 59.94250000000001 1.0 197
22 1 29.2825 1.0 1123
12 0 3.7325000000000017 1.0 602
2 1 24.1725 1.0 119
19 0 29.2825 1.0 972
1 0 47.167500000000004 1.0 86
0 1 21.617500000000007 1.0 17
0 1 44.6125 1.0 35
23 1 47.167500000000004 1.0 1187
4 1 13.9525 1.0 211
1 0 19.0625 1.0 64
4 1 57.3875 1.0 245
0 1 47.167500000000004 1.0 37
4 1 1.177500000000002 1.0 201
0 1 19.0625 1.0 15
4 0 11.3975 1.0 208
53071.082 22
5 1 29.2825 1.0 273
11 1 13.9525 1.0 561
2 0 42.057500000000005 1.0 132
3 1 42.057500000000005 1.0 183
3 0 39.5025 1.0 180
23 0 36.947500000000005 1.0 1178
3 0 44.6125 1.0 184
4 0 34.3925 1.0 226
0 0 24.1725 1.0 18
1 1 16.507500000000007 1.0 63
4 0 21.617500000000007 1.0 216
4 0 57.3875 1.0 244
4 0 39.5025 1.0 230
8 0 6.287500000000001 1.0 404
3 1 39.5025 1.0 181
1 0 57.3875 1.0 94
0 0 19.0625 1.0 14
0 1 57.3875 1.0 45
8 1 3.7325000000000017 1.0 403
16 0 52.2775 1.0 840
3 0 11.3975 1.0 158
0 1 54.83250000000001 1.0 43
1515806.2 6
2 1 36.947500000000005 1.0 129
2 0 57.3875 1.0 144
0 0 3.7325000000000017 1.0 2
2 1 16.507500000000007 1.0 113
1 1 16.507500000000007 1.0 63
1 1 19.0625 1.0 65
362866.8 5
0 0 47.167500000000004 1.0 36
1 1 57.3875 1.0 95
2 0 42.057500000000005 1.0 132
4 1 3.7325000000000017 1.0 203
18 1 16.507500000000007 1.0 913
461875.03 16
6 0 42.057500000000005 1.0 332
18 1 52.2775 1.0 941
3 1 19.0625 1.0 165
0 0 36.947500000000005 1.0 28
4 0 59.94250000000001 1.0 246
3 1 24.1725 1.0 169
3 0 62.4975 1.0 198
23 1 54.83250000000001 1.0 1193
4 0 57.3875 1.0 244
4 1 57.3875 1.0 245
3 0 34.3925 1.0 176
0 1 39.5025 1.0 31
15 1 47.167500000000004 1.0 787
1 0 19.0625 1.0 64
0 0 54.83250000000001 1.0 42
0 0 42.057500000000005 1.0 32
903770.2 16
2 1 29.2825 1.0 123
0 1 54.83250000000001 1.0 43
7 0 62.4975 1.0 398
3 1 57.3875 1.0 195
22 0 59.94250000000001 1.0 1146
2 1 57.3875 1.0 145
4 1 8.842500000000001 1.0 207
4 0 52.2775 1.0 240
4 1 11.3975 1.0 209
24 1 24.1725 1.0 1219
2 0 26.727500000000006 1.0 120
2 1 44.6125 1.0 135
1 0 19.0625 1.0 64
1 1 19.0625 1.0 65
7 0 59.94250000000001 1.0 396
7 1 36.947500000000005 1.0 379
238264.55 21
1 0 49.7225 1.0 88
7 0 16.507500000000007 1.0 362
4 1 11.3975 1.0 209
2 1 24.1725 1.0 119
0 1 24.1725 1.0 19
0 0 49.7225 1.0 38
3 0 3.7325000000000017 1.0 152
3 0 36.947500000000005 1.0 178
2 1 42.057500000000005 1.0 133
1 0 24.1725 1.0 68
3 0 52.2775 1.0 190
4 0 16.507500000000007 1.0 212
2 1 19.0625 1.0 115
10 1 34.3925 1.0 527
2 1 6.287500000000001 1.0 105
22 0 49.7225 1.0 1138
1 0 52.2775 1.0 90
3 1 39.5025 1.0 181
1 1 62.4975 1.0 99
2 1 59.94250000000001 1.0 147
0 1 11.3975 1.0 9
1124406.2 7
1 1 21.617500000000007 1.0 67
4 1 44.6125 1.0 235
4 0 42.057500000000005 1.0 232
4 1 29.2825 1.0 223
0 1 8.842500000000001 1.0 7
0 1 13.9525 1.0 11
0 0 44.6125 1.0 34
1775422.2 20
1 0 49.7225 1.0 88
3 0 44.6125 1.0 184
4 1 21.617500000000007 1.0 217
21 1 19.0625 1.0 1065
7 1 54.83250000000001 1.0 393
1 1 8.842500000000001 1.0 57
4 1 59.94250000000001 1.0 247
10 1 19.0625 1.0 515
0 0 36.947500000000005 1.0 28
4 0 24.1725 1.0 218
8 0 54.83250000000001 1.0 442
0 0 59.94250000000001 1.0 46
3 0 34.3925 1.0 176
9 0 42.057500000000005 1.0 482
6 1 36.947500000000005 1.0 329
7 0 13.9525 1.0 360
4 0 39.5025 1.0 230
2 1 54.83250000000001 1.0 143
3 1 11.3975 1.0 159
4 0 57.3875 1.0 244
490857.66 9
2 1 21.617500000000007 1.0 117
0 1 8.842500000000001 1.0 7
5 1 62.4975 1.0 299
1 1 1.177500000000002 1.0 51
3 0 19.0625 1.0 164
1 0 52.2775 1.0 90
0 0 34.3925 1.0 26
2 1 47.167500000000004 1.0 137
5 0 13.9525 1.0 260
1555494.8 7
1 0 49.7225 1.0 88
0 1 1.177500000000002 1.0 1
4 1 16.507500000000007 1.0 213
3 0 44.6125 1.0 184
15 0 1.177500000000002 1.0 750
4 1 13.9525 1.0 211
2 1 47.167500000000004 1.0 137
339937.56 12
1 0 59.94250000000001 1.0 96
24 1 54.83250000000001 1.0 1243
3 1 36.947500000000005 1.0 179
8 1 34.3925 1.0 427
0 0 44.6125 1.0 34
4 0 21.617500000000007 1.0 216
4 0 6.287500000000001 1.0 204
14 1 39.5025 1.0 731
2 0 42.057500000000005 1.0 132
2 0 31.837500000000006 1.0 124
9 1 24.1725 1.0 469
6 0 1.177500000000002 1.0 300
1952389.1 24
0 0 54.83250000000001 1.0 42
2 1 39.5025 1.0 131
0 1 1.177500000000002 1.0 1
4 1 24.1725 1.0 219
1 1 3.7325000000000017 1.0 53
19 1 11.3975 1.0 959
1 1 16.507500000000007 1.0 63
14 0 16.507500000000007 1.0 712
13 1 31.837500000000006 1.0 675
0 0 42.057500000000005 1.0 32
1 0 26.727500000000006 1.0 70
1 1 21.617500000000007 1.0 67
3 1 24.1725 1.0 169
1 0 52.2775 1.0 90
8 1 29.2825 1.0 423
7 0 31.837500000000006 1.0 374
2 1 36.947500000000005 1.0 129
6 1 6.287500000000001 1.0 305
3 1 11.3975 1.0 159
1 0 47.167500000000004 1.0 86
4 0 26.727500000000006 1.0 220
3 1 42.057500000000005 1.0 183
3 0 29.2825 1.0 172
6 0 21.617500000000007 1.0 316
1007944.1 19
0 0 47.167500000000004 1.0 36
2 0 34.3925 1.0 126
2 1 54.83250000000001 1.0 143
4 1 8.842500000000001 1.0 207
2 1 29.2825 1.0 123
2 0 13.9525 1.0 110
4 1 1.177500000000002 1.0 201
3 0 39.5025 1.0 180
0 0 1.177500000000002 1.0 0
3 0 16.507500000000007 1.0 162
4 0 31.837500000000006 1.0 224
0 1 34.3925 1.0 27
3 0 3.7325000000000017 1.0 152
10 1 62.4975 1.0 549
4 0 29.2825 1.0 222
1 1 1.177500000000002 1.0 51
0 1 54.83250000000001 1.0 43
4 1 26.727500000000006 1.0 221
2 0 11.3975 1.0 108
1387710.6 7
0 0 52.2775 1.0 40
23 1 26.727500000000006 1.0 1171
4 1 49.7225 1.0 239
2 0 57.3875 1.0 144
8 1 47.167500000000004 1.0 437
0 0 59.94250000000001 1.0 46
23 1 47.167500000000004 1.0 1187
845542.3 17
0 0 42.057500000000005 1.0 32
1 1 6.287500000000001 1.0 55
3 1 21.617500000000007 1.0 167
22 0 59.94250000000001 1.0 1146
1 1 54.83250000000001 1.0 93
1 1 59.94250000000001 1.0 97
4 0 52.2775 1.0 240
3 1 1.177500000000002 1.0 151
2 1 57.3875 1.0 145
3 1 16.507500000000007 1.0 163
1 0 24.1725 1.0 68
18 0 42.057500000000005 1.0 932
2 0 42.057500000000005 1.0 132
1 1 3.7325000000000017 1.0 53
7 0 6.287500000000001 1.0 354
4 0 47.167500000000004 1.0 236
2 1 19.0625 1.0 115
382052.53 15
4 0 59.94250000000001 1.0 246
3 0 42.057500000000005 1.0 182
19 1 54.83250000000001 1.0 993
1 1 8.842500000000001 1.0 57
2 0 34.3925 1.0 126
1 0 26.727500000000006 1.0 70
9 1 36.947500000000005 1.0 479
8 1 3.7325000000000017 1.0 403
3 1 11.3975 1.0 159
4 0 6.287500000000001 1.0 204
2 0 57.3875 1.0 144
1 1 11.3975 1.0 59
3 1 13.9525 1.0 161
3 0 36.947500000000005 1.0 178
0 1 47.167500000000004 1.0 37
1915248.2 7
2 0 52.2775 1.0 140
2 1 39.5025 1.0 131
4 0 47.167500000000004 1.0 236
3 1 39.5025 1.0 181
1 1 8.842500000000001 1.0 57
1 0 6.287500000000001 1.0 54
3 1 42.057500000000005 1.0 183
229639.36 10
10 0 26.727500000000006 1.0 520
2 1 34.3925 1.0 127
21 1 34.3925 1.0 1077
9 1 24.1725 1.0 469
2 1 42.057500000000005 1.0 133
9 1 16.507500000000007 1.0 463
12 0 8.842500000000001 1.0 606
0 1 44.6125 1.0 35
4 1 1.177500000000002 1.0 201
3 1 26.727500000000006 1.0 171
692997.75 8
4 1 8.842500000000001 1.0 207
3 0 13.9525 1.0 160
6 0 52.2775 1.0 340
1 1 49.7225 1.0 89
4 1 24.1725 1.0 219
3 1 57.3875 1.0 195
0 0 49.7225 1.0 38
2 1 36.947500000000005 1.0 129
251410.97 14
3 1 47.167500000000004 1.0 187
4 0 36.947500000000005 1.0 228
6 1 57.3875 1.0 345
19 0 49.7225 1.0 988
4 1 49.7225 1.0 239
0 0 6.287500000000001 1.0 4
0 1 62.4975 1.0 49
0 1 1.177500000000002 1.0 1
4 1 26.727500000000006 1.0 221
0 0 57.3875 1.0 44
3 0 36.947500000000005 1.0 178
8 1 11.3975 1.0 409
2 0 44.6125 1.0 134
4 1 36.947500000000005 1.0 229
1564047.6 21
0 0 13.9525 1.0 10
3 1 44.6125 1.0 185
22 1 13.9525 1.0 1111
0 0 3.7325000000000017 1.0 2
4 0 3.7325000000000017 1.0 202
8 0 54.83250000000001 1.0 442
4 0 29.2825 1.0 222
21 1 47.167500000000004 1.0 1087
4 1 52.2775 1.0 241
0 0 34.3925 1.0 26
0 0 39.5025 1.0 30
4 0 59.94250000000001 1.0 246
1 1 57.3875 1.0 95
3 1 6.287500000000001 1.0 155
3 1 31.837500000000006 1.0 175
0 1 6.287500000000001 1.0 5
3 0 39.5025 1.0 180
0 0 62.4975 1.0 48
2 0 24.1725 1.0 118
2 0 3.7325000000000017 1.0 102
1 1 31.837500000000006 1.0 75
1488020.1 19
4 0 24.1725 1.0 218
0 0 16.507500000000007 1.0 12
3 0 19.0625 1.0 164
2 1 44.6125 1.0 135
0 1 24.1725 1.0 19
1 0 26.727500000000006 1.0 70
4 1 31.837500000000006 1.0 225
3 1 42.057500000000005 1.0 183
0 0 57.3875 1.0 44
4 0 26.727500000000006 1.0 220
1 1 26.727500000000006 1.0 71
4 0 47.167500000000004 1.0 236
2 1 62.4975 1.0 149
12 1 16.507500000000007 1.0 613
4 0 21.617500000000007 1.0 216
3 0 31.837500000000006 1.0 174
2 1 26.727500000000006 1.0 121
4 0 52.2775 1.0 240
0 0 6.287500000000001 1.0 4
513762.16 20
3 1 8.842500000000001 1.0 157
1 1 3.7325000000000017 1.0 53
9 0 21.617500000000007 1.0 466
3 1 16.507500000000007 1.0 163
0 1 62.4975 1.0 49
18 0 8.842500000000001 1.0 906
2 0 11.3975 1.0 108
3 1 6.287500000000001 1.0 155
9 0 36.947500000000005 1.0 478
21 0 49.7225 1.0 1088
2 0 31.837500000000006 1.0 124
4 0 11.3975 1.0 208
1 0 8.842500000000001 1.0 56
3 0 54.83250000000001 1.0 192
3 0 24.1725 1.0 168
0 1 57.3875 1.0 45
4 1 16.507500000000007 1.0 213
2 0 59.94250000000001 1.0 146
3 0 36.947500000000005 1.0 178
3 0 26.727500000000006 1.0 170
654102.06 15
4 0 62.4975 1.0 248
14 1 13.9525 1.0 711
2 1 1.177500000000002 1.0 101
7 1 39.5025 1.0 381
2 0 26.727500000000006 1.0 120
3 1 13.9525 1.0 161
0 0 31.837500000000006 1.0 24
1 1 36.947500000000005 1.0 79
2 1 54.83250000000001 1.0 143
0 1 34.3925 1.0 27
1 1 47.167500000000004 1.0 87
0 1 39.5025 1.0 31
19 0 59.94250000000001 1.0 996
1 0 3.7325000000000017 1.0 52
8 1 24.1725 1.0 419
299408.4 23
1 1 42.057500000000005 1.0 83
0 0 62.4975 1.0 48
5 1 21.617500000000007 1.0 267
1 1 21.617500000000007 1.0 67
1 0 3.7325000000000017 1.0 52
4 1 1.177500000000002 1.0 201
0 1 19.0625 1.0 15
4 1 16.507500000000007 1.0 213
2 1 57.3875 1.0 145
13 0 11.3975 1.0 658
1 0 34.3925 1.0 76
5 1 52.2775 1.0 291
4 0 59.94250000000001 1.0 246
12 1 24.1725 1.0 619
3 0 36.947500000000005 1.0 178
2 1 19.0625 1.0 115
0 1 54.83250000000001 1.0 43
2 1 3.7325000000000017 1.0 103
1 1 31.837500000000006 1.0 75
7 1 52.2775 1.0 391
8 1 21.617500000000007 1.0 417
4 1 29.2825 1.0 223
3 1 11.3975 1.0 159
1136122.0 13
2 0 39.5025 1.0 130
3 0 8.842500000000001 1.0 156
3 1 52.2775 1.0 191
3 1 3.7325000000000017 1.0 153
0 0 3.7325000000000017 1.0 2
3 0 59.94250000000001 1.0 196
0 1 24.1725 1.0 19
0 1 26.727500000000006 1.0 21
0 1 11.3975 1.0 9
1 1 1.177500000000002 1.0 51
2 0 47.167500000000004 1.0 136
1 1 11.3975 1.0 59
4 1 44.6125 1.0 235
1585285.5 9
3 0 16.507500000000007 1.0 162
4 0 54.83250000000001 1.0 242
2 1 49.7225 1.0 139
2 0 39.5025 1.0 130
17 0 19.0625 1.0 864
1 1 26.727500000000006 1.0 71
2 1 44.6125 1.0 135
7 1 26.727500000000006 1.0 371
18 0 34.3925 1.0 926
1457263.9 21
3 1 21.617500000000007 1.0 167
3 1 29.2825 1.0 173
6 1 57.3875 1.0 345
0 0 57.3875 1.0 44
2 1 31.837500000000006 1.0 125
10 0 42.057500000000005 1.0 532
0 0 13.9525 1.0 10
0 0 26.727500000000006 1.0 20
6 0 6.287500000000001 1.0 304
4 1 8.842500000000001 1.0 207
16 1 47.167500000000004 1.0 837
4 1 62.4975 1.0 249
2 0 8.842500000000001 1.0 106
2 0 29.2825 1.0 122
4 0 19.0625 1.0 214
4 1 59.94250000000001 1.0 247
3 1 8.842500000000001 1.0 157
2 1 57.3875 1.0 145
8 1 34.3925 1.0 427
0 1 34.3925 1.0 27
5 1 26.727500000000006 1.0 271
1125842.9 5
3 1 31.837500000000006 1.0 175
8 0 11.3975 1.0 408
0 1 1.177500000000002 1.0 1
3 1 6.287500000000001 1.0 155
3 0 59.94250000000001 1.0 196
337174.34 7
1 1 21.617500000000007 1.0 67
21 0 62.4975 1.0 1098
5 0 44.6125 1.0 284
2 0 3.7325000000000017 1.0 102
0 1 26.727500000000006 1.0 21
1 0 47.167500000000004 1.0 86
5 1 34.3925 1.0 277
1447834.1 10
8 1 57.3875 1.0 445
3 1 19.0625 1.0 165
1 1 62.4975 1.0 99
22 1 26.727500000000006 1.0 1121
14 0 24.1725 1.0 718
5 1 1.177500000000002 1.0 251
2 1 26.727500000000006 1.0 121
1 0 39.5025 1.0 80
0 0 59.94250000000001 1.0 46
0 1 34.3925 1.0 27
366724.53 8
1 0 29.2825 1.0 72
1 0 11.3975 1.0 58
3 1 31.837500000000006 1.0 175
4 0 47.167500000000004 1.0 236
4 0 3.7325000000000017 1.0 202
3 1 42.057500000000005 1.0 183
2 1 11.3975 1.0 109
3 1 11.3975 1.0 159
211358.19 18
2 1 54.83250000000001 1.0 143
1 1 26.727500000000006 1.0 71
1 0 3.7325000000000017 1.0 52
0 0 3.7325000000000017 1.0 2
2 1 29.2825 1.0 123
3 1 16.507500000000007 1.0 163
1 0 19.0625 1.0 64
2 0 42.057500000000005 1.0 132
1 0 31.837500000000006 1.0 74
1 1 54.83250000000001 1.0 93
1 0 39.5025 1.0 80
13 0 13.9525 1.0 660
1 1 47.167500000000004 1.0 87
2 1 11.3975 1.0 109
3 1 6.287500000000001 1.0 155
0 1 47.167500000000004 1.0 37
4 1 42.057500000000005 1.0 233
4 1 24.1725 1.0 219
1451997.8 12
0 1 11.3975 1.0 9
7 1 3.7325000000000017 1.0 353
1 0 42.057500000000005 1.0 82
4 0 44.6125 1.0 234
2 0 42.057500000000005 1.0 132
2 0 21.617500000000007 1.0 116
4 0 13.9525 1.0 210
3 1 42.057500000000005 1.0 183
2 0 36.947500000000005 1.0 128
21 1 54.83250000000001 1.0 1093
3 1 21.617500000000007 1.0 167
5 0 6.287500000000001 1.0 254
1446896.6 22
3 1 44.6125 1.0 185
0 0 26.727500000000006 1.0 20
0 0 1.177500000000002 1.0 0
3 1 21.617500000000007 1.0 167
2 1 3.7325000000000017 1.0 103
0 0 47.167500000000004 1.0 36
1 0 26.727500000000006 1.0 70
2 1 34.3925 1.0 127
4 0 36.947500000000005 1.0 228
2 1 57.3875 1.0 145
4 1 62.4975 1.0 249
1 1 52.2775 1.0 91
0 0 3.7325000000000017 1.0 2
1 1 49.7225 1.0 89
1 1 36.947500000000005 1.0 79
1 0 39.5025 1.0 80
6 0 6.287500000000001 1.0 304
0 0 57.3875 1.0 44
2 1 6.287500000000001 1.0 105
5 1 26.727500000000006 1.0 271
2 0 19.0625 1.0 114
4 0 24.1725 1.0 218
1433071.1 7
4 0 11.3975 1.0 208
0 0 29.2825 1.0 22
3 0 11.3975 1.0 158
0 1 62.4975 1.0 49
1 1 6.287500000000001 1.0 55
3 1 31.837500000000006 1.0 175
0 0 31.837500000000006 1.0 24
1651333.6 16
2 1 19.0625 1.0 115
1 1 62.4975 1.0 99
2 0 26.727500000000006 1.0 120
2 0 54.83250000000001 1.0 142
0 1 57.3875 1.0 45
1 1 44.6125 1.0 85
2 0 6.287500000000001 1.0 104
2 0 16.507500000000007 1.0 112
2 0 49.7225 1.0 138
4 0 42.057500000000005 1.0 232
1 1 31.837500000000006 1.0 75
3 0 26.727500000000006 1.0 170
9 0 24.1725 1.0 468
22 0 52.2775 1.0 1140
3 0 6.287500000000001 1.0 154
9 0 8.842500000000001 1.0 456
938332.94 8
1 0 39.5025 1.0 80
4 0 39.5025 1.0 230
2 1 1.177500000000002 1.0 101
19 0 31.837500000000006 1.0 974
1 0 34.3925 1.0 76
5 1 11.3975 1.0 259
9 1 47.167500000000004 1.0 487
4 1 3.7325000000000017 1.0 203
1176157.1 9
11 1 52.2775 1.0 591
3 1 13.9525 1.0 161
2 1 57.3875 1.0 145
4 0 47.167500000000004 1.0 236
4 1 31.837500000000006 1.0 225
22 0 26.727500000000006 1.0 1120
4 0 19.0625 1.0 214
0 1 11.3975 1.0 9
13 0 39.5025 1.0 680
1145458.8 15
0 0 57.3875 1.0 44
2 1 26.727500000000006 1.0 121
3 0 1.177500000000002 1.0 150
4 0 11.3975 1.0 208
8 1 24.1725 1.0 419
1 1 36.947500000000005 1.0 79
0 0 24.1725 1.0 18
3 1 21.617500000000007 1.0 167
20 1 36.947500000000005 1.0 1029
3 1 34.3925 1.0 177
1 1 49.7225 1.0 89
0 0 19.0625 1.0 14
0 0 47.167500000000004 1.0 36
1 1 62.4975 1.0 99
0 1 49.7225 1.0 39
657536.2 11
2 1 57.3875 1.0 145
4 0 3.7325000000000017 1.0 202
4 1 42.057500000000005 1.0 233
7 0 42.057500000000005 1.0 382
2 1 26.727500000000006 1.0 121
8 0 39.5025 1.0 430
4 0 49.7225 1.0 238
4 0 24.1725 1.0 218
1 1 31.837500000000006 1.0 75
0 1 44.6125 1.0 35
3 1 42.057500000000005 1.0 183
409753.2 12
0 0 62.4975 1.0 48
4 1 39.5025 1.0 231
1 1 8.842500000000001 1.0 57
0 0 54.83250000000001 1.0 42
6 0 47.167500000000004 1.0 336
17 0 57.3875 1.0 894
2 0 47.167500000000004 1.0 136
4 1 6.287500000000001 1.0 205
3 1 16.507500000000007 1.0 163
2 0 24.1725 1.0 118
2 1 36.947500000000005 1.0 129
2 0 11.3975 1.0 108
1993469.4 17
13 0 24.1725 1.0 668
1 1 24.1725 1.0 69
2 1 8.842500000000001 1.0 107
2 0 1.177500000000002 1.0 100
1 0 54.83250000000001 1.0 92
23 0 24.1725 1.0 1168
1 1 3.7325000000000017 1.0 53
2 1 59.94250000000001 1.0 147
14 0 3.7325000000000017 1.0 702
3 0 54.83250000000001 1.0 192
2 1 52.2775 1.0 141
11 0 49.7225 1.0 588
2 1 26.727500000000006 1.0 121
6 0 21.617500000000007 1.0 316
0 0 21.617500000000007 1.0 16
20 0 13.9525 1.0 1010
0 0 52.2775 1.0 40
1190182.4 24
3 1 16.507500000000007 1.0 163
2 0 3.7325000000000017 1.0 102
1 1 26.727500000000006 1.0 71
24 0 34.3925 1.0 1226
1 0 47.167500000000004 1.0 86
1 0 1.177500000000002 1.0 50
3 0 54.83250000000001 1.0 192
1 1 49.7225 1.0 89
1 0 36.947500000000005 1.0 78
7 1 49.7225 1.0 389
0 1 16.507500000000007 1.0 13
3 1 59.94250000000001 1.0 197
1 1 11.3975 1.0 59
19 0 36.947500000000005 1.0 978
4 0 24.1725 1.0 218
1 0 26.727500000000006 1.0 70
6 0 11.3975 1.0 308
1 1 16.507500000000007 1.0 63
1 0 21.617500000000007 1.0 66
4 1 52.2775 1.0 241
4 0 6.287500000000001 1.0 204
22 1 49.7225 1.0 1139
7 0 62.4975 1.0 398
4 0 42.057500000000005 1.0 232
1006072.4 21
3 0 21.617500000000007 1.0 166
4 1 62.4975 1.0 249
0 1 19.0625 1.0 15
3 1 62.4975 1.0 199
1 0 54.83250000000001 1.0 92
2 0 13.9525 1.0 110
0 1 26.727500000000006 1.0 21
1 1 54.83250000000001 1.0 93
21 1 42.057500000000005 1.0 1083
3 1 31.837500000000006 1.0 175
17 1 49.7225 1.0 889
16 0 8.842500000000001 1.0 806
1 1 34.3925 1.0 77
2 0 59.94250000000001 1.0 146
2 1 26.727500000000006 1.0 121
4 1 3.7325000000000017 1.0 203
0 0 47.167500000000004 1.0 36
3 0 24.1725 1.0 168
1 0 39.5025 1.0 80
24 1 13.9525 1.0 1211
2 1 13.9525 1.0 111
1110810.4 6
5 1 44.6125 1.0 285
0 1 6.287500000000001 1.0 5
2 1 11.3975 1.0 109
7 0 31.837500000000006 1.0 374
2 0 3.7325000000000017 1.0 102
1 0 42.057500000000005 1.0 82
523308.34 8
4 0 47.167500000000004 1.0 236
3 1 47.167500000000004 1.0 187
2 1 11.3975 1.0 109
8 1 36.947500000000005 1.0 429
18 0 16.507500000000007 1.0 912
0 0 6.287500000000001 1.0 4
4 1 54.83250000000001 1.0 243
1 1 52.2775 1.0 91
1894541.9 12
4 1 62.4975 1.0 249
2 0 36.947500000000005 1.0 128
7 1 57.3875 1.0 395
19 1 49.7225 1.0 989
3 1 24.1725 1.0 169
11 1 19.0625 1.0 565
24 0 47.167500000000004 1.0 1236
14 1 34.3925 1.0 727
1 0 49.7225 1.0 88
2 1 24.1725 1.0 119
4 1 49.7225 1.0 239
0 1 39.5025 1.0 31
1864827.9 18
4 0 3.7325000000000017 1.0 202
9 0 39.5025 1.0 480
6 1 47.167500000000004 1.0 337
0 0 21.617500000000007 1.0 16
0 1 42.057500000000005 1.0 33
2 0 19.0625 1.0 114
4 1 57.3875 1.0 245
0 0 52.2775 1.0 40
2 0 57.3875 1.0 144
4 0 54.83250000000001 1.0 242
1 0 26.727500000000006 1.0 70
3 1 11.3975 1.0 159
0 0 8.842500000000001 1.0 6
4 0 59.94250000000001 1.0 246
0 1 19.0625 1.0 15
3 1 36.947500000000005 1.0 179
19 1 39.5025 1.0 981
2 0 26.727500000000006 1.0 120
247382.56 22
1 0 6.287500000000001 1.0 54
23 1 54.83250000000001 1.0 1193
0 0 54.83250000000001 1.0 42
0 0 26.727500000000006 1.0 20
0 1 39.5025 1.0 31
22 0 57.3875 1.0 1144
1 1 39.5025 1.0 81
7 0 3.7325000000000017 1.0 352
4 0 39.5025 1.0 230
1 0 26.727500000000006 1.0 70
7 0 39.5025 1.0 380
3 1 44.6125 1.0 185
3 1 1.177500000000002 1.0 151
6 1 8.842500000000001 1.0 307
1 0 13.9525 1.0 60
2 0 44.6125 1.0 134
0 0 59.94250000000001 1.0 46
3 0 3.7325000000000017 1.0 152
1 1 57.3875 1.0 95
2 0 52.2775 1.0 140
4 1 52.2775 1.0 241
1 1 52.2775 1.0 91
1580408.9 11
3 1 57.3875 1.0 195
2 0 11.3975 1.0 108
3 0 39.5025 1.0 180
3 0 21.617500000000007 1.0 166
3 1 19.0625 1.0 165
0 1 1.177500000000002 1.0 1
1 0 59.94250000000001 1.0 96
1 1 62.4975 1.0 99
3 0 62.4975 1.0 198
2 1 6.287500000000001 1.0 105
4 1 47.167500000000004 1.0 237
1861936.9 5
2 1 1.177500000000002 1.0 101
3 1 54.83250000000001 1.0 193
7 0 13.9525 1.0 360
9 0 3.7325000000000017 1.0 452
4 0 1.177500000000002 1.0 200
1344917.2 7
5 0 57.3875 1.0 294
0 1 24.1725 1.0 19
1 1 49.7225 1.0 89
4 0 52.2775 1.0 240
3 1 49.7225 1.0 189
3 1 13.9525 1.0 161
2 1 31.837500000000006 1.0 125
1845734.0 18
1 1 3.7325000000000017 1.0 53
0 0 62.4975 1.0 48
23 0 16.507500000000007 1.0 1162
2 1 39.5025 1.0 131
3 1 31.837500000000006 1.0 175
2 0 6.287500000000001 1.0 104
9 0 44.6125 1.0 484
3 0 6.287500000000001 1.0 154
2 0 59.94250000000001 1.0 146
2 0 21.617500000000007 1.0 116
1 1 59.94250000000001 1.0 97
0 1 47.167500000000004 1.0 37
0 0 8.842500000000001 1.0 6
1 1 1.177500000000002 1.0 51
2 1 42.057500000000005 1.0 133
4 1 3.7325000000000017 1.0 203
1 0 57.3875 1.0 94
3 1 42.057500000000005 1.0 183
1815255.6 8
1 0 29.2825 1.0 72
0 1 39.5025 1.0 31
23 0 42.057500000000005 1.0 1182
12 1 1.177500000000002 1.0 601
3 1 42.057500000000005 1.0 183
9 1 13.9525 1.0 461
2 1 8.842500000000001 1.0 107
4 1 13.9525 1.0 211
398573.3 21
0 1 47.167500000000004 1.0 37
3 0 1.177500000000002 1.0 150
1 0 42.057500000000005 1.0 82
1 0 36.947500000000005 1.0 78
6 0 16.507500000000007 1.0 312
11 1 52.2775 1.0 591
13 1 59.94250000000001 1.0 697
3 0 26.727500000000006 1.0 170
1 1 29.2825 1.0 73
15 0 42.057500000000005 1.0 782
3 1 26.727500000000006 1.0 171
19 1 39.5025 1.0 981
1 0 11.3975 1.0 58
1 0 3.7325000000000017 1.0 52
1 0 6.287500000000001 1.0 54
2 0 13.9525 1.0 110
3 0 59.94250000000001 1.0 196
3 0 19.0625 1.0 164
3 0 44.6125 1.0 184
4 1 16.507500000000007 1.0 213
0 1 1.177500000000002 1.0 1
780047.3 20
2 1 21.617500000000007 1.0 117
3 1 8.842500000000001 1.0 157
1 0 29.2825 1.0 72
11 1 39.5025 1.0 581
5 0 49.7225 1.0 288
0 0 31.837500000000006 1.0 24
3 0 39.5025 1.0 180
0 1 21.617500000000007 1.0 17
0 0 19.0625 1.0 14
4 1 19.0625 1.0 215
1 0 49.7225 1.0 88
2 1 16.507500000000007 1.0 113
3 0 59.94250000000001 1.0 196
3 0 6.287500000000001 1.0 154
4 1 34.3925 1.0 227
1 1 59.94250000000001 1.0 97
0 0 24.1725 1.0 18
2 1 13.9525 1.0 111
0 1 39.5025 1.0 31
3 0 3.7325000000000017 1.0 152
437217.7 23
20 1 13.9525 1.0 1011
0 1 59.94250000000001 1.0 47
4 1 39.5025 1.0 231
1 0 42.057500000000005 1.0 82
0 0 8.842500000000001 1.0 6
4 0 34.3925 1.0 226
17 1 11.3975 1.0 859
0 1 1.177500000000002 1.0 1
8 1 31.837500000000006 1.0 425
0 0 49.7225 1.0 38
1 0 29.2825 1.0 72
3 0 26.727500000000006 1.0 170
2 1 29.2825 1.0 123
0 1 42.057500000000005 1.0 33
3 0 6.287500000000001 1.0 154
2 1 11.3975 1.0 109
1 1 62.4975 1.0 99
9 1 29.2825 1.0 473
4 1 62.4975 1.0 249
4 1 34.3925 1.0 227
0 0 36.947500000000005 1.0 28
9 0 62.4975 1.0 498
3 1 36.947500000000005 1.0 179
1487458.8 7
0 0 59.94250000000001 1.0 46
2 1 36.947500000000005 1.0 129
0 1 3.7325000000000017 1.0 3
5 0 8.842500000000001 1.0 256
1 1 54.83250000000001 1.0 93
8 1 11.3975 1.0 409
2 1 44.6125 1.0 135
1399588.6 24
4 0 1.177500000000002 1.0 200
1 0 6.287500000000001 1.0 54
3 0 24.1725 1.0 168
0 1 57.3875 1.0 45
0 0 44.6125 1.0 34
0 0 47.167500000000004 1.0 36
3 0 47.167500000000004 1.0 186
2 1 19.0625 1.0 115
3 0 62.4975 1.0 198
6 0 6.287500000000001 1.0 304
1 1 29.2825 1.0 73
8 1 6.287500000000001 1.0 405
2 0 13.9525 1.0 110
9 0 24.1725 1.0 468
4 0 21.617500000000007 1.0 216
2 0 31.837500000000006 1.0 124
6 1 52.2775 1.0 341
3 0 39.5025 1.0 180
5 0 47.167500000000004 1.0 286
9 1 49.7225 1.0 489
4 0 11.3975 1.0 208
4 0 54.83250000000001 1.0 242
14 0 1.177500000000002 1.0 700
1 1 21.617500000000007 1.0 67
954360.75 14
1 0 24.1725 1.0 68
2 0 44.6125 1.0 134
3 1 13.9525 1.0 161
4 0 39.5025 1.0 230
19 1 31.837500000000006 1.0 975
15 0 36.947500000000005 1.0 778
2 1 6.287500000000001 1.0 105
6 0 52.2775 1.0 340
3 1 49.7225 1.0 189
1 0 8.842500000000001 1.0 56
8 0 26.727500000000006 1.0 420
3 1 34.3925 1.0 177
3 1 42.057500000000005 1.0 183
1 0 3.7325000000000017 1.0 52
1218247.6 17
1 1 36.947500000000005 1.0 79
3 0 62.4975 1.0 198
11 0 3.7325000000000017 1.0 552
4 0 31.837500000000006 1.0 224
1 1 13.9525 1.0 61
2 1 3.7325000000000017 1.0 103
1 0 8.842500000000001 1.0 56
1 1 42.057500000000005 1.0 83
2 0 62.4975 1.0 148
0 0 42.057500000000005 1.0 32
21 0 6.287500000000001 1.0 1054
3 1 21.617500000000007 1.0 167
9 0 62.4975 1.0 498
21 1 13.9525 1.0 1061
3 1 42.057500000000005 1.0 183
2 1 1.177500000000002 1.0 101
4 0 47.167500000000004 1.0 236
1772362.0 14
1 0 59.94250000000001 1.0 96
1 0 19.0625 1.0 64
4 0 19.0625 1.0 214
2 1 8.842500000000001 1.0 107
2 0 6.287500000000001 1.0 104
3 1 36.947500000000005 1.0 179
3 0 36.947500000000005 1.0 178
0 1 44.6125 1.0 35
4 1 54.83250000000001 1.0 243
1 0 21.617500000000007 1.0 66
11 0 34.3925 1.0 576
3 0 42.057500000000005 1.0 182
1 1 39.5025 1.0 81
20 0 1.177500000000002 1.0 1000
976866.7 5
3 1 6.287500000000001 1.0 155
4 0 59.94250000000001 1.0 246
0 1 11.3975 1.0 9
4 1 21.617500000000007 1.0 217
2 0 57.3875 1.0 144
1294221.0 17
1 1 62.4975 1.0 99
1 0 3.7325000000000017 1.0 52
0 0 3.7325000000000017 1.0 2
4 0 24.1725 1.0 218
2 1 19.0625 1.0 115
0 1 11.3975 1.0 9
3 0 8.842500000000001 1.0 156
0 0 11.3975 1.0 8
1 0 16.507500000000007 1.0 62
3 1 16.507500000000007 1.0 163
4 0 57.3875 1.0 244
5 0 19.0625 1.0 264
4 1 49.7225 1.0 239
2 1 57.3875 1.0 145
2 1 39.5025 1.0 131
6 1 8.842500000000001 1.0 307
4 1 26.727500000000006 1.0 221
919011.2 23
4 0 36.947500000000005 1.0 228
1 1 29.2825 1.0 73
0 1 52.2775 1.0 41
2 1 21.617500000000007 1.0 117
4 0 47.167500000000004 1.0 236
16 1 57.3875 1.0 845
3 1 19.0625 1.0 165
3 1 11.3975 1.0 159
1 0 52.2775 1.0 90
4 0 11.3975 1.0 208
8 1 54.83250000000001 1.0 443
1 0 1.177500000000002 1.0 50
8 1 34.3925 1.0 427
1 0 16.507500000000007 1.0 62
5 1 1.177500000000002 1.0 251
2 0 24.1725 1.0 118
3 0 34.3925 1.0 176
2 0 13.9525 1.0 110
3 1 42.057500000000005 1.0 183
0 1 6.287500000000001 1.0 5
20 0 47.167500000000004 1.0 1036
2 0 26.727500000000006 1.0 120
0 0 47.167500000000004 1.0 36
1327687.5 15
4 1 44.6125 1.0 235
4 1 3.7325000000000017 1.0 203
3 1 49.7225 1.0 189
4 0 6.287500000000001 1.0 204
19 1 42.057500000000005 1.0 983
1 0 29.2825 1.0 72
4 0 54.83250000000001 1.0 242
12 1 59.94250000000001 1.0 647
1 0 31.837500000000006 1.0 74
0 1 19.0625 1.0 15
4 1 8.842500000000001 1.0 207
2 0 16.507500000000007 1.0 112
1 1 13.9525 1.0 61
0 1 49.7225 1.0 39
2 0 26.727500000000006 1.0 120
1883166.8 23
1 1 1.177500000000002 1.0 51
1 0 6.287500000000001 1.0 54
4 1 44.6125 1.0 235
0 0 44.6125 1.0 34
2 0 39.5025 1.0 130
4 1 59.94250000000001 1.0 247
3 0 44.6125 1.0 184
3 1 42.057500000000005 1.0 183
4 0 47.167500000000004 1.0 236
10 1 6.287500000000001 1.0 505
3 0 6.287500000000001 1.0 154
2 1 62.4975 1.0 149
18 1 42.057500000000005 1.0 933
0 0 54.83250000000001 1.0 42
2 0 59.94250000000001 1.0 146
3 1 21.617500000000007 1.0 167
1 1 57.3875 1.0 95
6 0 24.1725 1.0 318
1 1 59.94250000000001 1.0 97
3 1 54.83250000000001 1.0 193
3 0 8.842500000000001 1.0 156
19 0 39.5025 1.0 980
4 1 3.7325000000000017 1.0 203
220667.48 8
1 1 1.177500000000002 1.0 51
4 0 26.727500000000006 1.0 220
1 0 54.83250000000001 1.0 92
0 0 36.947500000000005 1.0 28
9 0 16.507500000000007 1.0 462
17 0 47.167500000000004 1.0 886
0 0 21.617500000000007 1.0 16
4 1 8.842500000000001 1.0 207
1144391.4 9
0 0 42.057500000000005 1.0 32
2 0 59.94250000000001 1.0 146
3 1 52.2775 1.0 191
1 0 11.3975 1.0 58
18 0 31.837500000000006 1.0 924
2 1 54.83250000000001 1.0 143
2 0 24.1725 1.0 118
0 0 57.3875 1.0 44
4 1 57.3875 1.0 245
1739602.0 8
2 1 24.1725 1.0 119
24 0 54.83250000000001 1.0 1242
0 0 49.7225 1.0 38
1 1 49.7225 1.0 89
5 1 42.057500000000005 1.0 283
1 0 1.177500000000002 1.0 50
1 1 54.83250000000001 1.0 93
1 1 19.0625 1.0 65
325141.1 6
3 1 29.2825 1.0 173
9 1 21.617500000000007 1.0 467
1 1 42.057500000000005 1.0 83
4 1 16.507500000000007 1.0 213
0 0 42.057500000000005 1.0 32
7 1 62.4975 1.0 399
411624.97 6
0 0 36.947500000000005 1.0 28
0 1 36.947500000000005 1.0 29
1 0 29.2825 1.0 72
1 1 8.842500000000001 1.0 57
0 1 49.7225 1.0 39
9 0 31.837500000000006 1.0 474
1394414.9 18
4 1 19.0625 1.0 215
11 0 13.9525 1.0 560
23 0 31.837500000000006 1.0 1174
0 0 26.727500000000006 1.0 20
2 0 59.94250000000001 1.0 146
1 1 34.3925 1.0 77
3 0 26.727500000000006 1.0 170
0 0 31.837500000000006 1.0 24
17 1 59.94250000000001 1.0 897
1 0 44.6125 1.0 84
4 1 49.7225 1.0 239
1 0 31.837500000000006 1.0 74
1 0 19.0625 1.0 64
4 0 24.1725 1.0 218
2 1 47.167500000000004 1.0 137
3 1 62.4975 1.0 199
1 1 3.7325000000000017 1.0 53
3 1 36.947500000000005 1.0 179
1423919.5 7
15 0 34.3925 1.0 776
1 1 47.167500000000004 1.0 87
17 0 19.0625 1.0 864
2 0 42.057500000000005 1.0 132
5 0 39.5025 1.0 280
1 0 3.7325000000000017 1.0 52
0 1 39.5025 1.0 31
652823.0 7
4 0 24.1725 1.0 218
19 0 26.727500000000006 1.0 970
3 0 52.2775 1.0 190
3 0 49.7225 1.0 188
3 0 34.3925 1.0 176
24 1 42.057500000000005 1.0 1233
4 1 21.617500000000007 1.0 217
244907.47 24
4 0 57.3875 1.0 244
4 1 59.94250000000001 1.0 247
4 0 6.287500000000001 1.0 204
3 1 31.837500000000006 1.0 175
0 0 39.5025 1.0 30
0 1 52.2775 1.0 41
3 0 24.1725 1.0 168
4 0 11.3975 1.0 208
22 0 1.177500000000002 1.0 1100
2 1 21.617500000000007 1.0 117
0 1 1.177500000000002 1.0 1
2 0 13.9525 1.0 110
2 0 11.3975 1.0 108
3 1 21.617500000000007 1.0 167
0 0 31.837500000000006 1.0 24
2 1 19.0625 1.0 115
21 1 24.1725 1.0 1069
21 0 44.6125 1.0 1084
3 1 57.3875 1.0 195
1 0 11.3975 1.0 58
4 1 52.2775 1.0 241
7 1 1.177500000000002 1.0 351
3 0 19.0625 1.0 164
2 1 13.9525 1.0 111
1913586.4 6
1 0 3.7325000000000017 1.0 52
7 1 44.6125 1.0 385
2 1 6.287500000000001 1.0 105
3 1 54.83250000000001 1.0 193
23 1 24.1725 1.0 1169
1 1 6.287500000000001 1.0 55
1568513.6 5
8 1 39.5025 1.0 431
16 1 54.83250000000001 1.0 843
0 0 59.94250000000001 1.0 46
3 0 44.6125 1.0 184
0 1 52.2775 1.0 41
1468927.4 5
22 1 57.3875 1.0 1145
1 0 26.727500000000006 1.0 70
0 1 49.7225 1.0 39
0 1 11.3975 1.0 9
0 0 21.617500000000007 1.0 16
806176.8 6
4 0 52.2775 1.0 240
4 0 34.3925 1.0 226
0 0 29.2825 1.0 22
2 1 29.2825 1.0 123
9 1 39.5025 1.0 481
1 1 21.617500000000007 1.0 67
1056722.2 24
0 0 6.287500000000001 1.0 4
4 1 26.727500000000006 1.0 221
2 1 3.7325000000000017 1.0 103
4 0 3.7325000000000017 1.0 202
3 0 44.6125 1.0 184
3 0 21.617500000000007 1.0 166
4 0 19.0625 1.0 214
0 0 62.4975 1.0 48
2 0 6.287500000000001 1.0 104
2 1 26.727500000000006 1.0 121
0 0 11.3975 1.0 8
18 0 26.727500000000006 1.0 920
3 1 6.287500000000001 1.0 155
1 0 42.057500000000005 1.0 82
0 0 3.7325000000000017 1.0 2
0 1 49.7225 1.0 39
4 1 11.3975 1.0 209
2 1 36.947500000000005 1.0 129
0 0 47.167500000000004 1.0 36
1 0 3.7325000000000017 1.0 52
2 1 62.4975 1.0 149
2 1 42.057500000000005 1.0 133
3 1 13.9525 1.0 161
2 1 21.617500000000007 1.0 117
1079324.6 12
2 0 49.7225 1.0 138
0 0 16.507500000000007 1.0 12
4 1 29.2825 1.0 223
4 1 24.1725 1.0 219
4 0 36.947500000000005 1.0 228
9 1 19.0625 1.0 465
2 0 59.94250000000001 1.0 146
2 1 39.5025 1.0 131
15 1 39.5025 1.0 781
20 0 62.4975 1.0 1048
0 1 16.507500000000007 1.0 13
2 0 39.5025 1.0 130
513626.25 9
4 1 31.837500000000006 1.0 225
8 0 49.7225 1.0 438
4 1 34.3925 1.0 227
2 1 19.0625 1.0 115
5 0 44.6125 1.0 284
4 1 29.2825 1.0 223
0 0 59.94250000000001 1.0 46
12 1 13.9525 1.0 611
3 1 1.177500000000002 1.0 151
904884.25 11
1 0 19.0625 1.0 64
0 1 36.947500000000005 1.0 29
4 1 29.2825 1.0 223
3 1 59.94250000000001 1.0 197
0 0 26.727500000000006 1.0 20
4 1 3.7325000000000017 1.0 203
3 0 54.83250000000001 1.0 192
4 0 54.83250000000001 1.0 242
2 1 13.9525 1.0 111
2 1 44.6125 1.0 135
3 0 59.94250000000001 1.0 196
953575.5 12
4 0 47.167500000000004 1.0 236
1 0 62.4975 1.0 98
24 0 44.6125 1.0 1234
1 0 26.727500000000006 1.0 70
4 1 13.9525 1.0 211
2 0 1.177500000000002 1.0 100
11 1 39.5025 1.0 581
4 1 34.3925 1.0 227
1 0 11.3975 1.0 58
0 0 26.727500000000006 1.0 20
1 1 42.057500000000005 1.0 83
0 0 31.837500000000006 1.0 24
117907.32 23
4 0 54.83250000000001 1.0 242
0 0 59.94250000000001 1.0 46
0 0 42.057500000000005 1.0 32
0 0 54.83250000000001 1.0 42
4 1 49.7225 1.0 239
1 0 24.1725 1.0 68
0 0 16.507500000000007 1.0 12
7 0 52.2775 1.0 390
0 0 34.3925 1.0 26
4 0 19.0625 1.0 214
4 0 57.3875 1.0 244
3 0 54.83250000000001 1.0 192
0 0 44.6125 1.0 34
2 1 39.5025 1.0 131
1 0 54.83250000000001 1.0 92
1 1 42.057500000000005 1.0 83
4 1 52.2775 1.0 241
3 1 24.1725 1.0 169
3 1 29.2825 1.0 173
0 0 1.177500000000002 1.0 0
2 0 52.2775 1.0 140
9 1 21.617500000000007 1.0 467
1 0 49.7225 1.0 88
1400053.4 6
1 1 57.3875 1.0 95
0 1 1.177500000000002 1.0 1
2 0 54.83250000000001 1.0 142
2 0 57.3875 1.0 144
5 1 34.3925 1.0 277
2 1 52.2775 1.0 141
1815710.1 14
0 0 8.842500000000001 1.0 6
0 1 59.94250000000001 1.0 47
3 0 54.83250000000001 1.0 192
2 0 6.287500000000001 1.0 104
4 1 42.057500000000005 1.0 233
4 0 34.3925 1.0 226
23 1 21.617500000000007 1.0 1167
3 0 39.5025 1.0 180
3 1 11.3975 1.0 159
4 1 39.5025 1.0 231
6 1 36.947500000000005 1.0 329
17 1 42.057500000000005 1.0 883
1 1 44.6125 1.0 85
0 0 24.1725 1.0 18
1543050.5 19
3 0 57.3875 1.0 194
1 0 29.2825 1.0 72
0 0 47.167500000000004 1.0 36
4 0 39.5025 1.0 230
4 1 1.177500000000002 1.0 201
0 1 47.167500000000004 1.0 37
2 0 16.507500000000007 1.0 112
4 1 54.83250000000001 1.0 243
4 1 42.057500000000005 1.0 233
2 1 3.7325000000000017 1.0 103
2 1 62.4975 1.0 149
3 1 1.177500000000002 1.0 151
4 1 44.6125 1.0 235
2 0 6.287500000000001 1.0 104
0 1 19.0625 1.0 15
2 0 57.3875 1.0 144
0 1 29.2825 1.0 23
0 1 44.6125 1.0 35
3 1 31.837500000000006 1.0 175
1838331.0 18
1 1 39.5025 1.0 81
2 1 1.177500000000002 1.0 101
4 1 59.94250000000001 1.0 247
7 1 13.9525 1.0 361
0 1 34.3925 1.0 27
4 0 1.177500000000002 1.0 200
0 1 54.83250000000001 1.0 43
13 0 49.7225 1.0 688
1 0 19.0625 1.0 64
0 0 29.2825 1.0 22
16 1 39.5025 1.0 831
5 0 31.837500000000006 1.0 274
2 0 54.83250000000001 1.0 142
1 0 44.6125 1.0 84
1 0 1.177500000000002 1.0 50
0 0 36.947500000000005 1.0 28
3 0 29.2825 1.0 172
20 0 11.3975 1.0 1008
1676008.5 18
3 1 16.507500000000007 1.0 163
3 0 47.167500000000004 1.0 186
2 0 24.1725 1.0 118
5 0 21.617500000000007 1.0 266
12 0 24.1725 1.0 618
3 0 8.842500000000001 1.0 156
9 0 19.0625 1.0 464
1 1 21.617500000000007 1.0 67
1 1 3.7325000000000017 1.0 53
1 0 57.3875 1.0 94
1 1 16.507500000000007 1.0 63
3 0 54.83250000000001 1.0 192
18 1 1.177500000000002 1.0 901
0 1 59.94250000000001 1.0 47
10 1 34.3925 1.0 527
1 0 13.9525 1.0 60
4 0 57.3875 1.0 244
0 0 6.287500000000001 1.0 4
98683.055 20
3 0 6.287500000000001 1.0 154
2 1 39.5025 1.0 131
1 0 24.1725 1.0 68
1 1 39.5025 1.0 81
0 0 21.617500000000007 1.0 16
4 1 29.2825 1.0 223
1 0 57.3875 1.0 94
3 1 49.7225 1.0 189
1 0 49.7225 1.0 88
1 1 21.617500000000007 1.0 67
1 0 47.167500000000004 1.0 86
19 0 54.83250000000001 1.0 992
3 0 16.507500000000007 1.0 162
0 1 26.727500000000006 1.0 21
0 0 11.3975 1.0 8
2 1 49.7225 1.0 139
3 1 39.5025 1.0 181
8 0 8.842500000000001 1.0 406
0 0 24.1725 1.0 18
2 0 6.287500000000001 1.0 104
721564.4 9
3 1 34.3925 1.0 177
15 0 19.0625 1.0 764
23 0 6.287500000000001 1.0 1154
1 0 42.057500000000005 1.0 82
1 0 59.94250000000001 1.0 96
1 0 57.3875 1.0 94
1 0 1.177500000000002 1.0 50
3 1 44.6125 1.0 185
4 0 62.4975 1.0 248
533723.94 13
3 0 29.2825 1.0 172
0 1 16.507500000000007 1.0 13
3 1 13.9525 1.0 161
2 0 42.057500000000005 1.0 132
5 1 8.842500000000001 1.0 257
3 0 1.177500000000002 1.0 150
1 1 24.1725 1.0 69
2 0 29.2825 1.0 122
1 0 42.057500000000005 1.0 82
8 0 24.1725 1.0 418
1 0 26.727500000000006 1.0 70
1 1 11.3975 1.0 59
3 0 34.3925 1.0 176
1237017.8 18
1 0 21.617500000000007 1.0 66
2 1 49.7225 1.0 139
1 1 44.6125 1.0 85
2 0 52.2775 1.0 140
0 1 8.842500000000001 1.0 7
0 0 57.3875 1.0 44
3 0 44.6125 1.0 184
1 1 21.617500000000007 1.0 67
0 0 34.3925 1.0 26
1 1 29.2825 1.0 73
5 0 11.3975 1.0 258
1 1 19.0625 1.0 65
0 1 49.7225 1.0 39
4 0 59.94250000000001 1.0 246
3 1 11.3975 1.0 159
0 0 52.2775 1.0 40
4 1 34.3925 1.0 227
3 1 54.83250000000001 1.0 193
915391.7 13
2 1 29.2825 1.0 123
0 0 21.617500000000007 1.0 16
9 0 49.7225 1.0 488
2 0 52.2775 1.0 140
18 1 31.837500000000006 1.0 925
0 0 1.177500000000002 1.0 0
7 0 31.837500000000006 1.0 374
4 0 29.2825 1.0 222
3 1 52.2775 1.0 191
1 0 59.94250000000001 1.0 96
1 0 21.617500000000007 1.0 66
0 0 59.94250000000001 1.0 46
3 1 16.507500000000007 1.0 163
1512599.2 14
2 1 52.2775 1.0 141
14 0 1.177500000000002 1.0 700
3 0 42.057500000000005 1.0 182
1 1 16.507500000000007 1.0 63
3 1 39.5025 1.0 181
7 1 36.947500000000005 1.0 379
1 0 19.0625 1.0 64
0 0 54.83250000000001 1.0 42
4 0 29.2825 1.0 222
2 0 11.3975 1.0 108
24 0 49.7225 1.0 1238
9 0 39.5025 1.0 480
3 1 13.9525 1.0 161
4 0 34.3925 1.0 226
819824.9 15
1 1 13.9525 1.0 61
5 0 31.837500000000006 1.0 274
1 1 24.1725 1.0 69
2 0 49.7225 1.0 138
4 1 47.167500000000004 1.0 237
2 1 26.727500000000006 1.0 121
9 1 36.947500000000005 1.0 479
2 1 44.6125 1.0 135
3 1 62.4975 1.0 199
0 0 47.167500000000004 1.0 36
0 1 44.6125 1.0 35
4 0 1.177500000000002 1.0 200
7 1 3.7325000000000017 1.0 353
4 0 8.842500000000001 1.0 206
3 1 26.727500000000006 1.0 171
993993.6 24
3 1 36.947500000000005 1.0 179
0 1 34.3925 1.0 27
3 0 47.167500000000004 1.0 186
0 0 34.3925 1.0 26
2 1 26.727500000000006 1.0 121
2 1 6.287500000000001 1.0 105
2 0 34.3925 1.0 126
0 0 59.94250000000001 1.0 46
5 0 21.617500000000007 1.0 266
4 0 47.167500000000004 1.0 236
6 0 24.1725 1.0 318
1 0 62.4975 1.0 98
6 1 62.4975 1.0 349
12 0 47.167500000000004 1.0 636
2 1 52.2775 1.0 141
24 1 3.7325000000000017 1.0 1203
9 0 11.3975 1.0 458
2 0 16.507500000000007 1.0 112
10 0 3.7325000000000017 1.0 502
2 0 36.947500000000005 1.0 128
8 1 8.842500000000001 1.0 407
2 1 57.3875 1.0 145
1 0 8.842500000000001 1.0 56
2 1 21.617500000000007 1.0 117
1720407.4 14
1 1 16.507500000000007 1.0 63
1 0 13.9525 1.0 60
2 1 44.6125 1.0 135
3 0 19.0625 1.0 164
3 1 39.5025 1.0 181
3 1 24.1725 1.0 169
2 1 26.727500000000006 1.0 121
3 0 29.2825 1.0 172
24 0 31.837500000000006 1.0 1224
4 0 47.167500000000004 1.0 236
14 0 42.057500000000005 1.0 732
1 1 49.7225 1.0 89
0 0 19.0625 1.0 14
0 1 11.3975 1.0 9
1001470.8 14
7 1 62.4975 1.0 399
2 1 19.0625 1.0 115
0 0 62.4975 1.0 48
2 1 3.7325000000000017 1.0 103
0 1 62.4975 1.0 49
0 0 34.3925 1.0 26
2 0 19.0625 1.0 114
4 1 24.1725 1.0 219
1 0 49.7225 1.0 88
1 0 11.3975 1.0 58
3 1 24.1725 1.0 169
7 1 49.7225 1.0 389
6 0 47.167500000000004 1.0 336
1 0 31.837500000000006 1.0 74
1548924.0 17
3 0 16.507500000000007 1.0 162
0 0 62.4975 1.0 48
2 1 1.177500000000002 1.0 101
2 0 57.3875 1.0 144
8 0 59.94250000000001 1.0 446
23 0 62.4975 1.0 1198
9 0 16.507500000000007 1.0 462
13 1 44.6125 1.0 685
4 1 6.287500000000001 1.0 205
2 1 54.83250000000001 1.0 143
4 0 62.4975 1.0 248
3 0 3.7325000000000017 1.0 152
1 1 57.3875 1.0 95
3 1 6.287500000000001 1.0 155
0 1 57.3875 1.0 45
2 0 11.3975 1.0 108
2 1 44.6125 1.0 135
1831470.9 5
5 1 26.727500000000006 1.0 271
0 0 6.287500000000001 1.0 4
3 0 3.7325000000000017 1.0 152
4 1 36.947500000000005 1.0 229
8 0 11.3975 1.0 408
1157229.5 22
1 1 59.94250000000001 1.0 97
4 0 52.2775 1.0 240
0 1 47.167500000000004 1.0 37
4 0 34.3925 1.0 226
3 0 11.3975 1.0 158
11 1 52.2775 1.0 591
1 1 19.0625 1.0 65
4 1 19.0625 1.0 215
2 1 54.83250000000001 1.0 143
3 0 13.9525 1.0 160
4 0 16.507500000000007 1.0 212
2 1 44.6125 1.0 135
0 1 21.617500000000007 1.0 17
2 1 57.3875 1.0 145
4 1 29.2825 1.0 223
5 0 42.057500000000005 1.0 282
0 1 13.9525 1.0 11
1 0 39.5025 1.0 80
0 0 31.837500000000006 1.0 24
4 1 62.4975 1.0 249
10 0 49.7225 1.0 538
6 1 21.617500000000007 1.0 317
1731006.2 9
24 0 47.167500000000004 1.0 1236
2 1 24.1725 1.0 119
4 1 19.0625 1.0 215
3 1 1.177500000000002 1.0 151
11 0 52.2775 1.0 590
6 0 31.837500000000006 1.0 324
1 1 54.83250000000001 1.0 93
3 1 6.287500000000001 1.0 155
2 1 19.0625 1.0 115
1571416.4 12
4 1 19.0625 1.0 215
1 0 26.727500000000006 1.0 70
3 1 31.837500000000006 1.0 175
6 1 31.837500000000006 1.0 325
4 1 54.83250000000001 1.0 243
12 1 31.837500000000006 1.0 625
0 1 54.83250000000001 1.0 43
4 1 57.3875 1.0 245
4 1 47.167500000000004 1.0 237
3 1 19.0625 1.0 165
3 1 3.7325000000000017 1.0 153
2 0 39.5025 1.0 130
1040491.94 22
4 1 47.167500000000004 1.0 237
4 1 42.057500000000005 1.0 233
1 0 62.4975 1.0 98
0 0 36.947500000000005 1.0 28
1 1 47.167500000000004 1.0 87
3 1 49.7225 1.0 189
2 1 3.7325000000000017 1.0 103
3 1 36.947500000000005 1.0 179
2 0 57.3875 1.0 144
0 1 11.3975 1.0 9
3 1 26.727500000000006 1.0 171
0 1 36.947500000000005 1.0 29
9 0 39.5025 1.0 480
18 0 13.9525 1.0 910
0 1 62.4975 1.0 49
3 1 19.0625 1.0 165
0 1 34.3925 1.0 27
4 1 24.1725 1.0 219
0 0 19.0625 1.0 14
3 1 6.287500000000001 1.0 155
0 0 29.2825 1.0 22
2 0 54.83250000000001 1.0 142
570132.7 9
0 1 34.3925 1.0 27
1 0 16.507500000000007 1.0 62
2 1 19.0625 1.0 115
1 0 31.837500000000006 1.0 74
1 0 54.83250000000001 1.0 92
4 1 42.057500000000005 1.0 233
0 1 6.287500000000001 1.0 5
4 0 1.177500000000002 1.0 200
1 1 16.507500000000007 1.0 63
657270.0 22
1 0 57.3875 1.0 94
0 1 44.6125 1.0 35
4 1 39.5025 1.0 231
3 0 24.1725 1.0 168
3 1 52.2775 1.0 191
1 0 59.94250000000001 1.0 96
4 0 57.3875 1.0 244
3 0 11.3975 1.0 158
1 0 19.0625 1.0 64
3 1 19.0625 1.0 165
13 1 3.7325000000000017 1.0 653
0 0 49.7225 1.0 38
4 0 54.83250000000001 1.0 242
16 1 26.727500000000006 1.0 821
0 0 8.842500000000001 1.0 6
6 1 34.3925 1.0 327
4 0 16.507500000000007 1.0 212
12 0 19.0625 1.0 614
19 1 16.507500000000007 1.0 963
4 1 8.842500000000001 1.0 207
9 1 26.727500000000006 1.0 471
2 1 13.9525 1.0 111
1756559.6 6
4 0 39.5025 1.0 230
21 0 13.9525 1.0 1060
3 0 29.2825 1.0 172
2 0 39.5025 1.0 130
2 0 31.837500000000006 1.0 124
5 1 47.167500000000004 1.0 287
1074676.6 14
6 1 44.6125 1.0 335
8 1 36.947500000000005 1.0 429
0 0 42.057500000000005 1.0 32
22 1 13.9525 1.0 1111
0 0 52.2775 1.0 40
1 0 11.3975 1.0 58
4 1 49.7225 1.0 239
19 0 1.177500000000002 1.0 950
0 0 29.2825 1.0 22
3 1 19.0625 1.0 165
5 1 24.1725 1.0 269
1 0 24.1725 1.0 68
15 0 1.177500000000002 1.0 750
8 0 11.3975 1.0 408
571145.1 12
4 0 52.2775 1.0 240
2 1 34.3925 1.0 127
0 0 49.7225 1.0 38
1 0 36.947500000000005 1.0 78
2 1 19.0625 1.0 115
4 1 26.727500000000006 1.0 221
3 1 39.5025 1.0 181
2 0 21.617500000000007 1.0 116
3 1 62.4975 1.0 199
1 0 52.2775 1.0 90
1 0 16.507500000000007 1.0 62
0 1 26.727500000000006 1.0 21
1228605.8 16
1 1 13.9525 1.0 61
0 1 36.947500000000005 1.0 29
2 1 54.83250000000001 1.0 143
3 1 8.842500000000001 1.0 157
22 1 36.947500000000005 1.0 1129
2 0 49.7225 1.0 138
9 0 57.3875 1.0 494
0 1 42.057500000000005 1.0 33
2 0 19.0625 1.0 114
2 0 13.9525 1.0 110
3 1 47.167500000000004 1.0 187
3 0 21.617500000000007 1.0 166
0 1 11.3975 1.0 9
1 1 21.617500000000007 1.0 67
2 1 8.842500000000001 1.0 107
1 1 57.3875 1.0 95
1087878.2 10
21 1 36.947500000000005 1.0 1079
6 0 59.94250000000001 1.0 346
2 1 16.507500000000007 1.0 113
0 0 11.3975 1.0 8
3 1 31.837500000000006 1.0 175
1 1 3.7325000000000017 1.0 53
3 0 3.7325000000000017 1.0 152
2 0 44.6125 1.0 134
1 1 44.6125 1.0 85
4 0 1.177500000000002 1.0 200
50448.16 16
2 0 36.947500000000005 1.0 128
2 0 16.507500000000007 1.0 112
2 0 54.83250000000001 1.0 142
5 0 24.1725 1.0 268
6 0 34.3925 1.0 326
1 1 29.2825 1.0 73
4 1 39.5025 1.0 231
0 0 59.94250000000001 1.0 46
0 0 44.6125 1.0 34
3 0 42.057500000000005 1.0 182
4 1 19.0625 1.0 215
3 0 54.83250000000001 1.0 192
0 0 19.0625 1.0 14
19 0 57.3875 1.0 994
3 1 8.842500000000001 1.0 157
4 1 49.7225 1.0 239
1918030.0 16
5 0 31.837500000000006 1.0 274
3 1 16.507500000000007 1.0 163
19 1 6.287500000000001 1.0 955
1 1 1.177500000000002 1.0 51
2 0 47.167500000000004 1.0 136
1 1 42.057500000000005 1.0 83
7 0 3.7325000000000017 1.0 352
24 0 8.842500000000001 1.0 1206
3 0 16.507500000000007 1.0 162
4 1 62.4975 1.0 249
3 1 39.5025 1.0 181
9 0 31.837500000000006 1.0 474
2 1 19.0625 1.0 115
3 0 47.167500000000004 1.0 186
23 1 42.057500000000005 1.0 1183
2 1 54.83250000000001 1.0 143
1414457.5 7
0 0 1.177500000000002 1.0 0
5 1 31.837500000000006 1.0 275
23 1 16.507500000000007 1.0 1163
6 1 1.177500000000002 1.0 301
1 1 3.7325000000000017 1.0 53
2 0 52.2775 1.0 140
9 0 19.0625 1.0 464
324882.4 24
1 1 44.6125 1.0 85
7 0 13.9525 1.0 360
4 1 31.837500000000006 1.0 225
7 0 34.3925 1.0 376
2 0 19.0625 1.0 114
2 0 3.7325000000000017 1.0 102
0 1 21.617500000000007 1.0 17
4 0 19.0625 1.0 214
2 0 54.83250000000001 1.0 142
5 0 42.057500000000005 1.0 282
4 1 36.947500000000005 1.0 229
0 1 57.3875 1.0 45
0 1 59.94250000000001 1.0 47
18 0 11.3975 1.0 908
3 0 31.837500000000006 1.0 174
7 1 8.842500000000001 1.0 357
0 0 21.617500000000007 1.0 16
2 1 11.3975 1.0 109
2 1 34.3925 1.0 127
0 1 24.1725 1.0 19
4 0 6.287500000000001 1.0 204
22 1 1.177500000000002 1.0 1101
4 0 59.94250000000001 1.0 246
3 0 44.6125 1.0 184
273109.22 22
4 0 13.9525 1.0 210
1 1 26.727500000000006 1.0 71
0 1 52.2775 1.0 41
0 1 42.057500000000005 1.0 33
19 0 11.3975 1.0 958
4 0 44.6125 1.0 234
3 1 49.7225 1.0 189
15 1 29.2825 1.0 773
3 1 34.3925 1.0 177
2 0 47.167500000000004 1.0 136
1 0 34.3925 1.0 76
2 1 36.947500000000005 1.0 129
4 1 47.167500000000004 1.0 237
13 0 49.7225 1.0 688
4 0 49.7225 1.0 238
2 1 49.7225 1.0 139
2 1 24.1725 1.0 119
1 0 31.837500000000006 1.0 74
0 0 54.83250000000001 1.0 42
1 0 8.842500000000001 1.0 56
2 1 16.507500000000007 1.0 113
0 1 31.837500000000006 1.0 25
1799365.8 23
2 0 54.83250000000001 1.0 142
0 1 47.167500000000004 1.0 37
0 0 21.617500000000007 1.0 16
17 0 6.287500000000001 1.0 854
16 1 19.0625 1.0 815
1 1 59.94250000000001 1.0 97
2 0 34.3925 1.0 126
2 0 1.177500000000002 1.0 100
2 0 13.9525 1.0 110
20 0 11.3975 1.0 1008
7 1 57.3875 1.0 395
5 0 8.842500000000001 1.0 256
3 1 47.167500000000004 1.0 187
1 1 29.2825 1.0 73
22 1 54.83250000000001 1.0 1143
1 1 62.4975 1.0 99
22 1 31.837500000000006 1.0 1125
2 1 49.7225 1.0 139
5 1 29.2825 1.0 273
0 1 21.617500000000007 1.0 17
3 0 19.0625 1.0 164
2 1 29.2825 1.0 123
3 0 59.94250000000001 1.0 196
1832044.8 16
9 0 59.94250000000001 1.0 496
1 1 54.83250000000001 1.0 93
1 1 52.2775 1.0 91
2 0 42.057500000000005 1.0 132
0 1 57.3875 1.0 45
3 1 42.057500000000005 1.0 183
4 1 52.2775 1.0 241
3 1 44.6125 1.0 185
2 1 19.0625 1.0 115
0 1 26.727500000000006 1.0 21
6 1 39.5025 1.0 331
4 1 16.507500000000007 1.0 213
23 1 44.6125 1.0 1185
1 0 34.3925 1.0 76
4 1 62.4975 1.0 249
3 1 31.837500000000006 1.0 175
1798738.6 20
2 0 13.9525 1.0 110
2 0 34.3925 1.0 126
2 1 31.837500000000006 1.0 125
3 0 13.9525 1.0 160
12 1 3.7325000000000017 1.0 603
3 0 34.3925 1.0 176
2 0 57.3875 1.0 144
13 1 31.837500000000006 1.0 675
4 0 57.3875 1.0 244
1 1 39.5025 1.0 81
1 0 34.3925 1.0 76
8 1 39.5025 1.0 431
4 0 62.4975 1.0 248
3 1 52.2775 1.0 191
1 0 62.4975 1.0 98
3 0 29.2825 1.0 172
10 1 24.1725 1.0 519
4 1 13.9525 1.0 211
3 0 16.507500000000007 1.0 162
4 0 3.7325000000000017 1.0 202
1510233.5 8
21 0 19.0625 1.0 1064
5 0 13.9525 1.0 260
0 1 21.617500000000007 1.0 17
4 1 57.3875 1.0 245
0 1 16.507500000000007 1.0 13
2 0 54.83250000000001 1.0 142
0 0 21.617500000000007 1.0 16
1 1 39.5025 1.0 81
1175648.4 10
3 0 62.4975 1.0 198
3 0 26.727500000000006 1.0 170
4 0 36.947500000000005 1.0 228
2 1 29.2825 1.0 123
0 0 52.2775 1.0 40
2 1 1.177500000000002 1.0 101
0 0 16.507500000000007 1.0 12
1 0 11.3975 1.0 58
4 0 52.2775 1.0 240
4 1 59.94250000000001 1.0 247
1335258.2 8
0 1 39.5025 1.0 31
0 1 42.057500000000005 1.0 33
2 0 57.3875 1.0 144
1 0 34.3925 1.0 76
2 0 59.94250000000001 1.0 146
1 0 62.4975 1.0 98
8 0 11.3975 1.0 408
2 1 49.7225 1.0 139
1032241.44 21
3 0 16.507500000000007 1.0 162
3 0 8.842500000000001 1.0 156
2 0 13.9525 1.0 110
0 1 57.3875 1.0 45
2 1 11.3975 1.0 109
3 1 57.3875 1.0 195
1 1 39.5025 1.0 81
0 0 6.287500000000001 1.0 4
3 0 62.4975 1.0 198
0 0 24.1725 1.0 18
1 0 11.3975 1.0 58
2 0 62.4975 1.0 148
1 1 31.837500000000006 1.0 75
0 0 44.6125 1.0 34
9 0 21.617500000000007 1.0 466
3 1 52.2775 1.0 191
2 1 6.287500000000001 1.0 105
2 0 44.6125 1.0 134
2 1 42.057500000000005 1.0 133
0 0 8.842500000000001 1.0 6
3 1 44.6125 1.0 185
857333.4 14
1 0 19.0625 1.0 64
9 1 59.94250000000001 1.0 497
8 1 34.3925 1.0 427
7 1 34.3925 1.0 377
21 0 42.057500000000005 1.0 1082
14 1 44.6125 1.0 735
1 0 21.617500000000007 1.0 66
6 1 19.0625 1.0 315
3 1 29.2825 1.0 173
3 1 34.3925 1.0 177
2 0 31.837500000000006 1.0 124
23 1 1.177500000000002 1.0 1151
3 0 62.4975 1.0 198
5 1 42.057500000000005 1.0 283
1519669.8 17
0 0 47.167500000000004 1.0 36
7 0 52.2775 1.0 390
0 1 13.9525 1.0 11
4 0 62.4975 1.0 248
1 0 52.2775 1.0 90
3 0 19.0625 1.0 164
2 0 29.2825 1.0 122
3 0 21.617500000000007 1.0 166
0 0 1.177500000000002 1.0 0
3 1 3.7325000000000017 1.0 153
2 1 47.167500000000004 1.0 137
21 1 13.9525 1.0 1061
0 0 57.3875 1.0 44
1 1 62.4975 1.0 99
7 1 29.2825 1.0 373
7 1 1.177500000000002 1.0 351
0 0 19.0625 1.0 14
1358445.4 8
1 0 13.9525 1.0 60
6 0 39.5025 1.0 330
15 0 31.837500000000006 1.0 774
2 1 54.83250000000001 1.0 143
16 1 1.177500000000002 1.0 801
0 1 36.947500000000005 1.0 29
4 1 11.3975 1.0 209
4 1 49.7225 1.0 239
670297.56 18
1 1 13.9525 1.0 61
2 0 59.94250000000001 1.0 146
4 1 39.5025 1.0 231
1 1 36.947500000000005 1.0 79
2 0 1.177500000000002 1.0 100
0 0 62.4975 1.0 48
0 0 49.7225 1.0 38
4 1 13.9525 1.0 211
12 1 24.1725 1.0 619
19 1 62.4975 1.0 999
4 1 49.7225 1.0 239
11 1 42.057500000000005 1.0 583
19 0 24.1725 1.0 968
3 0 16.507500000000007 1.0 162
0 1 42.057500000000005 1.0 33
4 0 54.83250000000001 1.0 242
0 0 59.94250000000001 1.0 46
3 0 36.947500000000005 1.0 178
1507155.0 21
16 1 8.842500000000001 1.0 807
4 1 21.617500000000007 1.0 217
4 0 42.057500000000005 1.0 232
0 1 59.94250000000001 1.0 47
0 1 31.837500000000006 1.0 25
1 0 11.3975 1.0 58
8 1 3.7325000000000017 1.0 403
1 1 44.6125 1.0 85
0 1 11.3975 1.0 9
4 0 24.1725 1.0 218
24 1 49.7225 1.0 1239
3 0 8.842500000000001 1.0 156
4 0 11.3975 1.0 208
2 1 31.837500000000006 1.0 125
0 1 8.842500000000001 1.0 7
4 0 36.947500000000005 1.0 228
24 0 34.3925 1.0 1226
2 1 62.4975 1.0 149
1 1 54.83250000000001 1.0 93
0 1 26.727500000000006 1.0 21
0 0 42.057500000000005 1.0 32
1363854.5 22
1 0 26.727500000000006 1.0 70
4 1 59.94250000000001 1.0 247
2 0 31.837500000000006 1.0 124
4 0 42.057500000000005 1.0 232
3 0 39.5025 1.0 180
9 0 21.617500000000007 1.0 466
4 0 8.842500000000001 1.0 206
0 0 16.507500000000007 1.0 12
2 1 42.057500000000005 1.0 133
1 1 19.0625 1.0 65
0 1 62.4975 1.0 49
13 1 26.727500000000006 1.0 671
11 1 49.7225 1.0 589
7 1 39.5025 1.0 381
1 0 52.2775 1.0 90
1 1 31.837500000000006 1.0 75
0 0 3.7325000000000017 1.0 2
4 0 47.167500000000004 1.0 236
2 0 47.167500000000004 1.0 136
0 1 6.287500000000001 1.0 5
4 1 16.507500000000007 1.0 213
0 0 42.057500000000005 1.0 32
1172212.1 6
3 1 42.057500000000005 1.0 183
2 1 59.94250000000001 1.0 147
0 1 24.1725 1.0 19
1 1 44.6125 1.0 85
4 0 8.842500000000001 1.0 206
1 0 29.2825 1.0 72
591811.2 19
3 0 39.5025 1.0 180
13 1 19.0625 1.0 665
4 1 39.5025 1.0 231
1 0 26.727500000000006 1.0 70
4 0 21.617500000000007 1.0 216
0 1 34.3925 1.0 27
2 0 49.7225 1.0 138
4 0 49.7225 1.0 238
14 1 49.7225 1.0 739
1 1 39.5025 1.0 81
0 1 3.7325000000000017 1.0 3
0 0 36.947500000000005 1.0 28
0 0 3.7325000000000017 1.0 2
2 0 11.3975 1.0 108
2 1 62.4975 1.0 149
2 0 31.837500000000006 1.0 124
2 1 29.2825 1.0 123
1 0 8.842500000000001 1.0 56
3 0 52.2775 1.0 190
1145850.1 20
1 1 49.7225 1.0 89
0 1 54.83250000000001 1.0 43
1 1 52.2775 1.0 91
3 1 1.177500000000002 1.0 151
18 0 19.0625 1.0 914
2 0 24.1725 1.0 118
9 1 62.4975 1.0 499
4 0 57.3875 1.0 244
1 1 62.4975 1.0 99
16 0 6.287500000000001 1.0 804
2 1 3.7325000000000017 1.0 103
5 0 59.94250000000001 1.0 296
4 0 34.3925 1.0 226
0 0 24.1725 1.0 18
0 1 49.7225 1.0 39
2 1 36.947500000000005 1.0 129
4 1 36.947500000000005 1.0 229
1 0 47.167500000000004 1.0 86
2 1 57.3875 1.0 145
12 0 24.1725 1.0 618
153304.11 18
2 0 52.2775 1.0 140
3 0 44.6125 1.0 184
4 0 29.2825 1.0 222
3 1 21.617500000000007 1.0 167
4 1 16.507500000000007 1.0 213
2 1 34.3925 1.0 127
0 1 39.5025 1.0 31
4 1 21.617500000000007 1.0 217
2 0 31.837500000000006 1.0 124
24 1 21.617500000000007 1.0 1217
0 1 16.507500000000007 1.0 13
0 1 31.837500000000006 1.0 25
3 0 11.3975 1.0 158
0 0 13.9525 1.0 10
3 0 24.1725 1.0 168
0 1 42.057500000000005 1.0 33
6 0 52.2775 1.0 340
2 0 13.9525 1.0 110
1861580.4 16
2 0 47.167500000000004 1.0 136
4 0 1.177500000000002 1.0 200
16 0 34.3925 1.0 826
1 1 26.727500000000006 1.0 71
2 0 19.0625 1.0 114
3 1 31.837500000000006 1.0 175
4 0 52.2775 1.0 240
0 1 19.0625 1.0 15
2 0 29.2825 1.0 122
1 1 13.9525 1.0 61
0 0 1.177500000000002 1.0 0
4 1 36.947500000000005 1.0 229
1 1 8.842500000000001 1.0 57
1 1 57.3875 1.0 95
2 1 59.94250000000001 1.0 147
10 1 52.2775 1.0 541
514060.8 6
0 0 34.3925 1.0 26
12 0 11.3975 1.0 608
2 1 21.617500000000007 1.0 117
2 0 24.1725 1.0 118
22 1 52.2775 1.0 1141
0 1 19.0625 1.0 15
1954559.0 6
2 1 59.94250000000001 1.0 147
2 1 6.287500000000001 1.0 105
6 1 39.5025 1.0 331
7 1 16.507500000000007 1.0 363
2 0 19.0625 1.0 114
15 0 31.837500000000006 1.0 774
372943.4 11
1 0 21.617500000000007 1.0 66
2 1 6.287500000000001 1.0 105
20 0 57.3875 1.0 1044
3 0 13.9525 1.0 160
0 1 36.947500000000005 1.0 29
9 0 57.3875 1.0 494
3 1 1.177500000000002 1.0 151
7 0 44.6125 1.0 384
1 1 44.6125 1.0 85
4 0 21.617500000000007 1.0 216
3 0 47.167500000000004 1.0 186
363864.5 24
0 1 8.842500000000001 1.0 7
2 0 13.9525 1.0 110
3 0 1.177500000000002 1.0 150
0 0 3.7325000000000017 1.0 2
2 1 57.3875 1.0 145
6 1 8.842500000000001 1.0 307
15 1 13.9525 1.0 761
2 1 52.2775 1.0 141
4 0 36.947500000000005 1.0 228
4 0 62.4975 1.0 248
3 0 16.507500000000007 1.0 162
14 0 19.0625 1.0 714
11 0 29.2825 1.0 572
0 0 34.3925 1.0 26
0 0 29.2825 1.0 22
2 0 6.287500000000001 1.0 104
2 0 54.83250000000001 1.0 142
0 1 3.7325000000000017 1.0 3
4 1 62.4975 1.0 249
3 0 29.2825 1.0 172
6 0 34.3925 1.0 326
0 0 16.507500000000007 1.0 12
2 0 34.3925 1.0 126
4 1 19.0625 1.0 215
475511.84 7
3 0 57.3875 1.0 194
3 1 59.94250000000001 1.0 197
2 1 3.7325000000000017 1.0 103
3 1 52.2775 1.0 191
6 1 31.837500000000006 1.0 325
3 0 3.7325000000000017 1.0 152
2 0 8.842500000000001 1.0 106
1995708.9 15
3 0 1.177500000000002 1.0 150
3 1 19.0625 1.0 165
2 1 57.3875 1.0 145
1 0 16.507500000000007 1.0 62
3 1 24.1725 1.0 169
3 0 52.2775 1.0 190
1 1 31.837500000000006 1.0 75
4 1 8.842500000000001 1.0 207
8 1 21.617500000000007 1.0 417
7 1 36.947500000000005 1.0 379
4 1 3.7325000000000017 1.0 203
0 1 36.947500000000005 1.0 29
2 0 24.1725 1.0 118
1 1 13.9525 1.0 61
4 1 34.3925 1.0 227
941312.25 9
4 0 57.3875 1.0 244
2 1 13.9525 1.0 111
2 0 1.177500000000002 1.0 100
0 0 59.94250000000001 1.0 46
10 0 19.0625 1.0 514
2 1 44.6125 1.0 135
5 0 19.0625 1.0 264
6 1 44.6125 1.0 335
4 1 49.7225 1.0 239
1613986.4 20
3 0 62.4975 1.0 198
18 1 29.2825 1.0 923
1 0 21.617500000000007 1.0 66
2 0 6.287500000000001 1.0 104
4 1 1.177500000000002 1.0 201
2 0 29.2825 1.0 122
8 0 29.2825 1.0 422
0 1 1.177500000000002 1.0 1
4 1 57.3875 1.0 245
3 0 52.2775 1.0 190
3 1 21.617500000000007 1.0 167
1 0 47.167500000000004 1.0 86
23 1 29.2825 1.0 1173
0 0 31.837500000000006 1.0 24
4 1 13.9525 1.0 211
4 0 21.617500000000007 1.0 216
0 0 34.3925 1.0 26
2 0 19.0625 1.0 114
2 1 8.842500000000001 1.0 107
1 0 44.6125 1.0 84
1384257.5 23
1 1 3.7325000000000017 1.0 53
1 0 36.947500000000005 1.0 78
4 0 36.947500000000005 1.0 228
1 0 13.9525 1.0 60
2 0 47.167500000000004 1.0 136
3 1 8.842500000000001 1.0 157
14 1 36.947500000000005 1.0 729
0 1 57.3875 1.0 45
2 0 31.837500000000006 1.0 124
0 1 34.3925 1.0 27
4 0 62.4975 1.0 248
2 0 13.9525 1.0 110
4 1 34.3925 1.0 227
4 1 29.2825 1.0 223
5 1 57.3875 1.0 295
4 0 19.0625 1.0 214
2 0 36.947500000000005 1.0 128
3 0 52.2775 1.0 190
2 1 52.2775 1.0 141
0 1 6.287500000000001 1.0 5
8 0 62.4975 1.0 448
4 0 3.7325000000000017 1.0 202
1 1 13.9525 1.0 61
352600.44 5
1 1 34.3925 1.0 77
1 1 21.617500000000007 1.0 67
8 0 39.5025 1.0 430
7 0 54.83250000000001 1.0 392
4 0 52.2775 1.0 240
309590.62 15
3 1 49.7225 1.0 189
0 0 19.0625 1.0 14
5 1 26.727500000000006 1.0 271
0 1 31.837500000000006 1.0 25
1 0 8.842500000000001 1.0 56
3 1 13.9525 1.0 161
0 1 47.167500000000004 1.0 37
4 1 49.7225 1.0 239
0 1 6.287500000000001 1.0 5
0 0 26.727500000000006 1.0 20
0 0 11.3975 1.0 8
0 1 19.0625 1.0 15
4 1 59.94250000000001 1.0 247
1 1 47.167500000000004 1.0 87
19 0 16.507500000000007 1.0 962
1609123.0 19
0 1 19.0625 1.0 15
21 0 1.177500000000002 1.0 1050
4 1 31.837500000000006 1.0 225
2 0 36.947500000000005 1.0 128
1 1 62.4975 1.0 99
4 1 39.5025 1.0 231
11 1 19.0625 1.0 565
18 0 34.3925 1.0 926
1 1 39.5025 1.0 81
3 1 21.617500000000007 1.0 167
7 1 42.057500000000005 1.0 383
1 1 52.2775 1.0 91
3 0 16.507500000000007 1.0 162
3 0 19.0625 1.0 164
3 1 11.3975 1.0 159
3 0 52.2775 1.0 190
7 1 11.3975 1.0 359
1 0 6.287500000000001 1.0 54
2 0 49.7225 1.0 138
465658.56 9
4 1 3.7325000000000017 1.0 203
7 0 52.2775 1.0 390
17 0 24.1725 1.0 868
4 0 26.727500000000006 1.0 220
3 0 62.4975 1.0 198
0 0 49.7225 1.0 38
4 1 36.947500000000005 1.0 229
4 1 19.0625 1.0 215
1 1 8.842500000000001 1.0 57
1644110.1 5
2 1 47.167500000000004 1.0 137
2 0 6.287500000000001 1.0 104
3 1 49.7225 1.0 189
6 0 57.3875 1.0 344
4 1 13.9525 1.0 211
1080825.6 9
2 0 11.3975 1.0 108
2 0 21.617500000000007 1.0 116
2 0 1.177500000000002 1.0 100
3 1 3.7325000000000017 1.0 153
0 1 52.2775 1.0 41
0 0 47.167500000000004 1.0 36
3 0 19.0625 1.0 164
4 0 31.837500000000006 1.0 224
1 0 6.287500000000001 1.0 54
713175.1 6
2 0 29.2825 1.0 122
1 0 44.6125 1.0 84
4 1 49.7225 1.0 239
1 0 42.057500000000005 1.0 82
1 1 54.83250000000001 1.0 93
4 0 36.947500000000005 1.0 228
549638.8 14
3 0 47.167500000000004 1.0 186
2 0 54.83250000000001 1.0 142
1 0 11.3975 1.0 58
3 1 36.947500000000005 1.0 179
2 0 62.4975 1.0 148
2 1 36.947500000000005 1.0 129
3 0 36.947500000000005 1.0 178
0 0 1.177500000000002 1.0 0
2 1 44.6125 1.0 135
2 1 8.842500000000001 1.0 107
1 0 26.727500000000006 1.0 70
4 1 26.727500000000006 1.0 221
5 0 36.947500000000005 1.0 278
2 0 42.057500000000005 1.0 132
1715252.1 8
1 1 34.3925 1.0 77
1 0 24.1725 1.0 68
24 1 8.842500000000001 1.0 1207
0 0 44.6125 1.0 34
0 0 26.727500000000006 1.0 20
16 1 24.1725 1.0 819
4 1 24.1725 1.0 219
3 1 34.3925 1.0 177
1589006.6 10
7 1 42.057500000000005 1.0 383
3 0 44.6125 1.0 184
4 1 31.837500000000006 1.0 225
1 0 44.6125 1.0 84
4 1 6.287500000000001 1.0 205
4 0 54.83250000000001 1.0 242
1 0 3.7325000000000017 1.0 52
1 1 6.287500000000001 1.0 55
1 1 54.83250000000001 1.0 93
2 1 34.3925 1.0 127
180046.16 19
3 1 39.5025 1.0 181
0 0 6.287500000000001 1.0 4
2 1 42.057500000000005 1.0 133
4 0 31.837500000000006 1.0 224
2 0 52.2775 1.0 140
1 1 19.0625 1.0 65
0 0 21.617500000000007 1.0 16
8 1 36.947500000000005 1.0 429
8 1 13.9525 1.0 411
2 1 21.617500000000007 1.0 117
2 1 13.9525 1.0 111
1 1 1.177500000000002 1.0 51
4 0 26.727500000000006 1.0 220
3 1 49.7225 1.0 189
1 0 57.3875 1.0 94
8 1 42.057500000000005 1.0 433
4 0 54.83250000000001 1.0 242
1 1 52.2775 1.0 91
2 0 21.617500000000007 1.0 116
1512281.9 22
2 0 62.4975 1.0 148
0 0 29.2825 1.0 22
3 0 6.287500000000001 1.0 154
1 1 57.3875 1.0 95
4 1 1.177500000000002 1.0 201
0 0 6.287500000000001 1.0 4
2 1 59.94250000000001 1.0 147
2 1 1.177500000000002 1.0 101
6 1 16.507500000000007 1.0 313
3 0 31.837500000000006 1.0 174
4 0 36.947500000000005 1.0 228
4 0 13.9525 1.0 210
6 0 42.057500000000005 1.0 332
3 1 24.1725 1.0 169
2 0 36.947500000000005 1.0 128
6 0 34.3925 1.0 326
3 0 49.7225 1.0 188
0 0 13.9525 1.0 10
3 0 39.5025 1.0 180
0 0 31.837500000000006 1.0 24
2 1 57.3875 1.0 145
1 0 21.617500000000007 1.0 66
1429507.6 21
4 1 62.4975 1.0 249
24 1 29.2825 1.0 1223
3 1 19.0625 1.0 165
0 0 16.507500000000007 1.0 12
4 1 11.3975 1.0 209
3 0 49.7225 1.0 188
1 1 52.2775 1.0 91
0 1 59.94250000000001 1.0 47
15 0 11.3975 1.0 758
4 0 39.5025 1.0 230
0 0 44.6125 1.0 34
3 0 44.6125 1.0 184
4 1 1.177500000000002 1.0 201
4 0 34.3925 1.0 226
3 1 24.1725 1.0 169
4 0 42.057500000000005 1.0 232
2 1 59.94250000000001 1.0 147
4 1 16.507500000000007 1.0 213
2 1 44.6125 1.0 135
0 0 36.947500000000005 1.0 28
16 0 59.94250000000001 1.0 846
1678288.9 5
20 1 62.4975 1.0 1049
0 0 8.842500000000001 1.0 6
2 0 26.727500000000006 1.0 120
3 1 57.3875 1.0 195
3 0 57.3875 1.0 194
1506598.2 11
1 1 11.3975 1.0 59
3 0 59.94250000000001 1.0 196
9 0 24.1725 1.0 468
0 0 39.5025 1.0 30
2 0 21.617500000000007 1.0 116
0 0 44.6125 1.0 34
1 0 52.2775 1.0 90
2 1 31.837500000000006 1.0 125
4 1 44.6125 1.0 235
5 0 59.94250000000001 1.0 296
4 0 13.9525 1.0 210
487842.78 6
3 0 31.837500000000006 1.0 174
4 0 29.2825 1.0 222
7 1 57.3875 1.0 395
3 1 13.9525 1.0 161
2 1 1.177500000000002 1.0 101
3 1 8.842500000000001 1.0 157
137883.52 10
5 1 6.287500000000001 1.0 255
1 1 1.177500000000002 1.0 51
3 1 59.94250000000001 1.0 197
0 0 8.842500000000001 1.0 6
4 0 49.7225 1.0 238
8 0 24.1725 1.0 418
0 1 1.177500000000002 1.0 1
2 0 6.287500000000001 1.0 104
4 0 59.94250000000001 1.0 246
7 1 52.2775 1.0 391
1689237.5 12
2 1 59.94250000000001 1.0 147
2 0 62.4975 1.0 148
0 0 26.727500000000006 1.0 20
0 1 21.617500000000007 1.0 17
0 0 1.177500000000002 1.0 0
1 0 62.4975 1.0 98
8 0 26.727500000000006 1.0 420
3 0 31.837500000000006 1.0 174
1 1 36.947500000000005 1.0 79
0 1 11.3975 1.0 9
4 0 16.507500000000007 1.0 212
7 1 26.727500000000006 1.0 371
1700482.0 9
0 1 29.2825 1.0 23
1 1 54.83250000000001 1.0 93
1 1 47.167500000000004 1.0 87
2 1 34.3925 1.0 127
1 1 21.617500000000007 1.0 67
4 1 57.3875 1.0 245
2 1 31.837500000000006 1.0 125
4 1 21.617500000000007 1.0 217
14 1 8.842500000000001 1.0 707
246849.92 17
4 0 16.507500000000007 1.0 212
3 0 3.7325000000000017 1.0 152
1 0 52.2775 1.0 90
4 0 1.177500000000002 1.0 200
3 1 21.617500000000007 1.0 167
4 1 21.617500000000007 1.0 217
2 1 34.3925 1.0 127
4 1 39.5025 1.0 231
3 1 26.727500000000006 1.0 171
3 1 8.842500000000001 1.0 157
0 0 24.1725 1.0 18
3 0 26.727500000000006 1.0 170
2 1 19.0625 1.0 115
22 0 47.167500000000004 1.0 1136
1 1 34.3925 1.0 77
4 1 19.0625 1.0 215
7 0 59.94250000000001 1.0 396
279099.03 19
4 0 16.507500000000007 1.0 212
4 1 19.0625 1.0 215
3 0 49.7225 1.0 188
2 1 11.3975 1.0 109
3 0 11.3975 1.0 158
1 0 47.167500000000004 1.0 86
0 1 49.7225 1.0 39
1 0 16.507500000000007 1.0 62
12 0 6.287500000000001 1.0 604
4 0 3.7325000000000017 1.0 202
0 0 44.6125 1.0 34
2 0 36.947500000000005 1.0 128
3 0 16.507500000000007 1.0 162
0 1 57.3875 1.0 45
1 1 44.6125 1.0 85
1 0 21.617500000000007 1.0 66
0 1 36.947500000000005 1.0 29
4 0 36.947500000000005 1.0 228
0 1 34.3925 1.0 27
950360.94 10
4 0 36.947500000000005 1.0 228
2 0 59.94250000000001 1.0 146
9 0 42.057500000000005 1.0 482
2 0 52.2775 1.0 140
4 1 39.5025 1.0 231
4 1 3.7325000000000017 1.0 203
0 0 13.9525 1.0 10
3 0 36.947500000000005 1.0 178
1 1 19.0625 1.0 65
1 1 49.7225 1.0 89
820840.7 11
4 1 6.287500000000001 1.0 205
1 0 44.6125 1.0 84
12 1 52.2775 1.0 641
5 0 57.3875 1.0 294
2 1 54.83250000000001 1.0 143
2 0 21.617500000000007 1.0 116
4 0 62.4975 1.0 248
0 1 13.9525 1.0 11
0 0 39.5025 1.0 30
13 0 44.6125 1.0 684
2 1 11.3975 1.0 109
1109605.0 19
0 0 16.507500000000007 1.0 12
22 0 8.842500000000001 1.0 1106
17 0 57.3875 1.0 894
2 1 39.5025 1.0 131
9 1 13.9525 1.0 461
24 1 59.94250000000001 1.0 1247
3 0 39.5025 1.0 180
3 1 26.727500000000006 1.0 171
4 0 31.837500000000006 1.0 224
6 1 54.83250000000001 1.0 343
1 0 6.287500000000001 1.0 54
2 0 44.6125 1.0 134
3 1 36.947500000000005 1.0 179
24 1 62.4975 1.0 1249
2 0 1.177500000000002 1.0 100
2 0 21.617500000000007 1.0 116
9 1 19.0625 1.0 465
1 1 8.842500000000001 1.0 57
4 0 3.7325000000000017 1.0 202
1490064.8 22
3 0 47.167500000000004 1.0 186
4 0 42.057500000000005 1.0 232
1 1 39.5025 1.0 81
4 1 26.727500000000006 1.0 221
23 1 13.9525 1.0 1161
1 0 6.287500000000001 1.0 54
13 1 26.727500000000006 1.0 671
2 0 52.2775 1.0 140
0 0 34.3925 1.0 26
3 1 31.837500000000006 1.0 175
0 1 6.287500000000001 1.0 5
8 0 16.507500000000007 1.0 412
4 1 24.1725 1.0 219
2 1 29.2825 1.0 123
9 0 26.727500000000006 1.0 470
6 0 24.1725 1.0 318
0 1 39.5025 1.0 31
16 1 21.617500000000007 1.0 817
3 0 54.83250000000001 1.0 192
1 0 54.83250000000001 1.0 92
7 1 39.5025 1.0 381
0 1 54.83250000000001 1.0 43
1813221.8 11
0 0 36.947500000000005 1.0 28
0 0 11.3975 1.0 8
2 0 42.057500000000005 1.0 132
1 0 57.3875 1.0 94
1 0 42.057500000000005 1.0 82
4 1 59.94250000000001 1.0 247
0 0 26.727500000000006 1.0 20
2 1 44.6125 1.0 135
3 1 29.2825 1.0 173
2 0 49.7225 1.0 138
2 0 57.3875 1.0 144
630555.9 12
3 0 52.2775 1.0 190
3 1 34.3925 1.0 177
8 0 8.842500000000001 1.0 406
1 0 3.7325000000000017 1.0 52
4 0 29.2825 1.0 222
0 0 6.287500000000001 1.0 4
13 1 54.83250000000001 1.0 693
1 1 52.2775 1.0 91
1 1 11.3975 1.0 59
2 0 39.5025 1.0 130
4 0 31.837500000000006 1.0 224
2 1 3.7325000000000017 1.0 103
722144.4 5
3 1 6.287500000000001 1.0 155
1 1 52.2775 1.0 91
2 1 11.3975 1.0 109
0 1 3.7325000000000017 1.0 3
2 0 19.0625 1.0 114
281502.62 12
0 0 49.7225 1.0 38
2 0 19.0625 1.0 114
0 1 52.2775 1.0 41
4 0 36.947500000000005 1.0 228
13 0 62.4975 1.0 698
21 0 26.727500000000006 1.0 1070
2 0 6.287500000000001 1.0 104
2 1 36.947500000000005 1.0 129
0 0 44.6125 1.0 34
10 1 1.177500000000002 1.0 501
4 1 26.727500000000006 1.0 221
17 0 6.287500000000001 1.0 854
1931214.4 22
1 1 52.2775 1.0 91
3 1 42.057500000000005 1.0 183
18 1 11.3975 1.0 909
1 0 49.7225 1.0 88
0 1 57.3875 1.0 45
4 1 3.7325000000000017 1.0 203
0 0 21.617500000000007 1.0 16
9 1 49.7225 1.0 489
3 1 16.507500000000007 1.0 163
1 1 44.6125 1.0 85
4 0 1.177500000000002 1.0 200
2 0 6.287500000000001 1.0 104
4 0 21.617500000000007 1.0 216
7 1 3.7325000000000017 1.0 353
9 1 62.4975 1.0 499
2 1 26.727500000000006 1.0 121
17 1 21.617500000000007 1.0 867
3 1 29.2825 1.0 173
0 1 31.837500000000006 1.0 25
4 0 57.3875 1.0 244
8 0 16.507500000000007 1.0 412
5 1 62.4975 1.0 299
