Numero de pedidos iniciales: 0
Numero de pedidos entregados: 150
30250
49377
46800
18856
45647
68553
66091
33823
23792
22580
27132
15352
69583
127625
99374
1904
17731
75967
11955
60673
1350
30566
159638
77284
149377
119
22790
237267
63533
81085
133402
15759
12259
114090
258704
5260
4473
58876
13965
47043
15616
99149
6026
22859
95652
165015
22276
8276
22518
33741
239233
68171
10424
45836
6718
27936
104079
125919
22754
83486
497298
37945
156810
117459
15131
29712
89722
189792
71605
129320
65161
218203
33667
14549
9423
121974
204117
4398
12842
53831
83742
45924
447176
100527
67474
17055
149945
27571
73531
6427
263746
198099
57045
67649
192334
6487
27177
185639
44449
28522
66728
75708
113463
175741
92583
235556
376027
37069
6632
46186
11571
49628
47907
21195
19164
39756
44832
67217
38945
25754
67297
79337
10385
11285
138247
158577
393072
37361
157257
14641
85608
185426
49267
234574
132051
125748
105228
12527
77050
362654
156586
175919
132915
4412
43200
27159
64184
2214
14189
36705
197280
