Numero de pedidos iniciales: 0
Numero de pedidos entregados: 150
7562
12344
11700
4714
11412
17138
16523
8456
5948
5645
6783
3838
17396
31906
24843
476
4433
18992
2989
15168
337
7642
39909
19321
37344
30
5698
59317
15883
20271
33351
3940
3065
28523
64676
1315
1118
14719
3491
11761
3904
24787
1506
5715
23913
41254
5569
2069
5629
8435
59808
17043
2606
11459
1680
6984
26020
31480
5688
20871
124324
9486
39203
29365
3783
7428
22430
47448
17901
32330
16290
54551
8417
3637
2356
30493
51029
1099
3210
13458
20935
11481
111794
25132
16869
4264
37486
6893
18383
1607
65936
49525
14261
16912
48084
1622
6794
46410
11112
7130
16682
18927
28366
43935
23146
58889
94007
9267
1658
11546
2893
12407
11977
5299
4791
9939
11208
16804
9736
6439
16824
19834
2596
2821
34562
39644
98268
9340
39314
3660
21402
46357
12317
58644
33013
31437
26307
3132
19263
90663
39146
43980
33229
1103
10800
6790
16046
553
3547
9176
49320
