Numero de pedidos iniciales: 0
Numero de pedidos entregados: 250
9075
14813
14040
5657
13694
20566
19827
10147
7137
6774
8140
4606
20875
38288
29812
571
5319
22790
3587
18202
405
9170
47891
23185
44813
36
6837
71180
19060
24326
40021
4728
3678
34227
77611
1578
1342
17663
4189
14113
4685
29745
1808
6858
28696
49504
6683
2483
6755
10122
71770
20451
3127
13751
2015
8381
31224
37776
6826
25046
149189
11383
47043
35238
4539
8914
26917
56937
21481
38796
19548
65461
10100
4365
2827
36592
61235
1319
3852
16149
25122
13777
134153
30158
20242
5116
44983
8271
22059
1928
79124
59430
17114
20295
57700
1946
8153
55692
13335
8557
20018
22712
34039
52722
27775
70667
112808
11121
1990
13856
3471
14889
14372
6358
5749
11927
13450
20165
11683
7726
20189
23801
3116
3385
41474
47573
117922
11208
47177
4392
25682
55628
14780
70372
39615
37724
31568
3758
23115
108796
46976
52776
39874
1324
12960
8148
19255
664
4257
11012
59184
8621
26961
6518
8998
2614
7704
5842
14562
65354
65299
19441
6104
7376
41757
35329
47420
9088
34816
12271
11
1619
73157
2712
7466
31677
56046
73081
94844
32046
15140
76783
59280
1327
37506
3172
5799
13819
15481
1283
80238
16378
398
6021
5656
11891
23957
41353
37953
32329
8040
75583
9834
7731
34277
29249
10314
17306
6354
23015
37993
20719
26409
13230
28213
34684
29150
55039
4087
8372
25522
42228
13672
18069
51604
30189
854
87052
151366
34757
17777
3905
20047
30443
10738
40937
16474
1202
65239
23084
39362
5004
29173
17882
41225
2092
11575
10323
34456
75168
44571
