Numero de pedidos iniciales: 0
Numero de pedidos entregados: 200
17016
27775
26325
10607
25676
38561
37176
19025
13383
12701
15262
8635
39141
71789
55898
1071
9974
42732
6725
34128
759
17194
89796
43472
84024
67
12820
133463
35737
45611
75039
8865
6896
64176
145521
2959
2516
33118
7855
26461
8784
55771
3389
12858
53804
92821
12530
4655
12666
18979
134569
38346
5864
25783
3779
15714
58545
70829
12799
46961
279730
21344
88206
66071
8511
16713
50469
106758
40278
72742
36653
122739
18938
8184
5300
68610
114816
2474
7223
30280
47105
25832
251537
56547
37954
9593
84344
15509
41361
3615
148357
111431
32088
38053
108188
3649
15287
104422
25002
16043
37534
42585
63823
98854
52078
132500
211515
20851
3730
25979
6509
27916
26948
11922
10780
22363
25218
37809
21906
14487
37855
44627
5842
6348
77764
89199
221103
21016
88457
8236
48154
104302
27713
131948
74279
70733
59191
7046
43341
203993
88080
98955
74765
2482
24300
15277
36104
1245
7981
20647
110970
16164
50552
12222
16872
4902
14445
10954
27303
122540
122435
36452
11445
13830
78295
66242
88912
17041
65280
23009
21
3035
137170
5085
13999
59395
105087
137028
177832
60087
28387
143968
111150
2489
70323
5948
10874
25910
29026
2406
150447
30710
746
11290
10605
22295
44920
77536
71163
60617
15076
