Numero de pedidos iniciales: 0
Numero de pedidos entregados: 80
56719
92582
87751
35355
85588
128536
123920
63418
44609
42338
50873
28785
130469
239298
186326
3571
33245
142439
22416
113761
2531
57312
299321
144908
280081
223
42732
444876
119124
152035
250129
29548
22986
213919
485070
9862
8386
110393
26184
88205
29280
185904
11298
42861
179348
309402
41767
15517
42220
63265
448562
127820
19545
85943
12596
52380
195149
236098
42663
156536
932433
71147
294019
220236
28371
55710
168229
355859
134259
242475
122177
409130
63125
27280
17668
228701
382720
8245
24078
100933
157016
