Numero de pedidos iniciales: 0
Numero de pedidos entregados: 250
13612
22220
21060
8485
20541
30849
29741
15220
10706
10161
12209
6908
31313
57431
44718
857
7979
34185
5380
27303
607
13755
71837
34778
67219
53
10256
106770
28590
36488
60031
7092
5517
51341
116417
2367
2013
26494
6284
21169
7027
44617
2712
10287
43044
74257
10024
3724
10133
15184
107655
30677
4691
20626
3023
12571
46836
56663
10239
37569
223784
17075
70565
52857
6809
13370
40375
85406
32222
58194
29322
98191
15150
6547
4240
54888
91853
1979
5779
24224
37684
20666
201229
45237
30363
7675
67475
12407
33089
2892
118686
89144
25670
30442
86550
2919
12230
83538
20002
12835
30028
34068
51058
79083
41662
106000
169212
16681
2984
20784
5207
22333
21558
9538
8624
17890
20174
30247
17525
11589
30284
35702
4673
5078
62211
71359
176882
16812
70766
6589
38523
83442
22170
105558
59423
56587
47353
5637
34673
163194
70464
79164
59812
1985
19440
12221
28883
996
6385
16517
88776
12931
40441
9777
13497
3921
11556
8763
21843
98032
97948
29162
9156
11064
62636
52993
71129
13633
52224
18407
17
2428
109736
4068
11200
47516
84070
109622
142266
48070
22710
115174
88920
1991
56259
4758
8699
20728
23221
1925
120357
24568
597
9032
8484
17836
35936
62029
56930
48494
12060
113375
14750
11597
51416
43874
15471
25960
9531
34522
56990
31078
39614
19845
42320
52027
43725
82559
6131
12557
38283
63341
20509
27104
77406
45284
1281
130578
227049
52136
26666
5858
30070
45665
16107
61405
24711
1803
97859
34626
59043
7505
43760
26823
61838
3139
17363
15484
51684
112752
66857
