Numero de pedidos iniciales: 0
Numero de pedidos entregados: 100
11344
18516
17550
7071
17118
25707
24784
12684
8922
8468
10175
5757
26094
47860
37265
714
6649
28488
4483
22752
506
11462
59864
28982
56016
45
8546
88975
23825
30407
50026
5910
4597
42784
97014
1972
1677
22079
5237
17641
5856
37181
2260
8572
35870
61880
8353
3103
8444
12653
89712
25564
3909
17189
2519
10476
39030
47220
8533
31307
186487
14229
58804
44047
5674
11142
33646
71172
26852
48495
24435
81826
12625
5456
3534
45740
76544
1649
4816
20187
31403
17222
167691
37698
25303
6396
56229
10339
27574
2410
98905
74287
21392
25368
72125
2433
10191
69615
16668
10696
25023
