Numero de pedidos iniciales: 0
Numero de pedidos entregados: 250
4537
7407
7020
2828
6847
10283
9914
5073
3569
3387
4070
2303
10438
19144
14906
286
2660
11395
1793
9101
202
4585
23946
11593
22406
18
3419
35590
9530
12163
20010
2364
1839
17114
38806
789
671
8831
2095
7056
2342
14872
904
3429
14348
24752
3341
1241
3378
5061
35885
10226
1564
6875
1008
4190
15612
18888
3413
12523
74595
5692
23522
17619
2270
4457
13458
28469
10741
19398
9774
32730
5050
2182
1413
18296
30618
660
1926
8075
12561
6889
67076
15079
10121
2558
22492
4136
11030
964
39562
29715
8557
10147
28850
973
4077
27846
6667
4278
10009
11356
17019
26361
13887
35333
56404
5560
995
6928
1736
7444
7186
3179
2875
5963
6725
10082
5842
3863
10095
11901
1558
1693
20737
23786
58961
5604
23589
2196
12841
27814
7390
35186
19808
18862
15784
1879
11558
54398
23488
26388
19937
662
6480
4074
9628
332
2128
5506
29592
4310
13480
3259
4499
1307
3852
2921
7281
32677
32649
9721
3052
3688
20879
17664
23710
4544
17408
6136
6
809
36579
1356
3733
15839
28023
36541
47422
16023
7570
38391
29640
664
18753
1586
2900
6909
7740
642
40119
8189
199
3011
2828
5945
11979
20676
18977
16165
4020
37792
4917
3866
17139
14625
5157
8653
3177
11507
18997
10359
13205
6615
14107
17342
14575
27520
2044
4186
12761
21114
6836
9035
25802
15095
427
43526
75683
17379
8889
1953
10023
15222
5369
20468
8237
601
32620
11542
19681
2502
14587
8941
20613
1046
5788
5161
17228
37584
22286
