Numero de pedidos iniciales: 0
Numero de pedidos entregados: 100
45375
74066
70200
28284
68470
102829
99136
50734
35687
33870
40698
23028
104375
191438
149061
2856
26596
113951
17933
91009
2025
45849
239457
115926
224065
178
34186
355901
95299
121628
200103
23639
18389
171135
388056
7890
6709
88314
20947
70564
23424
148723
9039
34288
143478
247522
33414
12413
33776
50612
358850
102256
15636
68755
10077
41904
156119
188878
34130
125228
745946
56917
235215
176189
22697
44568
134583
284687
107407
193980
97741
327304
50500
21824
14134
182961
306176
6596
19262
80747
125612
68886
670765
150791
101212
25582
224917
41357
110296
9641
395619
297148
85568
101473
288502
9731
40765
278459
66673
42783
100092
