 Numero de pedidos 
 150
 duedate num_referencias // pasillo lado altura peso
 1462048.501587 6
 4 0 3.750000 1.000000 48
 5 1 13.750000 1.000000 33
 5 0 2.083333 1.000000 4
 4 1 13.750000 1.000000 73
 5 1 14.583333 1.000000 35
 5 0 5.416667 1.000000 12
 1216004.670084 2
 4 0 12.916667 1.000000 70
 3 0 6.250000 1.000000 134
 927006.567068 3
 5 0 9.583333 1.000000 22
 4 1 10.416667 1.000000 65
 2 0 7.083333 1.000000 216
 1257150.250774 2
 5 0 0.416667 1.000000 0
 4 1 0.416667 1.000000 41
 1157914.623002 2
 4 0 6.250000 1.000000 54
 4 1 11.250000 1.000000 67
 853367.212756 2
 4 0 3.750000 1.000000 48
 5 0 15.416667 1.000000 36
 111755.502052 6
 5 1 7.083333 1.000000 17
 2 0 7.083333 1.000000 216
 4 1 2.083333 1.000000 45
 3 0 15.416667 1.000000 156
 5 0 16.250000 1.000000 38
 4 0 12.916667 1.000000 70
 1509397.490727 4
 5 0 9.583333 1.000000 22
 5 1 12.083333 1.000000 29
 5 1 14.583333 1.000000 35
 2 1 12.083333 1.000000 229
 233207.287953 2
 3 0 16.250000 1.000000 158
 5 1 5.416667 1.000000 13
 373100.544425 8
 1 0 9.583333 1.000000 302
 5 0 9.583333 1.000000 22
 6 0 16.250000 1.000000 118
 5 1 11.250000 1.000000 27
 3 1 7.083333 1.000000 137
 4 0 0.416667 1.000000 40
 4 0 3.750000 1.000000 48
 9 0 13.750000 1.000000 352
 1588555.242190 4
 4 0 14.583333 1.000000 74
 5 0 13.750000 1.000000 32
 4 0 0.416667 1.000000 40
 4 1 5.416667 1.000000 53
 467987.432549 8
 5 1 11.250000 1.000000 27
 4 0 0.416667 1.000000 40
 3 0 12.916667 1.000000 150
 5 1 14.583333 1.000000 35
 4 1 2.083333 1.000000 45
 5 1 8.750000 1.000000 21
 7 0 2.916667 1.000000 166
 5 1 9.583333 1.000000 23
 978084.628125 9
 5 1 2.083333 1.000000 5
 5 1 15.416667 1.000000 37
 5 0 12.916667 1.000000 30
 4 0 10.416667 1.000000 64
 5 0 9.583333 1.000000 22
 4 0 15.416667 1.000000 76
 3 1 7.083333 1.000000 137
 4 0 12.916667 1.000000 70
 6 1 7.916667 1.000000 99
 152614.197709 2
 5 1 10.416667 1.000000 25
 4 0 12.083333 1.000000 68
 1978771.539712 7
 5 0 8.750000 1.000000 20
 4 0 9.583333 1.000000 62
 5 1 11.250000 1.000000 27
 5 1 4.583333 1.000000 11
 5 0 16.250000 1.000000 38
 5 0 7.083333 1.000000 16
 5 1 6.250000 1.000000 15
 1554190.729928 9
 4 0 12.083333 1.000000 68
 3 0 10.416667 1.000000 144
 5 0 0.416667 1.000000 0
 4 0 2.083333 1.000000 44
 7 1 3.750000 1.000000 169
 5 0 7.083333 1.000000 16
 6 0 14.583333 1.000000 114
 5 0 15.416667 1.000000 36
 1 1 7.083333 1.000000 297
 1709985.962152 3
 9 1 6.250000 1.000000 335
 5 1 15.416667 1.000000 37
 5 1 16.250000 1.000000 39
 1245261.746703 3
 4 0 5.416667 1.000000 52
 4 0 2.083333 1.000000 44
 5 0 2.083333 1.000000 4
 170190.529102 2
 2 1 9.583333 1.000000 223
 5 1 9.583333 1.000000 23
 645420.994072 5
 4 0 2.083333 1.000000 44
 5 0 12.083333 1.000000 28
 1 0 11.250000 1.000000 306
 4 0 9.583333 1.000000 62
 5 0 16.250000 1.000000 38
 1610302.051813 5
 5 0 7.083333 1.000000 16
 5 0 12.916667 1.000000 30
 6 0 6.250000 1.000000 94
 4 1 6.250000 1.000000 55
 4 1 2.083333 1.000000 45
 1931224.323013 4
 4 1 7.916667 1.000000 59
 4 0 0.416667 1.000000 40
 9 1 3.750000 1.000000 329
 4 0 6.250000 1.000000 54
 1438076.820838 3
 5 0 12.083333 1.000000 28
 4 0 9.583333 1.000000 62
 8 0 2.916667 1.000000 246
 767427.433621 6
 5 1 12.916667 1.000000 31
 5 1 14.583333 1.000000 35
 4 1 8.750000 1.000000 61
 4 0 2.083333 1.000000 44
 5 0 12.083333 1.000000 28
 4 1 10.416667 1.000000 65
 1841486.708523 7
 4 0 3.750000 1.000000 48
 4 1 2.083333 1.000000 45
 5 1 4.583333 1.000000 11
 4 0 14.583333 1.000000 74
 5 0 3.750000 1.000000 8
 5 0 11.250000 1.000000 26
 4 1 13.750000 1.000000 73
 960093.569439 7
 8 1 0.416667 1.000000 241
 4 1 3.750000 1.000000 49
 7 1 8.750000 1.000000 181
 4 1 6.250000 1.000000 55
 3 0 13.750000 1.000000 152
 5 0 7.083333 1.000000 16
 4 0 8.750000 1.000000 60
 490565.653579 8
 4 1 15.416667 1.000000 77
 1 0 12.916667 1.000000 310
 4 1 11.250000 1.000000 67
 5 1 10.416667 1.000000 25
 7 1 3.750000 1.000000 169
 5 0 14.583333 1.000000 34
 5 0 12.916667 1.000000 30
 4 1 4.583333 1.000000 51
 545474.544869 6
 3 0 12.083333 1.000000 148
 8 0 0.416667 1.000000 240
 5 1 2.916667 1.000000 7
 5 0 0.416667 1.000000 0
 6 0 0.416667 1.000000 80
 4 0 3.750000 1.000000 48
 124908.110334 5
 5 1 13.750000 1.000000 33
 4 0 9.583333 1.000000 62
 7 1 13.750000 1.000000 193
 3 0 3.750000 1.000000 128
 2 0 4.583333 1.000000 210
 1968724.448443 2
 4 1 11.250000 1.000000 67
 4 0 14.583333 1.000000 74
 1466266.590611 8
 3 1 0.416667 1.000000 121
 2 0 4.583333 1.000000 210
 5 0 16.250000 1.000000 38
 5 0 2.083333 1.000000 4
 6 1 6.250000 1.000000 95
 5 0 14.583333 1.000000 34
 6 1 16.250000 1.000000 119
 5 0 0.416667 1.000000 0
 1403280.343191 3
 8 0 7.083333 1.000000 256
 5 1 12.916667 1.000000 31
 4 1 7.083333 1.000000 57
 319785.739891 3
 8 1 0.416667 1.000000 241
 4 1 14.583333 1.000000 75
 4 0 9.583333 1.000000 62
 1662396.543297 3
 3 0 6.250000 1.000000 134
 5 0 9.583333 1.000000 22
 5 0 0.416667 1.000000 0
 784607.371960 2
 5 0 5.416667 1.000000 12
 2 1 16.250000 1.000000 239
 161669.984163 2
 6 0 5.416667 1.000000 92
 4 0 12.083333 1.000000 68
 352165.371735 4
 5 1 9.583333 1.000000 23
 5 0 16.250000 1.000000 38
 4 0 12.916667 1.000000 70
 4 0 2.083333 1.000000 44
 389944.274719 8
 4 0 12.083333 1.000000 68
 3 1 15.416667 1.000000 157
 3 1 11.250000 1.000000 147
 5 1 12.916667 1.000000 31
 5 0 1.250000 1.000000 2
 5 1 2.916667 1.000000 7
 5 1 13.750000 1.000000 33
 4 1 2.083333 1.000000 45
 1257330.782980 8
 5 0 9.583333 1.000000 22
 4 0 0.416667 1.000000 40
 9 0 0.416667 1.000000 320
 5 0 2.083333 1.000000 4
 4 0 2.916667 1.000000 46
 4 0 8.750000 1.000000 60
 4 0 3.750000 1.000000 48
 4 0 6.250000 1.000000 54
 1757738.335597 6
 4 1 14.583333 1.000000 75
 0 1 3.750000 1.000000 369
 5 1 15.416667 1.000000 37
 4 0 13.750000 1.000000 72
 4 1 7.083333 1.000000 57
 5 0 7.083333 1.000000 16
 1744666.609533 6
 4 1 2.083333 1.000000 45
 6 1 4.583333 1.000000 91
 4 0 12.916667 1.000000 70
 9 1 3.750000 1.000000 329
 5 1 2.083333 1.000000 5
 5 0 14.583333 1.000000 34
 789944.671947 6
 1 0 1.250000 1.000000 282
 5 0 3.750000 1.000000 8
 4 0 0.416667 1.000000 40
 4 1 6.250000 1.000000 55
 4 1 7.083333 1.000000 57
 4 0 2.083333 1.000000 44
 1744325.580627 8
 4 1 2.916667 1.000000 47
 4 1 4.583333 1.000000 51
 4 1 9.583333 1.000000 63
 4 0 7.916667 1.000000 58
 4 1 3.750000 1.000000 49
 4 1 16.250000 1.000000 79
 4 0 1.250000 1.000000 42
 5 0 0.416667 1.000000 0
 604646.871576 6
 4 1 13.750000 1.000000 73
 2 1 7.916667 1.000000 219
 3 0 0.416667 1.000000 120
 0 0 4.583333 1.000000 370
 5 1 4.583333 1.000000 11
 6 0 10.416667 1.000000 104
 525610.914848 8
 5 0 14.583333 1.000000 34
 4 1 1.250000 1.000000 43
 5 0 8.750000 1.000000 20
 7 0 8.750000 1.000000 180
 4 0 7.083333 1.000000 56
 5 0 6.250000 1.000000 14
 4 0 0.416667 1.000000 40
 4 0 2.083333 1.000000 44
 408702.749297 2
 4 0 11.250000 1.000000 66
 4 0 2.916667 1.000000 46
 914753.533990 7
 5 1 7.916667 1.000000 19
 4 1 5.416667 1.000000 53
 5 1 16.250000 1.000000 39
 4 0 12.916667 1.000000 70
 4 0 8.750000 1.000000 60
 4 1 2.916667 1.000000 47
 5 0 2.916667 1.000000 6
 407588.900424 2
 5 1 8.750000 1.000000 21
 4 0 3.750000 1.000000 48
 1057004.079193 2
 4 0 13.750000 1.000000 72
 4 1 12.916667 1.000000 71
 664155.671924 8
 5 0 6.250000 1.000000 14
 4 1 1.250000 1.000000 43
 3 0 12.083333 1.000000 148
 4 0 15.416667 1.000000 76
 4 1 14.583333 1.000000 75
 5 0 7.916667 1.000000 18
 4 1 13.750000 1.000000 73
 0 0 7.083333 1.000000 376
 121614.299548 3
 4 1 10.416667 1.000000 65
 4 0 0.416667 1.000000 40
 5 1 14.583333 1.000000 35
 1786691.193258 8
 5 1 5.416667 1.000000 13
 5 0 12.083333 1.000000 28
 4 0 11.250000 1.000000 66
 5 0 7.083333 1.000000 16
 5 1 10.416667 1.000000 25
 4 0 12.916667 1.000000 70
 8 0 1.250000 1.000000 242
 5 0 2.083333 1.000000 4
 901598.631191 9
 4 1 16.250000 1.000000 79
 5 0 12.083333 1.000000 28
 5 0 15.416667 1.000000 36
 5 1 2.083333 1.000000 5
 5 1 15.416667 1.000000 37
 4 0 15.416667 1.000000 76
 4 0 2.916667 1.000000 46
 5 1 16.250000 1.000000 39
 5 0 2.916667 1.000000 6
 563703.134546 3
 8 1 0.416667 1.000000 241
 5 1 7.083333 1.000000 17
 5 1 4.583333 1.000000 11
 1692938.731654 8
 0 0 15.416667 1.000000 396
 4 0 12.083333 1.000000 68
 5 1 16.250000 1.000000 39
 3 1 15.416667 1.000000 157
 5 0 16.250000 1.000000 38
 4 1 14.583333 1.000000 75
 4 0 5.416667 1.000000 52
 1 0 11.250000 1.000000 306
 685722.792673 9
 5 0 6.250000 1.000000 14
 3 0 10.416667 1.000000 144
 6 1 15.416667 1.000000 117
 5 1 15.416667 1.000000 37
 3 1 1.250000 1.000000 123
 4 1 7.916667 1.000000 59
 4 0 7.083333 1.000000 56
 5 1 3.750000 1.000000 9
 5 1 13.750000 1.000000 33
 85223.316217 2
 3 0 5.416667 1.000000 132
 6 0 12.083333 1.000000 108
 949118.907838 8
 4 1 15.416667 1.000000 77
 6 1 6.250000 1.000000 95
 4 1 14.583333 1.000000 75
 5 1 12.916667 1.000000 31
 4 0 11.250000 1.000000 66
 5 1 13.750000 1.000000 33
 1 0 7.083333 1.000000 296
 5 1 14.583333 1.000000 35
 1462067.504833 7
 5 1 13.750000 1.000000 33
 5 0 16.250000 1.000000 38
 4 0 4.583333 1.000000 50
 5 1 5.416667 1.000000 13
 9 1 13.750000 1.000000 353
 4 1 0.416667 1.000000 41
 5 1 15.416667 1.000000 37
 722647.050658 3
 4 1 2.083333 1.000000 45
 5 0 16.250000 1.000000 38
 4 0 4.583333 1.000000 50
 53624.252218 7
 0 1 4.583333 1.000000 371
 5 1 12.916667 1.000000 31
 5 1 8.750000 1.000000 21
 5 0 9.583333 1.000000 22
 4 0 13.750000 1.000000 72
 4 1 15.416667 1.000000 77
 5 1 10.416667 1.000000 25
 1157618.583626 8
 6 0 15.416667 1.000000 116
 5 0 16.250000 1.000000 38
 7 1 3.750000 1.000000 169
 4 1 7.083333 1.000000 57
 1 1 12.083333 1.000000 309
 5 0 8.750000 1.000000 20
 3 1 8.750000 1.000000 141
 5 0 10.416667 1.000000 24
 456763.656929 6
 7 1 16.250000 1.000000 199
 5 0 10.416667 1.000000 24
 4 0 7.916667 1.000000 58
 4 0 14.583333 1.000000 74
 4 1 15.416667 1.000000 77
 5 1 7.083333 1.000000 17
 1325308.525341 7
 4 0 4.583333 1.000000 50
 4 0 10.416667 1.000000 64
 5 1 7.916667 1.000000 19
 4 1 12.916667 1.000000 71
 4 0 9.583333 1.000000 62
 5 1 12.083333 1.000000 29
 5 0 7.916667 1.000000 18
 1617589.842741 6
 4 1 5.416667 1.000000 53
 3 1 2.083333 1.000000 125
 5 0 10.416667 1.000000 24
 4 0 7.916667 1.000000 58
 5 1 12.916667 1.000000 31
 5 1 9.583333 1.000000 23
 1168187.543586 8
 5 1 10.416667 1.000000 25
 4 0 5.416667 1.000000 52
 5 0 13.750000 1.000000 32
 4 1 10.416667 1.000000 65
 5 0 3.750000 1.000000 8
 5 0 7.083333 1.000000 16
 5 0 5.416667 1.000000 12
 5 0 7.916667 1.000000 18
 1973149.133536 3
 4 0 11.250000 1.000000 66
 4 1 6.250000 1.000000 55
 5 1 4.583333 1.000000 11
 929613.344935 8
 4 1 12.916667 1.000000 71
 5 0 8.750000 1.000000 20
 6 1 9.583333 1.000000 103
 5 0 0.416667 1.000000 0
 5 0 3.750000 1.000000 8
 4 0 7.916667 1.000000 58
 4 1 13.750000 1.000000 73
 3 0 13.750000 1.000000 152
 1044120.895157 5
 5 0 1.250000 1.000000 2
 4 1 12.916667 1.000000 71
 3 0 12.083333 1.000000 148
 9 1 14.583333 1.000000 355
 5 0 8.750000 1.000000 20
 1045489.786009 4
 4 1 4.583333 1.000000 51
 4 0 12.916667 1.000000 70
 4 0 9.583333 1.000000 62
 5 1 7.916667 1.000000 19
 229867.814979 2
 5 1 6.250000 1.000000 15
 0 0 15.416667 1.000000 396
 513407.316130 2
 4 0 2.916667 1.000000 46
 2 1 3.750000 1.000000 209
 502331.027641 5
 6 0 12.083333 1.000000 108
 4 1 1.250000 1.000000 43
 3 1 5.416667 1.000000 133
 4 1 11.250000 1.000000 67
 6 0 14.583333 1.000000 114
 553349.914957 5
 5 0 15.416667 1.000000 36
 5 0 8.750000 1.000000 20
 5 1 15.416667 1.000000 37
 5 0 12.083333 1.000000 28
 3 0 12.083333 1.000000 148
 1171739.172773 9
 5 0 3.750000 1.000000 8
 5 1 8.750000 1.000000 21
 5 1 10.416667 1.000000 25
 5 0 12.916667 1.000000 30
 4 1 6.250000 1.000000 55
 4 1 9.583333 1.000000 63
 4 1 2.916667 1.000000 47
 5 0 8.750000 1.000000 20
 5 0 6.250000 1.000000 14
 1752195.964657 7
 4 1 7.916667 1.000000 59
 4 0 1.250000 1.000000 42
 4 0 12.916667 1.000000 70
 5 0 5.416667 1.000000 12
 5 1 3.750000 1.000000 9
 4 1 15.416667 1.000000 77
 3 0 15.416667 1.000000 156
 493242.146826 2
 5 0 15.416667 1.000000 36
 5 1 4.583333 1.000000 11
 1081967.863367 6
 6 0 5.416667 1.000000 92
 4 0 11.250000 1.000000 66
 5 1 10.416667 1.000000 25
 5 0 2.916667 1.000000 6
 5 1 11.250000 1.000000 27
 4 0 1.250000 1.000000 42
 1054569.881211 8
 2 1 5.416667 1.000000 213
 2 0 7.916667 1.000000 218
 5 1 14.583333 1.000000 35
 5 1 13.750000 1.000000 33
 4 1 3.750000 1.000000 49
 5 0 15.416667 1.000000 36
 5 1 16.250000 1.000000 39
 5 1 3.750000 1.000000 9
 1303062.480978 9
 4 1 9.583333 1.000000 63
 5 1 3.750000 1.000000 9
 5 1 0.416667 1.000000 1
 7 0 7.916667 1.000000 178
 5 0 16.250000 1.000000 38
 4 0 1.250000 1.000000 42
 4 0 0.416667 1.000000 40
 4 1 5.416667 1.000000 53
 4 1 14.583333 1.000000 75
 696883.613252 8
 5 1 9.583333 1.000000 23
 4 0 8.750000 1.000000 60
 5 0 3.750000 1.000000 8
 5 0 16.250000 1.000000 38
 4 0 16.250000 1.000000 78
 4 0 1.250000 1.000000 42
 4 1 2.083333 1.000000 45
 4 0 0.416667 1.000000 40
 1537254.426692 8
 5 0 2.083333 1.000000 4
 2 1 11.250000 1.000000 227
 5 0 15.416667 1.000000 36
 4 0 14.583333 1.000000 74
 4 0 11.250000 1.000000 66
 9 1 7.083333 1.000000 337
 5 1 7.083333 1.000000 17
 5 0 16.250000 1.000000 38
 836249.882633 9
 4 1 12.916667 1.000000 71
 5 1 9.583333 1.000000 23
 4 1 2.916667 1.000000 47
 3 0 12.083333 1.000000 148
 4 0 7.083333 1.000000 56
 4 0 16.250000 1.000000 78
 5 1 8.750000 1.000000 21
 5 1 6.250000 1.000000 15
 5 1 4.583333 1.000000 11
 1982972.609691 8
 6 1 14.583333 1.000000 115
 5 1 6.250000 1.000000 15
 4 0 16.250000 1.000000 78
 6 0 4.583333 1.000000 90
 1 0 10.416667 1.000000 304
 4 0 1.250000 1.000000 42
 4 0 8.750000 1.000000 60
 5 0 2.916667 1.000000 6
 202600.812019 9
 5 1 11.250000 1.000000 27
 5 1 3.750000 1.000000 9
 6 1 10.416667 1.000000 105
 4 1 3.750000 1.000000 49
 4 1 10.416667 1.000000 65
 4 0 3.750000 1.000000 48
 4 1 5.416667 1.000000 53
 5 0 3.750000 1.000000 8
 4 0 12.083333 1.000000 68
 222705.580919 4
 4 1 15.416667 1.000000 77
 8 0 4.583333 1.000000 250
 5 0 2.916667 1.000000 6
 5 1 3.750000 1.000000 9
 1783891.017821 7
 5 0 10.416667 1.000000 24
 4 1 12.083333 1.000000 69
 5 0 16.250000 1.000000 38
 5 0 1.250000 1.000000 2
 5 1 3.750000 1.000000 9
 7 1 3.750000 1.000000 169
 5 0 9.583333 1.000000 22
 207747.408714 8
 5 0 2.083333 1.000000 4
 5 1 5.416667 1.000000 13
 4 1 7.916667 1.000000 59
 3 1 5.416667 1.000000 133
 3 0 7.916667 1.000000 138
 3 0 9.583333 1.000000 142
 5 0 7.916667 1.000000 18
 5 1 14.583333 1.000000 35
 1485599.772597 5
 5 0 9.583333 1.000000 22
 4 0 16.250000 1.000000 78
 4 0 7.916667 1.000000 58
 4 1 14.583333 1.000000 75
 4 0 2.916667 1.000000 46
 758815.617244 2
 5 0 3.750000 1.000000 8
 4 0 15.416667 1.000000 76
 1466126.896081 8
 4 0 13.750000 1.000000 72
 5 1 9.583333 1.000000 23
 3 1 3.750000 1.000000 129
 4 1 3.750000 1.000000 49
 3 0 2.083333 1.000000 124
 5 0 4.583333 1.000000 10
 4 1 16.250000 1.000000 79
 5 1 6.250000 1.000000 15
 1835970.279144 2
 4 0 9.583333 1.000000 62
 5 1 5.416667 1.000000 13
 1077831.797431 5
 4 0 10.416667 1.000000 64
 5 1 6.250000 1.000000 15
 6 0 12.916667 1.000000 110
 5 1 16.250000 1.000000 39
 4 0 4.583333 1.000000 50
 1199480.178989 5
 1 0 14.583333 1.000000 314
 6 0 12.916667 1.000000 110
 3 1 3.750000 1.000000 129
 4 1 14.583333 1.000000 75
 5 1 1.250000 1.000000 3
 790546.731944 6
 4 0 7.083333 1.000000 56
 5 0 12.083333 1.000000 28
 5 1 14.583333 1.000000 35
 4 1 11.250000 1.000000 67
 4 0 3.750000 1.000000 48
 5 1 13.750000 1.000000 33
 1552144.914266 9
 5 1 10.416667 1.000000 25
 5 0 16.250000 1.000000 38
 5 0 7.083333 1.000000 16
 4 0 11.250000 1.000000 66
 5 1 12.083333 1.000000 29
 4 1 13.750000 1.000000 73
 4 0 6.250000 1.000000 54
 0 1 2.916667 1.000000 367
 2 0 15.416667 1.000000 236
 1701312.546088 7
 5 1 7.083333 1.000000 17
 2 1 9.583333 1.000000 223
 5 0 14.583333 1.000000 34
 4 1 2.916667 1.000000 47
 7 0 2.916667 1.000000 166
 4 1 16.250000 1.000000 79
 4 0 9.583333 1.000000 62
 1363043.111452 8
 5 0 2.083333 1.000000 4
 5 0 5.416667 1.000000 12
 5 1 6.250000 1.000000 15
 4 1 16.250000 1.000000 79
 4 0 5.416667 1.000000 52
 5 0 12.083333 1.000000 28
 1 1 3.750000 1.000000 289
 5 1 13.750000 1.000000 33
 625247.835026 2
 5 1 4.583333 1.000000 11
 4 1 8.750000 1.000000 61
 1245615.973196 6
 5 1 5.416667 1.000000 13
 4 0 7.916667 1.000000 58
 5 1 10.416667 1.000000 25
 5 1 7.083333 1.000000 17
 5 0 9.583333 1.000000 22
 5 0 10.416667 1.000000 24
 426864.767832 3
 6 1 2.916667 1.000000 87
 5 0 2.916667 1.000000 6
 5 0 7.083333 1.000000 16
 62714.581482 4
 4 0 9.583333 1.000000 62
 5 0 0.416667 1.000000 0
 4 1 3.750000 1.000000 49
 6 0 14.583333 1.000000 114
 139921.410298 8
 4 1 5.416667 1.000000 53
 5 0 15.416667 1.000000 36
 4 0 1.250000 1.000000 42
 4 1 2.083333 1.000000 45
 9 0 12.083333 1.000000 348
 1 1 6.250000 1.000000 295
 4 1 16.250000 1.000000 79
 5 1 7.916667 1.000000 19
 334341.299019 8
 4 0 8.750000 1.000000 60
 5 0 16.250000 1.000000 38
 3 0 0.416667 1.000000 120
 4 1 6.250000 1.000000 55
 4 1 7.083333 1.000000 57
 4 1 3.750000 1.000000 49
 4 0 15.416667 1.000000 76
 9 0 15.416667 1.000000 356
 771370.266271 9
 4 1 9.583333 1.000000 63
 4 1 8.750000 1.000000 61
 5 1 0.416667 1.000000 1
 4 0 11.250000 1.000000 66
 5 1 7.083333 1.000000 17
 5 1 13.750000 1.000000 33
 1 1 3.750000 1.000000 289
 5 0 10.416667 1.000000 24
 5 0 5.416667 1.000000 12
 156227.489559 6
 5 0 16.250000 1.000000 38
 3 0 8.750000 1.000000 140
 5 0 0.416667 1.000000 0
 5 1 15.416667 1.000000 37
 5 0 7.916667 1.000000 18
 4 1 16.250000 1.000000 79
 1413847.662124 7
 5 1 2.916667 1.000000 7
 4 0 2.083333 1.000000 44
 4 1 2.083333 1.000000 45
 4 1 7.916667 1.000000 59
 4 0 12.916667 1.000000 70
 4 1 7.083333 1.000000 57
 5 1 15.416667 1.000000 37
 846482.776928 7
 4 1 7.083333 1.000000 57
 4 0 4.583333 1.000000 50
 4 1 11.250000 1.000000 67
 4 1 12.083333 1.000000 69
 5 0 15.416667 1.000000 36
 4 0 10.416667 1.000000 64
 5 0 4.583333 1.000000 10
 1946944.454101 6
 4 1 10.416667 1.000000 65
 5 0 3.750000 1.000000 8
 4 1 7.083333 1.000000 57
 4 1 12.916667 1.000000 71
 5 0 5.416667 1.000000 12
 4 1 12.083333 1.000000 69
 821449.069279 2
 5 0 11.250000 1.000000 26
 5 0 6.250000 1.000000 14
 825400.805280 9
 4 1 14.583333 1.000000 75
 4 1 4.583333 1.000000 51
 4 0 13.750000 1.000000 72
 4 1 6.250000 1.000000 55
 4 1 10.416667 1.000000 65
 9 0 7.916667 1.000000 338
 1 0 13.750000 1.000000 312
 4 1 2.083333 1.000000 45
 4 0 3.750000 1.000000 48
 1396343.326027 8
 4 1 7.083333 1.000000 57
 4 1 11.250000 1.000000 67
 5 1 13.750000 1.000000 33
 5 1 3.750000 1.000000 9
 4 1 0.416667 1.000000 41
 5 0 12.916667 1.000000 30
 9 0 10.416667 1.000000 344
 4 0 2.083333 1.000000 44
 148889.768677 7
 5 0 16.250000 1.000000 38
 4 1 2.916667 1.000000 47
 0 0 6.250000 1.000000 374
 5 0 7.916667 1.000000 18
 4 1 10.416667 1.000000 65
 4 0 7.916667 1.000000 58
 5 1 11.250000 1.000000 27
 400657.647848 7
 4 1 1.250000 1.000000 43
 3 1 15.416667 1.000000 157
 5 0 11.250000 1.000000 26
 4 1 7.083333 1.000000 57
 3 1 7.083333 1.000000 137
 4 1 5.416667 1.000000 53
 4 0 1.250000 1.000000 42
 479741.135966 7
 4 0 3.750000 1.000000 48
 5 1 9.583333 1.000000 23
 4 1 16.250000 1.000000 79
 4 1 3.750000 1.000000 49
 4 1 5.416667 1.000000 53
 5 1 15.416667 1.000000 37
 4 1 10.416667 1.000000 65
 1037513.904347 8
 5 1 15.416667 1.000000 37
 5 1 11.250000 1.000000 27
 5 0 1.250000 1.000000 2
 4 1 13.750000 1.000000 73
 4 0 13.750000 1.000000 72
 6 1 12.916667 1.000000 111
 6 0 11.250000 1.000000 106
 4 1 15.416667 1.000000 77
 1671340.926062 7
 4 0 10.416667 1.000000 64
 5 0 15.416667 1.000000 36
 5 0 12.083333 1.000000 28
 3 0 9.583333 1.000000 142
 3 1 1.250000 1.000000 123
 4 1 11.250000 1.000000 67
 4 0 7.916667 1.000000 58
 133256.524435 7
 4 0 9.583333 1.000000 62
 4 0 8.750000 1.000000 60
 4 0 0.416667 1.000000 40
 5 0 0.416667 1.000000 0
 6 0 12.916667 1.000000 110
 3 0 2.083333 1.000000 124
 5 0 10.416667 1.000000 24
 1280622.479562 7
 1 1 16.250000 1.000000 319
 4 1 5.416667 1.000000 53
 5 0 16.250000 1.000000 38
 4 0 16.250000 1.000000 78
 5 1 12.083333 1.000000 29
 4 0 12.916667 1.000000 70
 4 0 10.416667 1.000000 64
 1549275.107416 4
 6 0 12.916667 1.000000 110
 5 0 12.083333 1.000000 28
 5 0 3.750000 1.000000 8
 4 0 4.583333 1.000000 50
 456832.607471 2
 5 0 4.583333 1.000000 10
 7 0 7.916667 1.000000 178
 1626644.930070 4
 3 1 1.250000 1.000000 123
 5 0 16.250000 1.000000 38
 6 0 6.250000 1.000000 94
 4 1 9.583333 1.000000 63
 1976007.768985 5
 5 0 16.250000 1.000000 38
 5 0 10.416667 1.000000 24
 5 0 12.916667 1.000000 30
 4 1 15.416667 1.000000 77
 5 1 7.083333 1.000000 17
 169940.613736 4
 4 1 11.250000 1.000000 67
 1 1 2.083333 1.000000 285
 5 1 6.250000 1.000000 15
 4 1 1.250000 1.000000 43
 1020394.180222 3
 5 1 9.583333 1.000000 23
 5 0 11.250000 1.000000 26
 5 1 10.416667 1.000000 25
 1536266.166631 9
 4 0 0.416667 1.000000 40
 5 0 7.916667 1.000000 18
 4 1 8.750000 1.000000 61
 5 0 12.083333 1.000000 28
 5 1 9.583333 1.000000 23
 4 0 10.416667 1.000000 64
 5 1 7.916667 1.000000 19
 4 0 16.250000 1.000000 78
 5 1 15.416667 1.000000 37
 709439.616720 5
 0 0 12.083333 1.000000 388
 4 1 14.583333 1.000000 75
 5 0 12.916667 1.000000 30
 4 1 3.750000 1.000000 49
 4 0 4.583333 1.000000 50
 623427.124910 5
 5 0 10.416667 1.000000 24
 4 1 1.250000 1.000000 43
 5 1 10.416667 1.000000 25
 5 0 2.083333 1.000000 4
 4 0 9.583333 1.000000 62
 1662246.983434 9
 5 1 16.250000 1.000000 39
 4 1 3.750000 1.000000 49
 4 1 0.416667 1.000000 41
 5 1 1.250000 1.000000 3
 5 0 16.250000 1.000000 38
 5 0 7.083333 1.000000 16
 4 0 5.416667 1.000000 52
 9 1 14.583333 1.000000 355
 8 0 9.583333 1.000000 262
 1625071.310524 8
 5 1 13.750000 1.000000 33
 6 0 2.916667 1.000000 86
 4 1 12.083333 1.000000 69
 5 1 12.083333 1.000000 29
 5 0 5.416667 1.000000 12
 5 0 6.250000 1.000000 14
 4 0 0.416667 1.000000 40
 2 1 1.250000 1.000000 203
 1803135.158998 9
 0 1 12.083333 1.000000 389
 5 0 14.583333 1.000000 34
 4 1 16.250000 1.000000 79
 5 0 0.416667 1.000000 0
 5 1 6.250000 1.000000 15
 4 0 16.250000 1.000000 78
 5 0 5.416667 1.000000 12
 9 0 0.416667 1.000000 320
 5 1 1.250000 1.000000 3
 418752.767583 9
 5 1 11.250000 1.000000 27
 4 0 0.416667 1.000000 40
 4 1 3.750000 1.000000 49
 6 0 14.583333 1.000000 114
 5 0 9.583333 1.000000 22
 4 0 2.083333 1.000000 44
 5 1 14.583333 1.000000 35
 5 1 3.750000 1.000000 9
 5 0 12.916667 1.000000 30
 692383.360570 8
 5 0 0.416667 1.000000 0
 4 0 6.250000 1.000000 54
 5 1 4.583333 1.000000 11
 5 0 4.583333 1.000000 10
 5 1 10.416667 1.000000 25
 5 1 6.250000 1.000000 15
 4 1 6.250000 1.000000 55
 4 0 16.250000 1.000000 78
 500601.753248 3
 5 0 11.250000 1.000000 26
 3 0 3.750000 1.000000 128
 4 0 6.250000 1.000000 54
 418616.772210 7
 5 1 1.250000 1.000000 3
 4 0 8.750000 1.000000 60
 4 1 4.583333 1.000000 51
 5 1 12.083333 1.000000 29
 5 0 4.583333 1.000000 10
 7 1 2.916667 1.000000 167
 8 0 16.250000 1.000000 278
 1365477.771259 7
 5 1 12.916667 1.000000 31
 4 0 12.916667 1.000000 70
 5 0 7.083333 1.000000 16
 5 1 6.250000 1.000000 15
 3 1 6.250000 1.000000 135
 5 1 3.750000 1.000000 9
 5 0 13.750000 1.000000 32
 1080257.794839 9
 5 0 10.416667 1.000000 24
 4 1 12.083333 1.000000 69
 5 0 2.916667 1.000000 6
 4 0 2.916667 1.000000 46
 5 1 6.250000 1.000000 15
 4 0 3.750000 1.000000 48
 5 1 15.416667 1.000000 37
 1 0 6.250000 1.000000 294
 1 1 9.583333 1.000000 303
 821201.495892 3
 5 1 8.750000 1.000000 21
 5 0 7.083333 1.000000 16
 5 0 6.250000 1.000000 14
 271264.167145 8
 4 1 7.916667 1.000000 59
 5 0 9.583333 1.000000 22
 5 1 7.083333 1.000000 17
 5 1 2.083333 1.000000 5
 4 1 13.750000 1.000000 73
 9 0 3.750000 1.000000 328
 5 1 8.750000 1.000000 21
 4 1 2.916667 1.000000 47
 1118934.931363 2
 5 0 11.250000 1.000000 26
 8 1 14.583333 1.000000 275
 591678.413428 8
 5 1 2.916667 1.000000 7
 4 1 16.250000 1.000000 79
 4 1 11.250000 1.000000 67
 5 1 4.583333 1.000000 11
 1 0 8.750000 1.000000 300
 5 1 11.250000 1.000000 27
 0 1 15.416667 1.000000 397
 5 1 9.583333 1.000000 23
 1481060.380769 7
 2 1 15.416667 1.000000 237
 4 0 15.416667 1.000000 76
 4 0 2.083333 1.000000 44
 5 1 1.250000 1.000000 3
 5 1 13.750000 1.000000 33
 3 1 2.083333 1.000000 125
 3 1 12.916667 1.000000 151
 241623.814740 2
 4 1 5.416667 1.000000 53
 4 1 13.750000 1.000000 73
 473023.530037 9
 9 0 5.416667 1.000000 332
 4 1 2.083333 1.000000 45
 4 1 12.916667 1.000000 71
 4 1 5.416667 1.000000 53
 4 1 3.750000 1.000000 49
 9 0 9.583333 1.000000 342
 5 1 1.250000 1.000000 3
 5 1 11.250000 1.000000 27
 4 0 12.916667 1.000000 70
 1949972.318015 3
 5 0 6.250000 1.000000 14
 4 1 0.416667 1.000000 41
 5 1 0.416667 1.000000 1
 474407.990572 2
 4 0 5.416667 1.000000 52
 1 1 6.250000 1.000000 295
 944481.098160 2
 3 1 13.750000 1.000000 153
 5 0 3.750000 1.000000 8
 978644.436681 9
 4 1 8.750000 1.000000 61
 5 1 1.250000 1.000000 3
 5 0 3.750000 1.000000 8
 4 0 5.416667 1.000000 52
 4 1 7.916667 1.000000 59
 4 1 7.083333 1.000000 57
 4 0 0.416667 1.000000 40
 4 0 14.583333 1.000000 74
 5 1 12.083333 1.000000 29
 1373933.568622 9
 4 1 13.750000 1.000000 73
 4 1 14.583333 1.000000 75
 5 1 7.083333 1.000000 17
 5 1 13.750000 1.000000 33
 4 0 2.083333 1.000000 44
 4 1 1.250000 1.000000 43
 5 1 7.916667 1.000000 19
 8 1 15.416667 1.000000 277
 6 1 2.916667 1.000000 87
 545945.235037 5
 0 0 12.916667 1.000000 390
 3 1 11.250000 1.000000 147
 5 0 7.083333 1.000000 16
 4 1 6.250000 1.000000 55
 5 0 2.916667 1.000000 6