 Numero de pedidos 
 150
 duedate num_referencias // pasillo lado altura peso
 694358.239665 2
 9 0 16.250000 1.000000 398
 1 0 8.750000 1.000000 60
 1724533.845505 2
 2 1 12.083333 1.000000 109
 6 0 14.583333 1.000000 274
 1857950.832983 9
 5 1 7.916667 1.000000 219
 9 1 14.583333 1.000000 395
 9 0 10.416667 1.000000 384
 8 1 14.583333 1.000000 355
 4 0 6.250000 1.000000 174
 4 1 3.750000 1.000000 169
 5 1 0.416667 1.000000 201
 6 1 3.750000 1.000000 249
 2 1 5.416667 1.000000 93
 1016496.073332 9
 7 0 13.750000 1.000000 312
 6 1 3.750000 1.000000 249
 6 0 14.583333 1.000000 274
 8 1 1.250000 1.000000 323
 6 0 9.583333 1.000000 262
 6 0 10.416667 1.000000 264
 7 0 0.416667 1.000000 280
 7 1 12.916667 1.000000 311
 4 1 2.083333 1.000000 165
 1021954.914323 5
 6 1 4.583333 1.000000 251
 9 0 16.250000 1.000000 398
 1 0 14.583333 1.000000 74
 2 1 1.250000 1.000000 83
 7 0 5.416667 1.000000 292
 1610172.486384 4
 3 1 11.250000 1.000000 147
 9 0 2.916667 1.000000 366
 7 0 9.583333 1.000000 302
 0 1 0.416667 1.000000 1
 1984404.972170 3
 0 1 5.416667 1.000000 13
 4 0 0.416667 1.000000 160
 9 0 10.416667 1.000000 384
 430484.487801 4
 7 0 6.250000 1.000000 294
 4 1 2.083333 1.000000 165
 4 0 16.250000 1.000000 198
 7 0 10.416667 1.000000 304
 322248.812840 5
 6 1 9.583333 1.000000 263
 0 1 8.750000 1.000000 21
 7 0 11.250000 1.000000 306
 7 0 6.250000 1.000000 294
 9 0 5.416667 1.000000 372
 1927056.565530 4
 2 1 12.083333 1.000000 109
 4 1 16.250000 1.000000 199
 5 1 0.416667 1.000000 201
 9 1 0.416667 1.000000 361
 825216.436100 6
 1 1 4.583333 1.000000 51
 4 0 0.416667 1.000000 160
 2 0 1.250000 1.000000 82
 0 1 12.916667 1.000000 31
 6 1 12.916667 1.000000 271
 4 0 2.916667 1.000000 166
 826191.359845 3
 2 1 11.250000 1.000000 107
 2 0 1.250000 1.000000 82
 4 0 16.250000 1.000000 198
 893887.343786 6
 3 1 14.583333 1.000000 155
 7 0 16.250000 1.000000 318
 9 0 16.250000 1.000000 398
 9 1 14.583333 1.000000 395
 5 0 14.583333 1.000000 234
 8 0 7.083333 1.000000 336
 693806.604302 2
 0 0 8.750000 1.000000 20
 6 0 10.416667 1.000000 264
 348164.405817 5
 8 0 7.083333 1.000000 336
 2 0 11.250000 1.000000 106
 3 1 2.916667 1.000000 127
 1 1 14.583333 1.000000 75
 2 1 11.250000 1.000000 107
 1746162.631654 6
 7 0 7.083333 1.000000 296
 5 1 0.416667 1.000000 201
 4 0 6.250000 1.000000 174
 1 1 8.750000 1.000000 61
 3 1 0.416667 1.000000 121
 5 1 7.916667 1.000000 219
 291031.335225 4
 4 1 16.250000 1.000000 199
 4 0 6.250000 1.000000 174
 7 1 0.416667 1.000000 281
 6 0 10.416667 1.000000 264
 644449.808730 6
 1 0 13.750000 1.000000 72
 9 0 16.250000 1.000000 398
 7 1 12.916667 1.000000 311
 2 0 4.583333 1.000000 90
 2 1 11.250000 1.000000 107
 3 0 5.416667 1.000000 132
 1109015.327314 3
 3 1 11.250000 1.000000 147
 0 0 7.083333 1.000000 16
 4 0 9.583333 1.000000 182
 1407948.165055 8
 7 0 6.250000 1.000000 294
 8 0 7.083333 1.000000 336
 7 0 4.583333 1.000000 290
 4 1 13.750000 1.000000 193
 0 0 14.583333 1.000000 34
 2 1 3.750000 1.000000 89
 9 0 5.416667 1.000000 372
 7 0 16.250000 1.000000 318
 1503100.331045 3
 6 1 12.916667 1.000000 271
 7 0 8.750000 1.000000 300
 6 1 6.250000 1.000000 255
 603994.581347 2
 2 0 6.250000 1.000000 94
 0 0 10.416667 1.000000 24
 360737.481267 4
 7 1 12.083333 1.000000 309
 7 1 6.250000 1.000000 295
 6 0 2.083333 1.000000 244
 7 1 14.583333 1.000000 315
 1644416.677004 4
 4 1 10.416667 1.000000 185
 7 0 10.416667 1.000000 304
 0 0 8.750000 1.000000 20
 8 1 13.750000 1.000000 353
 1216434.987139 8
 6 1 12.916667 1.000000 271
 9 1 6.250000 1.000000 375
 2 1 2.083333 1.000000 85
 1 1 8.750000 1.000000 61
 2 1 10.416667 1.000000 105
 2 1 1.250000 1.000000 83
 4 0 6.250000 1.000000 174
 0 0 8.750000 1.000000 20
 1524445.832746 9
 7 1 2.083333 1.000000 285
 6 1 5.416667 1.000000 253
 7 0 16.250000 1.000000 318
 3 1 14.583333 1.000000 155
 3 0 7.916667 1.000000 138
 4 1 16.250000 1.000000 199
 7 0 13.750000 1.000000 312
 6 1 2.916667 1.000000 247
 5 0 7.083333 1.000000 216
 1072026.557229 2
 8 0 15.416667 1.000000 356
 3 1 11.250000 1.000000 147
 488007.755153 7
 5 1 7.916667 1.000000 219
 3 0 6.250000 1.000000 134
 0 1 5.416667 1.000000 13
 6 1 3.750000 1.000000 249
 0 1 9.583333 1.000000 23
 7 0 10.416667 1.000000 304
 0 0 13.750000 1.000000 32
 1750742.154732 7
 2 0 7.083333 1.000000 96
 5 0 7.083333 1.000000 216
 6 1 6.250000 1.000000 255
 9 0 10.416667 1.000000 384
 5 1 0.416667 1.000000 201
 6 1 5.416667 1.000000 253
 1 0 12.916667 1.000000 70
 252650.661568 6
 6 1 10.416667 1.000000 265
 4 1 10.416667 1.000000 185
 3 1 14.583333 1.000000 155
 6 0 14.583333 1.000000 274
 2 0 4.583333 1.000000 90
 4 1 2.083333 1.000000 165
 1336302.495942 5
 8 1 10.416667 1.000000 345
 3 0 6.250000 1.000000 134
 2 0 4.583333 1.000000 90
 0 1 9.583333 1.000000 23
 2 1 5.416667 1.000000 93
 280442.066863 8
 8 0 7.083333 1.000000 336
 2 0 3.750000 1.000000 88
 2 1 12.083333 1.000000 109
 8 0 13.750000 1.000000 352
 6 1 10.416667 1.000000 265
 1 1 6.250000 1.000000 55
 1 1 16.250000 1.000000 79
 2 0 0.416667 1.000000 80
 1387309.343883 8
 6 0 10.416667 1.000000 264
 7 0 0.416667 1.000000 280
 8 0 1.250000 1.000000 322
 0 1 7.916667 1.000000 19
 2 0 11.250000 1.000000 106
 2 1 12.083333 1.000000 109
 2 0 4.583333 1.000000 90
 0 1 9.583333 1.000000 23
 673503.067528 3
 2 1 10.416667 1.000000 105
 7 0 6.250000 1.000000 294
 0 1 5.416667 1.000000 13
 1862141.339417 4
 2 0 4.583333 1.000000 90
 7 0 6.250000 1.000000 294
 2 1 5.416667 1.000000 93
 3 1 12.916667 1.000000 151
 804920.616171 8
 1 1 9.583333 1.000000 63
 2 1 16.250000 1.000000 119
 2 1 11.250000 1.000000 107
 8 0 1.250000 1.000000 322
 6 0 4.583333 1.000000 250
 0 1 3.750000 1.000000 9
 8 1 10.416667 1.000000 345
 9 0 5.416667 1.000000 372
 678085.844367 3
 4 1 3.750000 1.000000 169
 8 0 16.250000 1.000000 358
 3 1 11.250000 1.000000 147
 1690901.537319 6
 6 1 6.250000 1.000000 255
 8 0 7.083333 1.000000 336
 3 1 14.583333 1.000000 155
 6 0 10.416667 1.000000 264
 3 1 2.916667 1.000000 127
 2 0 5.416667 1.000000 92
 1668705.105292 5
 7 1 0.416667 1.000000 281
 7 1 4.583333 1.000000 291
 8 0 13.750000 1.000000 352
 8 0 2.916667 1.000000 326
 1 1 8.750000 1.000000 61
 1004931.132814 3
 9 0 5.416667 1.000000 372
 1 1 8.750000 1.000000 61
 6 0 4.583333 1.000000 250
 1969585.361839 4
 6 0 11.250000 1.000000 266
 2 1 1.250000 1.000000 83
 7 0 10.416667 1.000000 304
 3 1 11.250000 1.000000 147
 1192248.938713 3
 0 0 7.083333 1.000000 16
 6 1 10.416667 1.000000 265
 6 0 0.416667 1.000000 240
 1713036.078509 6
 7 0 0.416667 1.000000 280
 0 1 9.583333 1.000000 23
 9 0 2.916667 1.000000 366
 4 1 2.083333 1.000000 165
 2 1 0.416667 1.000000 81
 1 0 16.250000 1.000000 78
 942933.596327 4
 6 1 4.583333 1.000000 251
 4 0 6.250000 1.000000 174
 6 1 10.416667 1.000000 265
 6 0 4.583333 1.000000 250
 973049.016191 7
 2 0 11.250000 1.000000 106
 3 1 16.250000 1.000000 159
 7 1 4.583333 1.000000 291
 2 0 0.416667 1.000000 80
 1 1 8.750000 1.000000 61
 0 1 12.916667 1.000000 31
 5 0 7.083333 1.000000 216
 1097808.960461 9
 2 0 4.583333 1.000000 90
 6 1 10.416667 1.000000 265
 9 0 10.416667 1.000000 384
 7 1 5.416667 1.000000 293
 9 0 2.916667 1.000000 366
 1 1 4.583333 1.000000 51
 3 0 7.916667 1.000000 138
 7 0 15.416667 1.000000 316
 9 1 14.583333 1.000000 395
 1660643.306068 7
 0 1 0.416667 1.000000 1
 5 0 7.083333 1.000000 216
 6 1 6.250000 1.000000 255
 5 1 7.916667 1.000000 219
 2 0 0.416667 1.000000 80
 0 1 12.916667 1.000000 31
 0 0 7.083333 1.000000 16
 1581603.939506 2
 7 0 9.583333 1.000000 302
 9 1 3.750000 1.000000 369
 631349.828332 4
 5 1 5.416667 1.000000 213
 2 0 4.583333 1.000000 90
 2 0 5.416667 1.000000 92
 3 1 14.583333 1.000000 155
 124290.595653 8
 8 1 0.416667 1.000000 321
 6 0 12.083333 1.000000 268
 1 1 8.750000 1.000000 61
 7 1 0.416667 1.000000 281
 5 1 1.250000 1.000000 203
 3 1 11.250000 1.000000 147
 8 0 7.083333 1.000000 336
 4 1 3.750000 1.000000 169
 1515346.523465 8
 0 0 10.416667 1.000000 24
 0 1 12.916667 1.000000 31
 3 0 5.416667 1.000000 132
 7 0 6.250000 1.000000 294
 6 1 10.416667 1.000000 265
 8 1 7.916667 1.000000 339
 8 1 10.416667 1.000000 345
 5 0 1.250000 1.000000 202
 1697140.550957 2
 6 1 10.416667 1.000000 265
 8 1 1.250000 1.000000 323
 1279480.043221 9
 4 1 10.416667 1.000000 185
 8 0 15.416667 1.000000 356
 2 0 0.416667 1.000000 80
 9 0 2.916667 1.000000 366
 2 0 7.083333 1.000000 96
 6 0 4.583333 1.000000 250
 6 1 12.916667 1.000000 271
 7 0 15.416667 1.000000 316
 7 1 0.416667 1.000000 281
 1639389.220923 6
 7 0 16.250000 1.000000 318
 8 1 7.916667 1.000000 339
 3 1 1.250000 1.000000 123
 2 0 5.416667 1.000000 92
 8 1 10.416667 1.000000 345
 0 0 7.083333 1.000000 16
 1028112.450665 8
 7 1 12.916667 1.000000 311
 3 1 11.250000 1.000000 147
 1 0 12.083333 1.000000 68
 5 0 7.083333 1.000000 216
 0 0 7.083333 1.000000 16
 7 0 9.583333 1.000000 302
 7 1 2.916667 1.000000 287
 7 0 16.250000 1.000000 318
 221572.180270 2
 0 1 7.083333 1.000000 17
 9 0 2.916667 1.000000 366
 353246.261325 9
 1 0 5.416667 1.000000 52
 0 1 0.416667 1.000000 1
 7 0 4.583333 1.000000 290
 7 0 10.416667 1.000000 304
 2 1 12.083333 1.000000 109
 9 0 10.416667 1.000000 384
 1 1 13.750000 1.000000 73
 4 0 6.250000 1.000000 174
 0 1 7.083333 1.000000 17
 66187.094518 2
 3 0 5.416667 1.000000 132
 8 0 15.416667 1.000000 356
 1444578.533063 6
 7 0 7.083333 1.000000 296
 0 0 2.083333 1.000000 4
 2 1 5.416667 1.000000 93
 8 0 15.416667 1.000000 356
 5 1 5.416667 1.000000 213
 5 1 13.750000 1.000000 233
 627020.222445 4
 5 0 7.083333 1.000000 216
 4 1 16.250000 1.000000 199
 3 1 11.250000 1.000000 147
 4 1 2.083333 1.000000 165
 303326.212682 7
 1 1 15.416667 1.000000 77
 7 0 10.416667 1.000000 304
 3 0 1.250000 1.000000 122
 8 1 10.416667 1.000000 345
 6 0 9.583333 1.000000 262
 7 1 2.083333 1.000000 285
 9 1 1.250000 1.000000 363
 735438.238576 2
 5 0 7.083333 1.000000 216
 0 1 7.083333 1.000000 17
 685818.528107 5
 2 0 4.583333 1.000000 90
 8 0 10.416667 1.000000 344
 5 1 4.583333 1.000000 211
 4 0 3.750000 1.000000 168
 3 1 2.916667 1.000000 127
 855918.250445 9
 0 1 12.083333 1.000000 29
 6 0 10.416667 1.000000 264
 7 0 10.416667 1.000000 304
 8 1 1.250000 1.000000 323
 2 1 11.250000 1.000000 107
 5 1 1.250000 1.000000 203
 7 0 5.416667 1.000000 292
 7 0 0.416667 1.000000 280
 7 0 15.416667 1.000000 316
 1318163.086715 5
 9 1 6.250000 1.000000 375
 7 1 5.416667 1.000000 293
 6 0 1.250000 1.000000 242
 6 0 9.583333 1.000000 262
 4 0 3.750000 1.000000 168
 62493.269100 3
 8 0 15.416667 1.000000 356
 3 1 14.583333 1.000000 155
 1 0 16.250000 1.000000 78
 1029870.129074 9
 7 0 7.083333 1.000000 296
 2 1 11.250000 1.000000 107
 7 0 9.583333 1.000000 302
 4 1 10.416667 1.000000 185
 5 0 7.083333 1.000000 216
 0 0 10.416667 1.000000 24
 4 1 3.750000 1.000000 169
 5 1 5.416667 1.000000 213
 2 0 7.083333 1.000000 96
 1507814.737832 3
 4 0 16.250000 1.000000 198
 5 0 7.083333 1.000000 216
 7 1 14.583333 1.000000 315
 1434988.618584 6
 9 0 2.916667 1.000000 366
 6 0 14.583333 1.000000 274
 7 1 12.916667 1.000000 311
 3 1 2.916667 1.000000 127
 7 0 0.416667 1.000000 280
 5 1 5.416667 1.000000 213
 1186647.188676 2
 5 0 7.083333 1.000000 216
 3 0 6.250000 1.000000 134
 1016372.355547 5
 0 1 12.916667 1.000000 31
 4 0 6.250000 1.000000 174
 7 0 16.250000 1.000000 318
 1 0 12.083333 1.000000 68
 5 0 7.083333 1.000000 216
 609848.484681 5
 1 0 16.250000 1.000000 78
 7 0 16.250000 1.000000 318
 7 1 12.916667 1.000000 311
 3 0 4.583333 1.000000 130
 2 1 1.250000 1.000000 83
 1722514.811085 5
 7 1 2.083333 1.000000 285
 6 1 9.583333 1.000000 263
 7 0 0.416667 1.000000 280
 8 0 13.750000 1.000000 352
 6 1 12.916667 1.000000 271
 1287379.687376 6
 5 1 5.416667 1.000000 213
 1 0 16.250000 1.000000 78
 8 0 15.416667 1.000000 356
 8 0 2.916667 1.000000 326
 3 0 12.083333 1.000000 148
 9 0 11.250000 1.000000 386
 1469086.656435 4
 9 0 2.916667 1.000000 366
 4 1 10.416667 1.000000 185
 0 1 5.416667 1.000000 13
 4 1 11.250000 1.000000 187
 1319044.893551 5
 1 1 10.416667 1.000000 65
 8 1 10.416667 1.000000 345
 9 0 16.250000 1.000000 398
 8 0 15.416667 1.000000 356
 3 1 5.416667 1.000000 133
 108046.116991 8
 1 0 16.250000 1.000000 78
 2 0 15.416667 1.000000 116
 3 1 2.916667 1.000000 127
 1 1 4.583333 1.000000 51
 8 0 5.416667 1.000000 332
 3 0 7.916667 1.000000 138
 5 0 7.083333 1.000000 216
 0 1 5.416667 1.000000 13
 200513.047930 5
 6 0 10.416667 1.000000 264
 9 1 7.083333 1.000000 377
 2 1 5.416667 1.000000 93
 7 0 11.250000 1.000000 306
 5 1 7.916667 1.000000 219
 981801.702651 5
 0 1 7.083333 1.000000 17
 5 0 7.083333 1.000000 216
 9 0 5.416667 1.000000 372
 8 1 10.416667 1.000000 345
 0 1 12.916667 1.000000 31
 1864994.248610 9
 5 1 7.916667 1.000000 219
 7 0 16.250000 1.000000 318
 0 1 7.083333 1.000000 17
 4 1 2.083333 1.000000 165
 7 0 0.416667 1.000000 280
 1 1 9.583333 1.000000 63
 9 0 5.416667 1.000000 372
 7 1 2.083333 1.000000 285
 5 1 14.583333 1.000000 235
 1479805.576932 4
 0 1 5.416667 1.000000 13
 1 1 9.583333 1.000000 63
 9 1 4.583333 1.000000 371
 4 0 2.916667 1.000000 166
 1495340.861499 4
 3 0 5.416667 1.000000 132
 5 1 0.416667 1.000000 201
 9 0 5.416667 1.000000 372
 2 0 11.250000 1.000000 106
 711805.273961 6
 1 1 9.583333 1.000000 63
 6 1 7.916667 1.000000 259
 8 0 15.416667 1.000000 356
 3 1 14.583333 1.000000 155
 7 1 2.083333 1.000000 285
 0 0 10.416667 1.000000 24
 1761698.988640 7
 2 1 12.083333 1.000000 109
 9 0 16.250000 1.000000 398
 2 1 11.250000 1.000000 107
 9 1 14.583333 1.000000 395
 8 0 13.750000 1.000000 352
 4 1 16.250000 1.000000 199
 2 0 0.416667 1.000000 80
 599021.841399 6
 4 0 6.250000 1.000000 174
 3 0 7.916667 1.000000 138
 7 1 7.083333 1.000000 297
 6 1 12.916667 1.000000 271
 9 0 5.416667 1.000000 372
 2 1 0.416667 1.000000 81
 1525597.343112 6
 7 0 5.416667 1.000000 292
 8 0 15.416667 1.000000 356
 4 0 16.250000 1.000000 198
 4 1 3.750000 1.000000 169
 6 1 9.583333 1.000000 263
 6 1 10.416667 1.000000 265
 489344.293666 9
 1 1 9.583333 1.000000 63
 5 1 5.416667 1.000000 213
 0 1 7.083333 1.000000 17
 5 1 10.416667 1.000000 225
 2 1 10.416667 1.000000 105
 6 0 4.583333 1.000000 250
 9 1 6.250000 1.000000 375
 8 1 1.250000 1.000000 323
 7 0 8.750000 1.000000 300
 1679966.614507 3
 4 1 1.250000 1.000000 163
 8 0 7.083333 1.000000 336
 8 1 7.916667 1.000000 339
 984586.633325 7
 2 1 5.416667 1.000000 93
 0 0 8.750000 1.000000 20
 4 0 16.250000 1.000000 198
 9 0 5.416667 1.000000 372
 2 0 7.083333 1.000000 96
 4 1 1.250000 1.000000 163
 0 1 8.750000 1.000000 21
 450521.774688 8
 7 1 2.083333 1.000000 285
 6 1 7.916667 1.000000 259
 2 1 1.250000 1.000000 83
 3 1 1.250000 1.000000 123
 6 1 6.250000 1.000000 255
 9 1 14.583333 1.000000 395
 0 1 1.250000 1.000000 3
 1 1 8.750000 1.000000 61
 884928.044828 3
 6 1 14.583333 1.000000 275
 7 0 9.583333 1.000000 302
 7 0 5.416667 1.000000 292
 1889897.069246 4
 5 1 1.250000 1.000000 203
 3 1 12.916667 1.000000 151
 3 0 7.916667 1.000000 138
 6 1 3.750000 1.000000 249
 1739764.101552 8
 4 1 3.750000 1.000000 169
 7 0 6.250000 1.000000 294
 6 1 5.416667 1.000000 253
 7 1 12.916667 1.000000 311
 0 1 2.916667 1.000000 7
 0 1 9.583333 1.000000 23
 0 0 7.083333 1.000000 16
 8 1 1.250000 1.000000 323
 1627087.862411 5
 6 0 4.583333 1.000000 250
 7 0 0.416667 1.000000 280
 8 1 7.916667 1.000000 339
 2 1 5.416667 1.000000 93
 5 1 0.416667 1.000000 201
 839450.155757 4
 8 0 15.416667 1.000000 356
 7 0 12.083333 1.000000 308
 7 0 16.250000 1.000000 318
 2 0 0.416667 1.000000 80
 890578.874187 4
 3 1 11.250000 1.000000 147
 0 0 1.250000 1.000000 2
 8 0 7.083333 1.000000 336
 2 0 1.250000 1.000000 82
 1240079.229027 7
 2 1 12.916667 1.000000 111
 3 0 6.250000 1.000000 134
 4 0 6.250000 1.000000 174
 4 1 2.083333 1.000000 165
 3 0 7.916667 1.000000 138
 0 0 10.416667 1.000000 24
 1 1 3.750000 1.000000 49
 999149.554260 7
 8 1 1.250000 1.000000 323
 2 0 4.583333 1.000000 90
 4 0 7.083333 1.000000 176
 2 0 8.750000 1.000000 100
 6 0 2.083333 1.000000 244
 8 0 7.083333 1.000000 336
 0 0 7.083333 1.000000 16
 1487741.856709 7
 1 1 8.750000 1.000000 61
 7 0 12.916667 1.000000 310
 4 1 6.250000 1.000000 175
 9 1 9.583333 1.000000 383
 1 1 0.416667 1.000000 41
 6 0 4.583333 1.000000 250
 4 1 2.083333 1.000000 165
 1181597.787729 5
 7 0 5.416667 1.000000 292
 1 0 6.250000 1.000000 54
 9 0 2.916667 1.000000 366
 4 0 16.250000 1.000000 198
 7 0 9.583333 1.000000 302
 1426676.715066 3
 3 0 16.250000 1.000000 158
 2 0 11.250000 1.000000 106
 7 0 10.416667 1.000000 304
 1690781.776072 8
 2 1 9.583333 1.000000 103
 5 0 1.250000 1.000000 202
 1 1 14.583333 1.000000 75
 7 0 5.416667 1.000000 292
 2 1 5.416667 1.000000 93
 2 1 12.083333 1.000000 109
 6 1 6.250000 1.000000 255
 8 0 13.750000 1.000000 352
 1680569.412876 5
 7 0 15.416667 1.000000 316
 9 1 14.583333 1.000000 395
 0 1 2.083333 1.000000 5
 9 1 6.250000 1.000000 375
 1 0 10.416667 1.000000 64
 1603984.358294 9
 4 1 2.083333 1.000000 165
 1 0 2.916667 1.000000 46
 5 1 12.083333 1.000000 229
 3 1 2.916667 1.000000 127
 1 0 11.250000 1.000000 66
 7 0 16.250000 1.000000 318
 2 1 12.083333 1.000000 109
 2 1 1.250000 1.000000 83
 5 0 7.083333 1.000000 216
 1641182.632298 3
 5 0 7.916667 1.000000 218
 1 0 12.083333 1.000000 68
 9 1 6.250000 1.000000 375
 1992804.450706 3
 7 0 0.416667 1.000000 280
 7 0 5.416667 1.000000 292
 9 1 14.583333 1.000000 395
 541491.810056 4
 4 0 0.416667 1.000000 160
 6 1 3.750000 1.000000 249
 2 1 12.916667 1.000000 111
 1 1 4.583333 1.000000 51
 437070.060371 4
 2 0 0.416667 1.000000 80
 9 1 6.250000 1.000000 375
 2 0 1.250000 1.000000 82
 6 0 14.583333 1.000000 274
 93739.935650 9
 8 0 1.250000 1.000000 322
 0 1 7.083333 1.000000 17
 4 1 1.250000 1.000000 163
 7 1 2.083333 1.000000 285
 5 0 2.083333 1.000000 204
 4 1 2.083333 1.000000 165
 5 1 0.416667 1.000000 201
 9 1 11.250000 1.000000 387
 6 1 12.916667 1.000000 271
 1744081.994809 8
 8 0 2.916667 1.000000 326
 2 0 5.416667 1.000000 92
 3 1 12.916667 1.000000 151
 4 0 6.250000 1.000000 174
 2 1 12.083333 1.000000 109
 0 1 3.750000 1.000000 9
 9 1 12.083333 1.000000 389
 3 1 2.916667 1.000000 127
 1400159.172528 6
 2 1 5.416667 1.000000 93
 2 0 4.583333 1.000000 90
 6 1 13.750000 1.000000 273
 9 0 16.250000 1.000000 398
 0 0 10.416667 1.000000 24
 3 1 11.250000 1.000000 147
 1899358.212342 4
 6 0 10.416667 1.000000 264
 7 1 0.416667 1.000000 281
 9 1 3.750000 1.000000 369
 2 1 1.250000 1.000000 83
 131554.126205 9
 2 0 1.250000 1.000000 82
 9 0 5.416667 1.000000 372
 2 0 0.416667 1.000000 80
 6 0 14.583333 1.000000 274
 6 1 12.916667 1.000000 271
 3 0 7.916667 1.000000 138
 6 1 5.416667 1.000000 253
 7 0 9.583333 1.000000 302
 6 1 9.583333 1.000000 263
 1916654.342374 2
 3 1 14.583333 1.000000 155
 0 1 13.750000 1.000000 33
 1489065.815531 4
 3 1 14.583333 1.000000 155
 8 1 10.416667 1.000000 345
 6 1 9.583333 1.000000 263
 6 1 12.916667 1.000000 271
 1139567.652074 7
 3 1 11.250000 1.000000 147
 1 1 4.583333 1.000000 51
 9 0 2.916667 1.000000 366
 2 1 5.416667 1.000000 93
 0 0 8.750000 1.000000 20
 1 1 9.583333 1.000000 63
 7 1 0.416667 1.000000 281
 1032066.817056 8
 5 1 1.250000 1.000000 203
 6 1 6.250000 1.000000 255
 4 0 6.250000 1.000000 174
 0 1 9.583333 1.000000 23
 9 0 16.250000 1.000000 398
 2 0 11.250000 1.000000 106
 1 1 1.250000 1.000000 43
 8 0 13.750000 1.000000 352
 972649.341083 9
 1 0 16.250000 1.000000 78
 6 1 12.916667 1.000000 271
 2 0 5.416667 1.000000 92
 7 1 2.083333 1.000000 285
 0 0 10.416667 1.000000 24
 9 1 16.250000 1.000000 399
 6 1 5.416667 1.000000 253
 3 1 2.916667 1.000000 127
 7 0 6.250000 1.000000 294
 731965.902602 5
 3 1 7.916667 1.000000 139
 3 1 2.916667 1.000000 127
 1 0 16.250000 1.000000 78
 7 1 0.416667 1.000000 281
 7 0 10.416667 1.000000 304
 397089.968900 6
 0 1 12.916667 1.000000 31
 2 0 1.250000 1.000000 82
 8 0 7.083333 1.000000 336
 1 0 12.083333 1.000000 68
 3 0 6.250000 1.000000 134
 7 0 5.416667 1.000000 292
 520365.489591 2
 6 0 10.416667 1.000000 264
 4 0 16.250000 1.000000 198
 763248.149698 3
 4 0 16.250000 1.000000 198
 6 1 6.250000 1.000000 255
 7 0 9.583333 1.000000 302
 854802.462093 8
 4 1 3.750000 1.000000 169
 6 1 3.750000 1.000000 249
 2 0 2.083333 1.000000 84
 6 1 10.416667 1.000000 265
 3 0 4.583333 1.000000 130
 0 0 15.416667 1.000000 36
 8 0 2.916667 1.000000 326
 4 1 10.416667 1.000000 185
 445526.015631 9
 1 1 9.583333 1.000000 63
 5 0 7.083333 1.000000 216
 5 1 0.416667 1.000000 201
 6 0 7.083333 1.000000 256
 3 1 2.916667 1.000000 127
 7 1 12.916667 1.000000 311
 1 1 4.583333 1.000000 51
 0 0 7.083333 1.000000 16
 5 1 9.583333 1.000000 223
 1041260.579434 5
 6 1 5.416667 1.000000 253
 6 0 9.583333 1.000000 262
 6 0 14.583333 1.000000 274
 0 1 9.583333 1.000000 23
 9 1 2.083333 1.000000 365
 1489469.292932 8
 6 1 10.416667 1.000000 265
 7 0 15.416667 1.000000 316
 7 0 13.750000 1.000000 312
 6 1 5.416667 1.000000 253
 5 1 0.416667 1.000000 201
 4 1 2.916667 1.000000 167
 6 1 8.750000 1.000000 261
 5 0 15.416667 1.000000 236
 1478804.502617 3
 7 0 5.416667 1.000000 292
 4 0 8.750000 1.000000 180
 1 1 8.750000 1.000000 61
 1779061.356680 7
 9 1 2.916667 1.000000 367
 2 1 12.916667 1.000000 111
 2 1 1.250000 1.000000 83
 9 1 6.250000 1.000000 375
 8 0 2.916667 1.000000 326
 5 1 7.916667 1.000000 219
 2 0 7.083333 1.000000 96
 434469.466933 5
 7 0 13.750000 1.000000 312
 9 0 2.916667 1.000000 366
 3 1 12.916667 1.000000 151
 5 1 5.416667 1.000000 213
 8 0 1.250000 1.000000 322
 894872.109133 6
 7 1 15.416667 1.000000 317
 2 1 7.083333 1.000000 97
 6 1 6.250000 1.000000 255
 3 0 6.250000 1.000000 134
 6 1 10.416667 1.000000 265
 0 0 9.583333 1.000000 22
 1490562.901856 6
 4 0 16.250000 1.000000 198
 6 0 4.583333 1.000000 250
 9 0 2.083333 1.000000 364
 9 0 10.416667 1.000000 384
 1 0 7.916667 1.000000 58
 3 1 12.083333 1.000000 149
 1371853.826219 6
 7 1 5.416667 1.000000 293
 7 1 2.083333 1.000000 285
 1 0 11.250000 1.000000 66
 7 0 16.250000 1.000000 318
 0 1 9.583333 1.000000 23
 5 1 1.250000 1.000000 203
 1472856.537734 7
 7 1 13.750000 1.000000 313
 0 0 6.250000 1.000000 14
 7 0 10.416667 1.000000 304
 2 0 4.583333 1.000000 90
 2 0 0.416667 1.000000 80
 3 1 2.916667 1.000000 127
 3 0 4.583333 1.000000 130
 117583.863585 7
 5 0 2.916667 1.000000 206
 5 0 15.416667 1.000000 236
 7 0 15.416667 1.000000 316
 2 0 5.416667 1.000000 92
 6 1 12.916667 1.000000 271
 8 0 7.083333 1.000000 336
 0 0 6.250000 1.000000 14
 744572.494991 4
 4 1 6.250000 1.000000 175
 8 1 0.416667 1.000000 321
 7 1 0.416667 1.000000 281
 4 1 2.083333 1.000000 165
 1201244.217978 7
 6 0 14.583333 1.000000 274
 7 1 6.250000 1.000000 295
 6 1 7.916667 1.000000 259
 2 0 11.250000 1.000000 106
 9 0 2.916667 1.000000 366
 5 0 7.916667 1.000000 218
 0 1 12.916667 1.000000 31
 1463006.606169 7
 6 1 9.583333 1.000000 263
 6 0 10.416667 1.000000 264
 1 0 16.250000 1.000000 78
 2 0 1.250000 1.000000 82
 3 0 6.250000 1.000000 134
 6 1 5.416667 1.000000 253
 9 1 14.583333 1.000000 395
 1326115.245580 4
 6 0 4.583333 1.000000 250
 3 1 2.916667 1.000000 127
 7 0 10.416667 1.000000 304
 3 1 11.250000 1.000000 147
 717848.900351 5
 2 0 4.583333 1.000000 90
 3 1 2.916667 1.000000 127
 9 0 10.416667 1.000000 384
 0 1 12.916667 1.000000 31
 5 0 1.250000 1.000000 202
 950932.170353 6
 1 1 4.583333 1.000000 51
 6 0 4.583333 1.000000 250
 2 0 4.583333 1.000000 90
 2 0 11.250000 1.000000 106
 2 1 7.083333 1.000000 97
 0 0 10.416667 1.000000 24
 362668.048051 3
 4 1 14.583333 1.000000 195
 6 1 10.416667 1.000000 265
 4 1 10.416667 1.000000 185
 337690.577087 9
 9 0 10.416667 1.000000 384
 3 1 14.583333 1.000000 155
 2 1 12.916667 1.000000 111
 0 0 2.916667 1.000000 6
 3 0 1.250000 1.000000 122
 7 0 3.750000 1.000000 288
 3 1 12.083333 1.000000 149
 1 1 9.583333 1.000000 63
 5 1 1.250000 1.000000 203
 847561.217755 7
 3 1 2.916667 1.000000 127
 9 0 7.083333 1.000000 376
 3 0 5.416667 1.000000 132
 2 0 5.416667 1.000000 92
 4 0 16.250000 1.000000 198
 6 1 3.750000 1.000000 249
 2 0 11.250000 1.000000 106
 1788051.521195 8
 9 1 4.583333 1.000000 371
 9 0 7.083333 1.000000 376
 8 0 2.916667 1.000000 326
 6 1 12.916667 1.000000 271
 2 0 12.916667 1.000000 110
 7 1 2.083333 1.000000 285
 7 0 0.416667 1.000000 280
 7 0 15.416667 1.000000 316
 1874421.076157 6
 7 1 11.250000 1.000000 307
 8 0 7.083333 1.000000 336
 2 0 4.583333 1.000000 90
 0 1 9.583333 1.000000 23
 1 1 8.750000 1.000000 61
 5 1 7.916667 1.000000 219
 738388.732326 3
 8 0 15.416667 1.000000 356
 2 1 5.416667 1.000000 93
 2 0 1.250000 1.000000 82
 1142693.628083 7
 0 1 5.416667 1.000000 13
 2 1 1.250000 1.000000 83
 8 0 2.916667 1.000000 326
 2 1 11.250000 1.000000 107
 4 0 16.250000 1.000000 198
 5 1 7.083333 1.000000 217
 9 1 6.250000 1.000000 375
 523545.309195 6
 9 0 2.916667 1.000000 366
 5 1 0.416667 1.000000 201
 2 1 12.083333 1.000000 109
 6 1 3.750000 1.000000 249
 8 1 7.916667 1.000000 339
 2 0 4.583333 1.000000 90
 137663.129018 5
 0 1 5.416667 1.000000 13
 9 1 6.250000 1.000000 375
 0 1 12.916667 1.000000 31
 3 0 7.916667 1.000000 138
 1 0 10.416667 1.000000 64
 1207346.326284 5
 9 0 2.916667 1.000000 366
 7 0 16.250000 1.000000 318
 3 1 2.916667 1.000000 127
 6 0 16.250000 1.000000 278
 0 0 2.083333 1.000000 4