Numero de pedidos
100
duedate num_referencias // pasillo lado altura peso
1962465.6 22
14 1 21.617500000000007 1.0 217
21 1 42.057500000000005 1.0 933
7 0 62.4975 1.0 498
14 0 34.3925 1.0 226
11 1 39.5025 1.0 81
11 0 52.2775 1.0 90
10 0 39.5025 1.0 180
10 0 11.3975 1.0 158
9 1 21.617500000000007 1.0 267
12 0 1.177500000000002 1.0 0
8 0 57.3875 1.0 394
12 0 39.5025 1.0 30
4 1 49.7225 1.0 789
10 0 1.177500000000002 1.0 150
12 0 49.7225 1.0 38
14 0 13.9525 1.0 210
22 0 6.287500000000001 1.0 1004
10 0 29.2825 1.0 172
10 1 24.1725 1.0 169
12 0 3.7325000000000017 1.0 2
8 1 26.727500000000006 1.0 371
10 0 8.842500000000001 1.0 156
1434758.4 7
14 1 1.177500000000002 1.0 201
14 0 1.177500000000002 1.0 200
10 0 54.83250000000001 1.0 192
11 0 31.837500000000006 1.0 74
13 0 44.6125 1.0 134
14 0 39.5025 1.0 230
16 0 57.3875 1.0 444
236575.31 6
10 1 19.0625 1.0 165
11 1 3.7325000000000017 1.0 53
10 0 29.2825 1.0 172
5 0 21.617500000000007 1.0 666
9 1 19.0625 1.0 265
13 0 3.7325000000000017 1.0 102
1577066.1 17
12 1 36.947500000000005 1.0 29
11 0 52.2775 1.0 90
13 1 8.842500000000001 1.0 107
9 0 44.6125 1.0 284
11 0 13.9525 1.0 60
11 0 44.6125 1.0 84
12 0 26.727500000000006 1.0 20
12 0 19.0625 1.0 14
13 0 26.727500000000006 1.0 120
14 0 16.507500000000007 1.0 212
14 1 19.0625 1.0 215
10 0 6.287500000000001 1.0 154
10 0 26.727500000000006 1.0 170
14 1 16.507500000000007 1.0 213
12 0 8.842500000000001 1.0 6
16 1 19.0625 1.0 415
6 1 62.4975 1.0 599
134575.86 11
11 1 1.177500000000002 1.0 51
10 1 21.617500000000007 1.0 167
13 1 26.727500000000006 1.0 121
13 0 26.727500000000006 1.0 120
13 0 52.2775 1.0 140
11 1 8.842500000000001 1.0 57
7 1 8.842500000000001 1.0 457
12 1 42.057500000000005 1.0 33
13 0 1.177500000000002 1.0 100
14 1 11.3975 1.0 209
11 0 11.3975 1.0 58
410027.75 24
12 0 13.9525 1.0 10
14 1 24.1725 1.0 219
10 1 62.4975 1.0 199
11 0 34.3925 1.0 76
10 1 11.3975 1.0 159
13 1 57.3875 1.0 145
12 1 49.7225 1.0 39
8 1 52.2775 1.0 391
10 1 1.177500000000002 1.0 151
13 0 8.842500000000001 1.0 106
13 1 49.7225 1.0 139
6 1 47.167500000000004 1.0 587
14 0 26.727500000000006 1.0 220
24 0 57.3875 1.0 1244
12 1 1.177500000000002 1.0 1
14 1 59.94250000000001 1.0 247
14 0 6.287500000000001 1.0 204
13 1 42.057500000000005 1.0 133
12 1 26.727500000000006 1.0 21
11 0 3.7325000000000017 1.0 52
7 0 24.1725 1.0 468
11 0 44.6125 1.0 84
10 0 3.7325000000000017 1.0 152
9 0 39.5025 1.0 280
780757.25 24
13 1 1.177500000000002 1.0 101
16 0 31.837500000000006 1.0 424
5 0 42.057500000000005 1.0 682
12 1 47.167500000000004 1.0 37
14 0 34.3925 1.0 226
13 0 49.7225 1.0 138
12 1 3.7325000000000017 1.0 3
14 1 19.0625 1.0 215
12 1 6.287500000000001 1.0 5
11 0 13.9525 1.0 60
10 0 26.727500000000006 1.0 170
13 1 13.9525 1.0 111
14 0 59.94250000000001 1.0 246
14 0 52.2775 1.0 240
10 1 11.3975 1.0 159
14 1 54.83250000000001 1.0 243
13 1 16.507500000000007 1.0 113
11 1 57.3875 1.0 95
13 0 26.727500000000006 1.0 120
13 1 19.0625 1.0 115
11 0 21.617500000000007 1.0 66
11 1 29.2825 1.0 73
10 1 26.727500000000006 1.0 171
14 0 29.2825 1.0 222
1700833.8 24
11 0 49.7225 1.0 88
14 1 47.167500000000004 1.0 237
14 0 39.5025 1.0 230
11 0 31.837500000000006 1.0 74
14 1 11.3975 1.0 209
11 0 34.3925 1.0 76
13 1 1.177500000000002 1.0 101
12 1 21.617500000000007 1.0 17
10 1 1.177500000000002 1.0 151
11 0 6.287500000000001 1.0 54
12 1 3.7325000000000017 1.0 3
24 0 54.83250000000001 1.0 1242
10 1 54.83250000000001 1.0 193
11 0 39.5025 1.0 80
11 0 19.0625 1.0 64
11 1 57.3875 1.0 95
13 1 26.727500000000006 1.0 121
13 0 52.2775 1.0 140
12 1 47.167500000000004 1.0 37
16 0 44.6125 1.0 434
13 1 49.7225 1.0 139
10 0 52.2775 1.0 190
13 0 8.842500000000001 1.0 106
11 1 16.507500000000007 1.0 63
1541277.6 17
24 1 1.177500000000002 1.0 1201
10 1 44.6125 1.0 185
19 0 59.94250000000001 1.0 746
15 0 1.177500000000002 1.0 300
10 1 16.507500000000007 1.0 163
9 0 31.837500000000006 1.0 274
14 0 47.167500000000004 1.0 236
12 0 47.167500000000004 1.0 36
10 1 26.727500000000006 1.0 171
0 1 19.0625 1.0 1165
9 1 62.4975 1.0 299
14 1 59.94250000000001 1.0 247
10 1 29.2825 1.0 173
11 0 59.94250000000001 1.0 96
11 0 39.5025 1.0 80
11 1 3.7325000000000017 1.0 53
14 0 11.3975 1.0 208
1490875.5 14
10 1 47.167500000000004 1.0 187
8 1 52.2775 1.0 391
13 0 42.057500000000005 1.0 132
12 0 3.7325000000000017 1.0 2
16 0 11.3975 1.0 408
12 0 1.177500000000002 1.0 0
12 1 8.842500000000001 1.0 7
12 0 34.3925 1.0 26
11 1 59.94250000000001 1.0 97
14 0 42.057500000000005 1.0 232
13 1 42.057500000000005 1.0 133
10 0 57.3875 1.0 194
11 0 59.94250000000001 1.0 96
14 0 34.3925 1.0 226
1952526.6 10
11 1 36.947500000000005 1.0 79
14 1 42.057500000000005 1.0 233
13 1 21.617500000000007 1.0 117
9 1 62.4975 1.0 299
14 1 29.2825 1.0 223
24 1 54.83250000000001 1.0 1243
9 0 36.947500000000005 1.0 278
0 0 19.0625 1.0 1164
16 0 59.94250000000001 1.0 446
23 0 54.83250000000001 1.0 1142
929815.8 23
13 1 29.2825 1.0 123
15 1 34.3925 1.0 327
13 1 11.3975 1.0 109
10 0 62.4975 1.0 198
11 1 8.842500000000001 1.0 57
12 0 42.057500000000005 1.0 32
20 1 11.3975 1.0 809
12 0 52.2775 1.0 40
12 0 39.5025 1.0 30
9 0 29.2825 1.0 272
7 0 16.507500000000007 1.0 462
10 1 8.842500000000001 1.0 157
14 0 6.287500000000001 1.0 204
11 1 3.7325000000000017 1.0 53
11 1 39.5025 1.0 81
11 0 52.2775 1.0 90
15 0 57.3875 1.0 344
18 1 59.94250000000001 1.0 647
3 1 57.3875 1.0 895
12 1 59.94250000000001 1.0 47
13 0 6.287500000000001 1.0 104
14 1 59.94250000000001 1.0 247
14 0 62.4975 1.0 248
479966.1 8
10 0 62.4975 1.0 198
9 1 44.6125 1.0 285
11 1 29.2825 1.0 73
10 0 19.0625 1.0 164
11 1 52.2775 1.0 91
14 1 42.057500000000005 1.0 233
14 1 62.4975 1.0 249
11 0 26.727500000000006 1.0 70
599125.75 19
14 0 42.057500000000005 1.0 232
11 1 1.177500000000002 1.0 51
4 1 57.3875 1.0 795
14 1 21.617500000000007 1.0 217
13 0 16.507500000000007 1.0 112
14 0 29.2825 1.0 222
13 0 21.617500000000007 1.0 116
11 0 21.617500000000007 1.0 66
12 0 44.6125 1.0 34
12 0 62.4975 1.0 48
8 1 59.94250000000001 1.0 397
10 0 3.7325000000000017 1.0 152
13 0 13.9525 1.0 110
10 0 24.1725 1.0 168
11 1 16.507500000000007 1.0 63
15 1 19.0625 1.0 315
14 0 24.1725 1.0 218
14 1 8.842500000000001 1.0 207
12 1 36.947500000000005 1.0 29
1262222.0 15
14 0 19.0625 1.0 214
10 0 6.287500000000001 1.0 154
13 0 44.6125 1.0 134
13 0 42.057500000000005 1.0 132
12 0 47.167500000000004 1.0 36
12 1 26.727500000000006 1.0 21
14 1 54.83250000000001 1.0 243
14 0 31.837500000000006 1.0 224
13 0 13.9525 1.0 110
13 1 29.2825 1.0 123
13 1 36.947500000000005 1.0 129
5 0 62.4975 1.0 698
12 1 11.3975 1.0 9
10 0 47.167500000000004 1.0 186
11 0 19.0625 1.0 64
65538.945 16
15 1 8.842500000000001 1.0 307
22 0 3.7325000000000017 1.0 1002
10 1 29.2825 1.0 173
12 1 26.727500000000006 1.0 21
12 1 1.177500000000002 1.0 1
11 0 47.167500000000004 1.0 86
13 1 21.617500000000007 1.0 117
12 1 21.617500000000007 1.0 17
12 1 47.167500000000004 1.0 37
7 0 6.287500000000001 1.0 454
9 0 47.167500000000004 1.0 286
10 1 34.3925 1.0 177
11 1 62.4975 1.0 99
10 1 57.3875 1.0 195
9 1 47.167500000000004 1.0 287
12 1 24.1725 1.0 19
1635559.1 24
14 1 11.3975 1.0 209
11 0 44.6125 1.0 84
14 0 42.057500000000005 1.0 232
12 0 11.3975 1.0 8
10 0 59.94250000000001 1.0 196
11 1 19.0625 1.0 65
10 0 39.5025 1.0 180
14 0 39.5025 1.0 230
10 1 11.3975 1.0 159
14 1 62.4975 1.0 249
11 0 3.7325000000000017 1.0 52
10 1 31.837500000000006 1.0 175
12 1 29.2825 1.0 23
14 1 31.837500000000006 1.0 225
14 1 44.6125 1.0 235
13 1 62.4975 1.0 149
9 0 19.0625 1.0 264
13 0 34.3925 1.0 126
14 1 16.507500000000007 1.0 213
11 0 16.507500000000007 1.0 62
14 1 47.167500000000004 1.0 237
12 0 52.2775 1.0 40
10 0 13.9525 1.0 160
11 0 34.3925 1.0 76
435068.06 23
13 0 29.2825 1.0 122
11 1 21.617500000000007 1.0 67
10 1 44.6125 1.0 185
14 0 29.2825 1.0 222
10 1 57.3875 1.0 195
12 0 49.7225 1.0 38
10 0 36.947500000000005 1.0 178
14 1 11.3975 1.0 209
10 1 31.837500000000006 1.0 175
21 0 6.287500000000001 1.0 904
10 1 36.947500000000005 1.0 179
13 1 54.83250000000001 1.0 143
14 1 6.287500000000001 1.0 205
14 1 62.4975 1.0 249
8 0 19.0625 1.0 364
5 0 11.3975 1.0 658
11 0 54.83250000000001 1.0 92
10 1 8.842500000000001 1.0 157
11 0 1.177500000000002 1.0 50
1 0 62.4975 1.0 1098
11 1 39.5025 1.0 81
14 0 42.057500000000005 1.0 232
10 0 16.507500000000007 1.0 162
751431.3 19
7 0 54.83250000000001 1.0 492
10 0 36.947500000000005 1.0 178
10 1 8.842500000000001 1.0 157
12 1 3.7325000000000017 1.0 3
13 1 34.3925 1.0 127
7 0 31.837500000000006 1.0 474
11 0 26.727500000000006 1.0 70
12 0 24.1725 1.0 18
19 1 8.842500000000001 1.0 707
10 1 11.3975 1.0 159
10 1 21.617500000000007 1.0 167
12 1 6.287500000000001 1.0 5
14 0 52.2775 1.0 240
11 1 36.947500000000005 1.0 79
13 1 52.2775 1.0 141
10 0 44.6125 1.0 184
11 1 29.2825 1.0 73
14 0 31.837500000000006 1.0 224
10 0 24.1725 1.0 168
1942091.8 15
5 1 21.617500000000007 1.0 667
10 0 29.2825 1.0 172
11 0 6.287500000000001 1.0 54
10 1 57.3875 1.0 195
14 0 29.2825 1.0 222
5 1 47.167500000000004 1.0 687
13 0 36.947500000000005 1.0 128
10 0 16.507500000000007 1.0 162
12 1 52.2775 1.0 41
13 0 21.617500000000007 1.0 116
12 0 36.947500000000005 1.0 28
12 1 19.0625 1.0 15
11 1 57.3875 1.0 95
10 1 19.0625 1.0 165
13 1 16.507500000000007 1.0 113
1692106.2 13
12 1 6.287500000000001 1.0 5
11 0 21.617500000000007 1.0 66
10 0 36.947500000000005 1.0 178
10 1 42.057500000000005 1.0 183
11 1 3.7325000000000017 1.0 53
7 0 42.057500000000005 1.0 482
7 1 59.94250000000001 1.0 497
14 1 59.94250000000001 1.0 247
10 0 62.4975 1.0 198
12 0 21.617500000000007 1.0 16
13 0 26.727500000000006 1.0 120
11 0 34.3925 1.0 76
10 1 21.617500000000007 1.0 167
974415.56 21
12 1 11.3975 1.0 9
12 0 42.057500000000005 1.0 32
11 0 62.4975 1.0 98
8 0 1.177500000000002 1.0 350
14 1 31.837500000000006 1.0 225
11 1 57.3875 1.0 95
3 1 13.9525 1.0 861
12 0 44.6125 1.0 34
14 0 31.837500000000006 1.0 224
11 0 36.947500000000005 1.0 78
15 0 31.837500000000006 1.0 324
13 0 47.167500000000004 1.0 136
5 1 3.7325000000000017 1.0 653
22 0 59.94250000000001 1.0 1046
8 1 21.617500000000007 1.0 367
10 0 16.507500000000007 1.0 162
14 0 24.1725 1.0 218
21 1 39.5025 1.0 931
10 1 36.947500000000005 1.0 179
12 1 36.947500000000005 1.0 29
13 1 24.1725 1.0 119
903759.25 17
15 0 13.9525 1.0 310
10 1 54.83250000000001 1.0 193
7 1 31.837500000000006 1.0 475
12 1 39.5025 1.0 31
11 0 31.837500000000006 1.0 74
9 1 44.6125 1.0 285
14 1 57.3875 1.0 245
11 0 11.3975 1.0 58
11 0 29.2825 1.0 72
13 1 19.0625 1.0 115
10 0 29.2825 1.0 172
12 0 47.167500000000004 1.0 36
11 0 49.7225 1.0 88
14 1 54.83250000000001 1.0 243
10 0 24.1725 1.0 168
14 1 21.617500000000007 1.0 217
10 0 59.94250000000001 1.0 196
172653.11 19
10 0 34.3925 1.0 176
14 1 49.7225 1.0 239
10 0 44.6125 1.0 184
12 1 24.1725 1.0 19
10 0 1.177500000000002 1.0 150
10 1 44.6125 1.0 185
12 0 52.2775 1.0 40
10 1 31.837500000000006 1.0 175
10 1 21.617500000000007 1.0 167
10 0 49.7225 1.0 188
12 1 62.4975 1.0 49
18 1 49.7225 1.0 639
4 1 29.2825 1.0 773
14 1 36.947500000000005 1.0 229
11 1 11.3975 1.0 59
11 1 3.7325000000000017 1.0 53
10 1 29.2825 1.0 173
5 1 39.5025 1.0 681
8 1 36.947500000000005 1.0 379
1366114.1 15
12 1 13.9525 1.0 11
12 0 59.94250000000001 1.0 46
10 0 52.2775 1.0 190
10 0 42.057500000000005 1.0 182
11 0 52.2775 1.0 90
12 1 31.837500000000006 1.0 25
10 0 24.1725 1.0 168
19 1 52.2775 1.0 741
12 1 36.947500000000005 1.0 29
13 0 34.3925 1.0 126
14 1 36.947500000000005 1.0 229
13 0 24.1725 1.0 118
11 1 3.7325000000000017 1.0 53
9 0 6.287500000000001 1.0 254
14 0 39.5025 1.0 230
173520.0 13
10 0 47.167500000000004 1.0 186
10 1 24.1725 1.0 169
14 0 47.167500000000004 1.0 236
14 0 44.6125 1.0 234
11 1 11.3975 1.0 59
14 1 1.177500000000002 1.0 201
13 0 26.727500000000006 1.0 120
14 1 44.6125 1.0 235
14 1 6.287500000000001 1.0 205
11 0 1.177500000000002 1.0 50
16 0 39.5025 1.0 430
14 0 13.9525 1.0 210
4 0 57.3875 1.0 794
1027662.9 23
13 1 16.507500000000007 1.0 113
13 0 52.2775 1.0 140
13 0 29.2825 1.0 122
13 1 6.287500000000001 1.0 105
14 1 39.5025 1.0 231
13 0 42.057500000000005 1.0 132
14 0 21.617500000000007 1.0 216
5 0 59.94250000000001 1.0 696
14 1 57.3875 1.0 245
10 1 13.9525 1.0 161
13 1 24.1725 1.0 119
10 0 3.7325000000000017 1.0 152
10 0 19.0625 1.0 164
14 0 44.6125 1.0 234
19 1 44.6125 1.0 735
14 0 29.2825 1.0 222
10 1 42.057500000000005 1.0 183
11 0 24.1725 1.0 68
17 0 34.3925 1.0 526
10 0 16.507500000000007 1.0 162
11 1 24.1725 1.0 69
13 0 13.9525 1.0 110
13 1 29.2825 1.0 123
1530532.1 9
12 1 59.94250000000001 1.0 47
13 1 3.7325000000000017 1.0 103
11 0 6.287500000000001 1.0 54
14 1 59.94250000000001 1.0 247
14 0 26.727500000000006 1.0 220
10 0 57.3875 1.0 194
10 0 59.94250000000001 1.0 196
11 1 49.7225 1.0 89
13 1 24.1725 1.0 119
1336324.9 11
11 1 42.057500000000005 1.0 83
12 1 49.7225 1.0 39
13 0 36.947500000000005 1.0 128
10 1 8.842500000000001 1.0 157
13 0 52.2775 1.0 140
10 0 16.507500000000007 1.0 162
14 1 13.9525 1.0 211
13 1 3.7325000000000017 1.0 103
14 1 54.83250000000001 1.0 243
14 1 24.1725 1.0 219
10 0 59.94250000000001 1.0 196
58144.312 24
12 1 8.842500000000001 1.0 7
2 1 6.287500000000001 1.0 955
10 0 31.837500000000006 1.0 174
12 0 11.3975 1.0 8
14 0 19.0625 1.0 214
10 0 47.167500000000004 1.0 186
14 1 42.057500000000005 1.0 233
11 0 6.287500000000001 1.0 54
13 0 44.6125 1.0 134
13 0 49.7225 1.0 138
17 1 57.3875 1.0 545
12 0 47.167500000000004 1.0 36
10 0 29.2825 1.0 172
15 0 59.94250000000001 1.0 346
11 1 44.6125 1.0 85
11 1 11.3975 1.0 59
16 1 44.6125 1.0 435
17 0 16.507500000000007 1.0 512
10 1 26.727500000000006 1.0 171
12 0 62.4975 1.0 48
13 1 8.842500000000001 1.0 107
14 1 52.2775 1.0 241
12 0 8.842500000000001 1.0 6
10 1 49.7225 1.0 189
1732918.8 16
11 1 26.727500000000006 1.0 71
13 1 49.7225 1.0 139
13 0 62.4975 1.0 148
6 0 29.2825 1.0 572
11 1 54.83250000000001 1.0 93
10 0 57.3875 1.0 194
12 0 62.4975 1.0 48
11 1 8.842500000000001 1.0 57
11 0 1.177500000000002 1.0 50
10 1 8.842500000000001 1.0 157
10 1 21.617500000000007 1.0 167
14 1 44.6125 1.0 235
10 1 49.7225 1.0 189
7 0 47.167500000000004 1.0 486
11 1 13.9525 1.0 61
12 0 3.7325000000000017 1.0 2
1038670.5 20
10 1 54.83250000000001 1.0 193
24 1 24.1725 1.0 1219
7 1 1.177500000000002 1.0 451
9 1 24.1725 1.0 269
14 0 8.842500000000001 1.0 206
22 1 44.6125 1.0 1035
10 1 21.617500000000007 1.0 167
16 1 57.3875 1.0 445
12 0 11.3975 1.0 8
13 0 16.507500000000007 1.0 112
14 1 62.4975 1.0 249
23 1 13.9525 1.0 1111
21 1 57.3875 1.0 945
10 1 59.94250000000001 1.0 197
13 0 47.167500000000004 1.0 136
12 1 47.167500000000004 1.0 37
7 0 47.167500000000004 1.0 486
13 0 31.837500000000006 1.0 124
14 1 1.177500000000002 1.0 201
12 1 54.83250000000001 1.0 43
122396.29 16
12 0 3.7325000000000017 1.0 2
12 1 1.177500000000002 1.0 1
13 0 49.7225 1.0 138
9 0 49.7225 1.0 288
14 1 24.1725 1.0 219
14 1 34.3925 1.0 227
13 0 36.947500000000005 1.0 128
14 1 57.3875 1.0 245
14 1 1.177500000000002 1.0 201
11 0 57.3875 1.0 94
8 0 44.6125 1.0 384
10 1 16.507500000000007 1.0 163
11 1 24.1725 1.0 69
13 1 52.2775 1.0 141
13 0 19.0625 1.0 114
12 1 11.3975 1.0 9
1525795.2 15
13 1 31.837500000000006 1.0 125
12 1 39.5025 1.0 31
12 1 62.4975 1.0 49
14 0 26.727500000000006 1.0 220
12 0 59.94250000000001 1.0 46
12 1 52.2775 1.0 41
9 0 31.837500000000006 1.0 274
13 1 6.287500000000001 1.0 105
2 0 11.3975 1.0 958
6 0 21.617500000000007 1.0 566
14 1 8.842500000000001 1.0 207
10 0 3.7325000000000017 1.0 152
10 1 34.3925 1.0 177
10 1 54.83250000000001 1.0 193
7 1 47.167500000000004 1.0 487
1823936.0 18
13 1 42.057500000000005 1.0 133
11 1 24.1725 1.0 69
14 0 24.1725 1.0 218
16 0 62.4975 1.0 448
12 0 59.94250000000001 1.0 46
10 1 13.9525 1.0 161
12 0 39.5025 1.0 30
10 0 26.727500000000006 1.0 170
14 1 57.3875 1.0 245
11 1 47.167500000000004 1.0 87
5 0 59.94250000000001 1.0 696
9 1 21.617500000000007 1.0 267
7 1 47.167500000000004 1.0 487
12 0 49.7225 1.0 38
12 0 26.727500000000006 1.0 20
13 1 39.5025 1.0 131
13 0 39.5025 1.0 130
13 0 3.7325000000000017 1.0 102
1317081.0 10
12 1 1.177500000000002 1.0 1
14 1 16.507500000000007 1.0 213
14 0 44.6125 1.0 234
12 1 19.0625 1.0 15
14 0 31.837500000000006 1.0 224
11 1 21.617500000000007 1.0 67
14 1 44.6125 1.0 235
14 0 42.057500000000005 1.0 232
14 0 3.7325000000000017 1.0 202
14 0 57.3875 1.0 244
642714.8 24
16 1 36.947500000000005 1.0 429
13 0 54.83250000000001 1.0 142
16 0 19.0625 1.0 414
14 1 21.617500000000007 1.0 217
14 1 3.7325000000000017 1.0 203
10 0 54.83250000000001 1.0 192
14 0 57.3875 1.0 244
11 1 49.7225 1.0 89
10 0 26.727500000000006 1.0 170
11 0 54.83250000000001 1.0 92
16 0 1.177500000000002 1.0 400
14 0 44.6125 1.0 234
5 0 24.1725 1.0 668
11 0 19.0625 1.0 64
14 1 54.83250000000001 1.0 243
15 1 8.842500000000001 1.0 307
16 0 44.6125 1.0 434
10 1 29.2825 1.0 173
11 1 52.2775 1.0 91
14 1 29.2825 1.0 223
10 1 16.507500000000007 1.0 163
9 0 36.947500000000005 1.0 278
10 0 57.3875 1.0 194
20 0 39.5025 1.0 830
141302.33 10
13 1 34.3925 1.0 127
10 1 13.9525 1.0 161
10 1 19.0625 1.0 165
16 0 54.83250000000001 1.0 442
13 0 59.94250000000001 1.0 146
13 0 49.7225 1.0 138
13 0 34.3925 1.0 126
13 1 21.617500000000007 1.0 117
12 0 8.842500000000001 1.0 6
12 0 1.177500000000002 1.0 0
467766.28 18
12 1 59.94250000000001 1.0 47
10 0 16.507500000000007 1.0 162
10 1 8.842500000000001 1.0 157
22 0 52.2775 1.0 1040
10 0 39.5025 1.0 180
1 0 3.7325000000000017 1.0 1052
10 0 6.287500000000001 1.0 154
12 1 44.6125 1.0 35
11 0 54.83250000000001 1.0 92
15 0 6.287500000000001 1.0 304
12 0 62.4975 1.0 48
11 1 57.3875 1.0 95
12 0 8.842500000000001 1.0 6
10 1 11.3975 1.0 159
14 1 49.7225 1.0 239
13 1 1.177500000000002 1.0 101
13 1 42.057500000000005 1.0 133
13 0 24.1725 1.0 118
821449.4 6
11 1 47.167500000000004 1.0 87
24 1 24.1725 1.0 1219
13 0 13.9525 1.0 110
12 1 31.837500000000006 1.0 25
8 0 39.5025 1.0 380
10 0 36.947500000000005 1.0 178
1931579.8 23
8 0 26.727500000000006 1.0 370
11 1 49.7225 1.0 89
23 1 49.7225 1.0 1139
13 1 19.0625 1.0 115
10 1 44.6125 1.0 185
13 1 36.947500000000005 1.0 129
11 1 59.94250000000001 1.0 97
8 1 44.6125 1.0 385
12 0 11.3975 1.0 8
13 1 34.3925 1.0 127
9 1 8.842500000000001 1.0 257
12 0 31.837500000000006 1.0 24
11 0 1.177500000000002 1.0 50
18 1 19.0625 1.0 615
10 0 39.5025 1.0 180
17 0 44.6125 1.0 534
13 0 13.9525 1.0 110
14 0 31.837500000000006 1.0 224
13 1 29.2825 1.0 123
13 1 16.507500000000007 1.0 113
12 1 57.3875 1.0 45
13 0 34.3925 1.0 126
11 1 1.177500000000002 1.0 51
146150.86 10
10 0 54.83250000000001 1.0 192
11 1 62.4975 1.0 99
12 0 49.7225 1.0 38
12 0 11.3975 1.0 8
10 0 3.7325000000000017 1.0 152
12 0 39.5025 1.0 30
16 1 62.4975 1.0 449
13 1 52.2775 1.0 141
12 1 6.287500000000001 1.0 5
10 1 39.5025 1.0 181
1151531.6 9
10 1 34.3925 1.0 177
10 1 44.6125 1.0 185
13 1 26.727500000000006 1.0 121
10 0 24.1725 1.0 168
12 1 44.6125 1.0 35
12 0 42.057500000000005 1.0 32
12 1 29.2825 1.0 23
10 0 49.7225 1.0 188
8 1 6.287500000000001 1.0 355
1024152.8 12
10 1 36.947500000000005 1.0 179
10 1 13.9525 1.0 161
10 0 19.0625 1.0 164
12 1 21.617500000000007 1.0 17
9 0 49.7225 1.0 288
14 1 1.177500000000002 1.0 201
5 1 6.287500000000001 1.0 655
11 1 49.7225 1.0 89
16 0 49.7225 1.0 438
14 1 36.947500000000005 1.0 229
10 0 36.947500000000005 1.0 178
10 0 52.2775 1.0 190
247060.06 7
10 0 36.947500000000005 1.0 178
11 0 47.167500000000004 1.0 86
13 1 36.947500000000005 1.0 129
12 1 13.9525 1.0 11
10 1 1.177500000000002 1.0 151
12 1 26.727500000000006 1.0 21
10 0 62.4975 1.0 198
789369.5 15
8 0 44.6125 1.0 384
12 1 49.7225 1.0 39
11 0 26.727500000000006 1.0 70
10 1 52.2775 1.0 191
14 1 19.0625 1.0 215
13 1 24.1725 1.0 119
11 1 21.617500000000007 1.0 67
11 1 34.3925 1.0 77
11 0 8.842500000000001 1.0 56
12 0 34.3925 1.0 26
11 0 49.7225 1.0 88
12 0 31.837500000000006 1.0 24
12 0 21.617500000000007 1.0 16
13 1 21.617500000000007 1.0 117
11 1 6.287500000000001 1.0 55
178854.1 21
10 1 21.617500000000007 1.0 167
12 0 29.2825 1.0 22
14 1 11.3975 1.0 209
10 0 16.507500000000007 1.0 162
14 1 54.83250000000001 1.0 243
11 0 11.3975 1.0 58
12 0 49.7225 1.0 38
14 1 52.2775 1.0 241
21 0 1.177500000000002 1.0 900
9 0 59.94250000000001 1.0 296
13 0 44.6125 1.0 134
14 0 34.3925 1.0 226
8 1 21.617500000000007 1.0 367
14 0 21.617500000000007 1.0 216
10 1 19.0625 1.0 165
14 0 26.727500000000006 1.0 220
14 1 13.9525 1.0 211
14 1 3.7325000000000017 1.0 203
10 0 57.3875 1.0 194
14 0 52.2775 1.0 240
14 0 36.947500000000005 1.0 228
1140438.6 18
10 1 42.057500000000005 1.0 183
11 1 49.7225 1.0 89
21 0 36.947500000000005 1.0 928
11 1 47.167500000000004 1.0 87
14 0 3.7325000000000017 1.0 202
11 0 57.3875 1.0 94
13 1 34.3925 1.0 127
2 1 47.167500000000004 1.0 987
14 1 52.2775 1.0 241
13 0 11.3975 1.0 108
13 1 6.287500000000001 1.0 105
13 0 39.5025 1.0 130
14 1 42.057500000000005 1.0 233
11 0 42.057500000000005 1.0 82
14 0 19.0625 1.0 214
15 1 13.9525 1.0 311
14 1 44.6125 1.0 235
14 1 39.5025 1.0 231
741932.0 10
12 0 49.7225 1.0 38
10 0 39.5025 1.0 180
8 1 3.7325000000000017 1.0 353
11 0 3.7325000000000017 1.0 52
11 1 31.837500000000006 1.0 75
14 1 59.94250000000001 1.0 247
11 0 11.3975 1.0 58
11 1 34.3925 1.0 77
14 1 31.837500000000006 1.0 225
10 1 39.5025 1.0 181
887093.2 6
12 0 57.3875 1.0 44
11 1 36.947500000000005 1.0 79
12 0 29.2825 1.0 22
10 0 24.1725 1.0 168
14 0 44.6125 1.0 234
11 0 54.83250000000001 1.0 92
687211.4 21
14 0 62.4975 1.0 248
8 0 13.9525 1.0 360
13 1 44.6125 1.0 135
12 1 16.507500000000007 1.0 13
13 0 1.177500000000002 1.0 100
10 0 62.4975 1.0 198
13 1 16.507500000000007 1.0 113
11 1 59.94250000000001 1.0 97
6 1 39.5025 1.0 581
12 1 3.7325000000000017 1.0 3
10 0 29.2825 1.0 172
11 1 34.3925 1.0 77
11 0 24.1725 1.0 68
11 1 57.3875 1.0 95
13 0 59.94250000000001 1.0 146
11 1 49.7225 1.0 89
10 0 57.3875 1.0 194
17 1 11.3975 1.0 509
12 1 54.83250000000001 1.0 43
15 0 24.1725 1.0 318
22 1 34.3925 1.0 1027
400702.44 21
11 0 8.842500000000001 1.0 56
11 0 62.4975 1.0 98
14 0 1.177500000000002 1.0 200
14 0 3.7325000000000017 1.0 202
13 0 34.3925 1.0 126
4 1 16.507500000000007 1.0 763
13 0 13.9525 1.0 110
8 1 36.947500000000005 1.0 379
13 0 8.842500000000001 1.0 106
13 1 24.1725 1.0 119
13 1 11.3975 1.0 109
13 0 54.83250000000001 1.0 142
14 1 47.167500000000004 1.0 237
8 0 57.3875 1.0 394
20 1 44.6125 1.0 835
12 1 49.7225 1.0 39
12 1 62.4975 1.0 49
9 0 57.3875 1.0 294
21 0 21.617500000000007 1.0 916
14 1 54.83250000000001 1.0 243
9 1 16.507500000000007 1.0 263
1060270.8 5
9 0 57.3875 1.0 294
12 1 54.83250000000001 1.0 43
14 0 6.287500000000001 1.0 204
14 0 52.2775 1.0 240
10 1 34.3925 1.0 177
1125073.4 21
14 0 52.2775 1.0 240
11 0 39.5025 1.0 80
10 1 16.507500000000007 1.0 163
16 1 16.507500000000007 1.0 413
12 1 13.9525 1.0 11
3 1 34.3925 1.0 877
12 0 39.5025 1.0 30
12 1 36.947500000000005 1.0 29
11 0 59.94250000000001 1.0 96
16 1 19.0625 1.0 415
24 1 62.4975 1.0 1249
8 0 39.5025 1.0 380
10 1 59.94250000000001 1.0 197
8 0 13.9525 1.0 360
11 1 16.507500000000007 1.0 63
10 1 11.3975 1.0 159
23 1 49.7225 1.0 1139
11 0 24.1725 1.0 68
14 1 8.842500000000001 1.0 207
14 1 62.4975 1.0 249
14 1 1.177500000000002 1.0 201
1454476.2 15
10 0 36.947500000000005 1.0 178
13 1 26.727500000000006 1.0 121
12 0 42.057500000000005 1.0 32
13 0 36.947500000000005 1.0 128
12 1 47.167500000000004 1.0 37
11 1 49.7225 1.0 89
14 0 49.7225 1.0 238
11 1 29.2825 1.0 73
14 0 8.842500000000001 1.0 206
12 1 6.287500000000001 1.0 5
14 1 49.7225 1.0 239
1 0 34.3925 1.0 1076
13 1 8.842500000000001 1.0 107
11 1 19.0625 1.0 65
12 0 24.1725 1.0 18
1179754.0 7
10 0 16.507500000000007 1.0 162
13 1 54.83250000000001 1.0 143
11 0 6.287500000000001 1.0 54
14 0 52.2775 1.0 240
12 0 36.947500000000005 1.0 28
11 0 21.617500000000007 1.0 66
13 1 57.3875 1.0 145
322217.8 12
10 1 39.5025 1.0 181
12 1 44.6125 1.0 35
21 0 16.507500000000007 1.0 912
13 1 6.287500000000001 1.0 105
11 1 11.3975 1.0 59
10 1 24.1725 1.0 169
14 0 13.9525 1.0 210
12 0 1.177500000000002 1.0 0
12 1 11.3975 1.0 9
14 0 54.83250000000001 1.0 242
10 1 21.617500000000007 1.0 167
10 1 54.83250000000001 1.0 193
1005462.56 5
13 1 29.2825 1.0 123
11 1 3.7325000000000017 1.0 53
11 0 6.287500000000001 1.0 54
11 0 31.837500000000006 1.0 74
13 1 47.167500000000004 1.0 137
1210098.5 21
14 0 47.167500000000004 1.0 236
10 0 29.2825 1.0 172
13 0 29.2825 1.0 122
10 1 1.177500000000002 1.0 151
13 1 54.83250000000001 1.0 143
12 0 26.727500000000006 1.0 20
6 0 26.727500000000006 1.0 570
16 1 8.842500000000001 1.0 407
11 0 8.842500000000001 1.0 56
10 0 44.6125 1.0 184
10 0 8.842500000000001 1.0 156
10 1 13.9525 1.0 161
11 0 21.617500000000007 1.0 66
12 0 16.507500000000007 1.0 12
11 0 49.7225 1.0 88
10 0 59.94250000000001 1.0 196
14 0 31.837500000000006 1.0 224
13 1 39.5025 1.0 131
11 1 34.3925 1.0 77
12 1 44.6125 1.0 35
13 0 52.2775 1.0 140
311654.6 16
14 0 16.507500000000007 1.0 212
13 0 57.3875 1.0 144
14 0 21.617500000000007 1.0 216
13 0 59.94250000000001 1.0 146
12 0 8.842500000000001 1.0 6
10 1 39.5025 1.0 181
13 1 42.057500000000005 1.0 133
14 0 36.947500000000005 1.0 228
11 0 52.2775 1.0 90
15 1 24.1725 1.0 319
12 0 13.9525 1.0 10
10 0 29.2825 1.0 172
7 0 44.6125 1.0 484
14 1 26.727500000000006 1.0 221
10 1 19.0625 1.0 165
10 1 31.837500000000006 1.0 175
1455825.8 13
8 0 24.1725 1.0 368
14 0 21.617500000000007 1.0 216
10 0 52.2775 1.0 190
12 0 59.94250000000001 1.0 46
12 0 47.167500000000004 1.0 36
12 1 24.1725 1.0 19
11 1 49.7225 1.0 89
11 0 24.1725 1.0 68
14 0 59.94250000000001 1.0 246
12 0 6.287500000000001 1.0 4
13 1 54.83250000000001 1.0 143
15 0 47.167500000000004 1.0 336
14 1 8.842500000000001 1.0 207
1767165.4 19
10 1 49.7225 1.0 189
12 1 49.7225 1.0 39
13 1 1.177500000000002 1.0 101
12 0 24.1725 1.0 18
13 1 57.3875 1.0 145
14 1 57.3875 1.0 245
13 0 49.7225 1.0 138
14 0 42.057500000000005 1.0 232
10 0 19.0625 1.0 164
13 0 39.5025 1.0 130
6 1 57.3875 1.0 595
11 0 13.9525 1.0 60
14 1 21.617500000000007 1.0 217
14 0 39.5025 1.0 230
11 1 59.94250000000001 1.0 97
14 0 36.947500000000005 1.0 228
12 0 49.7225 1.0 38
19 0 47.167500000000004 1.0 736
7 1 19.0625 1.0 465
164756.39 13
13 0 24.1725 1.0 118
10 0 31.837500000000006 1.0 174
13 0 62.4975 1.0 148
7 0 3.7325000000000017 1.0 452
10 1 44.6125 1.0 185
10 1 24.1725 1.0 169
14 0 36.947500000000005 1.0 228
10 0 21.617500000000007 1.0 166
14 1 47.167500000000004 1.0 237
13 1 26.727500000000006 1.0 121
12 0 1.177500000000002 1.0 0
12 0 49.7225 1.0 38
19 1 8.842500000000001 1.0 707
865795.9 20
10 0 39.5025 1.0 180
13 1 47.167500000000004 1.0 137
14 0 24.1725 1.0 218
11 1 34.3925 1.0 77
14 1 3.7325000000000017 1.0 203
10 1 34.3925 1.0 177
7 1 8.842500000000001 1.0 457
10 0 29.2825 1.0 172
12 0 36.947500000000005 1.0 28
13 0 26.727500000000006 1.0 120
10 0 16.507500000000007 1.0 162
4 0 13.9525 1.0 760
16 0 42.057500000000005 1.0 432
12 0 59.94250000000001 1.0 46
10 0 49.7225 1.0 188
7 1 1.177500000000002 1.0 451
11 0 11.3975 1.0 58
13 1 36.947500000000005 1.0 129
14 1 34.3925 1.0 227
1 0 29.2825 1.0 1072
1378306.5 8
11 0 59.94250000000001 1.0 96
16 1 26.727500000000006 1.0 421
11 1 31.837500000000006 1.0 75
10 1 26.727500000000006 1.0 171
23 1 11.3975 1.0 1109
13 1 44.6125 1.0 135
12 0 19.0625 1.0 14
10 1 16.507500000000007 1.0 163
1594885.6 24
10 0 29.2825 1.0 172
11 0 47.167500000000004 1.0 86
8 1 26.727500000000006 1.0 371
11 1 16.507500000000007 1.0 63
14 1 47.167500000000004 1.0 237
14 0 21.617500000000007 1.0 216
14 0 42.057500000000005 1.0 232
11 1 52.2775 1.0 91
13 0 47.167500000000004 1.0 136
14 1 31.837500000000006 1.0 225
12 1 8.842500000000001 1.0 7
14 0 52.2775 1.0 240
8 1 52.2775 1.0 391
12 1 3.7325000000000017 1.0 3
5 0 26.727500000000006 1.0 670
11 0 13.9525 1.0 60
11 0 21.617500000000007 1.0 66
11 0 26.727500000000006 1.0 70
12 1 36.947500000000005 1.0 29
14 0 47.167500000000004 1.0 236
13 0 24.1725 1.0 118
11 0 6.287500000000001 1.0 54
10 1 29.2825 1.0 173
12 0 19.0625 1.0 14
1701619.9 7
11 1 29.2825 1.0 73
11 1 11.3975 1.0 59
11 1 24.1725 1.0 69
12 0 47.167500000000004 1.0 36
10 1 21.617500000000007 1.0 167
11 0 31.837500000000006 1.0 74
13 0 52.2775 1.0 140
710557.44 12
13 0 8.842500000000001 1.0 106
11 0 8.842500000000001 1.0 56
19 1 6.287500000000001 1.0 705
13 0 52.2775 1.0 140
3 0 54.83250000000001 1.0 892
13 0 21.617500000000007 1.0 116
10 0 44.6125 1.0 184
12 1 26.727500000000006 1.0 21
12 0 49.7225 1.0 38
12 0 21.617500000000007 1.0 16
14 1 24.1725 1.0 219
15 0 16.507500000000007 1.0 312
1781102.0 5
12 0 29.2825 1.0 22
10 1 26.727500000000006 1.0 171
13 1 49.7225 1.0 139
13 0 19.0625 1.0 114
14 0 24.1725 1.0 218
1980888.0 23
16 1 47.167500000000004 1.0 437
12 1 57.3875 1.0 45
14 0 36.947500000000005 1.0 228
14 1 57.3875 1.0 245
11 0 13.9525 1.0 60
14 1 36.947500000000005 1.0 229
5 1 29.2825 1.0 673
11 1 8.842500000000001 1.0 57
13 1 36.947500000000005 1.0 129
13 0 49.7225 1.0 138
10 1 1.177500000000002 1.0 151
10 0 49.7225 1.0 188
16 0 11.3975 1.0 408
12 0 47.167500000000004 1.0 36
12 1 16.507500000000007 1.0 13
15 1 26.727500000000006 1.0 321
11 0 11.3975 1.0 58
12 0 36.947500000000005 1.0 28
0 1 31.837500000000006 1.0 1175
13 1 52.2775 1.0 141
14 1 47.167500000000004 1.0 237
12 0 44.6125 1.0 34
12 0 54.83250000000001 1.0 42
1769843.8 7
15 1 62.4975 1.0 349
8 1 6.287500000000001 1.0 355
11 0 39.5025 1.0 80
11 0 47.167500000000004 1.0 86
10 0 47.167500000000004 1.0 186
10 0 52.2775 1.0 190
11 0 16.507500000000007 1.0 62
1358876.2 13
13 1 52.2775 1.0 141
11 1 31.837500000000006 1.0 75
16 0 19.0625 1.0 414
13 1 26.727500000000006 1.0 121
10 0 52.2775 1.0 190
14 0 59.94250000000001 1.0 246
10 0 3.7325000000000017 1.0 152
12 1 62.4975 1.0 49
10 1 8.842500000000001 1.0 157
2 1 42.057500000000005 1.0 983
13 1 8.842500000000001 1.0 107
15 0 1.177500000000002 1.0 300
14 1 52.2775 1.0 241
1942406.9 12
12 0 36.947500000000005 1.0 28
12 1 16.507500000000007 1.0 13
12 1 59.94250000000001 1.0 47
23 1 49.7225 1.0 1139
22 0 54.83250000000001 1.0 1042
14 1 52.2775 1.0 241
10 1 13.9525 1.0 161
10 0 24.1725 1.0 168
11 0 16.507500000000007 1.0 62
11 1 3.7325000000000017 1.0 53
13 0 59.94250000000001 1.0 146
12 0 16.507500000000007 1.0 12
707135.3 7
10 0 31.837500000000006 1.0 174
11 1 19.0625 1.0 65
13 1 54.83250000000001 1.0 143
14 0 59.94250000000001 1.0 246
11 1 34.3925 1.0 77
13 0 54.83250000000001 1.0 142
14 1 11.3975 1.0 209
200030.66 18
16 1 31.837500000000006 1.0 425
14 1 6.287500000000001 1.0 205
10 0 42.057500000000005 1.0 182
13 0 52.2775 1.0 140
12 1 19.0625 1.0 15
11 1 59.94250000000001 1.0 97
4 0 29.2825 1.0 772
7 0 52.2775 1.0 490
3 1 21.617500000000007 1.0 867
3 0 59.94250000000001 1.0 896
11 1 16.507500000000007 1.0 63
8 0 54.83250000000001 1.0 392
11 0 47.167500000000004 1.0 86
10 1 1.177500000000002 1.0 151
7 0 34.3925 1.0 476
13 0 8.842500000000001 1.0 106
7 1 57.3875 1.0 495
12 0 8.842500000000001 1.0 6
447595.97 10
13 0 26.727500000000006 1.0 120
13 0 31.837500000000006 1.0 124
10 0 8.842500000000001 1.0 156
12 0 54.83250000000001 1.0 42
13 0 29.2825 1.0 122
13 1 52.2775 1.0 141
14 0 16.507500000000007 1.0 212
12 0 52.2775 1.0 40
10 0 26.727500000000006 1.0 170
15 1 3.7325000000000017 1.0 303
1907575.0 7
10 0 26.727500000000006 1.0 170
14 1 11.3975 1.0 209
14 0 54.83250000000001 1.0 242
5 0 47.167500000000004 1.0 686
12 0 54.83250000000001 1.0 42
1 0 1.177500000000002 1.0 1050
12 0 59.94250000000001 1.0 46
1789735.6 14
10 0 62.4975 1.0 198
14 0 21.617500000000007 1.0 216
23 1 1.177500000000002 1.0 1101
14 1 31.837500000000006 1.0 225
13 1 16.507500000000007 1.0 113
12 1 47.167500000000004 1.0 37
7 0 1.177500000000002 1.0 450
10 1 1.177500000000002 1.0 151
10 1 3.7325000000000017 1.0 153
6 0 29.2825 1.0 572
13 1 24.1725 1.0 119
11 0 34.3925 1.0 76
6 1 49.7225 1.0 589
4 0 39.5025 1.0 780
844204.8 24
14 1 57.3875 1.0 245
11 1 24.1725 1.0 69
12 1 54.83250000000001 1.0 43
10 0 54.83250000000001 1.0 192
16 1 29.2825 1.0 423
12 0 13.9525 1.0 10
12 1 1.177500000000002 1.0 1
13 0 62.4975 1.0 148
15 0 36.947500000000005 1.0 328
11 0 59.94250000000001 1.0 96
11 1 52.2775 1.0 91
11 1 59.94250000000001 1.0 97
15 0 3.7325000000000017 1.0 302
12 0 52.2775 1.0 40
2 1 6.287500000000001 1.0 955
12 1 44.6125 1.0 35
13 0 36.947500000000005 1.0 128
12 0 57.3875 1.0 44
14 1 29.2825 1.0 223
14 0 39.5025 1.0 230
11 0 47.167500000000004 1.0 86
12 0 54.83250000000001 1.0 42
11 1 21.617500000000007 1.0 67
19 0 26.727500000000006 1.0 720
1824668.0 6
12 1 49.7225 1.0 39
23 0 44.6125 1.0 1134
7 1 49.7225 1.0 489
13 1 11.3975 1.0 109
10 0 57.3875 1.0 194
13 1 36.947500000000005 1.0 129
631014.25 15
14 0 19.0625 1.0 214
14 1 8.842500000000001 1.0 207
11 1 39.5025 1.0 81
14 1 36.947500000000005 1.0 229
12 0 16.507500000000007 1.0 12
12 1 39.5025 1.0 31
20 1 24.1725 1.0 819
13 1 42.057500000000005 1.0 133
11 0 62.4975 1.0 98
13 0 49.7225 1.0 138
10 1 26.727500000000006 1.0 171
13 0 44.6125 1.0 134
11 1 52.2775 1.0 91
13 0 13.9525 1.0 110
10 0 19.0625 1.0 164
1983054.8 23
12 1 52.2775 1.0 41
14 0 36.947500000000005 1.0 228
14 0 26.727500000000006 1.0 220
12 1 31.837500000000006 1.0 25
8 0 57.3875 1.0 394
10 0 8.842500000000001 1.0 156
10 0 36.947500000000005 1.0 178
19 1 11.3975 1.0 709
13 1 3.7325000000000017 1.0 103
12 0 1.177500000000002 1.0 0
11 0 42.057500000000005 1.0 82
11 0 13.9525 1.0 60
13 0 49.7225 1.0 138
11 1 21.617500000000007 1.0 67
12 1 19.0625 1.0 15
22 1 47.167500000000004 1.0 1037
14 1 42.057500000000005 1.0 233
11 0 62.4975 1.0 98
10 1 13.9525 1.0 161
11 0 11.3975 1.0 58
14 0 11.3975 1.0 208
10 0 34.3925 1.0 176
13 0 34.3925 1.0 126
1811595.0 18
11 1 6.287500000000001 1.0 55
14 1 13.9525 1.0 211
13 1 47.167500000000004 1.0 137
11 1 42.057500000000005 1.0 83
10 0 29.2825 1.0 172
15 1 3.7325000000000017 1.0 303
13 1 59.94250000000001 1.0 147
14 1 42.057500000000005 1.0 233
7 1 29.2825 1.0 473
11 1 44.6125 1.0 85
14 0 47.167500000000004 1.0 236
12 1 1.177500000000002 1.0 1
10 1 11.3975 1.0 159
10 1 19.0625 1.0 165
14 1 3.7325000000000017 1.0 203
11 0 47.167500000000004 1.0 86
8 0 26.727500000000006 1.0 370
1 1 44.6125 1.0 1085
1078787.6 13
10 1 29.2825 1.0 173
11 1 57.3875 1.0 95
13 1 3.7325000000000017 1.0 103
13 1 59.94250000000001 1.0 147
13 0 16.507500000000007 1.0 112
9 0 39.5025 1.0 280
14 1 47.167500000000004 1.0 237
10 1 11.3975 1.0 159
11 1 13.9525 1.0 61
12 0 34.3925 1.0 26
0 0 52.2775 1.0 1190
12 0 31.837500000000006 1.0 24
10 0 16.507500000000007 1.0 162
1822519.4 17
10 1 3.7325000000000017 1.0 153
13 0 8.842500000000001 1.0 106
7 0 11.3975 1.0 458
14 1 49.7225 1.0 239
10 1 19.0625 1.0 165
10 1 39.5025 1.0 181
11 0 16.507500000000007 1.0 62
14 0 59.94250000000001 1.0 246
17 1 62.4975 1.0 549
10 0 3.7325000000000017 1.0 152
10 1 49.7225 1.0 189
12 1 34.3925 1.0 27
14 0 8.842500000000001 1.0 206
11 0 44.6125 1.0 84
13 0 62.4975 1.0 148
13 1 59.94250000000001 1.0 147
12 1 44.6125 1.0 35
1138749.0 7
11 1 52.2775 1.0 91
10 0 6.287500000000001 1.0 154
14 0 11.3975 1.0 208
10 1 24.1725 1.0 169
10 1 44.6125 1.0 185
14 0 36.947500000000005 1.0 228
10 0 29.2825 1.0 172
824393.7 20
11 0 59.94250000000001 1.0 96
14 1 34.3925 1.0 227
10 0 11.3975 1.0 158
10 0 42.057500000000005 1.0 182
13 0 59.94250000000001 1.0 146
15 0 29.2825 1.0 322
13 0 13.9525 1.0 110
12 0 3.7325000000000017 1.0 2
11 1 1.177500000000002 1.0 51
12 0 6.287500000000001 1.0 4
11 1 36.947500000000005 1.0 79
13 0 29.2825 1.0 122
14 0 57.3875 1.0 244
11 0 8.842500000000001 1.0 56
14 1 8.842500000000001 1.0 207
14 1 26.727500000000006 1.0 221
11 1 47.167500000000004 1.0 87
10 1 39.5025 1.0 181
15 1 57.3875 1.0 345
10 1 49.7225 1.0 189
716306.75 8
17 0 26.727500000000006 1.0 520
14 0 26.727500000000006 1.0 220
11 1 34.3925 1.0 77
11 1 42.057500000000005 1.0 83
12 0 21.617500000000007 1.0 16
14 0 52.2775 1.0 240
7 1 36.947500000000005 1.0 479
20 1 34.3925 1.0 827
268218.7 11
14 0 24.1725 1.0 218
8 0 47.167500000000004 1.0 386
12 1 3.7325000000000017 1.0 3
12 0 54.83250000000001 1.0 42
9 0 34.3925 1.0 276
12 0 42.057500000000005 1.0 32
12 0 26.727500000000006 1.0 20
12 0 1.177500000000002 1.0 0
10 1 6.287500000000001 1.0 155
11 1 36.947500000000005 1.0 79
14 0 42.057500000000005 1.0 232
1423596.5 24
11 1 1.177500000000002 1.0 51
16 1 6.287500000000001 1.0 405
14 1 26.727500000000006 1.0 221
10 0 21.617500000000007 1.0 166
12 1 62.4975 1.0 49
14 0 31.837500000000006 1.0 224
2 1 62.4975 1.0 999
13 0 31.837500000000006 1.0 124
14 1 11.3975 1.0 209
20 0 42.057500000000005 1.0 832
13 1 1.177500000000002 1.0 101
8 0 34.3925 1.0 376
14 0 34.3925 1.0 226
11 0 44.6125 1.0 84
12 1 54.83250000000001 1.0 43
15 1 1.177500000000002 1.0 301
13 0 6.287500000000001 1.0 104
18 1 16.507500000000007 1.0 613
19 0 8.842500000000001 1.0 706
0 1 47.167500000000004 1.0 1187
12 0 36.947500000000005 1.0 28
11 1 54.83250000000001 1.0 93
11 0 29.2825 1.0 72
12 0 42.057500000000005 1.0 32
1150179.0 11
12 1 11.3975 1.0 9
10 1 3.7325000000000017 1.0 153
13 0 36.947500000000005 1.0 128
12 1 21.617500000000007 1.0 17
11 1 11.3975 1.0 59
10 1 44.6125 1.0 185
13 1 47.167500000000004 1.0 137
18 1 52.2775 1.0 641
14 0 6.287500000000001 1.0 204
11 1 39.5025 1.0 81
14 1 44.6125 1.0 235
296458.88 20
14 1 26.727500000000006 1.0 221
14 0 54.83250000000001 1.0 242
7 1 36.947500000000005 1.0 479
18 0 24.1725 1.0 618
12 0 16.507500000000007 1.0 12
13 0 36.947500000000005 1.0 128
4 0 44.6125 1.0 784
11 1 21.617500000000007 1.0 67
14 0 42.057500000000005 1.0 232
12 1 39.5025 1.0 31
24 1 39.5025 1.0 1231
14 1 11.3975 1.0 209
12 0 49.7225 1.0 38
13 0 44.6125 1.0 134
12 0 52.2775 1.0 40
10 0 49.7225 1.0 188
12 1 1.177500000000002 1.0 1
11 1 47.167500000000004 1.0 87
13 0 3.7325000000000017 1.0 102
14 0 11.3975 1.0 208
1574944.5 7
12 0 49.7225 1.0 38
10 0 42.057500000000005 1.0 182
11 0 34.3925 1.0 76
13 0 13.9525 1.0 110
12 0 16.507500000000007 1.0 12
14 0 24.1725 1.0 218
8 0 3.7325000000000017 1.0 352
524858.7 7
13 1 29.2825 1.0 123
11 0 31.837500000000006 1.0 74
13 1 42.057500000000005 1.0 133
14 1 36.947500000000005 1.0 229
13 1 21.617500000000007 1.0 117
12 0 31.837500000000006 1.0 24
12 0 24.1725 1.0 18
309969.25 18
11 1 34.3925 1.0 77
12 0 11.3975 1.0 8
13 0 39.5025 1.0 130
10 0 19.0625 1.0 164
11 1 47.167500000000004 1.0 87
13 0 1.177500000000002 1.0 100
11 0 59.94250000000001 1.0 96
10 0 49.7225 1.0 188
14 1 6.287500000000001 1.0 205
13 1 39.5025 1.0 131
14 0 13.9525 1.0 210
10 0 31.837500000000006 1.0 174
23 0 24.1725 1.0 1118
12 0 39.5025 1.0 30
12 1 59.94250000000001 1.0 47
11 1 49.7225 1.0 89
11 0 26.727500000000006 1.0 70
14 1 13.9525 1.0 211
791702.94 24
9 0 52.2775 1.0 290
14 1 8.842500000000001 1.0 207
13 0 29.2825 1.0 122
11 1 34.3925 1.0 77
10 1 29.2825 1.0 173
13 0 16.507500000000007 1.0 112
14 1 1.177500000000002 1.0 201
11 1 11.3975 1.0 59
14 0 29.2825 1.0 222
12 0 29.2825 1.0 22
13 0 31.837500000000006 1.0 124
10 1 24.1725 1.0 169
15 0 31.837500000000006 1.0 324
10 0 8.842500000000001 1.0 156
10 1 13.9525 1.0 161
8 1 24.1725 1.0 369
5 1 39.5025 1.0 681
11 0 34.3925 1.0 76
14 0 36.947500000000005 1.0 228
9 1 34.3925 1.0 277
14 0 3.7325000000000017 1.0 202
11 1 24.1725 1.0 69
13 1 16.507500000000007 1.0 113
12 1 19.0625 1.0 15
1378780.5 22
13 0 21.617500000000007 1.0 116
10 0 24.1725 1.0 168
12 1 11.3975 1.0 9
11 0 24.1725 1.0 68
13 0 29.2825 1.0 122
13 1 1.177500000000002 1.0 101
9 0 36.947500000000005 1.0 278
10 0 42.057500000000005 1.0 182
12 0 44.6125 1.0 34
12 0 49.7225 1.0 38
16 1 29.2825 1.0 423
9 1 52.2775 1.0 291
11 1 62.4975 1.0 99
14 0 54.83250000000001 1.0 242
10 1 42.057500000000005 1.0 183
0 1 13.9525 1.0 1161
10 1 3.7325000000000017 1.0 153
12 1 24.1725 1.0 19
14 0 24.1725 1.0 218
13 1 49.7225 1.0 139
11 1 6.287500000000001 1.0 55
11 1 36.947500000000005 1.0 79
541428.56 5
14 1 59.94250000000001 1.0 247
10 1 24.1725 1.0 169
6 1 24.1725 1.0 569
17 1 31.837500000000006 1.0 525
3 0 11.3975 1.0 858
505874.4 20
9 1 1.177500000000002 1.0 251
12 0 11.3975 1.0 8
14 0 36.947500000000005 1.0 228
14 1 29.2825 1.0 223
11 1 52.2775 1.0 91
11 0 6.287500000000001 1.0 54
12 0 1.177500000000002 1.0 0
10 1 11.3975 1.0 159
13 0 36.947500000000005 1.0 128
13 0 57.3875 1.0 144
9 0 29.2825 1.0 272
12 1 47.167500000000004 1.0 37
12 1 59.94250000000001 1.0 47
10 0 6.287500000000001 1.0 154
10 1 39.5025 1.0 181
12 0 57.3875 1.0 44
16 0 57.3875 1.0 444
11 1 36.947500000000005 1.0 79
10 1 44.6125 1.0 185
22 0 39.5025 1.0 1030
1267020.1 22
14 1 24.1725 1.0 219
12 1 54.83250000000001 1.0 43
12 0 54.83250000000001 1.0 42
10 0 47.167500000000004 1.0 186
14 1 36.947500000000005 1.0 229
14 1 49.7225 1.0 239
14 1 34.3925 1.0 227
16 0 49.7225 1.0 438
11 1 16.507500000000007 1.0 63
10 0 24.1725 1.0 168
12 1 1.177500000000002 1.0 1
12 0 57.3875 1.0 44
14 1 62.4975 1.0 249
12 0 36.947500000000005 1.0 28
10 0 29.2825 1.0 172
14 0 47.167500000000004 1.0 236
14 0 26.727500000000006 1.0 220
13 0 47.167500000000004 1.0 136
7 1 39.5025 1.0 481
11 1 59.94250000000001 1.0 97
11 1 21.617500000000007 1.0 67
14 0 16.507500000000007 1.0 212
