Numero de pedidos
100
duedate num_referencias // pasillo lado altura peso
948609.44 21
10 1 49.7225 1.0 539
6 1 26.727500000000006 1.0 321
21 1 34.3925 1.0 1077
11 0 44.6125 1.0 584
0 1 62.4975 1.0 49
5 1 54.83250000000001 1.0 293
8 0 47.167500000000004 1.0 436
15 0 16.507500000000007 1.0 762
1 0 29.2825 1.0 72
21 1 36.947500000000005 1.0 1079
17 1 19.0625 1.0 865
3 1 6.287500000000001 1.0 155
3 0 3.7325000000000017 1.0 152
10 1 26.727500000000006 1.0 521
2 1 44.6125 1.0 135
13 0 6.287500000000001 1.0 654
6 1 19.0625 1.0 315
8 1 29.2825 1.0 423
4 0 59.94250000000001 1.0 246
4 0 52.2775 1.0 240
4 0 36.947500000000005 1.0 228
122700.98 11
19 1 34.3925 1.0 977
24 1 16.507500000000007 1.0 1213
11 1 52.2775 1.0 591
7 0 6.287500000000001 1.0 354
12 1 16.507500000000007 1.0 613
2 0 59.94250000000001 1.0 146
21 0 8.842500000000001 1.0 1056
15 1 49.7225 1.0 789
1 1 39.5025 1.0 81
11 1 36.947500000000005 1.0 579
11 0 49.7225 1.0 588
1621918.6 8
10 1 6.287500000000001 1.0 505
21 1 6.287500000000001 1.0 1055
0 0 21.617500000000007 1.0 16
4 1 26.727500000000006 1.0 221
6 0 13.9525 1.0 310
17 1 29.2825 1.0 873
15 0 49.7225 1.0 788
1 1 1.177500000000002 1.0 51
1677800.0 24
16 1 13.9525 1.0 811
19 0 62.4975 1.0 998
17 1 13.9525 1.0 861
3 0 11.3975 1.0 158
0 1 3.7325000000000017 1.0 3
6 1 47.167500000000004 1.0 337
20 1 49.7225 1.0 1039
16 0 13.9525 1.0 810
18 1 44.6125 1.0 935
11 1 47.167500000000004 1.0 587
15 1 3.7325000000000017 1.0 753
8 0 44.6125 1.0 434
1 0 44.6125 1.0 84
24 1 19.0625 1.0 1215
4 1 31.837500000000006 1.0 225
21 0 24.1725 1.0 1068
19 1 19.0625 1.0 965
22 1 21.617500000000007 1.0 1117
10 1 16.507500000000007 1.0 513
10 1 42.057500000000005 1.0 533
19 1 59.94250000000001 1.0 997
19 0 13.9525 1.0 960
20 1 57.3875 1.0 1045
17 0 26.727500000000006 1.0 870
256578.02 7
11 0 8.842500000000001 1.0 556
21 1 24.1725 1.0 1069
3 1 8.842500000000001 1.0 157
14 1 31.837500000000006 1.0 725
19 1 59.94250000000001 1.0 997
1 1 39.5025 1.0 81
21 1 26.727500000000006 1.0 1071
1586690.9 8
17 0 57.3875 1.0 894
12 0 54.83250000000001 1.0 642
21 1 6.287500000000001 1.0 1055
13 1 47.167500000000004 1.0 687
19 1 16.507500000000007 1.0 963
22 1 24.1725 1.0 1119
0 1 19.0625 1.0 15
13 0 26.727500000000006 1.0 670
411016.56 22
20 1 21.617500000000007 1.0 1017
12 1 16.507500000000007 1.0 613
10 0 11.3975 1.0 508
23 1 16.507500000000007 1.0 1163
12 1 21.617500000000007 1.0 617
13 0 26.727500000000006 1.0 670
19 0 13.9525 1.0 960
23 0 21.617500000000007 1.0 1166
15 0 44.6125 1.0 784
7 0 47.167500000000004 1.0 386
12 1 19.0625 1.0 615
3 0 42.057500000000005 1.0 182
12 0 6.287500000000001 1.0 604
22 0 44.6125 1.0 1134
3 1 6.287500000000001 1.0 155
8 1 52.2775 1.0 441
8 1 8.842500000000001 1.0 407
19 0 36.947500000000005 1.0 978
19 1 52.2775 1.0 991
1 0 52.2775 1.0 90
2 0 29.2825 1.0 122
3 0 57.3875 1.0 194
240378.22 14
11 1 57.3875 1.0 595
18 1 29.2825 1.0 923
9 0 13.9525 1.0 460
18 0 54.83250000000001 1.0 942
10 0 21.617500000000007 1.0 516
2 0 59.94250000000001 1.0 146
3 1 21.617500000000007 1.0 167
11 1 36.947500000000005 1.0 579
24 0 29.2825 1.0 1222
4 0 36.947500000000005 1.0 228
19 0 31.837500000000006 1.0 974
8 1 44.6125 1.0 435
9 1 13.9525 1.0 461
15 1 49.7225 1.0 789
1635025.9 9
0 0 11.3975 1.0 8
21 1 62.4975 1.0 1099
17 0 16.507500000000007 1.0 862
4 0 1.177500000000002 1.0 200
1 0 52.2775 1.0 90
23 1 36.947500000000005 1.0 1179
3 1 8.842500000000001 1.0 157
7 1 29.2825 1.0 373
14 0 29.2825 1.0 722
1919314.5 11
21 0 34.3925 1.0 1076
10 0 49.7225 1.0 538
6 0 59.94250000000001 1.0 346
10 1 39.5025 1.0 531
14 1 42.057500000000005 1.0 733
6 1 54.83250000000001 1.0 343
10 1 44.6125 1.0 535
2 1 29.2825 1.0 123
17 0 62.4975 1.0 898
5 0 31.837500000000006 1.0 274
8 1 8.842500000000001 1.0 407
1972267.1 7
6 0 59.94250000000001 1.0 346
6 0 16.507500000000007 1.0 312
1 0 52.2775 1.0 90
11 0 44.6125 1.0 584
18 1 29.2825 1.0 923
15 1 11.3975 1.0 759
3 0 3.7325000000000017 1.0 152
1828131.9 8
16 0 19.0625 1.0 814
22 1 11.3975 1.0 1109
18 0 19.0625 1.0 914
11 0 59.94250000000001 1.0 596
9 0 36.947500000000005 1.0 478
11 1 57.3875 1.0 595
21 1 6.287500000000001 1.0 1055
0 1 1.177500000000002 1.0 1
1916351.9 9
21 1 49.7225 1.0 1089
17 1 16.507500000000007 1.0 863
22 1 49.7225 1.0 1139
22 1 11.3975 1.0 1109
6 0 62.4975 1.0 348
24 0 49.7225 1.0 1238
9 0 1.177500000000002 1.0 450
2 0 19.0625 1.0 114
1 0 42.057500000000005 1.0 82
634461.8 19
4 1 54.83250000000001 1.0 243
3 0 13.9525 1.0 160
14 1 39.5025 1.0 731
6 1 39.5025 1.0 331
21 0 39.5025 1.0 1080
14 1 52.2775 1.0 741
16 0 49.7225 1.0 838
7 1 6.287500000000001 1.0 355
22 1 11.3975 1.0 1109
1 1 16.507500000000007 1.0 63
7 1 62.4975 1.0 399
13 1 29.2825 1.0 673
22 0 49.7225 1.0 1138
4 1 31.837500000000006 1.0 225
17 1 24.1725 1.0 869
4 1 19.0625 1.0 215
21 1 24.1725 1.0 1069
9 0 13.9525 1.0 460
12 1 16.507500000000007 1.0 613
388342.25 15
15 0 49.7225 1.0 788
0 1 1.177500000000002 1.0 1
17 0 49.7225 1.0 888
5 0 16.507500000000007 1.0 262
20 1 47.167500000000004 1.0 1037
16 0 52.2775 1.0 840
17 0 26.727500000000006 1.0 870
24 1 21.617500000000007 1.0 1217
11 1 11.3975 1.0 559
21 1 36.947500000000005 1.0 1079
17 0 34.3925 1.0 876
10 0 29.2825 1.0 522
6 1 21.617500000000007 1.0 317
16 1 47.167500000000004 1.0 837
20 1 6.287500000000001 1.0 1005
1532622.1 5
9 0 39.5025 1.0 480
3 1 6.287500000000001 1.0 155
22 1 54.83250000000001 1.0 1143
19 1 34.3925 1.0 977
16 1 26.727500000000006 1.0 821
480481.22 9
10 1 49.7225 1.0 539
10 1 44.6125 1.0 535
17 0 49.7225 1.0 888
17 0 47.167500000000004 1.0 886
21 1 6.287500000000001 1.0 1055
9 1 6.287500000000001 1.0 455
8 1 29.2825 1.0 423
15 0 44.6125 1.0 784
0 1 16.507500000000007 1.0 13
1025693.8 7
6 0 62.4975 1.0 348
9 1 24.1725 1.0 469
17 0 57.3875 1.0 894
3 0 16.507500000000007 1.0 162
13 1 44.6125 1.0 685
18 1 29.2825 1.0 923
12 0 52.2775 1.0 640
1599353.5 11
7 0 6.287500000000001 1.0 354
18 1 44.6125 1.0 935
6 0 36.947500000000005 1.0 328
7 0 24.1725 1.0 368
15 1 3.7325000000000017 1.0 753
23 1 34.3925 1.0 1177
18 1 8.842500000000001 1.0 907
6 1 6.287500000000001 1.0 305
11 1 3.7325000000000017 1.0 553
1 1 24.1725 1.0 69
9 1 13.9525 1.0 461
1473395.5 14
20 1 49.7225 1.0 1039
4 1 19.0625 1.0 215
5 0 16.507500000000007 1.0 262
8 0 31.837500000000006 1.0 424
2 1 47.167500000000004 1.0 137
6 1 26.727500000000006 1.0 321
10 0 13.9525 1.0 510
17 0 16.507500000000007 1.0 862
3 0 59.94250000000001 1.0 196
18 0 54.83250000000001 1.0 942
17 1 54.83250000000001 1.0 893
8 0 1.177500000000002 1.0 400
17 0 47.167500000000004 1.0 886
22 1 49.7225 1.0 1139
500639.06 12
8 0 44.6125 1.0 434
24 1 34.3925 1.0 1227
21 0 34.3925 1.0 1076
24 0 19.0625 1.0 1214
17 1 62.4975 1.0 899
23 0 52.2775 1.0 1190
20 0 54.83250000000001 1.0 1042
22 0 44.6125 1.0 1134
17 0 44.6125 1.0 884
14 0 36.947500000000005 1.0 728
3 0 57.3875 1.0 194
7 1 8.842500000000001 1.0 357
1453212.4 24
1 0 26.727500000000006 1.0 70
21 0 8.842500000000001 1.0 1056
2 0 19.0625 1.0 114
18 1 26.727500000000006 1.0 921
17 1 52.2775 1.0 891
17 0 47.167500000000004 1.0 886
9 1 13.9525 1.0 461
1 0 52.2775 1.0 90
16 0 54.83250000000001 1.0 842
1 0 42.057500000000005 1.0 82
3 0 11.3975 1.0 158
23 1 8.842500000000001 1.0 1157
17 1 44.6125 1.0 885
16 1 47.167500000000004 1.0 837
16 0 16.507500000000007 1.0 812
0 0 3.7325000000000017 1.0 2
0 1 16.507500000000007 1.0 13
1 1 24.1725 1.0 69
1 1 11.3975 1.0 59
16 0 3.7325000000000017 1.0 802
7 1 6.287500000000001 1.0 355
21 1 36.947500000000005 1.0 1079
10 0 39.5025 1.0 530
14 0 36.947500000000005 1.0 728
453476.62 10
15 1 24.1725 1.0 769
24 1 44.6125 1.0 1235
3 1 8.842500000000001 1.0 157
23 1 34.3925 1.0 1177
11 0 26.727500000000006 1.0 570
3 0 13.9525 1.0 160
17 1 3.7325000000000017 1.0 853
13 1 44.6125 1.0 685
19 0 21.617500000000007 1.0 966
1 1 24.1725 1.0 69
79590.51 16
21 1 44.6125 1.0 1085
0 0 21.617500000000007 1.0 16
21 1 31.837500000000006 1.0 1075
19 1 11.3975 1.0 959
24 0 3.7325000000000017 1.0 1202
4 0 36.947500000000005 1.0 228
22 1 34.3925 1.0 1127
7 1 29.2825 1.0 373
20 0 36.947500000000005 1.0 1028
17 0 16.507500000000007 1.0 862
3 0 26.727500000000006 1.0 170
5 0 19.0625 1.0 264
3 0 16.507500000000007 1.0 162
3 0 1.177500000000002 1.0 150
5 0 31.837500000000006 1.0 274
12 1 34.3925 1.0 627
1502017.4 14
20 0 11.3975 1.0 1008
17 1 19.0625 1.0 865
17 0 57.3875 1.0 894
3 0 1.177500000000002 1.0 150
2 0 42.057500000000005 1.0 132
4 0 52.2775 1.0 240
5 0 31.837500000000006 1.0 274
1 0 44.6125 1.0 84
1 1 1.177500000000002 1.0 51
9 0 1.177500000000002 1.0 450
12 1 19.0625 1.0 615
5 0 3.7325000000000017 1.0 252
22 0 47.167500000000004 1.0 1136
21 0 6.287500000000001 1.0 1054
496609.0 20
1 1 1.177500000000002 1.0 51
22 1 62.4975 1.0 1149
10 0 21.617500000000007 1.0 516
10 1 44.6125 1.0 535
14 0 39.5025 1.0 730
10 0 16.507500000000007 1.0 512
6 1 47.167500000000004 1.0 337
0 1 54.83250000000001 1.0 43
20 1 3.7325000000000017 1.0 1003
8 0 16.507500000000007 1.0 412
14 0 8.842500000000001 1.0 706
7 0 6.287500000000001 1.0 354
23 1 34.3925 1.0 1177
5 1 6.287500000000001 1.0 255
4 0 36.947500000000005 1.0 228
6 1 39.5025 1.0 331
22 1 31.837500000000006 1.0 1125
19 0 26.727500000000006 1.0 970
22 1 11.3975 1.0 1109
1 1 16.507500000000007 1.0 63
687975.75 13
0 0 6.287500000000001 1.0 4
3 0 3.7325000000000017 1.0 152
5 1 6.287500000000001 1.0 255
22 1 16.507500000000007 1.0 1113
24 0 19.0625 1.0 1214
24 1 19.0625 1.0 1215
9 0 13.9525 1.0 460
17 1 44.6125 1.0 885
14 1 16.507500000000007 1.0 713
0 1 19.0625 1.0 15
15 1 19.0625 1.0 765
4 1 19.0625 1.0 215
8 0 31.837500000000006 1.0 424
1330642.6 12
22 0 47.167500000000004 1.0 1136
21 1 44.6125 1.0 1085
8 0 31.837500000000006 1.0 424
4 0 36.947500000000005 1.0 228
23 1 16.507500000000007 1.0 1163
20 1 49.7225 1.0 1039
21 1 6.287500000000001 1.0 1055
8 1 13.9525 1.0 411
23 0 59.94250000000001 1.0 1196
9 1 24.1725 1.0 469
9 0 3.7325000000000017 1.0 452
24 1 13.9525 1.0 1211
1879536.1 10
14 0 31.837500000000006 1.0 724
22 1 31.837500000000006 1.0 1125
7 0 6.287500000000001 1.0 354
21 1 29.2825 1.0 1073
18 1 49.7225 1.0 939
11 1 42.057500000000005 1.0 583
13 1 47.167500000000004 1.0 687
9 1 13.9525 1.0 461
1 1 11.3975 1.0 59
1 1 24.1725 1.0 69
1647431.2 5
3 0 31.837500000000006 1.0 174
4 1 19.0625 1.0 215
3 0 1.177500000000002 1.0 150
13 0 24.1725 1.0 668
5 0 16.507500000000007 1.0 262
1735957.9 19
0 1 19.0625 1.0 15
10 1 44.6125 1.0 535
24 1 34.3925 1.0 1227
18 0 19.0625 1.0 914
24 1 13.9525 1.0 1211
2 1 21.617500000000007 1.0 117
13 0 24.1725 1.0 668
23 1 8.842500000000001 1.0 1157
8 1 29.2825 1.0 423
8 0 29.2825 1.0 422
12 1 19.0625 1.0 615
11 0 21.617500000000007 1.0 566
24 0 6.287500000000001 1.0 1204
21 1 19.0625 1.0 1065
2 0 19.0625 1.0 114
0 1 3.7325000000000017 1.0 3
22 1 11.3975 1.0 1109
4 0 24.1725 1.0 218
19 0 21.617500000000007 1.0 966
1248344.8 21
24 0 57.3875 1.0 1244
4 0 52.2775 1.0 240
17 0 62.4975 1.0 898
10 1 42.057500000000005 1.0 533
20 0 57.3875 1.0 1044
10 1 31.837500000000006 1.0 525
8 1 44.6125 1.0 435
16 1 47.167500000000004 1.0 837
14 0 21.617500000000007 1.0 716
1 0 24.1725 1.0 68
1 0 52.2775 1.0 90
24 1 44.6125 1.0 1235
20 1 6.287500000000001 1.0 1005
19 0 49.7225 1.0 988
17 1 16.507500000000007 1.0 863
24 1 54.83250000000001 1.0 1243
8 1 8.842500000000001 1.0 407
16 1 21.617500000000007 1.0 817
23 1 1.177500000000002 1.0 1151
3 0 13.9525 1.0 160
9 1 39.5025 1.0 481
679771.8 16
7 1 39.5025 1.0 381
14 0 36.947500000000005 1.0 728
23 0 52.2775 1.0 1190
14 1 16.507500000000007 1.0 713
11 0 8.842500000000001 1.0 556
8 0 44.6125 1.0 434
6 0 26.727500000000006 1.0 320
4 0 1.177500000000002 1.0 200
22 0 34.3925 1.0 1126
14 1 42.057500000000005 1.0 733
5 0 16.507500000000007 1.0 262
15 0 49.7225 1.0 788
2 0 59.94250000000001 1.0 146
22 1 16.507500000000007 1.0 1113
23 1 29.2825 1.0 1173
0 1 16.507500000000007 1.0 13
752960.25 5
22 1 36.947500000000005 1.0 1129
11 1 1.177500000000002 1.0 551
10 1 31.837500000000006 1.0 525
12 1 3.7325000000000017 1.0 603
14 1 16.507500000000007 1.0 713
1988077.1 17
14 1 52.2775 1.0 741
12 0 54.83250000000001 1.0 642
14 1 24.1725 1.0 719
20 1 6.287500000000001 1.0 1005
8 1 44.6125 1.0 435
16 1 13.9525 1.0 811
7 0 24.1725 1.0 368
1 1 39.5025 1.0 81
11 0 44.6125 1.0 584
19 0 36.947500000000005 1.0 978
19 0 42.057500000000005 1.0 982
1 1 24.1725 1.0 69
5 1 54.83250000000001 1.0 293
17 0 19.0625 1.0 864
23 1 1.177500000000002 1.0 1151
5 1 3.7325000000000017 1.0 253
9 0 1.177500000000002 1.0 450
1518742.5 20
0 0 31.837500000000006 1.0 24
21 1 31.837500000000006 1.0 1075
2 0 59.94250000000001 1.0 146
14 0 29.2825 1.0 722
12 1 49.7225 1.0 639
1 0 44.6125 1.0 84
20 0 42.057500000000005 1.0 1032
1 1 16.507500000000007 1.0 63
8 0 31.837500000000006 1.0 424
19 0 52.2775 1.0 990
11 1 36.947500000000005 1.0 579
8 0 44.6125 1.0 434
5 0 47.167500000000004 1.0 286
19 1 52.2775 1.0 991
2 0 42.057500000000005 1.0 132
18 1 44.6125 1.0 935
12 1 16.507500000000007 1.0 613
24 1 13.9525 1.0 1211
23 1 26.727500000000006 1.0 1171
15 1 19.0625 1.0 765
899251.75 9
7 1 39.5025 1.0 381
2 1 26.727500000000006 1.0 121
18 1 29.2825 1.0 923
15 0 49.7225 1.0 788
19 0 49.7225 1.0 988
12 1 54.83250000000001 1.0 643
24 0 21.617500000000007 1.0 1216
23 1 31.837500000000006 1.0 1175
2 1 19.0625 1.0 115
758230.9 6
17 1 24.1725 1.0 869
10 0 8.842500000000001 1.0 506
9 1 24.1725 1.0 469
19 1 59.94250000000001 1.0 997
20 1 36.947500000000005 1.0 1029
12 0 54.83250000000001 1.0 642
333628.6 21
14 1 24.1725 1.0 719
3 0 24.1725 1.0 168
2 1 44.6125 1.0 135
11 1 42.057500000000005 1.0 583
22 0 47.167500000000004 1.0 1136
24 0 3.7325000000000017 1.0 1202
13 0 24.1725 1.0 668
5 0 16.507500000000007 1.0 262
7 0 16.507500000000007 1.0 362
11 1 57.3875 1.0 595
2 0 11.3975 1.0 108
13 1 11.3975 1.0 659
24 1 13.9525 1.0 1211
0 0 31.837500000000006 1.0 24
14 0 57.3875 1.0 744
13 0 26.727500000000006 1.0 670
22 1 31.837500000000006 1.0 1125
24 1 52.2775 1.0 1241
8 1 13.9525 1.0 411
13 0 54.83250000000001 1.0 692
5 1 62.4975 1.0 299
1253223.8 22
17 0 62.4975 1.0 898
10 1 44.6125 1.0 535
1 1 11.3975 1.0 59
8 0 16.507500000000007 1.0 412
23 1 1.177500000000002 1.0 1151
23 1 29.2825 1.0 1173
18 1 57.3875 1.0 945
13 0 6.287500000000001 1.0 654
4 0 59.94250000000001 1.0 246
0 1 36.947500000000005 1.0 29
23 0 21.617500000000007 1.0 1166
2 1 47.167500000000004 1.0 137
11 1 57.3875 1.0 595
22 0 47.167500000000004 1.0 1136
19 1 36.947500000000005 1.0 979
2 0 62.4975 1.0 148
21 1 11.3975 1.0 1059
9 1 39.5025 1.0 481
2 0 11.3975 1.0 108
6 1 57.3875 1.0 345
16 1 13.9525 1.0 811
17 0 57.3875 1.0 894
1038978.4 12
5 0 19.0625 1.0 264
5 1 6.287500000000001 1.0 255
8 0 16.507500000000007 1.0 412
19 1 19.0625 1.0 965
9 0 29.2825 1.0 472
8 0 31.837500000000006 1.0 424
5 0 16.507500000000007 1.0 262
3 0 57.3875 1.0 194
21 1 62.4975 1.0 1099
17 0 57.3875 1.0 894
9 1 24.1725 1.0 469
3 1 6.287500000000001 1.0 155
1952344.6 9
5 0 34.3925 1.0 276
8 0 16.507500000000007 1.0 412
22 0 8.842500000000001 1.0 1106
12 0 6.287500000000001 1.0 604
4 1 31.837500000000006 1.0 225
23 0 21.617500000000007 1.0 1166
17 0 47.167500000000004 1.0 886
3 0 13.9525 1.0 160
16 0 52.2775 1.0 840
1639171.5 12
19 0 59.94250000000001 1.0 996
4 0 1.177500000000002 1.0 200
8 1 8.842500000000001 1.0 407
12 0 54.83250000000001 1.0 642
8 1 44.6125 1.0 435
21 0 34.3925 1.0 1076
14 0 44.6125 1.0 734
21 0 11.3975 1.0 1058
20 1 3.7325000000000017 1.0 1003
19 0 31.837500000000006 1.0 974
16 1 21.617500000000007 1.0 817
3 0 57.3875 1.0 194
521330.9 22
23 0 57.3875 1.0 1194
20 1 57.3875 1.0 1045
9 1 13.9525 1.0 461
16 0 57.3875 1.0 844
23 1 16.507500000000007 1.0 1163
17 1 6.287500000000001 1.0 855
18 1 8.842500000000001 1.0 907
3 0 31.837500000000006 1.0 174
19 1 6.287500000000001 1.0 955
8 0 44.6125 1.0 434
13 0 24.1725 1.0 668
16 0 52.2775 1.0 840
11 0 44.6125 1.0 584
24 0 19.0625 1.0 1214
16 0 44.6125 1.0 834
15 1 24.1725 1.0 769
2 0 59.94250000000001 1.0 146
21 0 54.83250000000001 1.0 1092
15 0 52.2775 1.0 790
12 0 1.177500000000002 1.0 600
3 0 1.177500000000002 1.0 150
20 1 36.947500000000005 1.0 1029
950248.7 13
17 0 57.3875 1.0 894
11 0 59.94250000000001 1.0 596
3 1 8.842500000000001 1.0 157
12 1 16.507500000000007 1.0 613
15 0 44.6125 1.0 784
4 1 31.837500000000006 1.0 225
22 1 11.3975 1.0 1109
20 0 62.4975 1.0 1048
8 0 31.837500000000006 1.0 424
12 1 62.4975 1.0 649
2 0 49.7225 1.0 138
5 0 42.057500000000005 1.0 282
20 0 21.617500000000007 1.0 1016
1201804.9 12
21 1 31.837500000000006 1.0 1075
14 1 24.1725 1.0 719
10 0 8.842500000000001 1.0 506
17 1 29.2825 1.0 873
16 0 13.9525 1.0 810
16 0 52.2775 1.0 840
10 1 52.2775 1.0 541
3 1 6.287500000000001 1.0 155
18 0 49.7225 1.0 938
7 1 47.167500000000004 1.0 387
13 1 42.057500000000005 1.0 683
13 1 16.507500000000007 1.0 663
601029.56 14
12 0 54.83250000000001 1.0 642
13 0 3.7325000000000017 1.0 652
14 0 21.617500000000007 1.0 716
22 0 8.842500000000001 1.0 1106
8 0 16.507500000000007 1.0 412
20 0 54.83250000000001 1.0 1042
15 0 16.507500000000007 1.0 762
9 1 24.1725 1.0 469
11 0 29.2825 1.0 572
15 0 11.3975 1.0 758
22 0 47.167500000000004 1.0 1136
24 0 21.617500000000007 1.0 1216
5 0 31.837500000000006 1.0 274
4 0 52.2775 1.0 240
1343624.8 21
3 0 26.727500000000006 1.0 170
3 1 49.7225 1.0 189
24 1 54.83250000000001 1.0 1243
1 0 52.2775 1.0 90
18 1 29.2825 1.0 923
15 1 29.2825 1.0 773
15 1 19.0625 1.0 765
22 0 47.167500000000004 1.0 1136
20 0 62.4975 1.0 1048
18 1 11.3975 1.0 909
17 1 44.6125 1.0 885
20 1 31.837500000000006 1.0 1025
19 1 19.0625 1.0 965
15 1 47.167500000000004 1.0 787
5 1 62.4975 1.0 299
22 1 16.507500000000007 1.0 1113
11 0 8.842500000000001 1.0 556
21 1 44.6125 1.0 1085
17 0 57.3875 1.0 894
13 1 11.3975 1.0 659
15 1 8.842500000000001 1.0 757
334404.84 16
21 1 36.947500000000005 1.0 1079
23 0 59.94250000000001 1.0 1196
23 1 1.177500000000002 1.0 1151
0 1 49.7225 1.0 39
20 1 49.7225 1.0 1039
14 1 42.057500000000005 1.0 733
3 0 13.9525 1.0 160
12 0 62.4975 1.0 648
21 1 62.4975 1.0 1099
22 0 36.947500000000005 1.0 1128
21 0 39.5025 1.0 1080
8 0 31.837500000000006 1.0 424
23 1 34.3925 1.0 1177
20 0 54.83250000000001 1.0 1042
1 1 16.507500000000007 1.0 63
18 0 19.0625 1.0 914
827212.06 15
15 0 26.727500000000006 1.0 770
22 0 47.167500000000004 1.0 1136
1 1 36.947500000000005 1.0 79
24 0 6.287500000000001 1.0 1204
20 1 34.3925 1.0 1027
3 1 21.617500000000007 1.0 167
15 1 11.3975 1.0 759
21 1 24.1725 1.0 1069
3 0 13.9525 1.0 160
4 0 47.167500000000004 1.0 236
0 0 24.1725 1.0 18
19 1 57.3875 1.0 995
21 1 26.727500000000006 1.0 1071
21 1 34.3925 1.0 1077
5 1 62.4975 1.0 299
1092885.8 11
21 1 6.287500000000001 1.0 1055
24 1 16.507500000000007 1.0 1213
19 1 52.2775 1.0 991
11 1 42.057500000000005 1.0 583
24 1 34.3925 1.0 1227
22 1 34.3925 1.0 1127
8 1 29.2825 1.0 423
6 0 21.617500000000007 1.0 316
17 1 24.1725 1.0 869
14 0 21.617500000000007 1.0 716
14 0 36.947500000000005 1.0 728
1178290.0 14
2 0 42.057500000000005 1.0 132
20 0 6.287500000000001 1.0 1004
2 1 21.617500000000007 1.0 117
8 1 52.2775 1.0 441
12 1 19.0625 1.0 615
10 0 39.5025 1.0 530
16 0 52.2775 1.0 840
19 0 21.617500000000007 1.0 966
8 0 62.4975 1.0 448
19 0 36.947500000000005 1.0 978
17 0 57.3875 1.0 894
8 0 52.2775 1.0 440
13 0 6.287500000000001 1.0 654
5 1 24.1725 1.0 269
417543.2 21
4 1 31.837500000000006 1.0 225
7 1 6.287500000000001 1.0 355
24 0 6.287500000000001 1.0 1204
1 0 1.177500000000002 1.0 50
10 0 8.842500000000001 1.0 506
24 0 19.0625 1.0 1214
20 1 36.947500000000005 1.0 1029
6 1 26.727500000000006 1.0 321
7 0 26.727500000000006 1.0 370
19 1 19.0625 1.0 965
4 0 34.3925 1.0 226
16 0 52.2775 1.0 840
21 0 29.2825 1.0 1072
21 1 6.287500000000001 1.0 1055
5 0 3.7325000000000017 1.0 252
23 0 62.4975 1.0 1198
10 1 42.057500000000005 1.0 533
21 0 24.1725 1.0 1068
1 1 11.3975 1.0 59
6 1 1.177500000000002 1.0 301
15 0 36.947500000000005 1.0 778
268964.0 13
1 1 1.177500000000002 1.0 51
1 0 1.177500000000002 1.0 50
23 1 1.177500000000002 1.0 1151
4 1 19.0625 1.0 215
6 0 21.617500000000007 1.0 316
0 0 31.837500000000006 1.0 24
0 0 47.167500000000004 1.0 36
23 1 8.842500000000001 1.0 1157
17 1 24.1725 1.0 869
19 1 19.0625 1.0 965
0 0 21.617500000000007 1.0 16
14 0 39.5025 1.0 730
24 0 3.7325000000000017 1.0 1202
1051392.5 12
15 1 19.0625 1.0 765
11 0 21.617500000000007 1.0 566
5 1 6.287500000000001 1.0 255
2 0 19.0625 1.0 114
5 0 42.057500000000005 1.0 282
24 0 16.507500000000007 1.0 1212
5 1 19.0625 1.0 265
0 1 47.167500000000004 1.0 37
23 1 26.727500000000006 1.0 1171
3 1 6.287500000000001 1.0 155
6 1 52.2775 1.0 341
1 0 29.2825 1.0 72
1869361.2 18
8 0 16.507500000000007 1.0 412
23 1 34.3925 1.0 1177
2 0 49.7225 1.0 138
0 1 47.167500000000004 1.0 37
2 1 21.617500000000007 1.0 117
21 1 44.6125 1.0 1085
14 1 24.1725 1.0 719
0 1 3.7325000000000017 1.0 3
10 0 39.5025 1.0 530
19 1 16.507500000000007 1.0 963
15 0 49.7225 1.0 788
20 1 6.287500000000001 1.0 1005
19 1 34.3925 1.0 977
22 0 44.6125 1.0 1134
15 1 54.83250000000001 1.0 793
15 1 8.842500000000001 1.0 757
11 1 52.2775 1.0 591
10 0 62.4975 1.0 548
1909987.8 20
8 0 16.507500000000007 1.0 412
21 1 26.727500000000006 1.0 1071
19 1 39.5025 1.0 981
0 1 11.3975 1.0 9
9 0 24.1725 1.0 468
22 0 8.842500000000001 1.0 1106
5 0 16.507500000000007 1.0 262
23 1 21.617500000000007 1.0 1167
2 1 21.617500000000007 1.0 117
23 0 62.4975 1.0 1198
4 1 44.6125 1.0 235
17 0 62.4975 1.0 898
3 0 57.3875 1.0 194
16 1 29.2825 1.0 823
14 1 24.1725 1.0 719
6 1 21.617500000000007 1.0 317
11 0 21.617500000000007 1.0 566
3 0 62.4975 1.0 198
22 1 49.7225 1.0 1139
22 0 49.7225 1.0 1138
318020.84 7
20 0 36.947500000000005 1.0 1028
6 1 11.3975 1.0 309
11 0 8.842500000000001 1.0 556
11 1 42.057500000000005 1.0 583
22 1 16.507500000000007 1.0 1113
21 1 6.287500000000001 1.0 1055
12 1 49.7225 1.0 639
1889740.9 5
20 1 1.177500000000002 1.0 1001
1 0 49.7225 1.0 88
6 1 1.177500000000002 1.0 301
10 0 21.617500000000007 1.0 516
2 1 47.167500000000004 1.0 137
1416902.1 15
20 1 21.617500000000007 1.0 1017
16 0 13.9525 1.0 810
6 1 39.5025 1.0 331
23 0 52.2775 1.0 1190
13 0 29.2825 1.0 672
2 1 24.1725 1.0 119
17 0 57.3875 1.0 894
18 1 44.6125 1.0 935
10 0 21.617500000000007 1.0 516
19 1 36.947500000000005 1.0 979
11 1 42.057500000000005 1.0 583
23 0 21.617500000000007 1.0 1166
4 0 8.842500000000001 1.0 206
1 0 52.2775 1.0 90
1 0 42.057500000000005 1.0 82
521288.8 23
4 0 8.842500000000001 1.0 206
12 1 16.507500000000007 1.0 613
22 1 59.94250000000001 1.0 1147
2 1 47.167500000000004 1.0 137
5 1 6.287500000000001 1.0 255
3 0 13.9525 1.0 160
0 1 19.0625 1.0 15
7 1 47.167500000000004 1.0 387
7 0 24.1725 1.0 368
22 0 44.6125 1.0 1134
9 1 59.94250000000001 1.0 497
8 1 6.287500000000001 1.0 405
14 1 42.057500000000005 1.0 733
21 0 34.3925 1.0 1076
14 1 34.3925 1.0 727
15 0 44.6125 1.0 784
10 1 44.6125 1.0 535
8 1 44.6125 1.0 435
3 0 11.3975 1.0 158
4 0 36.947500000000005 1.0 228
2 0 42.057500000000005 1.0 132
7 0 44.6125 1.0 384
7 1 8.842500000000001 1.0 357
233119.47 6
1 0 52.2775 1.0 90
18 1 26.727500000000006 1.0 921
0 1 62.4975 1.0 49
3 0 57.3875 1.0 194
17 1 44.6125 1.0 885
2 1 47.167500000000004 1.0 137
1326301.8 24
8 1 44.6125 1.0 435
3 0 31.837500000000006 1.0 174
20 0 54.83250000000001 1.0 1042
22 0 26.727500000000006 1.0 1120
16 1 54.83250000000001 1.0 843
2 1 21.617500000000007 1.0 117
21 0 24.1725 1.0 1068
3 1 6.287500000000001 1.0 155
24 1 16.507500000000007 1.0 1213
6 0 13.9525 1.0 310
13 1 29.2825 1.0 673
1 0 11.3975 1.0 58
0 1 47.167500000000004 1.0 37
4 1 31.837500000000006 1.0 225
10 0 21.617500000000007 1.0 516
19 0 24.1725 1.0 968
8 1 29.2825 1.0 423
0 0 31.837500000000006 1.0 24
24 0 21.617500000000007 1.0 1216
9 0 11.3975 1.0 458
18 1 1.177500000000002 1.0 901
1 0 62.4975 1.0 98
6 1 39.5025 1.0 331
19 1 26.727500000000006 1.0 971
321429.72 5
13 0 24.1725 1.0 668
13 0 3.7325000000000017 1.0 652
12 0 44.6125 1.0 634
9 1 42.057500000000005 1.0 483
17 0 62.4975 1.0 898
1445566.9 10
2 0 59.94250000000001 1.0 146
19 0 21.617500000000007 1.0 966
16 0 13.9525 1.0 810
14 0 36.947500000000005 1.0 728
7 1 47.167500000000004 1.0 387
3 0 1.177500000000002 1.0 150
9 0 29.2825 1.0 472
2 0 49.7225 1.0 138
1 1 24.1725 1.0 69
18 1 44.6125 1.0 935
1111091.5 19
3 0 26.727500000000006 1.0 170
0 1 1.177500000000002 1.0 1
12 1 19.0625 1.0 615
19 0 24.1725 1.0 968
17 1 47.167500000000004 1.0 887
10 1 44.6125 1.0 535
2 0 19.0625 1.0 114
2 1 19.0625 1.0 115
17 1 19.0625 1.0 865
0 1 6.287500000000001 1.0 5
6 1 39.5025 1.0 331
17 1 24.1725 1.0 869
4 1 62.4975 1.0 249
9 1 24.1725 1.0 469
6 1 11.3975 1.0 309
14 1 42.057500000000005 1.0 733
3 0 31.837500000000006 1.0 174
15 1 8.842500000000001 1.0 757
1 1 36.947500000000005 1.0 79
793721.9 17
1 0 26.727500000000006 1.0 70
5 1 6.287500000000001 1.0 255
10 1 44.6125 1.0 535
11 0 8.842500000000001 1.0 556
7 1 29.2825 1.0 373
13 0 26.727500000000006 1.0 670
4 0 59.94250000000001 1.0 246
5 0 3.7325000000000017 1.0 252
16 0 26.727500000000006 1.0 820
10 0 11.3975 1.0 508
15 1 26.727500000000006 1.0 771
22 1 59.94250000000001 1.0 1147
6 1 1.177500000000002 1.0 301
16 0 54.83250000000001 1.0 842
6 1 11.3975 1.0 309
1 1 36.947500000000005 1.0 79
14 0 36.947500000000005 1.0 728
1806312.2 8
14 0 44.6125 1.0 734
13 0 6.287500000000001 1.0 654
17 1 13.9525 1.0 861
24 0 6.287500000000001 1.0 1204
5 1 26.727500000000006 1.0 271
2 0 19.0625 1.0 114
6 1 11.3975 1.0 309
21 1 24.1725 1.0 1069
1060470.5 7
15 1 3.7325000000000017 1.0 753
21 1 1.177500000000002 1.0 1051
3 1 34.3925 1.0 177
15 1 24.1725 1.0 769
7 1 8.842500000000001 1.0 357
10 1 39.5025 1.0 531
3 0 1.177500000000002 1.0 150
700583.7 15
10 0 62.4975 1.0 548
8 1 13.9525 1.0 411
19 0 13.9525 1.0 960
24 1 16.507500000000007 1.0 1213
23 1 49.7225 1.0 1189
19 0 24.1725 1.0 968
8 1 52.2775 1.0 441
14 1 24.1725 1.0 719
16 1 21.617500000000007 1.0 817
2 1 1.177500000000002 1.0 101
20 1 57.3875 1.0 1045
23 0 6.287500000000001 1.0 1154
9 1 39.5025 1.0 481
18 1 24.1725 1.0 919
4 1 26.727500000000006 1.0 221
1915793.9 15
21 1 62.4975 1.0 1099
19 1 57.3875 1.0 995
2 1 24.1725 1.0 119
16 0 54.83250000000001 1.0 842
12 0 54.83250000000001 1.0 642
6 1 24.1725 1.0 319
14 1 6.287500000000001 1.0 705
7 1 39.5025 1.0 381
22 0 49.7225 1.0 1138
15 1 3.7325000000000017 1.0 753
22 1 59.94250000000001 1.0 1147
16 0 16.507500000000007 1.0 812
21 1 44.6125 1.0 1085
15 1 8.842500000000001 1.0 757
13 1 1.177500000000002 1.0 651
120492.5 23
0 0 6.287500000000001 1.0 4
6 1 57.3875 1.0 345
2 0 29.2825 1.0 122
22 0 44.6125 1.0 1134
10 0 16.507500000000007 1.0 512
4 0 1.177500000000002 1.0 200
20 0 54.83250000000001 1.0 1042
8 0 39.5025 1.0 430
20 0 6.287500000000001 1.0 1004
22 0 42.057500000000005 1.0 1132
19 1 59.94250000000001 1.0 997
21 0 52.2775 1.0 1090
20 1 3.7325000000000017 1.0 1003
13 0 54.83250000000001 1.0 692
21 0 39.5025 1.0 1080
11 1 42.057500000000005 1.0 583
12 0 6.287500000000001 1.0 604
17 1 29.2825 1.0 873
7 0 36.947500000000005 1.0 378
20 1 36.947500000000005 1.0 1029
3 0 13.9525 1.0 160
2 0 59.94250000000001 1.0 146
9 1 39.5025 1.0 481
1084065.8 9
20 0 29.2825 1.0 1022
14 1 21.617500000000007 1.0 717
13 1 16.507500000000007 1.0 663
19 1 24.1725 1.0 969
16 1 13.9525 1.0 811
0 1 11.3975 1.0 9
8 1 8.842500000000001 1.0 407
9 0 26.727500000000006 1.0 470
17 0 49.7225 1.0 888
1304481.8 22
23 1 8.842500000000001 1.0 1157
17 1 8.842500000000001 1.0 857
6 0 19.0625 1.0 314
10 1 44.6125 1.0 535
17 1 26.727500000000006 1.0 871
12 1 19.0625 1.0 615
2 0 19.0625 1.0 114
9 0 1.177500000000002 1.0 450
16 1 47.167500000000004 1.0 837
15 1 3.7325000000000017 1.0 753
3 0 31.837500000000006 1.0 174
6 0 24.1725 1.0 318
19 0 49.7225 1.0 988
21 0 8.842500000000001 1.0 1056
15 1 11.3975 1.0 759
4 1 59.94250000000001 1.0 247
19 1 26.727500000000006 1.0 971
23 1 16.507500000000007 1.0 1163
24 0 19.0625 1.0 1214
23 0 59.94250000000001 1.0 1196
22 1 16.507500000000007 1.0 1113
13 0 52.2775 1.0 690
222988.05 23
8 0 39.5025 1.0 430
24 1 13.9525 1.0 1211
7 1 8.842500000000001 1.0 357
6 1 26.727500000000006 1.0 321
7 1 47.167500000000004 1.0 387
19 0 31.837500000000006 1.0 974
11 0 59.94250000000001 1.0 596
13 0 3.7325000000000017 1.0 652
1 0 52.2775 1.0 90
9 0 29.2825 1.0 472
1 0 26.727500000000006 1.0 70
13 1 29.2825 1.0 673
22 1 31.837500000000006 1.0 1125
4 1 31.837500000000006 1.0 225
11 1 57.3875 1.0 595
5 1 31.837500000000006 1.0 275
3 0 3.7325000000000017 1.0 152
12 1 19.0625 1.0 615
11 1 54.83250000000001 1.0 593
9 1 39.5025 1.0 481
9 0 13.9525 1.0 460
3 0 29.2825 1.0 172
10 0 21.617500000000007 1.0 516
1729723.5 7
8 1 52.2775 1.0 441
10 1 39.5025 1.0 531
24 1 16.507500000000007 1.0 1213
10 1 31.837500000000006 1.0 525
2 1 24.1725 1.0 119
21 0 34.3925 1.0 1076
17 1 13.9525 1.0 861
866460.94 12
12 1 16.507500000000007 1.0 613
9 1 13.9525 1.0 461
20 1 57.3875 1.0 1045
14 0 36.947500000000005 1.0 728
10 1 44.6125 1.0 535
20 1 3.7325000000000017 1.0 1003
21 1 1.177500000000002 1.0 1051
21 1 31.837500000000006 1.0 1075
23 0 36.947500000000005 1.0 1178
24 0 57.3875 1.0 1244
24 1 34.3925 1.0 1227
2 1 19.0625 1.0 115
669810.06 23
8 1 54.83250000000001 1.0 443
23 1 1.177500000000002 1.0 1151
21 1 24.1725 1.0 1069
6 1 39.5025 1.0 331
10 1 8.842500000000001 1.0 507
13 1 11.3975 1.0 659
22 0 39.5025 1.0 1130
21 1 6.287500000000001 1.0 1055
24 0 3.7325000000000017 1.0 1202
24 1 11.3975 1.0 1209
9 0 24.1725 1.0 468
1 0 44.6125 1.0 84
8 1 49.7225 1.0 439
15 1 24.1725 1.0 769
9 0 1.177500000000002 1.0 450
21 0 24.1725 1.0 1068
0 0 31.837500000000006 1.0 24
10 0 16.507500000000007 1.0 512
17 1 6.287500000000001 1.0 855
9 1 13.9525 1.0 461
21 0 39.5025 1.0 1080
14 0 19.0625 1.0 714
15 0 49.7225 1.0 788
1634739.6 17
18 1 26.727500000000006 1.0 921
8 1 44.6125 1.0 435
21 0 39.5025 1.0 1080
22 0 47.167500000000004 1.0 1136
3 0 11.3975 1.0 158
1 0 44.6125 1.0 84
23 1 52.2775 1.0 1191
0 1 16.507500000000007 1.0 13
13 1 16.507500000000007 1.0 663
0 0 47.167500000000004 1.0 36
24 1 31.837500000000006 1.0 1225
2 1 31.837500000000006 1.0 125
22 1 31.837500000000006 1.0 1125
11 1 11.3975 1.0 559
18 0 19.0625 1.0 914
17 0 47.167500000000004 1.0 886
1 1 16.507500000000007 1.0 63
350691.38 22
10 1 47.167500000000004 1.0 537
0 0 47.167500000000004 1.0 36
0 1 62.4975 1.0 49
24 0 21.617500000000007 1.0 1216
5 0 31.837500000000006 1.0 274
2 1 21.617500000000007 1.0 117
5 0 19.0625 1.0 264
6 0 36.947500000000005 1.0 328
23 1 1.177500000000002 1.0 1151
1 0 44.6125 1.0 84
12 1 19.0625 1.0 615
9 0 29.2825 1.0 472
14 1 34.3925 1.0 727
23 0 62.4975 1.0 1198
11 1 57.3875 1.0 595
14 1 24.1725 1.0 719
19 1 57.3875 1.0 995
7 0 36.947500000000005 1.0 378
23 0 54.83250000000001 1.0 1192
4 0 16.507500000000007 1.0 212
22 0 26.727500000000006 1.0 1120
18 1 44.6125 1.0 935
1004752.8 8
4 1 26.727500000000006 1.0 221
24 0 16.507500000000007 1.0 1212
4 1 19.0625 1.0 215
11 1 52.2775 1.0 591
0 0 42.057500000000005 1.0 32
23 0 21.617500000000007 1.0 1166
9 0 1.177500000000002 1.0 450
7 1 62.4975 1.0 399
195099.92 20
22 1 54.83250000000001 1.0 1143
21 1 24.1725 1.0 1069
7 1 8.842500000000001 1.0 357
9 0 1.177500000000002 1.0 450
18 0 47.167500000000004 1.0 936
18 0 54.83250000000001 1.0 942
21 0 8.842500000000001 1.0 1056
3 0 26.727500000000006 1.0 170
8 0 16.507500000000007 1.0 412
4 1 19.0625 1.0 215
16 1 3.7325000000000017 1.0 803
6 1 11.3975 1.0 309
14 1 52.2775 1.0 741
10 1 31.837500000000006 1.0 525
1 1 1.177500000000002 1.0 51
17 0 49.7225 1.0 888
5 0 16.507500000000007 1.0 262
23 1 6.287500000000001 1.0 1155
9 0 59.94250000000001 1.0 496
16 0 52.2775 1.0 840
1717575.5 24
10 0 8.842500000000001 1.0 506
20 1 3.7325000000000017 1.0 1003
3 0 57.3875 1.0 194
16 1 21.617500000000007 1.0 817
13 1 34.3925 1.0 677
10 0 39.5025 1.0 530
14 0 36.947500000000005 1.0 728
12 0 54.83250000000001 1.0 642
20 0 6.287500000000001 1.0 1004
21 1 44.6125 1.0 1085
18 1 8.842500000000001 1.0 907
21 1 31.837500000000006 1.0 1075
0 0 31.837500000000006 1.0 24
22 1 11.3975 1.0 1109
15 1 8.842500000000001 1.0 757
18 1 29.2825 1.0 923
7 1 52.2775 1.0 391
4 1 3.7325000000000017 1.0 203
13 1 29.2825 1.0 673
18 1 44.6125 1.0 935
5 0 3.7325000000000017 1.0 252
5 0 31.837500000000006 1.0 274
13 0 8.842500000000001 1.0 656
14 0 57.3875 1.0 744
1717939.5 9
6 0 62.4975 1.0 348
11 0 8.842500000000001 1.0 556
23 1 8.842500000000001 1.0 1157
21 1 1.177500000000002 1.0 1051
1 0 57.3875 1.0 94
5 0 19.0625 1.0 264
18 0 24.1725 1.0 918
7 1 8.842500000000001 1.0 357
1 1 11.3975 1.0 59
905106.6 11
21 0 39.5025 1.0 1080
23 0 57.3875 1.0 1194
24 1 42.057500000000005 1.0 1233
4 0 52.2775 1.0 240
21 1 26.727500000000006 1.0 1071
11 0 8.842500000000001 1.0 556
0 0 6.287500000000001 1.0 4
21 1 62.4975 1.0 1099
1 0 44.6125 1.0 84
17 1 34.3925 1.0 877
24 0 21.617500000000007 1.0 1216
1412966.9 10
9 0 29.2825 1.0 472
24 0 42.057500000000005 1.0 1232
21 0 39.5025 1.0 1080
3 0 8.842500000000001 1.0 156
10 0 42.057500000000005 1.0 532
7 0 19.0625 1.0 364
17 1 26.727500000000006 1.0 871
22 1 16.507500000000007 1.0 1113
19 0 49.7225 1.0 988
8 1 31.837500000000006 1.0 425
1634642.0 8
24 1 54.83250000000001 1.0 1243
22 0 8.842500000000001 1.0 1106
12 0 52.2775 1.0 640
3 1 6.287500000000001 1.0 155
16 1 52.2775 1.0 841
8 1 13.9525 1.0 411
1 0 29.2825 1.0 72
15 1 11.3975 1.0 759
1708601.1 6
1 1 36.947500000000005 1.0 79
18 1 44.6125 1.0 935
3 0 26.727500000000006 1.0 170
11 1 52.2775 1.0 591
7 0 24.1725 1.0 368
0 0 47.167500000000004 1.0 36
1461308.2 10
1 1 52.2775 1.0 91
10 0 44.6125 1.0 534
17 0 49.7225 1.0 888
10 0 39.5025 1.0 530
3 0 1.177500000000002 1.0 150
16 1 26.727500000000006 1.0 821
20 0 34.3925 1.0 1026
4 1 31.837500000000006 1.0 225
19 1 36.947500000000005 1.0 979
13 1 47.167500000000004 1.0 687
370263.28 19
16 0 52.2775 1.0 840
24 1 19.0625 1.0 1215
12 0 52.2775 1.0 640
6 0 36.947500000000005 1.0 328
0 1 47.167500000000004 1.0 37
3 1 6.287500000000001 1.0 155
4 0 24.1725 1.0 218
2 0 49.7225 1.0 138
20 0 36.947500000000005 1.0 1028
24 0 6.287500000000001 1.0 1204
13 1 47.167500000000004 1.0 687
12 1 16.507500000000007 1.0 613
12 0 42.057500000000005 1.0 632
1 0 29.2825 1.0 72
3 0 13.9525 1.0 160
7 0 24.1725 1.0 368
11 0 21.617500000000007 1.0 566
1 1 1.177500000000002 1.0 51
14 0 39.5025 1.0 730
1748926.2 5
19 0 21.617500000000007 1.0 966
9 0 13.9525 1.0 460
8 0 16.507500000000007 1.0 412
15 1 8.842500000000001 1.0 757
20 1 57.3875 1.0 1045
1227770.0 5
11 1 11.3975 1.0 559
9 0 29.2825 1.0 472
21 0 1.177500000000002 1.0 1050
23 1 8.842500000000001 1.0 1157
20 1 36.947500000000005 1.0 1029
1450510.1 7
20 0 62.4975 1.0 1048
6 1 11.3975 1.0 309
16 1 34.3925 1.0 827
18 0 42.057500000000005 1.0 932
0 1 11.3975 1.0 9
7 1 39.5025 1.0 381
2 1 24.1725 1.0 119
181889.83 7
6 0 42.057500000000005 1.0 332
12 0 6.287500000000001 1.0 604
16 0 44.6125 1.0 834
10 1 42.057500000000005 1.0 533
8 1 24.1725 1.0 419
16 1 6.287500000000001 1.0 805
10 0 21.617500000000007 1.0 516
1799706.1 19
23 0 21.617500000000007 1.0 1166
13 1 44.6125 1.0 685
12 1 49.7225 1.0 639
14 1 6.287500000000001 1.0 705
8 1 44.6125 1.0 435
17 1 19.0625 1.0 865
0 1 47.167500000000004 1.0 37
12 0 54.83250000000001 1.0 642
20 1 36.947500000000005 1.0 1029
1 1 1.177500000000002 1.0 51
2 0 42.057500000000005 1.0 132
22 1 34.3925 1.0 1127
6 1 26.727500000000006 1.0 321
14 1 52.2775 1.0 741
19 1 52.2775 1.0 991
10 1 44.6125 1.0 535
6 1 1.177500000000002 1.0 301
5 0 19.0625 1.0 264
9 1 39.5025 1.0 481
581492.44 14
9 1 6.287500000000001 1.0 455
23 0 6.287500000000001 1.0 1154
7 0 24.1725 1.0 368
3 1 8.842500000000001 1.0 157
11 0 8.842500000000001 1.0 556
0 1 11.3975 1.0 9
17 1 42.057500000000005 1.0 883
22 1 57.3875 1.0 1145
22 1 34.3925 1.0 1127
22 0 13.9525 1.0 1110
6 0 62.4975 1.0 348
12 0 54.83250000000001 1.0 642
7 0 3.7325000000000017 1.0 352
24 1 44.6125 1.0 1235
1494439.1 10
12 0 21.617500000000007 1.0 616
23 1 26.727500000000006 1.0 1171
10 1 47.167500000000004 1.0 537
13 0 26.727500000000006 1.0 670
14 1 34.3925 1.0 727
19 1 52.2775 1.0 991
19 1 24.1725 1.0 969
10 1 8.842500000000001 1.0 507
4 0 31.837500000000006 1.0 224
0 1 6.287500000000001 1.0 5
360293.8 21
4 0 34.3925 1.0 226
1 1 36.947500000000005 1.0 79
12 1 39.5025 1.0 631
18 1 26.727500000000006 1.0 921
19 0 31.837500000000006 1.0 974
8 1 11.3975 1.0 409
8 1 13.9525 1.0 411
19 0 42.057500000000005 1.0 982
22 0 44.6125 1.0 1134
5 0 3.7325000000000017 1.0 252
4 1 62.4975 1.0 249
11 1 11.3975 1.0 559
20 0 36.947500000000005 1.0 1028
1 1 11.3975 1.0 59
21 1 36.947500000000005 1.0 1079
8 0 16.507500000000007 1.0 412
6 1 47.167500000000004 1.0 337
5 1 62.4975 1.0 299
2 1 24.1725 1.0 119
13 0 39.5025 1.0 680
9 0 13.9525 1.0 460
1969395.9 15
17 0 49.7225 1.0 888
21 1 36.947500000000005 1.0 1079
13 1 49.7225 1.0 689
15 0 1.177500000000002 1.0 750
0 1 19.0625 1.0 15
2 0 8.842500000000001 1.0 106
7 0 29.2825 1.0 372
9 1 13.9525 1.0 461
22 0 52.2775 1.0 1140
7 1 39.5025 1.0 381
21 1 6.287500000000001 1.0 1055
21 0 52.2775 1.0 1090
3 0 16.507500000000007 1.0 162
8 0 31.837500000000006 1.0 424
17 0 62.4975 1.0 898
401801.53 16
0 0 21.617500000000007 1.0 16
7 1 39.5025 1.0 381
11 0 21.617500000000007 1.0 566
7 1 59.94250000000001 1.0 397
5 0 16.507500000000007 1.0 262
18 1 26.727500000000006 1.0 921
14 1 42.057500000000005 1.0 733
8 1 8.842500000000001 1.0 407
0 1 16.507500000000007 1.0 13
3 0 31.837500000000006 1.0 174
22 1 31.837500000000006 1.0 1125
0 0 6.287500000000001 1.0 4
19 0 24.1725 1.0 968
24 1 54.83250000000001 1.0 1243
22 0 26.727500000000006 1.0 1120
22 0 39.5025 1.0 1130
