Numero de pedidos
100
duedate num_referencias // pasillo lado altura peso
1461850.5 6
2 1 19.0625 1.0 115
0 1 52.2775 1.0 41
4 1 3.7325000000000017 1.0 203
11 0 57.3875 1.0 594
4 0 24.1725 1.0 218
4 1 57.3875 1.0 245
1129956.4 12
15 0 52.2775 1.0 790
1 0 47.167500000000004 1.0 86
4 0 39.5025 1.0 230
1 0 3.7325000000000017 1.0 52
2 0 59.94250000000001 1.0 146
0 1 62.4975 1.0 49
3 0 21.617500000000007 1.0 166
4 0 49.7225 1.0 238
23 0 54.83250000000001 1.0 1192
22 1 8.842500000000001 1.0 1107
2 1 21.617500000000007 1.0 117
2 1 13.9525 1.0 111
227930.0 12
4 1 1.177500000000002 1.0 201
1 1 1.177500000000002 1.0 51
4 1 13.9525 1.0 211
7 0 34.3925 1.0 376
1 0 11.3975 1.0 58
4 1 11.3975 1.0 209
9 0 29.2825 1.0 472
0 1 13.9525 1.0 11
2 1 24.1725 1.0 119
1 1 59.94250000000001 1.0 97
0 1 29.2825 1.0 23
8 0 21.617500000000007 1.0 416
1789901.4 14
22 1 44.6125 1.0 1135
3 1 44.6125 1.0 185
4 1 54.83250000000001 1.0 243
22 1 59.94250000000001 1.0 1147
14 0 62.4975 1.0 748
14 1 44.6125 1.0 735
1 1 42.057500000000005 1.0 83
4 1 42.057500000000005 1.0 233
9 1 54.83250000000001 1.0 493
3 1 52.2775 1.0 191
1 0 36.947500000000005 1.0 78
0 0 16.507500000000007 1.0 12
3 1 34.3925 1.0 177
4 0 3.7325000000000017 1.0 202
271254.53 13
2 0 1.177500000000002 1.0 100
4 1 8.842500000000001 1.0 207
4 0 21.617500000000007 1.0 216
0 0 31.837500000000006 1.0 24
9 1 49.7225 1.0 489
5 0 16.507500000000007 1.0 262
6 0 11.3975 1.0 308
3 0 39.5025 1.0 180
0 1 57.3875 1.0 45
3 1 49.7225 1.0 189
9 1 3.7325000000000017 1.0 453
3 0 36.947500000000005 1.0 178
2 0 54.83250000000001 1.0 142
526782.94 5
21 1 44.6125 1.0 1085
0 1 8.842500000000001 1.0 7
19 0 62.4975 1.0 998
2 1 47.167500000000004 1.0 137
2 0 42.057500000000005 1.0 132
76799.4 8
1 0 29.2825 1.0 72
6 1 19.0625 1.0 315
3 0 6.287500000000001 1.0 154
14 0 11.3975 1.0 708
4 0 57.3875 1.0 244
13 1 59.94250000000001 1.0 697
1 0 6.287500000000001 1.0 54
1 0 49.7225 1.0 88
213085.42 16
2 1 19.0625 1.0 115
3 0 57.3875 1.0 194
1 1 52.2775 1.0 91
0 0 34.3925 1.0 26
4 0 29.2825 1.0 222
3 0 42.057500000000005 1.0 182
0 1 24.1725 1.0 19
2 0 59.94250000000001 1.0 146
1 0 31.837500000000006 1.0 74
3 0 47.167500000000004 1.0 186
0 1 57.3875 1.0 45
0 1 31.837500000000006 1.0 25
0 1 49.7225 1.0 39
0 0 47.167500000000004 1.0 36
1 0 34.3925 1.0 76
13 0 39.5025 1.0 680
1870110.2 9
1 1 11.3975 1.0 59
0 1 49.7225 1.0 39
0 0 57.3875 1.0 44
2 0 52.2775 1.0 140
0 1 26.727500000000006 1.0 21
3 0 8.842500000000001 1.0 156
1 1 34.3925 1.0 77
15 1 52.2775 1.0 791
1 0 31.837500000000006 1.0 74
1989344.4 8
4 0 54.83250000000001 1.0 242
7 0 52.2775 1.0 390
3 0 52.2775 1.0 190
1 0 26.727500000000006 1.0 70
4 1 29.2825 1.0 223
0 0 39.5025 1.0 30
24 0 52.2775 1.0 1240
0 0 29.2825 1.0 22
1801557.6 17
1 1 57.3875 1.0 95
0 0 11.3975 1.0 8
1 1 19.0625 1.0 65
3 0 62.4975 1.0 198
9 1 49.7225 1.0 489
8 0 3.7325000000000017 1.0 402
0 0 29.2825 1.0 22
5 1 52.2775 1.0 291
2 0 19.0625 1.0 114
7 0 31.837500000000006 1.0 374
4 1 49.7225 1.0 239
4 0 62.4975 1.0 248
3 0 11.3975 1.0 158
0 0 16.507500000000007 1.0 12
1 1 62.4975 1.0 99
0 0 39.5025 1.0 30
0 0 54.83250000000001 1.0 42
179170.47 12
1 1 1.177500000000002 1.0 51
0 0 36.947500000000005 1.0 28
3 1 1.177500000000002 1.0 151
5 0 19.0625 1.0 264
3 1 36.947500000000005 1.0 179
5 1 16.507500000000007 1.0 263
1 1 42.057500000000005 1.0 83
4 1 29.2825 1.0 223
3 0 13.9525 1.0 160
1 0 36.947500000000005 1.0 78
2 1 24.1725 1.0 119
2 0 16.507500000000007 1.0 112
1545334.8 12
4 0 29.2825 1.0 222
3 1 21.617500000000007 1.0 167
3 0 42.057500000000005 1.0 182
3 1 42.057500000000005 1.0 183
0 1 54.83250000000001 1.0 43
1 1 52.2775 1.0 91
4 1 26.727500000000006 1.0 221
2 0 44.6125 1.0 134
0 1 8.842500000000001 1.0 7
2 0 29.2825 1.0 122
2 0 49.7225 1.0 138
5 0 21.617500000000007 1.0 266
374488.62 9
1 0 57.3875 1.0 94
3 0 34.3925 1.0 176
9 0 26.727500000000006 1.0 470
5 0 31.837500000000006 1.0 274
2 1 34.3925 1.0 127
0 1 21.617500000000007 1.0 17
3 0 24.1725 1.0 168
3 1 36.947500000000005 1.0 179
2 1 62.4975 1.0 149
1398016.8 9
2 0 42.057500000000005 1.0 132
3 0 11.3975 1.0 158
3 1 8.842500000000001 1.0 157
0 0 34.3925 1.0 26
4 0 54.83250000000001 1.0 242
3 1 21.617500000000007 1.0 167
3 0 47.167500000000004 1.0 186
3 0 13.9525 1.0 160
6 0 19.0625 1.0 314
1146904.9 24
0 0 24.1725 1.0 18
3 0 57.3875 1.0 194
3 0 11.3975 1.0 158
0 1 52.2775 1.0 41
4 0 24.1725 1.0 218
4 0 31.837500000000006 1.0 224
4 1 13.9525 1.0 211
6 1 47.167500000000004 1.0 337
1 0 21.617500000000007 1.0 66
19 0 8.842500000000001 1.0 956
4 1 59.94250000000001 1.0 247
4 0 52.2775 1.0 240
0 0 19.0625 1.0 14
1 0 52.2775 1.0 90
3 0 8.842500000000001 1.0 156
3 0 34.3925 1.0 176
3 1 59.94250000000001 1.0 197
0 1 11.3975 1.0 9
5 0 24.1725 1.0 268
4 0 44.6125 1.0 234
24 0 34.3925 1.0 1226
9 0 11.3975 1.0 458
2 0 11.3975 1.0 108
11 0 52.2775 1.0 590
1317797.8 19
0 1 31.837500000000006 1.0 25
3 1 8.842500000000001 1.0 157
2 1 29.2825 1.0 123
1 0 3.7325000000000017 1.0 52
3 1 52.2775 1.0 191
4 1 19.0625 1.0 215
3 0 6.287500000000001 1.0 154
7 1 21.617500000000007 1.0 367
1 1 36.947500000000005 1.0 79
3 0 11.3975 1.0 158
3 1 16.507500000000007 1.0 163
0 1 49.7225 1.0 39
1 0 36.947500000000005 1.0 78
1 1 42.057500000000005 1.0 83
2 0 26.727500000000006 1.0 120
3 0 29.2825 1.0 172
5 0 49.7225 1.0 288
7 0 34.3925 1.0 376
1 0 8.842500000000001 1.0 56
1718600.9 7
2 0 13.9525 1.0 110
0 0 16.507500000000007 1.0 12
15 1 52.2775 1.0 791
4 0 13.9525 1.0 210
2 1 21.617500000000007 1.0 117
0 0 8.842500000000001 1.0 6
2 1 44.6125 1.0 135
732713.5 5
4 0 6.287500000000001 1.0 204
3 0 31.837500000000006 1.0 174
3 0 3.7325000000000017 1.0 152
4 0 62.4975 1.0 248
6 1 16.507500000000007 1.0 313
1527811.9 5
19 1 57.3875 1.0 995
3 1 57.3875 1.0 195
2 0 31.837500000000006 1.0 124
3 0 31.837500000000006 1.0 174
6 1 24.1725 1.0 319
77612.195 24
9 0 31.837500000000006 1.0 474
5 0 49.7225 1.0 288
4 1 19.0625 1.0 215
4 0 13.9525 1.0 210
2 0 3.7325000000000017 1.0 102
9 0 47.167500000000004 1.0 486
4 1 42.057500000000005 1.0 233
0 1 13.9525 1.0 11
4 0 52.2775 1.0 240
3 1 47.167500000000004 1.0 187
4 0 44.6125 1.0 234
1 1 39.5025 1.0 81
1 1 34.3925 1.0 77
3 1 59.94250000000001 1.0 197
0 0 26.727500000000006 1.0 20
0 1 57.3875 1.0 45
22 1 34.3925 1.0 1127
2 0 16.507500000000007 1.0 112
20 1 52.2775 1.0 1041
1 0 54.83250000000001 1.0 92
0 0 11.3975 1.0 8
6 0 39.5025 1.0 330
2 0 8.842500000000001 1.0 106
1 0 44.6125 1.0 84
1612829.9 15
2 0 59.94250000000001 1.0 146
1 1 21.617500000000007 1.0 67
2 1 29.2825 1.0 123
2 0 24.1725 1.0 118
4 0 62.4975 1.0 248
3 0 47.167500000000004 1.0 186
3 0 1.177500000000002 1.0 150
3 0 6.287500000000001 1.0 154
3 1 19.0625 1.0 165
1 0 39.5025 1.0 80
0 1 34.3925 1.0 27
1 1 26.727500000000006 1.0 71
1 1 1.177500000000002 1.0 51
1 1 49.7225 1.0 89
2 0 13.9525 1.0 110
1787171.2 5
0 1 16.507500000000007 1.0 13
4 0 42.057500000000005 1.0 232
3 0 39.5025 1.0 180
24 0 39.5025 1.0 1230
2 0 6.287500000000001 1.0 104
1333657.9 24
9 0 8.842500000000001 1.0 456
0 0 3.7325000000000017 1.0 2
16 0 13.9525 1.0 810
1 0 39.5025 1.0 80
2 0 21.617500000000007 1.0 116
21 1 34.3925 1.0 1077
4 1 49.7225 1.0 239
0 0 16.507500000000007 1.0 12
0 1 11.3975 1.0 9
3 0 54.83250000000001 1.0 192
12 0 44.6125 1.0 634
21 0 6.287500000000001 1.0 1054
3 0 44.6125 1.0 184
3 1 57.3875 1.0 195
12 0 31.837500000000006 1.0 624
15 1 19.0625 1.0 765
0 0 44.6125 1.0 34
0 1 47.167500000000004 1.0 37
2 0 6.287500000000001 1.0 104
3 1 16.507500000000007 1.0 163
4 0 3.7325000000000017 1.0 202
0 0 24.1725 1.0 18
3 1 29.2825 1.0 173
3 1 59.94250000000001 1.0 197
1048677.9 7
2 0 21.617500000000007 1.0 116
8 0 52.2775 1.0 440
1 0 44.6125 1.0 84
4 0 8.842500000000001 1.0 206
1 1 8.842500000000001 1.0 57
1 0 54.83250000000001 1.0 92
1 1 11.3975 1.0 59
1921795.4 13
4 0 19.0625 1.0 214
4 0 21.617500000000007 1.0 216
9 1 47.167500000000004 1.0 487
0 0 34.3925 1.0 26
13 1 8.842500000000001 1.0 657
2 0 57.3875 1.0 144
4 0 13.9525 1.0 210
2 1 11.3975 1.0 109
2 1 26.727500000000006 1.0 121
2 1 24.1725 1.0 119
13 0 11.3975 1.0 658
12 0 8.842500000000001 1.0 606
3 1 39.5025 1.0 181
1959507.0 12
1 1 26.727500000000006 1.0 71
2 1 59.94250000000001 1.0 147
0 0 42.057500000000005 1.0 32
3 0 1.177500000000002 1.0 150
3 1 13.9525 1.0 161
9 0 6.287500000000001 1.0 454
1 0 8.842500000000001 1.0 56
0 1 1.177500000000002 1.0 1
2 0 16.507500000000007 1.0 112
15 1 42.057500000000005 1.0 783
14 1 59.94250000000001 1.0 747
0 1 49.7225 1.0 39
617305.2 20
0 1 62.4975 1.0 49
1 1 3.7325000000000017 1.0 53
1 1 52.2775 1.0 91
0 1 36.947500000000005 1.0 29
4 0 47.167500000000004 1.0 236
8 1 24.1725 1.0 419
2 1 1.177500000000002 1.0 101
0 0 47.167500000000004 1.0 36
5 1 1.177500000000002 1.0 251
1 0 11.3975 1.0 58
3 0 54.83250000000001 1.0 192
3 1 34.3925 1.0 177
8 0 39.5025 1.0 430
23 0 57.3875 1.0 1194
0 1 21.617500000000007 1.0 17
19 1 21.617500000000007 1.0 967
2 0 36.947500000000005 1.0 128
0 1 6.287500000000001 1.0 5
1 1 49.7225 1.0 89
1 1 8.842500000000001 1.0 57
315654.25 12
2 1 42.057500000000005 1.0 133
1 0 8.842500000000001 1.0 56
14 1 34.3925 1.0 727
0 1 11.3975 1.0 9
4 1 11.3975 1.0 209
1 0 16.507500000000007 1.0 62
0 1 42.057500000000005 1.0 33
16 0 47.167500000000004 1.0 836
2 0 57.3875 1.0 144
1 1 39.5025 1.0 81
1 0 34.3925 1.0 76
1 1 26.727500000000006 1.0 71
371399.4 19
21 1 31.837500000000006 1.0 1075
2 1 24.1725 1.0 119
2 0 26.727500000000006 1.0 120
3 1 13.9525 1.0 161
0 0 34.3925 1.0 26
19 1 42.057500000000005 1.0 983
0 1 3.7325000000000017 1.0 3
1 1 24.1725 1.0 69
1 1 57.3875 1.0 95
1 0 31.837500000000006 1.0 74
20 0 42.057500000000005 1.0 1032
15 0 29.2825 1.0 772
2 0 47.167500000000004 1.0 136
3 1 29.2825 1.0 173
7 1 54.83250000000001 1.0 393
4 0 47.167500000000004 1.0 236
1 0 16.507500000000007 1.0 62
3 0 11.3975 1.0 158
0 1 1.177500000000002 1.0 1
1750835.6 20
3 1 24.1725 1.0 169
3 0 16.507500000000007 1.0 162
4 1 24.1725 1.0 219
3 1 39.5025 1.0 181
4 1 16.507500000000007 1.0 213
2 1 26.727500000000006 1.0 121
1 0 3.7325000000000017 1.0 52
1 1 6.287500000000001 1.0 55
0 0 44.6125 1.0 34
0 0 29.2825 1.0 22
0 0 31.837500000000006 1.0 24
3 1 31.837500000000006 1.0 175
0 1 8.842500000000001 1.0 7
0 0 39.5025 1.0 30
1 1 54.83250000000001 1.0 93
2 1 24.1725 1.0 119
4 0 11.3975 1.0 208
9 0 39.5025 1.0 480
1 0 26.727500000000006 1.0 70
2 0 1.177500000000002 1.0 100
1846877.4 13
2 1 36.947500000000005 1.0 129
1 1 26.727500000000006 1.0 71
1 0 54.83250000000001 1.0 92
2 0 54.83250000000001 1.0 142
0 0 3.7325000000000017 1.0 2
9 0 19.0625 1.0 464
6 1 26.727500000000006 1.0 321
2 1 21.617500000000007 1.0 117
1 1 57.3875 1.0 95
1 1 19.0625 1.0 65
3 1 42.057500000000005 1.0 183
8 1 31.837500000000006 1.0 425
12 0 57.3875 1.0 644
1437347.0 24
0 1 62.4975 1.0 49
3 0 49.7225 1.0 188
3 1 59.94250000000001 1.0 197
2 0 6.287500000000001 1.0 104
0 0 29.2825 1.0 22
19 1 39.5025 1.0 981
7 1 57.3875 1.0 395
2 0 26.727500000000006 1.0 120
2 1 21.617500000000007 1.0 117
2 0 21.617500000000007 1.0 116
0 1 21.617500000000007 1.0 17
4 0 6.287500000000001 1.0 204
3 0 31.837500000000006 1.0 174
10 1 31.837500000000006 1.0 525
5 0 52.2775 1.0 290
3 0 36.947500000000005 1.0 178
2 0 3.7325000000000017 1.0 102
10 1 52.2775 1.0 541
14 0 57.3875 1.0 744
1 1 44.6125 1.0 85
4 0 16.507500000000007 1.0 212
1 1 42.057500000000005 1.0 83
0 0 3.7325000000000017 1.0 2
2 0 39.5025 1.0 130
291094.62 10
1 0 52.2775 1.0 90
2 0 13.9525 1.0 110
3 1 26.727500000000006 1.0 171
9 0 59.94250000000001 1.0 496
4 1 44.6125 1.0 235
3 1 42.057500000000005 1.0 183
2 1 44.6125 1.0 135
1 1 21.617500000000007 1.0 67
3 1 1.177500000000002 1.0 151
4 1 21.617500000000007 1.0 217
516725.34 7
0 1 1.177500000000002 1.0 1
4 1 26.727500000000006 1.0 221
17 1 16.507500000000007 1.0 863
4 1 59.94250000000001 1.0 247
1 1 13.9525 1.0 61
24 1 59.94250000000001 1.0 1247
11 1 54.83250000000001 1.0 593
1380572.8 23
1 1 1.177500000000002 1.0 51
2 1 54.83250000000001 1.0 143
0 0 36.947500000000005 1.0 28
1 0 59.94250000000001 1.0 96
1 1 49.7225 1.0 89
0 0 31.837500000000006 1.0 24
2 0 49.7225 1.0 138
2 0 16.507500000000007 1.0 112
4 0 1.177500000000002 1.0 200
0 0 24.1725 1.0 18
2 1 13.9525 1.0 111
2 1 34.3925 1.0 127
1 1 36.947500000000005 1.0 79
0 0 42.057500000000005 1.0 32
1 1 8.842500000000001 1.0 57
4 0 59.94250000000001 1.0 246
0 1 11.3975 1.0 9
1 0 19.0625 1.0 64
4 0 6.287500000000001 1.0 204
2 0 21.617500000000007 1.0 116
21 1 13.9525 1.0 1061
3 1 59.94250000000001 1.0 197
18 1 54.83250000000001 1.0 943
1669269.0 13
2 0 31.837500000000006 1.0 124
8 0 54.83250000000001 1.0 442
2 1 44.6125 1.0 135
2 1 62.4975 1.0 149
0 1 24.1725 1.0 19
4 0 44.6125 1.0 234
1 0 59.94250000000001 1.0 96
16 0 1.177500000000002 1.0 800
2 1 26.727500000000006 1.0 121
2 1 52.2775 1.0 141
4 1 8.842500000000001 1.0 207
2 1 49.7225 1.0 139
4 1 11.3975 1.0 209
212054.44 24
2 0 49.7225 1.0 138
4 1 13.9525 1.0 211
0 0 59.94250000000001 1.0 46
3 0 29.2825 1.0 172
3 1 52.2775 1.0 191
4 1 8.842500000000001 1.0 207
1 1 34.3925 1.0 77
0 0 1.177500000000002 1.0 0
1 0 26.727500000000006 1.0 70
3 1 11.3975 1.0 159
5 0 1.177500000000002 1.0 250
3 1 29.2825 1.0 173
4 0 52.2775 1.0 240
1 0 47.167500000000004 1.0 86
4 0 47.167500000000004 1.0 236
2 1 39.5025 1.0 131
0 1 34.3925 1.0 27
3 0 1.177500000000002 1.0 150
1 0 31.837500000000006 1.0 74
0 0 29.2825 1.0 22
0 0 57.3875 1.0 44
0 0 34.3925 1.0 26
3 0 59.94250000000001 1.0 196
4 1 57.3875 1.0 245
1702556.8 12
3 0 62.4975 1.0 198
1 1 59.94250000000001 1.0 97
1 1 21.617500000000007 1.0 67
2 1 47.167500000000004 1.0 137
2 0 13.9525 1.0 110
0 1 19.0625 1.0 15
6 0 47.167500000000004 1.0 336
8 0 21.617500000000007 1.0 416
4 0 54.83250000000001 1.0 242
9 1 52.2775 1.0 491
6 1 39.5025 1.0 331
17 0 62.4975 1.0 898
1618863.8 13
2 0 8.842500000000001 1.0 106
3 1 24.1725 1.0 169
4 0 6.287500000000001 1.0 204
2 0 59.94250000000001 1.0 146
2 1 59.94250000000001 1.0 147
2 1 6.287500000000001 1.0 105
0 1 1.177500000000002 1.0 1
6 0 1.177500000000002 1.0 300
1 0 1.177500000000002 1.0 50
4 0 21.617500000000007 1.0 216
4 0 36.947500000000005 1.0 228
1 1 1.177500000000002 1.0 51
11 1 57.3875 1.0 595
1219680.2 20
1 1 52.2775 1.0 91
15 1 13.9525 1.0 761
2 0 49.7225 1.0 138
0 1 44.6125 1.0 35
5 1 31.837500000000006 1.0 275
3 0 57.3875 1.0 194
2 0 57.3875 1.0 144
0 1 59.94250000000001 1.0 47
7 1 6.287500000000001 1.0 355
3 0 24.1725 1.0 168
2 1 26.727500000000006 1.0 121
3 1 19.0625 1.0 165
0 0 36.947500000000005 1.0 28
2 1 39.5025 1.0 131
9 1 8.842500000000001 1.0 457
6 1 49.7225 1.0 339
3 0 26.727500000000006 1.0 170
2 0 8.842500000000001 1.0 106
7 0 31.837500000000006 1.0 374
3 1 3.7325000000000017 1.0 153
994188.56 20
8 0 57.3875 1.0 444
2 1 44.6125 1.0 135
1 1 59.94250000000001 1.0 97
1 1 11.3975 1.0 59
6 1 6.287500000000001 1.0 305
4 0 47.167500000000004 1.0 236
4 0 19.0625 1.0 214
3 1 59.94250000000001 1.0 197
4 0 42.057500000000005 1.0 232
4 0 49.7225 1.0 238
11 1 19.0625 1.0 565
1 1 16.507500000000007 1.0 63
3 0 59.94250000000001 1.0 196
3 0 3.7325000000000017 1.0 152
2 1 21.617500000000007 1.0 117
4 0 6.287500000000001 1.0 204
0 0 1.177500000000002 1.0 0
16 1 54.83250000000001 1.0 843
4 1 52.2775 1.0 241
12 0 8.842500000000001 1.0 606
1358635.5 8
3 0 47.167500000000004 1.0 186
2 0 47.167500000000004 1.0 136
1 0 57.3875 1.0 94
3 0 59.94250000000001 1.0 196
2 1 29.2825 1.0 123
6 0 42.057500000000005 1.0 332
4 0 19.0625 1.0 214
2 0 26.727500000000006 1.0 120
896068.2 10
4 1 42.057500000000005 1.0 233
0 1 24.1725 1.0 19
1 1 54.83250000000001 1.0 93
0 1 54.83250000000001 1.0 43
4 1 57.3875 1.0 245
4 0 8.842500000000001 1.0 206
3 1 36.947500000000005 1.0 179
5 0 54.83250000000001 1.0 292
3 0 49.7225 1.0 188
3 0 31.837500000000006 1.0 174
112155.164 20
1 0 8.842500000000001 1.0 56
3 0 19.0625 1.0 164
18 1 47.167500000000004 1.0 937
2 0 6.287500000000001 1.0 104
4 1 34.3925 1.0 227
4 0 42.057500000000005 1.0 232
2 1 42.057500000000005 1.0 133
4 0 11.3975 1.0 208
9 0 16.507500000000007 1.0 462
2 1 39.5025 1.0 131
2 0 49.7225 1.0 138
4 1 3.7325000000000017 1.0 203
2 1 59.94250000000001 1.0 147
3 0 3.7325000000000017 1.0 152
2 0 34.3925 1.0 126
13 1 13.9525 1.0 661
2 0 52.2775 1.0 140
0 0 31.837500000000006 1.0 24
8 1 29.2825 1.0 423
1 1 59.94250000000001 1.0 97
483657.72 19
7 0 34.3925 1.0 376
4 0 59.94250000000001 1.0 246
0 0 49.7225 1.0 38
1 1 13.9525 1.0 61
9 0 36.947500000000005 1.0 478
3 0 3.7325000000000017 1.0 152
5 0 16.507500000000007 1.0 262
9 1 11.3975 1.0 459
3 0 11.3975 1.0 158
0 1 39.5025 1.0 31
18 0 11.3975 1.0 908
1 1 49.7225 1.0 89
3 1 8.842500000000001 1.0 157
4 1 34.3925 1.0 227
2 1 8.842500000000001 1.0 107
3 0 31.837500000000006 1.0 174
7 1 13.9525 1.0 361
16 1 1.177500000000002 1.0 801
4 1 47.167500000000004 1.0 237
1570355.2 12
4 0 39.5025 1.0 230
2 1 21.617500000000007 1.0 117
2 1 31.837500000000006 1.0 125
4 1 52.2775 1.0 241
4 1 6.287500000000001 1.0 205
0 0 54.83250000000001 1.0 42
0 0 42.057500000000005 1.0 32
2 0 54.83250000000001 1.0 142
1 1 34.3925 1.0 77
3 1 52.2775 1.0 191
1 0 57.3875 1.0 94
13 1 6.287500000000001 1.0 655
1735258.9 20
3 1 3.7325000000000017 1.0 153
5 0 1.177500000000002 1.0 250
2 0 6.287500000000001 1.0 104
24 0 3.7325000000000017 1.0 1202
0 1 52.2775 1.0 41
6 0 31.837500000000006 1.0 324
1 1 39.5025 1.0 81
0 1 6.287500000000001 1.0 5
1 1 31.837500000000006 1.0 75
3 1 16.507500000000007 1.0 163
2 0 49.7225 1.0 138
15 1 19.0625 1.0 765
0 0 52.2775 1.0 40
13 1 52.2775 1.0 691
4 1 6.287500000000001 1.0 205
9 0 57.3875 1.0 494
2 0 19.0625 1.0 114
3 1 11.3975 1.0 159
1 1 44.6125 1.0 85
0 0 24.1725 1.0 18
1799183.9 21
3 0 24.1725 1.0 168
0 0 6.287500000000001 1.0 4
2 0 13.9525 1.0 110
1 0 21.617500000000007 1.0 66
1 1 31.837500000000006 1.0 75
4 1 19.0625 1.0 215
2 1 62.4975 1.0 149
3 1 49.7225 1.0 189
0 1 29.2825 1.0 23
3 0 52.2775 1.0 190
3 0 34.3925 1.0 176
2 0 52.2775 1.0 140
4 0 47.167500000000004 1.0 236
3 0 6.287500000000001 1.0 154
1 0 8.842500000000001 1.0 56
9 0 42.057500000000005 1.0 482
4 0 49.7225 1.0 238
5 1 8.842500000000001 1.0 257
5 0 13.9525 1.0 260
3 1 29.2825 1.0 173
4 1 59.94250000000001 1.0 247
1401500.6 5
4 0 24.1725 1.0 218
2 1 54.83250000000001 1.0 143
4 0 3.7325000000000017 1.0 202
2 1 21.617500000000007 1.0 117
2 1 34.3925 1.0 127
573176.0 22
3 0 6.287500000000001 1.0 154
0 0 42.057500000000005 1.0 32
10 0 54.83250000000001 1.0 542
2 0 3.7325000000000017 1.0 102
1 1 11.3975 1.0 59
5 1 19.0625 1.0 265
0 0 1.177500000000002 1.0 0
4 0 3.7325000000000017 1.0 202
19 0 13.9525 1.0 960
0 1 36.947500000000005 1.0 29
1 0 1.177500000000002 1.0 50
2 0 62.4975 1.0 148
2 1 47.167500000000004 1.0 137
0 1 54.83250000000001 1.0 43
4 0 57.3875 1.0 244
4 1 49.7225 1.0 239
3 1 44.6125 1.0 185
0 1 6.287500000000001 1.0 5
3 1 26.727500000000006 1.0 171
2 1 6.287500000000001 1.0 105
9 1 31.837500000000006 1.0 475
21 0 13.9525 1.0 1060
1887596.8 24
21 0 52.2775 1.0 1090
1 0 31.837500000000006 1.0 74
0 1 57.3875 1.0 45
3 1 3.7325000000000017 1.0 153
2 0 21.617500000000007 1.0 116
1 1 52.2775 1.0 91
3 1 24.1725 1.0 169
4 1 1.177500000000002 1.0 201
0 0 26.727500000000006 1.0 20
0 1 34.3925 1.0 27
9 1 3.7325000000000017 1.0 453
1 1 3.7325000000000017 1.0 53
0 1 24.1725 1.0 19
2 1 16.507500000000007 1.0 113
5 0 39.5025 1.0 280
4 1 49.7225 1.0 239
2 1 1.177500000000002 1.0 101
3 0 52.2775 1.0 190
0 1 6.287500000000001 1.0 5
4 0 13.9525 1.0 210
1 1 13.9525 1.0 61
2 0 36.947500000000005 1.0 128
2 1 13.9525 1.0 111
0 0 21.617500000000007 1.0 16
1992021.4 7
3 0 31.837500000000006 1.0 174
0 1 52.2775 1.0 41
0 1 57.3875 1.0 45
2 0 34.3925 1.0 126
4 1 24.1725 1.0 219
4 0 44.6125 1.0 234
2 1 54.83250000000001 1.0 143
1518625.6 16
1 0 21.617500000000007 1.0 66
4 0 19.0625 1.0 214
2 0 13.9525 1.0 110
4 1 31.837500000000006 1.0 225
0 1 31.837500000000006 1.0 25
22 1 21.617500000000007 1.0 1117
3 1 3.7325000000000017 1.0 153
2 1 26.727500000000006 1.0 121
0 0 13.9525 1.0 10
0 1 29.2825 1.0 23
0 0 59.94250000000001 1.0 46
23 0 31.837500000000006 1.0 1174
7 1 19.0625 1.0 365
1 0 57.3875 1.0 94
1 1 11.3975 1.0 59
2 1 11.3975 1.0 109
1215896.9 9
3 1 44.6125 1.0 185
0 0 6.287500000000001 1.0 4
2 1 59.94250000000001 1.0 147
3 0 6.287500000000001 1.0 154
0 1 8.842500000000001 1.0 7
0 1 21.617500000000007 1.0 17
4 1 59.94250000000001 1.0 247
0 0 11.3975 1.0 8
13 1 47.167500000000004 1.0 687
1173395.8 11
24 0 39.5025 1.0 1230
3 0 31.837500000000006 1.0 174
3 0 39.5025 1.0 180
22 1 3.7325000000000017 1.0 1103
2 0 11.3975 1.0 108
4 0 47.167500000000004 1.0 236
2 1 39.5025 1.0 131
2 1 52.2775 1.0 141
4 0 8.842500000000001 1.0 206
4 0 34.3925 1.0 226
4 1 42.057500000000005 1.0 233
1401042.8 22
0 0 24.1725 1.0 18
1 0 52.2775 1.0 90
0 0 54.83250000000001 1.0 42
0 1 16.507500000000007 1.0 13
7 1 6.287500000000001 1.0 355
3 0 3.7325000000000017 1.0 152
0 0 36.947500000000005 1.0 28
6 1 6.287500000000001 1.0 305
5 1 39.5025 1.0 281
2 0 42.057500000000005 1.0 132
4 0 1.177500000000002 1.0 200
4 0 8.842500000000001 1.0 206
3 1 36.947500000000005 1.0 179
0 1 39.5025 1.0 31
8 0 57.3875 1.0 444
4 1 24.1725 1.0 219
4 1 39.5025 1.0 231
4 1 13.9525 1.0 211
1 0 47.167500000000004 1.0 86
4 1 62.4975 1.0 249
8 1 57.3875 1.0 445
13 1 31.837500000000006 1.0 675
1474899.9 23
2 0 8.842500000000001 1.0 106
0 1 36.947500000000005 1.0 29
2 0 29.2825 1.0 122
1 0 26.727500000000006 1.0 70
4 0 6.287500000000001 1.0 204
8 0 34.3925 1.0 426
0 1 47.167500000000004 1.0 37
0 1 21.617500000000007 1.0 17
2 1 19.0625 1.0 115
3 0 26.727500000000006 1.0 170
3 0 47.167500000000004 1.0 186
4 1 44.6125 1.0 235
1 0 42.057500000000005 1.0 82
4 0 49.7225 1.0 238
0 0 24.1725 1.0 18
8 1 36.947500000000005 1.0 429
0 0 39.5025 1.0 30
2 1 42.057500000000005 1.0 133
8 1 19.0625 1.0 415
20 1 62.4975 1.0 1049
0 0 47.167500000000004 1.0 36
2 1 59.94250000000001 1.0 147
6 1 36.947500000000005 1.0 329
701171.6 10
1 1 44.6125 1.0 85
9 0 16.507500000000007 1.0 462
5 1 31.837500000000006 1.0 275
0 0 19.0625 1.0 14
6 0 44.6125 1.0 334
2 0 52.2775 1.0 140
4 0 16.507500000000007 1.0 212
1 0 16.507500000000007 1.0 62
4 0 59.94250000000001 1.0 246
9 0 31.837500000000006 1.0 474
859051.7 15
2 1 39.5025 1.0 131
4 1 19.0625 1.0 215
2 1 54.83250000000001 1.0 143
4 0 42.057500000000005 1.0 232
0 1 36.947500000000005 1.0 29
4 0 16.507500000000007 1.0 212
21 1 36.947500000000005 1.0 1079
18 0 62.4975 1.0 948
4 1 31.837500000000006 1.0 225
1 1 49.7225 1.0 89
2 1 21.617500000000007 1.0 117
0 1 39.5025 1.0 31
0 0 16.507500000000007 1.0 12
2 0 62.4975 1.0 148
13 0 42.057500000000005 1.0 682
1803013.1 12
9 1 57.3875 1.0 495
2 1 16.507500000000007 1.0 113
17 1 8.842500000000001 1.0 857
2 1 39.5025 1.0 131
2 0 11.3975 1.0 108
8 0 13.9525 1.0 410
0 1 36.947500000000005 1.0 29
2 0 59.94250000000001 1.0 146
0 0 36.947500000000005 1.0 28
7 1 36.947500000000005 1.0 379
3 1 8.842500000000001 1.0 157
2 0 57.3875 1.0 144
1508897.4 21
3 0 36.947500000000005 1.0 178
1 0 39.5025 1.0 80
1 0 57.3875 1.0 94
2 1 24.1725 1.0 119
4 0 34.3925 1.0 226
1 1 31.837500000000006 1.0 75
16 0 24.1725 1.0 818
2 0 16.507500000000007 1.0 112
4 0 19.0625 1.0 214
1 0 3.7325000000000017 1.0 52
21 0 6.287500000000001 1.0 1054
4 1 49.7225 1.0 239
2 1 42.057500000000005 1.0 133
0 1 42.057500000000005 1.0 33
14 0 59.94250000000001 1.0 746
0 0 3.7325000000000017 1.0 2
1 1 34.3925 1.0 77
2 1 29.2825 1.0 123
4 0 24.1725 1.0 218
4 1 3.7325000000000017 1.0 203
1 0 31.837500000000006 1.0 74
802652.94 20
0 1 3.7325000000000017 1.0 3
3 1 49.7225 1.0 189
1 0 31.837500000000006 1.0 74
4 1 24.1725 1.0 219
1 1 29.2825 1.0 73
1 1 11.3975 1.0 59
0 1 24.1725 1.0 19
0 1 16.507500000000007 1.0 13
2 0 6.287500000000001 1.0 104
4 1 29.2825 1.0 223
1 0 54.83250000000001 1.0 92
1 1 49.7225 1.0 89
0 0 59.94250000000001 1.0 46
2 1 36.947500000000005 1.0 129
4 1 34.3925 1.0 227
4 0 62.4975 1.0 248
0 0 29.2825 1.0 22
1 0 47.167500000000004 1.0 86
18 1 31.837500000000006 1.0 925
4 1 1.177500000000002 1.0 201
679666.06 19
4 1 8.842500000000001 1.0 207
0 1 8.842500000000001 1.0 7
4 1 59.94250000000001 1.0 247
3 0 42.057500000000005 1.0 182
1 0 1.177500000000002 1.0 50
4 1 24.1725 1.0 219
2 1 54.83250000000001 1.0 143
14 0 1.177500000000002 1.0 700
5 0 24.1725 1.0 268
14 0 6.287500000000001 1.0 704
0 1 57.3875 1.0 45
4 1 39.5025 1.0 231
20 1 57.3875 1.0 1045
1 0 57.3875 1.0 94
0 1 39.5025 1.0 31
3 0 59.94250000000001 1.0 196
0 1 6.287500000000001 1.0 5
4 1 62.4975 1.0 249
0 1 21.617500000000007 1.0 17
973784.2 7
3 0 49.7225 1.0 188
4 0 13.9525 1.0 210
0 0 54.83250000000001 1.0 42
1 0 26.727500000000006 1.0 70
2 1 62.4975 1.0 149
3 0 39.5025 1.0 180
3 0 19.0625 1.0 164
334737.62 8
0 0 11.3975 1.0 8
3 1 59.94250000000001 1.0 197
2 1 24.1725 1.0 119
4 1 11.3975 1.0 209
3 0 8.842500000000001 1.0 156
0 0 57.3875 1.0 44
1 0 6.287500000000001 1.0 54
1 0 44.6125 1.0 84
608339.4 12
0 0 52.2775 1.0 40
3 1 24.1725 1.0 169
20 0 39.5025 1.0 1030
4 1 52.2775 1.0 241
4 1 19.0625 1.0 215
16 1 3.7325000000000017 1.0 803
2 1 8.842500000000001 1.0 107
3 0 54.83250000000001 1.0 192
1 1 42.057500000000005 1.0 83
4 1 59.94250000000001 1.0 247
4 1 34.3925 1.0 227
7 0 3.7325000000000017 1.0 352
1261834.9 15
1 0 44.6125 1.0 84
5 0 3.7325000000000017 1.0 252
1 0 13.9525 1.0 60
0 1 54.83250000000001 1.0 43
1 1 1.177500000000002 1.0 51
2 0 21.617500000000007 1.0 116
4 1 44.6125 1.0 235
2 1 44.6125 1.0 135
8 0 11.3975 1.0 408
3 0 29.2825 1.0 172
0 0 59.94250000000001 1.0 46
18 1 62.4975 1.0 949
3 0 16.507500000000007 1.0 162
2 1 39.5025 1.0 131
5 1 11.3975 1.0 259
1581227.0 9
0 1 36.947500000000005 1.0 29
1 0 8.842500000000001 1.0 56
4 1 24.1725 1.0 219
2 1 39.5025 1.0 131
3 1 62.4975 1.0 199
4 0 57.3875 1.0 244
0 1 49.7225 1.0 39
1 1 52.2775 1.0 91
1 1 6.287500000000001 1.0 55
422603.7 5
17 1 62.4975 1.0 899
18 1 11.3975 1.0 909
1 1 6.287500000000001 1.0 55
5 1 49.7225 1.0 289
2 1 24.1725 1.0 119
1095501.2 21
3 1 47.167500000000004 1.0 187
0 1 39.5025 1.0 31
9 1 62.4975 1.0 499
2 1 62.4975 1.0 149
17 0 57.3875 1.0 894
3 1 57.3875 1.0 195
0 1 57.3875 1.0 45
0 0 26.727500000000006 1.0 20
4 1 39.5025 1.0 231
4 1 44.6125 1.0 235
6 1 1.177500000000002 1.0 301
3 0 49.7225 1.0 188
6 0 1.177500000000002 1.0 300
3 0 21.617500000000007 1.0 166
4 0 42.057500000000005 1.0 232
1 0 3.7325000000000017 1.0 52
2 1 21.617500000000007 1.0 117
0 0 34.3925 1.0 26
1 0 16.507500000000007 1.0 62
7 1 3.7325000000000017 1.0 353
20 0 26.727500000000006 1.0 1020
1233197.6 23
3 1 16.507500000000007 1.0 163
4 1 16.507500000000007 1.0 213
1 1 26.727500000000006 1.0 71
3 0 8.842500000000001 1.0 156
9 1 16.507500000000007 1.0 463
3 1 11.3975 1.0 159
0 1 16.507500000000007 1.0 13
1 1 44.6125 1.0 85
1 0 26.727500000000006 1.0 70
3 1 8.842500000000001 1.0 157
1 1 39.5025 1.0 81
0 1 49.7225 1.0 39
3 0 52.2775 1.0 190
0 0 31.837500000000006 1.0 24
2 0 34.3925 1.0 126
1 1 21.617500000000007 1.0 67
2 0 16.507500000000007 1.0 112
2 1 24.1725 1.0 119
1 0 42.057500000000005 1.0 82
4 0 36.947500000000005 1.0 228
3 0 29.2825 1.0 172
0 0 59.94250000000001 1.0 46
7 0 34.3925 1.0 376
1446130.0 18
23 0 52.2775 1.0 1190
2 1 34.3925 1.0 127
23 1 62.4975 1.0 1199
4 0 11.3975 1.0 208
3 0 26.727500000000006 1.0 170
4 0 13.9525 1.0 210
4 1 3.7325000000000017 1.0 203
24 1 62.4975 1.0 1249
3 1 34.3925 1.0 177
2 0 6.287500000000001 1.0 104
0 0 31.837500000000006 1.0 24
4 0 1.177500000000002 1.0 200
4 0 42.057500000000005 1.0 232
10 0 57.3875 1.0 544
1 0 52.2775 1.0 90
4 0 62.4975 1.0 248
2 0 62.4975 1.0 148
4 0 39.5025 1.0 230
954073.9 16
3 0 29.2825 1.0 172
3 1 1.177500000000002 1.0 151
4 0 47.167500000000004 1.0 236
5 0 39.5025 1.0 280
0 0 8.842500000000001 1.0 6
3 0 31.837500000000006 1.0 174
3 0 47.167500000000004 1.0 186
1 0 42.057500000000005 1.0 82
0 1 49.7225 1.0 39
1 0 39.5025 1.0 80
8 1 44.6125 1.0 435
2 1 49.7225 1.0 139
2 1 29.2825 1.0 123
3 0 13.9525 1.0 160
4 1 49.7225 1.0 239
0 1 29.2825 1.0 23
1714527.6 8
2 0 16.507500000000007 1.0 112
3 0 57.3875 1.0 194
14 0 6.287500000000001 1.0 704
4 0 47.167500000000004 1.0 236
1 1 62.4975 1.0 99
4 0 34.3925 1.0 226
0 1 59.94250000000001 1.0 47
2 1 44.6125 1.0 135
476082.7 6
0 0 47.167500000000004 1.0 36
2 0 59.94250000000001 1.0 146
3 0 49.7225 1.0 188
2 0 11.3975 1.0 108
0 1 44.6125 1.0 35
1 1 57.3875 1.0 95
1829071.2 13
1 1 16.507500000000007 1.0 63
2 1 6.287500000000001 1.0 105
3 0 54.83250000000001 1.0 192
0 0 31.837500000000006 1.0 24
19 1 29.2825 1.0 973
6 1 19.0625 1.0 315
2 1 13.9525 1.0 111
0 1 8.842500000000001 1.0 7
0 0 59.94250000000001 1.0 46
1 0 39.5025 1.0 80
2 0 24.1725 1.0 118
4 1 31.837500000000006 1.0 225
3 1 36.947500000000005 1.0 179
1625472.0 10
9 0 24.1725 1.0 468
2 1 16.507500000000007 1.0 113
4 0 57.3875 1.0 244
3 1 59.94250000000001 1.0 197
20 1 1.177500000000002 1.0 1001
7 1 54.83250000000001 1.0 393
0 1 36.947500000000005 1.0 29
9 1 52.2775 1.0 491
1 1 8.842500000000001 1.0 57
1 0 52.2775 1.0 90
371760.56 13
16 1 34.3925 1.0 827
20 0 57.3875 1.0 1044
23 0 62.4975 1.0 1198
1 1 16.507500000000007 1.0 63
0 1 16.507500000000007 1.0 13
1 0 1.177500000000002 1.0 50
4 0 47.167500000000004 1.0 236
4 0 16.507500000000007 1.0 212
2 1 19.0625 1.0 115
1 1 44.6125 1.0 85
14 1 44.6125 1.0 735
0 1 3.7325000000000017 1.0 3
1 1 31.837500000000006 1.0 75
1189377.0 21
18 0 21.617500000000007 1.0 916
3 0 11.3975 1.0 158
16 0 62.4975 1.0 848
7 1 49.7225 1.0 389
1 1 1.177500000000002 1.0 51
1 0 16.507500000000007 1.0 62
2 1 42.057500000000005 1.0 133
1 1 21.617500000000007 1.0 67
2 0 44.6125 1.0 134
2 1 16.507500000000007 1.0 113
0 1 42.057500000000005 1.0 33
18 1 49.7225 1.0 939
5 0 42.057500000000005 1.0 282
1 0 6.287500000000001 1.0 54
1 0 44.6125 1.0 84
10 1 1.177500000000002 1.0 501
6 0 52.2775 1.0 340
8 0 11.3975 1.0 408
2 0 59.94250000000001 1.0 146
2 0 26.727500000000006 1.0 120
14 1 1.177500000000002 1.0 701
93267.945 23
17 0 44.6125 1.0 884
0 1 39.5025 1.0 31
4 1 39.5025 1.0 231
0 1 34.3925 1.0 27
3 1 3.7325000000000017 1.0 153
3 1 8.842500000000001 1.0 157
2 1 1.177500000000002 1.0 101
1 1 44.6125 1.0 85
3 0 16.507500000000007 1.0 162
3 1 42.057500000000005 1.0 183
3 0 47.167500000000004 1.0 186
8 1 6.287500000000001 1.0 405
0 1 26.727500000000006 1.0 21
23 1 29.2825 1.0 1173
2 0 1.177500000000002 1.0 100
4 1 26.727500000000006 1.0 221
4 0 62.4975 1.0 248
9 0 47.167500000000004 1.0 486
1 1 8.842500000000001 1.0 57
4 0 42.057500000000005 1.0 232
4 1 34.3925 1.0 227
8 0 31.837500000000006 1.0 424
1 0 26.727500000000006 1.0 70
1116445.8 20
0 1 59.94250000000001 1.0 47
4 0 3.7325000000000017 1.0 202
0 0 47.167500000000004 1.0 36
4 1 24.1725 1.0 219
6 0 3.7325000000000017 1.0 302
20 1 11.3975 1.0 1009
2 1 21.617500000000007 1.0 117
8 0 19.0625 1.0 414
1 0 52.2775 1.0 90
1 1 19.0625 1.0 65
24 1 19.0625 1.0 1215
4 1 8.842500000000001 1.0 207
1 1 42.057500000000005 1.0 83
4 0 31.837500000000006 1.0 224
0 0 24.1725 1.0 18
1 1 52.2775 1.0 91
3 0 62.4975 1.0 198
4 0 36.947500000000005 1.0 228
0 0 42.057500000000005 1.0 32
21 1 42.057500000000005 1.0 1083
1653836.5 15
2 1 36.947500000000005 1.0 129
2 1 44.6125 1.0 135
3 1 3.7325000000000017 1.0 153
16 1 24.1725 1.0 819
21 1 24.1725 1.0 1069
3 1 8.842500000000001 1.0 157
1 0 1.177500000000002 1.0 50
19 0 52.2775 1.0 990
2 1 47.167500000000004 1.0 137
6 1 59.94250000000001 1.0 347
2 1 6.287500000000001 1.0 105
4 1 54.83250000000001 1.0 243
1 1 3.7325000000000017 1.0 53
7 1 39.5025 1.0 381
0 1 49.7225 1.0 39
1243427.5 17
0 1 44.6125 1.0 35
3 1 26.727500000000006 1.0 171
3 1 3.7325000000000017 1.0 153
4 0 52.2775 1.0 240
0 1 3.7325000000000017 1.0 3
22 1 11.3975 1.0 1109
3 1 21.617500000000007 1.0 167
2 1 39.5025 1.0 131
1 0 59.94250000000001 1.0 96
3 1 13.9525 1.0 161
10 0 62.4975 1.0 548
3 1 44.6125 1.0 185
2 0 57.3875 1.0 144
1 1 29.2825 1.0 73
3 1 36.947500000000005 1.0 179
0 1 24.1725 1.0 19
4 0 3.7325000000000017 1.0 202
1266753.6 12
2 0 62.4975 1.0 148
2 1 47.167500000000004 1.0 137
9 0 13.9525 1.0 460
1 1 13.9525 1.0 61
3 0 52.2775 1.0 190
3 1 59.94250000000001 1.0 197
12 1 3.7325000000000017 1.0 603
3 1 62.4975 1.0 199
1 0 49.7225 1.0 88
1 1 42.057500000000005 1.0 83
7 0 19.0625 1.0 364
19 0 57.3875 1.0 994
1623607.0 13
6 1 52.2775 1.0 341
0 0 36.947500000000005 1.0 28
4 1 3.7325000000000017 1.0 203
2 0 26.727500000000006 1.0 120
3 1 6.287500000000001 1.0 155
9 1 19.0625 1.0 465
3 1 8.842500000000001 1.0 157
2 1 29.2825 1.0 123
4 0 16.507500000000007 1.0 212
9 0 57.3875 1.0 494
1 1 47.167500000000004 1.0 87
0 0 24.1725 1.0 18
2 0 42.057500000000005 1.0 132
581125.5 13
2 0 54.83250000000001 1.0 142
9 0 31.837500000000006 1.0 474
0 0 29.2825 1.0 22
1 1 11.3975 1.0 59
3 1 39.5025 1.0 181
3 1 6.287500000000001 1.0 155
0 0 21.617500000000007 1.0 16
9 1 42.057500000000005 1.0 483
1 0 57.3875 1.0 94
5 1 44.6125 1.0 285
1 1 59.94250000000001 1.0 97
4 0 39.5025 1.0 230
4 1 16.507500000000007 1.0 213
1949702.1 8
3 0 6.287500000000001 1.0 154
1 0 36.947500000000005 1.0 78
4 1 42.057500000000005 1.0 233
8 1 44.6125 1.0 435
0 0 29.2825 1.0 22
7 0 57.3875 1.0 394
3 1 44.6125 1.0 185
1 1 6.287500000000001 1.0 55
1760635.8 18
1 0 24.1725 1.0 68
1 0 6.287500000000001 1.0 54
1 0 59.94250000000001 1.0 96
1 1 6.287500000000001 1.0 55
2 1 47.167500000000004 1.0 137
3 1 42.057500000000005 1.0 183
2 1 62.4975 1.0 149
2 0 59.94250000000001 1.0 146
12 0 31.837500000000006 1.0 624
3 1 24.1725 1.0 169
1 0 11.3975 1.0 58
1 0 8.842500000000001 1.0 56
7 0 19.0625 1.0 364
1 1 21.617500000000007 1.0 67
4 1 42.057500000000005 1.0 233
2 0 44.6125 1.0 134
4 1 3.7325000000000017 1.0 203
24 1 42.057500000000005 1.0 1233
909304.0 14
3 1 44.6125 1.0 185
2 0 6.287500000000001 1.0 104
3 1 49.7225 1.0 189
2 1 54.83250000000001 1.0 143
1 0 8.842500000000001 1.0 56
1 1 26.727500000000006 1.0 71
1 0 49.7225 1.0 88
4 1 39.5025 1.0 231
2 1 49.7225 1.0 139
2 0 29.2825 1.0 122
0 0 62.4975 1.0 48
2 1 24.1725 1.0 119
0 0 8.842500000000001 1.0 6
15 0 6.287500000000001 1.0 754
1265344.4 10
4 1 13.9525 1.0 211
1 0 39.5025 1.0 80
2 0 62.4975 1.0 148
1 1 52.2775 1.0 91
2 0 47.167500000000004 1.0 136
4 1 49.7225 1.0 239
0 0 54.83250000000001 1.0 42
9 1 44.6125 1.0 485
0 1 59.94250000000001 1.0 47
0 0 57.3875 1.0 44
487843.06 11
0 0 21.617500000000007 1.0 16
0 1 11.3975 1.0 9
1 1 13.9525 1.0 61
7 0 8.842500000000001 1.0 356
6 1 47.167500000000004 1.0 337
3 0 6.287500000000001 1.0 154
0 1 42.057500000000005 1.0 33
19 1 39.5025 1.0 981
3 0 16.507500000000007 1.0 162
4 1 19.0625 1.0 215
0 0 62.4975 1.0 48
523409.28 10
1 0 57.3875 1.0 94
10 0 34.3925 1.0 526
0 0 49.7225 1.0 38
3 1 6.287500000000001 1.0 155
5 0 31.837500000000006 1.0 274
4 0 1.177500000000002 1.0 200
3 0 47.167500000000004 1.0 186
7 1 21.617500000000007 1.0 367
2 0 59.94250000000001 1.0 146
6 0 21.617500000000007 1.0 316
1897868.4 9
1 0 54.83250000000001 1.0 92
1 1 24.1725 1.0 69
3 0 52.2775 1.0 190
2 1 47.167500000000004 1.0 137
8 0 54.83250000000001 1.0 442
2 1 6.287500000000001 1.0 105
0 0 1.177500000000002 1.0 0
22 0 57.3875 1.0 1144
4 1 11.3975 1.0 209
858243.7 9
3 1 24.1725 1.0 169
1 1 8.842500000000001 1.0 57
2 1 16.507500000000007 1.0 113
2 1 34.3925 1.0 127
0 0 3.7325000000000017 1.0 2
0 1 52.2775 1.0 41
4 1 52.2775 1.0 241
8 0 24.1725 1.0 418
2 1 36.947500000000005 1.0 129
439997.84 13
3 1 57.3875 1.0 195
8 1 1.177500000000002 1.0 401
4 0 21.617500000000007 1.0 216
3 0 19.0625 1.0 164
1 1 1.177500000000002 1.0 51
0 0 6.287500000000001 1.0 4
3 0 62.4975 1.0 198
7 0 16.507500000000007 1.0 362
3 0 34.3925 1.0 176
12 0 42.057500000000005 1.0 632
1 1 3.7325000000000017 1.0 53
9 1 44.6125 1.0 485
11 1 39.5025 1.0 581
390452.56 24
1 0 49.7225 1.0 88
7 1 44.6125 1.0 385
1 1 49.7225 1.0 89
0 0 49.7225 1.0 38
3 0 1.177500000000002 1.0 150
18 0 44.6125 1.0 934
3 1 11.3975 1.0 159
2 1 57.3875 1.0 145
1 1 16.507500000000007 1.0 63
5 0 1.177500000000002 1.0 250
1 1 21.617500000000007 1.0 67
4 0 47.167500000000004 1.0 236
3 1 42.057500000000005 1.0 183
3 1 1.177500000000002 1.0 151
17 0 8.842500000000001 1.0 856
5 1 31.837500000000006 1.0 275
17 0 39.5025 1.0 880
4 0 8.842500000000001 1.0 206
0 1 34.3925 1.0 27
0 1 13.9525 1.0 11
18 1 54.83250000000001 1.0 943
12 1 8.842500000000001 1.0 607
0 0 57.3875 1.0 44
0 0 31.837500000000006 1.0 24
1977206.9 7
1 0 21.617500000000007 1.0 66
2 0 3.7325000000000017 1.0 102
1 1 6.287500000000001 1.0 55
3 0 54.83250000000001 1.0 192
5 1 3.7325000000000017 1.0 253
1 0 34.3925 1.0 76
0 0 42.057500000000005 1.0 32
68649.83 15
6 1 6.287500000000001 1.0 305
4 0 6.287500000000001 1.0 204
2 1 59.94250000000001 1.0 147
0 0 1.177500000000002 1.0 0
0 1 62.4975 1.0 49
3 0 29.2825 1.0 172
0 1 36.947500000000005 1.0 29
2 0 21.617500000000007 1.0 116
3 0 52.2775 1.0 190
2 0 13.9525 1.0 110
1 0 11.3975 1.0 58
2 1 49.7225 1.0 139
5 1 54.83250000000001 1.0 293
0 0 57.3875 1.0 44
3 1 11.3975 1.0 159
1068964.2 18
0 1 13.9525 1.0 11
1 0 3.7325000000000017 1.0 52
2 1 39.5025 1.0 131
0 0 47.167500000000004 1.0 36
4 0 34.3925 1.0 226
1 1 29.2825 1.0 73
3 0 26.727500000000006 1.0 170
5 1 13.9525 1.0 261
1 1 24.1725 1.0 69
3 0 21.617500000000007 1.0 166
0 1 16.507500000000007 1.0 13
17 1 54.83250000000001 1.0 893
5 0 62.4975 1.0 298
0 0 49.7225 1.0 38
0 0 62.4975 1.0 48
3 0 57.3875 1.0 194
1 0 1.177500000000002 1.0 50
6 0 16.507500000000007 1.0 312
