Numero de pedidos
200
duedate num_referencias // pasillo lado altura peso
631766.2 23
11 0 16.507500000000007 1.0 62
13 0 8.842500000000001 1.0 106
13 0 62.4975 1.0 148
13 1 16.507500000000007 1.0 113
10 0 19.0625 1.0 164
10 1 57.3875 1.0 195
11 1 19.0625 1.0 65
10 1 54.83250000000001 1.0 193
12 1 36.947500000000005 1.0 29
11 0 34.3925 1.0 76
14 0 26.727500000000006 1.0 220
1 1 54.83250000000001 1.0 1093
16 0 3.7325000000000017 1.0 402
11 1 62.4975 1.0 99
13 0 6.287500000000001 1.0 104
10 0 54.83250000000001 1.0 192
16 0 57.3875 1.0 444
12 1 52.2775 1.0 41
12 0 59.94250000000001 1.0 46
10 0 62.4975 1.0 198
12 0 47.167500000000004 1.0 36
10 1 16.507500000000007 1.0 163
11 0 13.9525 1.0 60
1283146.9 12
14 1 49.7225 1.0 239
12 1 47.167500000000004 1.0 37
11 0 21.617500000000007 1.0 66
14 1 57.3875 1.0 245
14 0 13.9525 1.0 210
4 0 24.1725 1.0 768
12 1 36.947500000000005 1.0 29
13 1 52.2775 1.0 141
13 1 16.507500000000007 1.0 113
9 1 13.9525 1.0 261
7 0 26.727500000000006 1.0 470
12 1 31.837500000000006 1.0 25
1239740.2 24
14 0 59.94250000000001 1.0 246
12 1 6.287500000000001 1.0 5
12 1 8.842500000000001 1.0 7
12 0 54.83250000000001 1.0 42
22 0 47.167500000000004 1.0 1036
13 1 62.4975 1.0 149
11 0 3.7325000000000017 1.0 52
14 1 59.94250000000001 1.0 247
11 1 42.057500000000005 1.0 83
10 0 8.842500000000001 1.0 156
13 0 29.2825 1.0 122
13 1 8.842500000000001 1.0 107
12 0 13.9525 1.0 10
14 1 49.7225 1.0 239
7 0 8.842500000000001 1.0 456
12 1 36.947500000000005 1.0 29
11 1 62.4975 1.0 99
11 1 8.842500000000001 1.0 57
10 0 21.617500000000007 1.0 166
1 1 3.7325000000000017 1.0 1053
12 1 29.2825 1.0 23
11 0 57.3875 1.0 94
13 0 36.947500000000005 1.0 128
19 0 34.3925 1.0 726
1564794.2 20
9 1 3.7325000000000017 1.0 253
10 1 6.287500000000001 1.0 155
11 1 44.6125 1.0 85
12 0 54.83250000000001 1.0 42
12 0 16.507500000000007 1.0 12
10 0 47.167500000000004 1.0 186
13 0 31.837500000000006 1.0 124
14 0 52.2775 1.0 240
12 1 59.94250000000001 1.0 47
14 0 24.1725 1.0 218
11 0 52.2775 1.0 90
13 0 47.167500000000004 1.0 136
12 0 26.727500000000006 1.0 20
9 0 1.177500000000002 1.0 250
11 1 1.177500000000002 1.0 51
23 1 26.727500000000006 1.0 1121
13 1 39.5025 1.0 131
10 0 11.3975 1.0 158
9 0 39.5025 1.0 280
14 1 62.4975 1.0 249
328396.03 7
11 0 34.3925 1.0 76
10 0 1.177500000000002 1.0 150
12 1 21.617500000000007 1.0 17
12 1 13.9525 1.0 11
16 0 42.057500000000005 1.0 432
13 1 8.842500000000001 1.0 107
11 1 16.507500000000007 1.0 63
417665.12 24
10 0 13.9525 1.0 160
11 1 3.7325000000000017 1.0 53
4 0 59.94250000000001 1.0 796
14 0 3.7325000000000017 1.0 202
11 1 42.057500000000005 1.0 83
13 0 57.3875 1.0 144
11 0 8.842500000000001 1.0 56
13 1 24.1725 1.0 119
11 0 47.167500000000004 1.0 86
13 1 1.177500000000002 1.0 101
11 1 47.167500000000004 1.0 87
12 0 49.7225 1.0 38
14 1 62.4975 1.0 249
12 1 16.507500000000007 1.0 13
13 1 49.7225 1.0 139
12 1 3.7325000000000017 1.0 3
14 1 49.7225 1.0 239
12 1 1.177500000000002 1.0 1
12 0 3.7325000000000017 1.0 2
10 1 52.2775 1.0 191
11 1 1.177500000000002 1.0 51
11 0 19.0625 1.0 64
11 0 52.2775 1.0 90
14 0 11.3975 1.0 208
840478.5 14
12 0 57.3875 1.0 44
11 0 47.167500000000004 1.0 86
12 1 31.837500000000006 1.0 25
10 1 62.4975 1.0 199
13 1 62.4975 1.0 149
12 0 6.287500000000001 1.0 4
12 0 39.5025 1.0 30
13 0 52.2775 1.0 140
12 0 24.1725 1.0 18
16 1 42.057500000000005 1.0 433
12 1 62.4975 1.0 49
11 0 6.287500000000001 1.0 54
10 0 36.947500000000005 1.0 178
14 1 44.6125 1.0 235
365435.22 7
10 1 24.1725 1.0 169
8 0 13.9525 1.0 360
13 1 31.837500000000006 1.0 125
10 1 1.177500000000002 1.0 151
12 1 39.5025 1.0 31
10 1 21.617500000000007 1.0 167
11 0 13.9525 1.0 60
1266216.4 17
14 0 26.727500000000006 1.0 220
11 0 44.6125 1.0 84
12 0 57.3875 1.0 44
11 1 3.7325000000000017 1.0 53
8 0 59.94250000000001 1.0 396
12 1 21.617500000000007 1.0 17
22 0 36.947500000000005 1.0 1028
14 0 21.617500000000007 1.0 216
15 1 34.3925 1.0 327
10 1 44.6125 1.0 185
12 0 54.83250000000001 1.0 42
9 1 19.0625 1.0 265
10 1 11.3975 1.0 159
8 1 52.2775 1.0 391
21 0 24.1725 1.0 918
14 1 42.057500000000005 1.0 233
14 0 1.177500000000002 1.0 200
1975491.8 21
11 0 3.7325000000000017 1.0 52
10 0 21.617500000000007 1.0 166
15 1 62.4975 1.0 349
20 0 42.057500000000005 1.0 832
14 0 39.5025 1.0 230
7 1 13.9525 1.0 461
13 1 29.2825 1.0 123
14 1 6.287500000000001 1.0 205
23 1 47.167500000000004 1.0 1137
14 1 3.7325000000000017 1.0 203
14 0 59.94250000000001 1.0 246
16 1 29.2825 1.0 423
13 0 1.177500000000002 1.0 100
13 0 19.0625 1.0 114
10 1 1.177500000000002 1.0 151
13 1 44.6125 1.0 135
10 1 19.0625 1.0 165
9 1 57.3875 1.0 295
14 0 16.507500000000007 1.0 212
11 1 1.177500000000002 1.0 51
11 0 57.3875 1.0 94
1373026.5 21
11 1 3.7325000000000017 1.0 53
11 1 49.7225 1.0 89
14 0 24.1725 1.0 218
14 0 8.842500000000001 1.0 206
10 0 3.7325000000000017 1.0 152
14 1 36.947500000000005 1.0 229
12 1 52.2775 1.0 41
14 0 49.7225 1.0 238
10 0 24.1725 1.0 168
11 0 59.94250000000001 1.0 96
9 0 44.6125 1.0 284
8 0 44.6125 1.0 384
12 1 42.057500000000005 1.0 33
11 1 16.507500000000007 1.0 63
13 0 1.177500000000002 1.0 100
12 1 8.842500000000001 1.0 7
12 1 49.7225 1.0 39
20 0 19.0625 1.0 814
10 0 42.057500000000005 1.0 182
10 1 8.842500000000001 1.0 157
10 0 49.7225 1.0 188
1029918.94 19
14 1 54.83250000000001 1.0 243
10 0 57.3875 1.0 194
8 0 52.2775 1.0 390
10 0 42.057500000000005 1.0 182
14 1 47.167500000000004 1.0 237
11 1 44.6125 1.0 85
14 1 39.5025 1.0 231
9 1 13.9525 1.0 261
10 1 59.94250000000001 1.0 197
10 0 29.2825 1.0 172
14 1 6.287500000000001 1.0 205
7 0 57.3875 1.0 494
13 0 8.842500000000001 1.0 106
11 0 19.0625 1.0 64
10 1 62.4975 1.0 199
10 0 3.7325000000000017 1.0 152
10 0 11.3975 1.0 158
10 0 36.947500000000005 1.0 178
12 1 59.94250000000001 1.0 47
1425204.4 16
7 0 8.842500000000001 1.0 456
11 0 11.3975 1.0 58
20 0 29.2825 1.0 822
11 0 34.3925 1.0 76
11 1 26.727500000000006 1.0 71
12 1 1.177500000000002 1.0 1
13 1 29.2825 1.0 123
14 0 36.947500000000005 1.0 228
10 1 57.3875 1.0 195
14 1 6.287500000000001 1.0 205
10 0 52.2775 1.0 190
14 0 47.167500000000004 1.0 236
13 0 24.1725 1.0 118
10 1 54.83250000000001 1.0 193
9 1 31.837500000000006 1.0 275
11 0 29.2825 1.0 72
978017.7 7
22 1 6.287500000000001 1.0 1005
12 0 31.837500000000006 1.0 24
12 1 6.287500000000001 1.0 5
14 1 3.7325000000000017 1.0 203
13 1 19.0625 1.0 115
13 1 52.2775 1.0 141
9 0 62.4975 1.0 298
807245.3 15
11 0 57.3875 1.0 94
9 0 8.842500000000001 1.0 256
10 0 52.2775 1.0 190
11 0 62.4975 1.0 98
13 0 57.3875 1.0 144
12 0 21.617500000000007 1.0 16
12 0 44.6125 1.0 34
7 0 16.507500000000007 1.0 462
14 1 49.7225 1.0 239
8 1 52.2775 1.0 391
10 1 1.177500000000002 1.0 151
13 0 6.287500000000001 1.0 104
11 0 21.617500000000007 1.0 66
10 1 8.842500000000001 1.0 157
10 0 26.727500000000006 1.0 170
382990.6 7
11 1 59.94250000000001 1.0 97
11 0 36.947500000000005 1.0 78
12 1 1.177500000000002 1.0 1
11 0 31.837500000000006 1.0 74
17 1 57.3875 1.0 545
8 0 52.2775 1.0 390
13 1 47.167500000000004 1.0 137
1011009.2 7
12 1 36.947500000000005 1.0 29
4 1 21.617500000000007 1.0 767
11 0 24.1725 1.0 68
12 0 29.2825 1.0 22
14 0 49.7225 1.0 238
14 1 11.3975 1.0 209
12 1 47.167500000000004 1.0 37
1416597.6 13
16 0 29.2825 1.0 422
13 1 42.057500000000005 1.0 133
11 1 57.3875 1.0 95
12 1 16.507500000000007 1.0 13
7 0 39.5025 1.0 480
22 0 54.83250000000001 1.0 1042
13 1 59.94250000000001 1.0 147
11 1 21.617500000000007 1.0 67
15 1 11.3975 1.0 309
14 1 1.177500000000002 1.0 201
12 0 49.7225 1.0 38
12 1 62.4975 1.0 49
11 0 34.3925 1.0 76
1186345.5 11
8 0 24.1725 1.0 368
18 0 21.617500000000007 1.0 616
8 1 36.947500000000005 1.0 379
8 0 36.947500000000005 1.0 378
12 0 8.842500000000001 1.0 6
19 1 26.727500000000006 1.0 721
14 1 59.94250000000001 1.0 247
14 1 47.167500000000004 1.0 237
13 0 47.167500000000004 1.0 136
11 0 44.6125 1.0 84
2 1 54.83250000000001 1.0 993
557165.56 23
11 1 57.3875 1.0 95
3 1 11.3975 1.0 859
13 0 34.3925 1.0 126
13 1 54.83250000000001 1.0 143
15 0 62.4975 1.0 348
11 1 54.83250000000001 1.0 93
13 1 39.5025 1.0 131
13 1 26.727500000000006 1.0 121
10 0 54.83250000000001 1.0 192
11 0 24.1725 1.0 68
14 0 21.617500000000007 1.0 216
13 1 16.507500000000007 1.0 113
11 0 26.727500000000006 1.0 70
10 1 59.94250000000001 1.0 197
13 0 52.2775 1.0 140
24 0 24.1725 1.0 1218
2 1 57.3875 1.0 995
11 0 34.3925 1.0 76
11 1 1.177500000000002 1.0 51
9 1 44.6125 1.0 285
1 1 19.0625 1.0 1065
12 0 16.507500000000007 1.0 12
11 1 3.7325000000000017 1.0 53
306605.62 18
12 0 42.057500000000005 1.0 32
11 0 21.617500000000007 1.0 66
11 0 11.3975 1.0 58
14 0 52.2775 1.0 240
11 1 6.287500000000001 1.0 55
13 1 31.837500000000006 1.0 125
13 1 59.94250000000001 1.0 147
8 0 24.1725 1.0 368
13 1 1.177500000000002 1.0 101
14 1 6.287500000000001 1.0 205
3 0 34.3925 1.0 876
14 1 34.3925 1.0 227
12 1 52.2775 1.0 41
10 0 16.507500000000007 1.0 162
10 1 49.7225 1.0 189
10 1 62.4975 1.0 199
12 0 44.6125 1.0 34
12 0 6.287500000000001 1.0 4
1776554.6 7
13 0 47.167500000000004 1.0 136
2 1 1.177500000000002 1.0 951
13 1 34.3925 1.0 127
10 1 13.9525 1.0 161
13 0 16.507500000000007 1.0 112
10 0 44.6125 1.0 184
14 0 62.4975 1.0 248
935554.4 24
10 0 3.7325000000000017 1.0 152
23 0 3.7325000000000017 1.0 1102
14 0 31.837500000000006 1.0 224
13 0 47.167500000000004 1.0 136
13 0 49.7225 1.0 138
1 1 34.3925 1.0 1077
10 0 52.2775 1.0 190
13 0 26.727500000000006 1.0 120
14 0 26.727500000000006 1.0 220
16 1 62.4975 1.0 449
9 1 13.9525 1.0 261
11 0 8.842500000000001 1.0 56
11 0 34.3925 1.0 76
10 1 13.9525 1.0 161
10 0 36.947500000000005 1.0 178
11 1 13.9525 1.0 61
14 1 44.6125 1.0 235
23 1 62.4975 1.0 1149
14 1 49.7225 1.0 239
10 0 13.9525 1.0 160
9 1 52.2775 1.0 291
14 0 62.4975 1.0 248
11 1 54.83250000000001 1.0 93
12 1 47.167500000000004 1.0 37
377173.44 12
14 0 31.837500000000006 1.0 224
10 1 26.727500000000006 1.0 171
10 1 59.94250000000001 1.0 197
2 0 29.2825 1.0 972
11 0 52.2775 1.0 90
11 0 29.2825 1.0 72
8 0 47.167500000000004 1.0 386
12 1 26.727500000000006 1.0 21
12 0 24.1725 1.0 18
19 1 34.3925 1.0 727
22 0 52.2775 1.0 1040
13 0 42.057500000000005 1.0 132
683152.56 10
11 1 47.167500000000004 1.0 87
10 1 44.6125 1.0 185
21 1 21.617500000000007 1.0 917
11 0 59.94250000000001 1.0 96
9 0 54.83250000000001 1.0 292
14 1 13.9525 1.0 211
10 1 11.3975 1.0 159
13 1 31.837500000000006 1.0 125
14 1 36.947500000000005 1.0 229
12 0 36.947500000000005 1.0 28
61496.26 5
12 0 36.947500000000005 1.0 28
22 0 49.7225 1.0 1038
12 0 47.167500000000004 1.0 36
10 0 42.057500000000005 1.0 182
14 1 44.6125 1.0 235
1573063.2 11
12 0 52.2775 1.0 40
6 1 29.2825 1.0 573
13 1 6.287500000000001 1.0 105
19 0 8.842500000000001 1.0 706
13 1 42.057500000000005 1.0 133
12 0 49.7225 1.0 38
13 0 52.2775 1.0 140
11 1 8.842500000000001 1.0 57
12 0 19.0625 1.0 14
10 0 8.842500000000001 1.0 156
12 1 42.057500000000005 1.0 33
730655.1 5
11 1 34.3925 1.0 77
12 1 39.5025 1.0 31
13 0 36.947500000000005 1.0 128
14 1 3.7325000000000017 1.0 203
23 0 16.507500000000007 1.0 1112
1905144.9 12
18 1 13.9525 1.0 611
13 1 34.3925 1.0 127
11 1 57.3875 1.0 95
13 0 1.177500000000002 1.0 100
14 1 6.287500000000001 1.0 205
14 1 34.3925 1.0 227
14 0 59.94250000000001 1.0 246
9 0 59.94250000000001 1.0 296
13 1 13.9525 1.0 111
14 1 52.2775 1.0 241
1 0 11.3975 1.0 1058
14 0 21.617500000000007 1.0 216
159697.84 17
14 1 11.3975 1.0 209
13 1 19.0625 1.0 115
21 0 36.947500000000005 1.0 928
23 0 59.94250000000001 1.0 1146
24 0 57.3875 1.0 1244
12 0 59.94250000000001 1.0 46
11 0 6.287500000000001 1.0 54
20 1 21.617500000000007 1.0 817
23 0 8.842500000000001 1.0 1106
14 0 39.5025 1.0 230
14 1 8.842500000000001 1.0 207
11 0 52.2775 1.0 90
13 1 62.4975 1.0 149
12 0 3.7325000000000017 1.0 2
14 1 24.1725 1.0 219
12 0 62.4975 1.0 48
10 1 16.507500000000007 1.0 163
846055.7 13
14 0 44.6125 1.0 234
10 1 29.2825 1.0 173
14 0 13.9525 1.0 210
12 1 31.837500000000006 1.0 25
0 1 47.167500000000004 1.0 1187
13 1 3.7325000000000017 1.0 103
13 0 49.7225 1.0 138
11 0 36.947500000000005 1.0 78
11 0 34.3925 1.0 76
10 1 36.947500000000005 1.0 179
11 1 36.947500000000005 1.0 79
10 0 21.617500000000007 1.0 166
7 1 21.617500000000007 1.0 467
651294.44 23
10 0 49.7225 1.0 188
14 1 24.1725 1.0 219
14 0 59.94250000000001 1.0 246
10 1 13.9525 1.0 161
14 1 36.947500000000005 1.0 229
10 1 49.7225 1.0 189
14 0 44.6125 1.0 234
13 1 47.167500000000004 1.0 137
20 0 39.5025 1.0 830
11 1 47.167500000000004 1.0 87
1 0 36.947500000000005 1.0 1078
13 1 42.057500000000005 1.0 133
24 0 16.507500000000007 1.0 1212
14 0 47.167500000000004 1.0 236
19 1 47.167500000000004 1.0 737
14 0 3.7325000000000017 1.0 202
10 1 57.3875 1.0 195
14 1 39.5025 1.0 231
10 1 59.94250000000001 1.0 197
13 1 24.1725 1.0 119
10 0 19.0625 1.0 164
14 0 6.287500000000001 1.0 204
11 1 39.5025 1.0 81
264648.1 21
14 0 62.4975 1.0 248
12 0 39.5025 1.0 30
11 0 34.3925 1.0 76
12 1 62.4975 1.0 49
13 1 29.2825 1.0 123
11 0 13.9525 1.0 60
13 0 26.727500000000006 1.0 120
13 0 21.617500000000007 1.0 116
12 1 52.2775 1.0 41
12 0 19.0625 1.0 14
10 1 39.5025 1.0 181
11 0 3.7325000000000017 1.0 52
14 0 11.3975 1.0 208
12 1 13.9525 1.0 11
13 0 13.9525 1.0 110
13 1 8.842500000000001 1.0 107
10 0 29.2825 1.0 172
13 0 34.3925 1.0 126
13 1 39.5025 1.0 131
10 1 21.617500000000007 1.0 167
12 1 21.617500000000007 1.0 17
1721726.1 12
16 0 39.5025 1.0 430
13 0 59.94250000000001 1.0 146
10 0 62.4975 1.0 198
13 1 47.167500000000004 1.0 137
10 0 59.94250000000001 1.0 196
1 1 62.4975 1.0 1099
11 0 11.3975 1.0 58
11 1 19.0625 1.0 65
14 0 34.3925 1.0 226
8 0 36.947500000000005 1.0 378
14 1 47.167500000000004 1.0 237
7 1 24.1725 1.0 469
853919.9 21
12 1 29.2825 1.0 23
14 0 42.057500000000005 1.0 232
12 0 26.727500000000006 1.0 20
13 0 39.5025 1.0 130
12 0 6.287500000000001 1.0 4
11 0 24.1725 1.0 68
9 0 26.727500000000006 1.0 270
10 1 42.057500000000005 1.0 183
10 0 49.7225 1.0 188
12 1 21.617500000000007 1.0 17
13 0 31.837500000000006 1.0 124
4 1 8.842500000000001 1.0 757
13 0 13.9525 1.0 110
13 0 47.167500000000004 1.0 136
10 0 57.3875 1.0 194
13 0 21.617500000000007 1.0 116
5 0 13.9525 1.0 660
11 0 36.947500000000005 1.0 78
13 0 57.3875 1.0 144
10 1 26.727500000000006 1.0 171
10 1 62.4975 1.0 199
1601183.8 12
10 0 29.2825 1.0 172
14 0 36.947500000000005 1.0 228
13 0 49.7225 1.0 138
13 0 8.842500000000001 1.0 106
14 1 49.7225 1.0 239
8 0 21.617500000000007 1.0 366
10 1 49.7225 1.0 189
11 1 49.7225 1.0 89
11 1 54.83250000000001 1.0 93
14 1 29.2825 1.0 223
10 1 24.1725 1.0 169
14 0 29.2825 1.0 222
52308.598 8
18 0 49.7225 1.0 638
13 0 34.3925 1.0 126
13 1 39.5025 1.0 131
11 1 13.9525 1.0 61
24 1 62.4975 1.0 1249
12 0 19.0625 1.0 14
12 0 54.83250000000001 1.0 42
12 1 54.83250000000001 1.0 43
1187638.0 15
10 1 52.2775 1.0 191
9 1 57.3875 1.0 295
12 1 49.7225 1.0 39
11 1 29.2825 1.0 73
13 0 26.727500000000006 1.0 120
13 0 8.842500000000001 1.0 106
14 1 21.617500000000007 1.0 217
15 0 54.83250000000001 1.0 342
14 0 47.167500000000004 1.0 236
13 1 8.842500000000001 1.0 107
11 0 42.057500000000005 1.0 82
13 1 26.727500000000006 1.0 121
20 0 59.94250000000001 1.0 846
11 1 6.287500000000001 1.0 55
14 1 52.2775 1.0 241
295126.53 24
13 1 3.7325000000000017 1.0 103
13 0 57.3875 1.0 144
12 0 13.9525 1.0 10
12 1 57.3875 1.0 45
14 0 42.057500000000005 1.0 232
12 1 29.2825 1.0 23
10 0 1.177500000000002 1.0 150
14 0 1.177500000000002 1.0 200
14 1 39.5025 1.0 231
11 0 47.167500000000004 1.0 86
13 0 49.7225 1.0 138
12 0 11.3975 1.0 8
13 0 21.617500000000007 1.0 116
10 0 47.167500000000004 1.0 186
14 0 49.7225 1.0 238
14 0 19.0625 1.0 214
12 0 8.842500000000001 1.0 6
14 1 52.2775 1.0 241
13 0 36.947500000000005 1.0 128
14 1 11.3975 1.0 209
14 1 44.6125 1.0 235
11 1 6.287500000000001 1.0 55
11 0 62.4975 1.0 98
16 1 8.842500000000001 1.0 407
1119488.2 19
11 1 1.177500000000002 1.0 51
12 1 16.507500000000007 1.0 13
12 0 34.3925 1.0 26
15 1 16.507500000000007 1.0 313
12 1 36.947500000000005 1.0 29
14 0 39.5025 1.0 230
8 1 1.177500000000002 1.0 351
10 1 6.287500000000001 1.0 155
14 0 3.7325000000000017 1.0 202
12 1 11.3975 1.0 9
12 1 57.3875 1.0 45
10 1 29.2825 1.0 173
13 1 3.7325000000000017 1.0 103
11 1 24.1725 1.0 69
11 1 31.837500000000006 1.0 75
10 1 8.842500000000001 1.0 157
14 0 49.7225 1.0 238
11 0 36.947500000000005 1.0 78
21 0 13.9525 1.0 910
1917283.4 17
10 0 52.2775 1.0 190
13 0 8.842500000000001 1.0 106
14 1 54.83250000000001 1.0 243
14 0 8.842500000000001 1.0 206
12 1 11.3975 1.0 9
10 1 39.5025 1.0 181
10 1 57.3875 1.0 195
14 0 19.0625 1.0 214
15 1 39.5025 1.0 331
15 1 49.7225 1.0 339
13 1 49.7225 1.0 139
13 0 16.507500000000007 1.0 112
11 0 57.3875 1.0 94
16 1 16.507500000000007 1.0 413
13 1 59.94250000000001 1.0 147
8 1 29.2825 1.0 373
19 1 57.3875 1.0 745
1797573.9 19
12 1 59.94250000000001 1.0 47
10 1 47.167500000000004 1.0 187
14 0 47.167500000000004 1.0 236
10 0 52.2775 1.0 190
18 1 42.057500000000005 1.0 633
11 1 52.2775 1.0 91
14 0 49.7225 1.0 238
10 1 39.5025 1.0 181
14 1 39.5025 1.0 231
13 1 54.83250000000001 1.0 143
12 1 6.287500000000001 1.0 5
16 0 1.177500000000002 1.0 400
11 1 13.9525 1.0 61
11 1 42.057500000000005 1.0 83
10 1 36.947500000000005 1.0 179
14 0 62.4975 1.0 248
14 1 1.177500000000002 1.0 201
18 0 36.947500000000005 1.0 628
13 1 47.167500000000004 1.0 137
524378.5 8
16 1 39.5025 1.0 431
19 1 49.7225 1.0 739
13 1 52.2775 1.0 141
12 1 54.83250000000001 1.0 43
16 0 8.842500000000001 1.0 406
13 0 24.1725 1.0 118
13 1 24.1725 1.0 119
11 1 47.167500000000004 1.0 87
1387333.0 15
11 0 19.0625 1.0 64
11 1 57.3875 1.0 95
10 1 47.167500000000004 1.0 187
13 0 59.94250000000001 1.0 146
13 1 29.2825 1.0 123
19 0 3.7325000000000017 1.0 702
13 1 1.177500000000002 1.0 101
10 1 24.1725 1.0 169
10 0 3.7325000000000017 1.0 152
24 1 36.947500000000005 1.0 1229
10 1 3.7325000000000017 1.0 153
9 0 3.7325000000000017 1.0 252
11 1 59.94250000000001 1.0 97
10 1 13.9525 1.0 161
12 0 47.167500000000004 1.0 36
1263458.6 12
12 1 19.0625 1.0 15
10 1 13.9525 1.0 161
11 1 13.9525 1.0 61
13 0 47.167500000000004 1.0 136
11 0 39.5025 1.0 80
12 1 52.2775 1.0 41
14 1 1.177500000000002 1.0 201
12 0 1.177500000000002 1.0 0
10 1 3.7325000000000017 1.0 153
13 1 34.3925 1.0 127
11 1 11.3975 1.0 59
14 0 31.837500000000006 1.0 224
1141883.1 8
14 0 8.842500000000001 1.0 206
11 0 39.5025 1.0 80
10 1 52.2775 1.0 191
12 1 62.4975 1.0 49
13 0 31.837500000000006 1.0 124
1 1 39.5025 1.0 1081
11 0 26.727500000000006 1.0 70
8 0 6.287500000000001 1.0 354
1760495.5 17
12 0 47.167500000000004 1.0 36
10 0 49.7225 1.0 188
10 0 19.0625 1.0 164
10 1 59.94250000000001 1.0 197
9 1 24.1725 1.0 269
14 1 16.507500000000007 1.0 213
10 0 42.057500000000005 1.0 182
14 1 13.9525 1.0 211
11 0 57.3875 1.0 94
16 1 49.7225 1.0 439
10 1 57.3875 1.0 195
20 1 57.3875 1.0 845
12 1 26.727500000000006 1.0 21
11 0 11.3975 1.0 58
12 0 57.3875 1.0 44
13 1 1.177500000000002 1.0 101
21 1 57.3875 1.0 945
46117.68 9
12 0 16.507500000000007 1.0 12
14 0 54.83250000000001 1.0 242
12 0 1.177500000000002 1.0 0
14 0 52.2775 1.0 240
11 1 42.057500000000005 1.0 83
10 0 36.947500000000005 1.0 178
14 0 62.4975 1.0 248
11 0 31.837500000000006 1.0 74
12 1 62.4975 1.0 49
369005.66 14
10 1 3.7325000000000017 1.0 153
12 1 16.507500000000007 1.0 13
12 0 16.507500000000007 1.0 12
13 0 36.947500000000005 1.0 128
7 1 44.6125 1.0 485
10 1 1.177500000000002 1.0 151
12 1 39.5025 1.0 31
12 1 13.9525 1.0 11
11 0 59.94250000000001 1.0 96
11 0 1.177500000000002 1.0 50
12 0 19.0625 1.0 14
11 1 26.727500000000006 1.0 71
10 1 62.4975 1.0 199
14 1 52.2775 1.0 241
775323.8 9
10 1 36.947500000000005 1.0 179
13 0 34.3925 1.0 126
21 0 26.727500000000006 1.0 920
14 1 19.0625 1.0 215
12 1 31.837500000000006 1.0 25
13 0 19.0625 1.0 114
13 0 52.2775 1.0 140
10 1 21.617500000000007 1.0 167
13 1 36.947500000000005 1.0 129
207435.39 13
11 1 49.7225 1.0 89
12 1 57.3875 1.0 45
13 0 59.94250000000001 1.0 146
15 1 57.3875 1.0 345
11 1 6.287500000000001 1.0 55
13 1 6.287500000000001 1.0 105
14 0 11.3975 1.0 208
10 1 54.83250000000001 1.0 193
13 1 26.727500000000006 1.0 121
13 1 13.9525 1.0 111
13 1 24.1725 1.0 119
13 1 49.7225 1.0 139
11 0 6.287500000000001 1.0 54
489420.72 20
12 0 6.287500000000001 1.0 4
7 0 42.057500000000005 1.0 482
18 0 57.3875 1.0 644
13 0 11.3975 1.0 108
12 0 62.4975 1.0 48
14 0 1.177500000000002 1.0 200
6 1 31.837500000000006 1.0 575
13 1 13.9525 1.0 111
14 1 6.287500000000001 1.0 205
9 0 47.167500000000004 1.0 286
13 1 29.2825 1.0 123
12 1 42.057500000000005 1.0 33
13 1 1.177500000000002 1.0 101
11 1 47.167500000000004 1.0 87
16 0 6.287500000000001 1.0 404
10 1 34.3925 1.0 177
7 1 52.2775 1.0 491
0 0 44.6125 1.0 1184
14 0 59.94250000000001 1.0 246
14 1 24.1725 1.0 219
495980.88 20
10 0 44.6125 1.0 184
14 1 47.167500000000004 1.0 237
11 0 29.2825 1.0 72
12 0 26.727500000000006 1.0 20
11 1 54.83250000000001 1.0 93
8 0 3.7325000000000017 1.0 352
7 1 39.5025 1.0 481
14 0 34.3925 1.0 226
13 1 31.837500000000006 1.0 125
4 1 19.0625 1.0 765
12 0 47.167500000000004 1.0 36
14 1 52.2775 1.0 241
6 1 24.1725 1.0 569
13 1 16.507500000000007 1.0 113
13 0 11.3975 1.0 108
7 0 11.3975 1.0 458
13 0 31.837500000000006 1.0 124
18 1 21.617500000000007 1.0 617
13 1 44.6125 1.0 135
11 1 6.287500000000001 1.0 55
706748.2 5
10 1 26.727500000000006 1.0 171
13 1 13.9525 1.0 111
12 0 49.7225 1.0 38
15 0 1.177500000000002 1.0 300
13 1 11.3975 1.0 109
479437.4 12
14 0 6.287500000000001 1.0 204
10 0 16.507500000000007 1.0 162
12 0 49.7225 1.0 38
13 1 16.507500000000007 1.0 113
9 1 29.2825 1.0 273
17 0 26.727500000000006 1.0 520
7 1 36.947500000000005 1.0 479
1 1 21.617500000000007 1.0 1067
14 1 47.167500000000004 1.0 237
13 1 3.7325000000000017 1.0 103
10 0 34.3925 1.0 176
14 0 19.0625 1.0 214
855555.4 8
11 0 19.0625 1.0 64
10 0 1.177500000000002 1.0 150
8 0 39.5025 1.0 380
12 1 49.7225 1.0 39
12 1 19.0625 1.0 15
0 1 21.617500000000007 1.0 1167
10 1 52.2775 1.0 191
12 1 31.837500000000006 1.0 25
1824808.1 12
7 0 49.7225 1.0 488
20 0 49.7225 1.0 838
19 1 16.507500000000007 1.0 713
10 1 1.177500000000002 1.0 151
9 1 52.2775 1.0 291
10 0 11.3975 1.0 158
11 0 49.7225 1.0 88
11 1 54.83250000000001 1.0 93
11 1 26.727500000000006 1.0 71
13 0 47.167500000000004 1.0 136
12 1 44.6125 1.0 35
15 1 49.7225 1.0 339
1140005.1 19
12 0 39.5025 1.0 30
11 0 13.9525 1.0 60
10 0 36.947500000000005 1.0 178
14 0 39.5025 1.0 230
9 0 52.2775 1.0 290
15 0 57.3875 1.0 344
13 1 3.7325000000000017 1.0 103
13 1 26.727500000000006 1.0 121
14 0 13.9525 1.0 210
13 1 54.83250000000001 1.0 143
13 1 34.3925 1.0 127
13 0 26.727500000000006 1.0 120
13 1 11.3975 1.0 109
10 0 42.057500000000005 1.0 182
2 1 11.3975 1.0 959
14 0 1.177500000000002 1.0 200
10 1 36.947500000000005 1.0 179
10 0 49.7225 1.0 188
13 1 13.9525 1.0 111
948281.56 15
11 1 36.947500000000005 1.0 79
14 0 39.5025 1.0 230
13 1 19.0625 1.0 115
10 1 13.9525 1.0 161
11 1 1.177500000000002 1.0 51
14 1 11.3975 1.0 209
7 0 57.3875 1.0 494
14 0 8.842500000000001 1.0 206
13 0 8.842500000000001 1.0 106
14 1 19.0625 1.0 215
11 1 11.3975 1.0 59
23 0 29.2825 1.0 1122
14 1 13.9525 1.0 211
14 0 62.4975 1.0 248
5 1 13.9525 1.0 661
325513.78 15
16 0 26.727500000000006 1.0 420
8 0 24.1725 1.0 368
10 0 19.0625 1.0 164
11 0 26.727500000000006 1.0 70
12 1 24.1725 1.0 19
10 1 1.177500000000002 1.0 151
24 0 49.7225 1.0 1238
15 1 24.1725 1.0 319
13 0 26.727500000000006 1.0 120
10 1 62.4975 1.0 199
12 0 49.7225 1.0 38
10 0 54.83250000000001 1.0 192
14 1 44.6125 1.0 235
13 0 44.6125 1.0 134
13 0 24.1725 1.0 118
1975899.6 10
24 0 47.167500000000004 1.0 1236
12 1 16.507500000000007 1.0 13
11 0 42.057500000000005 1.0 82
14 1 49.7225 1.0 239
13 0 34.3925 1.0 126
12 0 59.94250000000001 1.0 46
18 0 29.2825 1.0 622
11 1 31.837500000000006 1.0 75
12 1 1.177500000000002 1.0 1
11 1 19.0625 1.0 65
391130.62 11
14 1 54.83250000000001 1.0 243
14 1 42.057500000000005 1.0 233
4 1 42.057500000000005 1.0 783
10 1 62.4975 1.0 199
20 0 59.94250000000001 1.0 846
13 0 49.7225 1.0 138
20 1 49.7225 1.0 839
12 1 39.5025 1.0 31
16 0 59.94250000000001 1.0 446
11 0 6.287500000000001 1.0 54
11 0 54.83250000000001 1.0 92
1206244.1 23
10 1 16.507500000000007 1.0 163
12 0 1.177500000000002 1.0 0
11 0 52.2775 1.0 90
13 0 16.507500000000007 1.0 112
12 1 1.177500000000002 1.0 1
10 1 52.2775 1.0 191
14 0 49.7225 1.0 238
11 1 8.842500000000001 1.0 57
13 1 13.9525 1.0 111
10 1 11.3975 1.0 159
14 1 47.167500000000004 1.0 237
3 1 36.947500000000005 1.0 879
13 1 3.7325000000000017 1.0 103
13 1 34.3925 1.0 127
7 1 42.057500000000005 1.0 483
14 1 11.3975 1.0 209
12 0 29.2825 1.0 22
12 0 47.167500000000004 1.0 36
13 1 54.83250000000001 1.0 143
10 0 13.9525 1.0 160
14 0 6.287500000000001 1.0 204
13 1 39.5025 1.0 131
11 0 31.837500000000006 1.0 74
677929.75 15
11 0 3.7325000000000017 1.0 52
11 0 16.507500000000007 1.0 62
10 0 47.167500000000004 1.0 186
14 1 13.9525 1.0 211
15 1 26.727500000000006 1.0 321
10 1 13.9525 1.0 161
11 1 21.617500000000007 1.0 67
12 0 47.167500000000004 1.0 36
12 1 16.507500000000007 1.0 13
13 1 44.6125 1.0 135
11 0 8.842500000000001 1.0 56
9 0 62.4975 1.0 298
14 1 31.837500000000006 1.0 225
14 0 19.0625 1.0 214
14 1 19.0625 1.0 215
579269.7 9
14 1 59.94250000000001 1.0 247
11 0 11.3975 1.0 58
11 1 31.837500000000006 1.0 75
10 1 44.6125 1.0 185
11 0 3.7325000000000017 1.0 52
11 1 1.177500000000002 1.0 51
14 1 52.2775 1.0 241
11 0 19.0625 1.0 64
10 0 62.4975 1.0 198
107352.414 9
21 0 59.94250000000001 1.0 946
10 1 24.1725 1.0 169
12 0 13.9525 1.0 10
12 0 16.507500000000007 1.0 12
14 0 6.287500000000001 1.0 204
10 1 57.3875 1.0 195
13 1 31.837500000000006 1.0 125
13 1 8.842500000000001 1.0 107
12 0 6.287500000000001 1.0 4
291521.44 15
13 0 21.617500000000007 1.0 116
10 1 39.5025 1.0 181
10 0 24.1725 1.0 168
11 1 26.727500000000006 1.0 71
23 0 34.3925 1.0 1126
14 1 21.617500000000007 1.0 217
16 1 19.0625 1.0 415
10 1 1.177500000000002 1.0 151
4 1 24.1725 1.0 769
14 1 29.2825 1.0 223
12 0 8.842500000000001 1.0 6
10 0 31.837500000000006 1.0 174
16 0 3.7325000000000017 1.0 402
11 0 62.4975 1.0 98
12 0 26.727500000000006 1.0 20
342804.3 20
12 1 42.057500000000005 1.0 33
13 1 1.177500000000002 1.0 101
13 1 39.5025 1.0 131
14 1 19.0625 1.0 215
13 0 54.83250000000001 1.0 142
13 0 62.4975 1.0 148
11 1 6.287500000000001 1.0 55
14 0 29.2825 1.0 222
11 1 57.3875 1.0 95
10 1 62.4975 1.0 199
14 0 52.2775 1.0 240
14 1 3.7325000000000017 1.0 203
10 1 26.727500000000006 1.0 171
14 1 29.2825 1.0 223
10 0 36.947500000000005 1.0 178
16 0 6.287500000000001 1.0 404
12 0 13.9525 1.0 10
13 0 31.837500000000006 1.0 124
11 0 1.177500000000002 1.0 50
10 0 52.2775 1.0 190
1817239.6 15
10 0 36.947500000000005 1.0 178
24 0 1.177500000000002 1.0 1200
12 0 62.4975 1.0 48
13 1 6.287500000000001 1.0 105
9 1 21.617500000000007 1.0 267
10 0 13.9525 1.0 160
11 1 44.6125 1.0 85
14 1 44.6125 1.0 235
11 1 62.4975 1.0 99
10 0 11.3975 1.0 158
14 1 11.3975 1.0 209
11 0 29.2825 1.0 72
13 1 39.5025 1.0 131
12 1 62.4975 1.0 49
21 0 57.3875 1.0 944
455942.06 21
11 0 29.2825 1.0 72
10 1 29.2825 1.0 173
14 0 8.842500000000001 1.0 206
11 1 31.837500000000006 1.0 75
12 0 21.617500000000007 1.0 16
14 0 13.9525 1.0 210
11 0 1.177500000000002 1.0 50
10 1 62.4975 1.0 199
10 0 29.2825 1.0 172
24 0 44.6125 1.0 1234
13 1 11.3975 1.0 109
11 0 52.2775 1.0 90
14 1 54.83250000000001 1.0 243
11 1 47.167500000000004 1.0 87
4 0 52.2775 1.0 790
14 1 8.842500000000001 1.0 207
13 0 19.0625 1.0 114
14 1 39.5025 1.0 231
11 1 49.7225 1.0 89
11 0 31.837500000000006 1.0 74
12 1 1.177500000000002 1.0 1
1477653.2 19
7 0 13.9525 1.0 460
12 1 42.057500000000005 1.0 33
11 0 6.287500000000001 1.0 54
12 0 31.837500000000006 1.0 24
11 0 34.3925 1.0 76
14 0 29.2825 1.0 222
10 1 13.9525 1.0 161
12 0 21.617500000000007 1.0 16
12 1 57.3875 1.0 45
11 0 3.7325000000000017 1.0 52
11 1 34.3925 1.0 77
13 1 19.0625 1.0 115
1 0 42.057500000000005 1.0 1082
11 1 57.3875 1.0 95
14 1 1.177500000000002 1.0 201
13 0 39.5025 1.0 130
11 1 44.6125 1.0 85
11 1 42.057500000000005 1.0 83
11 1 59.94250000000001 1.0 97
690887.94 22
11 0 39.5025 1.0 80
10 1 19.0625 1.0 165
21 1 31.837500000000006 1.0 925
13 0 57.3875 1.0 144
14 1 34.3925 1.0 227
13 1 36.947500000000005 1.0 129
10 0 3.7325000000000017 1.0 152
14 1 47.167500000000004 1.0 237
8 0 44.6125 1.0 384
24 1 44.6125 1.0 1235
12 1 59.94250000000001 1.0 47
24 0 6.287500000000001 1.0 1204
1 1 1.177500000000002 1.0 1051
9 0 11.3975 1.0 258
9 0 39.5025 1.0 280
6 0 59.94250000000001 1.0 596
13 1 59.94250000000001 1.0 147
12 0 24.1725 1.0 18
12 0 3.7325000000000017 1.0 2
4 0 21.617500000000007 1.0 766
10 0 24.1725 1.0 168
10 0 47.167500000000004 1.0 186
378983.78 12
10 0 8.842500000000001 1.0 156
10 1 11.3975 1.0 159
12 0 13.9525 1.0 10
14 0 52.2775 1.0 240
13 1 29.2825 1.0 123
22 0 3.7325000000000017 1.0 1002
10 0 24.1725 1.0 168
11 1 21.617500000000007 1.0 67
11 1 54.83250000000001 1.0 93
2 0 47.167500000000004 1.0 986
10 0 52.2775 1.0 190
12 0 36.947500000000005 1.0 28
49348.94 20
7 1 49.7225 1.0 489
7 0 52.2775 1.0 490
14 0 21.617500000000007 1.0 216
11 1 21.617500000000007 1.0 67
13 0 16.507500000000007 1.0 112
12 0 34.3925 1.0 26
10 1 31.837500000000006 1.0 175
14 0 11.3975 1.0 208
11 0 8.842500000000001 1.0 56
10 0 59.94250000000001 1.0 196
12 1 8.842500000000001 1.0 7
13 0 34.3925 1.0 126
7 1 11.3975 1.0 459
13 1 47.167500000000004 1.0 137
12 0 16.507500000000007 1.0 12
10 0 1.177500000000002 1.0 150
22 1 19.0625 1.0 1015
13 1 44.6125 1.0 135
14 1 31.837500000000006 1.0 225
11 0 47.167500000000004 1.0 86
1437552.8 8
10 0 16.507500000000007 1.0 162
4 0 3.7325000000000017 1.0 752
10 0 21.617500000000007 1.0 166
12 1 1.177500000000002 1.0 1
14 0 24.1725 1.0 218
13 1 44.6125 1.0 135
12 1 6.287500000000001 1.0 5
11 1 26.727500000000006 1.0 71
926743.44 5
12 0 6.287500000000001 1.0 4
12 0 44.6125 1.0 34
11 0 57.3875 1.0 94
10 1 39.5025 1.0 181
1 0 13.9525 1.0 1060
1613536.0 21
7 0 6.287500000000001 1.0 454
10 0 59.94250000000001 1.0 196
12 0 42.057500000000005 1.0 32
11 0 24.1725 1.0 68
19 0 36.947500000000005 1.0 728
8 1 44.6125 1.0 385
16 1 21.617500000000007 1.0 417
11 1 59.94250000000001 1.0 97
10 0 8.842500000000001 1.0 156
13 1 31.837500000000006 1.0 125
13 1 36.947500000000005 1.0 129
14 1 47.167500000000004 1.0 237
14 1 21.617500000000007 1.0 217
6 0 19.0625 1.0 564
4 0 8.842500000000001 1.0 756
14 0 26.727500000000006 1.0 220
19 1 47.167500000000004 1.0 737
14 1 13.9525 1.0 211
10 1 6.287500000000001 1.0 155
10 1 31.837500000000006 1.0 175
11 0 31.837500000000006 1.0 74
1160986.0 6
14 1 21.617500000000007 1.0 217
13 1 6.287500000000001 1.0 105
10 1 47.167500000000004 1.0 187
14 0 26.727500000000006 1.0 220
13 1 62.4975 1.0 149
10 0 44.6125 1.0 184
740507.2 14
13 0 13.9525 1.0 110
13 0 57.3875 1.0 144
14 1 6.287500000000001 1.0 205
23 1 44.6125 1.0 1135
12 0 29.2825 1.0 22
14 0 57.3875 1.0 244
12 0 39.5025 1.0 30
13 1 3.7325000000000017 1.0 103
12 1 1.177500000000002 1.0 1
13 1 57.3875 1.0 145
9 1 44.6125 1.0 285
10 0 39.5025 1.0 180
12 0 59.94250000000001 1.0 46
16 1 13.9525 1.0 411
146223.53 21
12 1 8.842500000000001 1.0 7
13 0 6.287500000000001 1.0 104
13 1 52.2775 1.0 141
8 0 3.7325000000000017 1.0 352
15 1 8.842500000000001 1.0 307
11 0 39.5025 1.0 80
14 0 19.0625 1.0 214
12 1 13.9525 1.0 11
13 1 29.2825 1.0 123
14 1 26.727500000000006 1.0 221
11 0 26.727500000000006 1.0 70
13 0 49.7225 1.0 138
13 1 59.94250000000001 1.0 147
14 0 34.3925 1.0 226
11 1 34.3925 1.0 77
23 0 19.0625 1.0 1114
11 0 1.177500000000002 1.0 50
10 0 31.837500000000006 1.0 174
10 0 62.4975 1.0 198
10 1 57.3875 1.0 195
12 0 26.727500000000006 1.0 20
1072066.2 22
11 0 59.94250000000001 1.0 96
14 0 13.9525 1.0 210
14 0 26.727500000000006 1.0 220
12 0 47.167500000000004 1.0 36
14 1 62.4975 1.0 249
10 1 6.287500000000001 1.0 155
11 1 11.3975 1.0 59
12 1 1.177500000000002 1.0 1
12 0 6.287500000000001 1.0 4
11 0 16.507500000000007 1.0 62
14 0 24.1725 1.0 218
10 1 39.5025 1.0 181
12 1 49.7225 1.0 39
14 0 54.83250000000001 1.0 242
10 1 11.3975 1.0 159
18 1 21.617500000000007 1.0 617
11 1 24.1725 1.0 69
6 1 47.167500000000004 1.0 587
11 1 13.9525 1.0 61
11 0 39.5025 1.0 80
13 0 52.2775 1.0 140
12 0 59.94250000000001 1.0 46
894899.94 24
12 1 1.177500000000002 1.0 1
11 1 59.94250000000001 1.0 97
12 0 1.177500000000002 1.0 0
10 0 36.947500000000005 1.0 178
12 0 21.617500000000007 1.0 16
14 1 59.94250000000001 1.0 247
5 1 24.1725 1.0 669
12 0 42.057500000000005 1.0 32
11 0 13.9525 1.0 60
10 1 31.837500000000006 1.0 175
13 0 34.3925 1.0 126
13 1 62.4975 1.0 149
13 0 1.177500000000002 1.0 100
5 0 21.617500000000007 1.0 666
11 1 26.727500000000006 1.0 71
11 0 44.6125 1.0 84
11 0 16.507500000000007 1.0 62
8 1 8.842500000000001 1.0 357
11 0 34.3925 1.0 76
13 0 13.9525 1.0 110
11 1 62.4975 1.0 99
10 0 49.7225 1.0 188
11 1 29.2825 1.0 73
11 0 19.0625 1.0 64
370794.38 20
12 1 8.842500000000001 1.0 7
10 0 49.7225 1.0 188
13 0 16.507500000000007 1.0 112
12 0 47.167500000000004 1.0 36
10 0 21.617500000000007 1.0 166
11 1 8.842500000000001 1.0 57
12 0 24.1725 1.0 18
10 1 34.3925 1.0 177
16 1 1.177500000000002 1.0 401
14 1 34.3925 1.0 227
17 0 1.177500000000002 1.0 500
13 0 59.94250000000001 1.0 146
11 0 59.94250000000001 1.0 96
13 1 49.7225 1.0 139
13 0 8.842500000000001 1.0 106
10 1 62.4975 1.0 199
11 0 44.6125 1.0 84
12 1 31.837500000000006 1.0 25
13 1 42.057500000000005 1.0 133
10 1 11.3975 1.0 159
712557.25 16
14 1 39.5025 1.0 231
9 1 52.2775 1.0 291
10 1 49.7225 1.0 189
10 0 13.9525 1.0 160
8 0 36.947500000000005 1.0 378
8 1 8.842500000000001 1.0 357
11 0 21.617500000000007 1.0 66
11 0 26.727500000000006 1.0 70
13 0 36.947500000000005 1.0 128
11 1 21.617500000000007 1.0 67
13 0 11.3975 1.0 108
10 1 47.167500000000004 1.0 187
13 1 62.4975 1.0 149
9 0 13.9525 1.0 260
13 0 54.83250000000001 1.0 142
10 1 62.4975 1.0 199
1729655.2 8
11 0 29.2825 1.0 72
13 0 1.177500000000002 1.0 100
10 1 54.83250000000001 1.0 193
12 1 62.4975 1.0 49
8 0 34.3925 1.0 376
5 1 26.727500000000006 1.0 671
15 1 62.4975 1.0 349
10 1 34.3925 1.0 177
292657.62 20
11 0 52.2775 1.0 90
13 1 52.2775 1.0 141
21 0 8.842500000000001 1.0 906
10 1 1.177500000000002 1.0 151
9 0 52.2775 1.0 290
14 0 8.842500000000001 1.0 206
10 1 3.7325000000000017 1.0 153
10 1 59.94250000000001 1.0 197
13 1 6.287500000000001 1.0 105
11 0 31.837500000000006 1.0 74
11 0 39.5025 1.0 80
10 1 16.507500000000007 1.0 163
10 1 39.5025 1.0 181
12 0 44.6125 1.0 34
13 1 34.3925 1.0 127
10 1 29.2825 1.0 173
16 0 13.9525 1.0 410
14 1 16.507500000000007 1.0 213
10 0 52.2775 1.0 190
16 0 29.2825 1.0 422
493884.16 15
11 1 62.4975 1.0 99
12 1 59.94250000000001 1.0 47
14 0 44.6125 1.0 234
12 0 42.057500000000005 1.0 32
3 1 34.3925 1.0 877
13 1 42.057500000000005 1.0 133
13 1 24.1725 1.0 119
14 0 8.842500000000001 1.0 206
12 0 26.727500000000006 1.0 20
10 1 52.2775 1.0 191
0 0 11.3975 1.0 1158
14 1 52.2775 1.0 241
7 1 26.727500000000006 1.0 471
13 1 62.4975 1.0 149
15 1 57.3875 1.0 345
1744190.8 6
21 0 11.3975 1.0 908
12 0 54.83250000000001 1.0 42
10 1 31.837500000000006 1.0 175
13 0 49.7225 1.0 138
11 1 21.617500000000007 1.0 67
10 1 36.947500000000005 1.0 179
654819.3 13
13 0 26.727500000000006 1.0 120
13 1 57.3875 1.0 145
12 0 34.3925 1.0 26
13 0 57.3875 1.0 144
13 0 29.2825 1.0 122
11 1 13.9525 1.0 61
13 1 6.287500000000001 1.0 105
11 1 62.4975 1.0 99
1 0 54.83250000000001 1.0 1092
12 1 39.5025 1.0 31
6 0 52.2775 1.0 590
11 0 8.842500000000001 1.0 56
10 0 54.83250000000001 1.0 192
1276522.4 6
13 0 21.617500000000007 1.0 116
11 0 11.3975 1.0 58
11 1 6.287500000000001 1.0 55
11 1 11.3975 1.0 59
12 0 52.2775 1.0 40
10 1 52.2775 1.0 191
375774.38 8
11 0 26.727500000000006 1.0 70
10 0 62.4975 1.0 198
12 0 31.837500000000006 1.0 24
11 1 29.2825 1.0 73
14 0 13.9525 1.0 210
12 1 1.177500000000002 1.0 1
24 1 57.3875 1.0 1245
11 0 6.287500000000001 1.0 54
863934.2 10
12 1 24.1725 1.0 19
9 1 36.947500000000005 1.0 279
11 0 34.3925 1.0 76
12 0 29.2825 1.0 22
13 1 3.7325000000000017 1.0 103
12 1 29.2825 1.0 23
13 1 6.287500000000001 1.0 105
13 1 29.2825 1.0 123
12 0 13.9525 1.0 10
19 0 52.2775 1.0 740
979711.0 9
15 1 6.287500000000001 1.0 305
11 0 52.2775 1.0 90
9 0 59.94250000000001 1.0 296
16 1 39.5025 1.0 431
13 0 42.057500000000005 1.0 132
0 1 59.94250000000001 1.0 1197
7 0 47.167500000000004 1.0 486
14 0 42.057500000000005 1.0 232
7 0 44.6125 1.0 484
405967.53 5
13 1 42.057500000000005 1.0 133
14 0 1.177500000000002 1.0 200
14 0 11.3975 1.0 208
13 1 3.7325000000000017 1.0 103
15 0 44.6125 1.0 334
1701006.9 8
11 0 36.947500000000005 1.0 78
0 0 39.5025 1.0 1180
14 0 19.0625 1.0 214
11 0 62.4975 1.0 98
13 0 36.947500000000005 1.0 128
14 1 24.1725 1.0 219
10 0 21.617500000000007 1.0 166
14 0 44.6125 1.0 234
110342.414 7
12 1 39.5025 1.0 31
11 0 13.9525 1.0 60
11 0 29.2825 1.0 72
7 0 16.507500000000007 1.0 462
8 0 49.7225 1.0 388
13 1 6.287500000000001 1.0 105
11 1 59.94250000000001 1.0 97
145491.23 8
13 0 34.3925 1.0 126
14 1 44.6125 1.0 235
10 0 6.287500000000001 1.0 154
13 1 42.057500000000005 1.0 133
12 1 52.2775 1.0 41
12 0 24.1725 1.0 18
14 0 52.2775 1.0 240
11 0 47.167500000000004 1.0 86
912833.75 16
12 1 13.9525 1.0 11
14 0 42.057500000000005 1.0 232
11 0 11.3975 1.0 58
14 1 34.3925 1.0 227
11 1 1.177500000000002 1.0 51
10 1 16.507500000000007 1.0 163
10 0 3.7325000000000017 1.0 152
9 0 21.617500000000007 1.0 266
7 1 21.617500000000007 1.0 467
16 0 57.3875 1.0 444
3 0 49.7225 1.0 888
14 1 8.842500000000001 1.0 207
14 0 47.167500000000004 1.0 236
10 1 11.3975 1.0 159
9 0 57.3875 1.0 294
14 0 8.842500000000001 1.0 206
863444.9 15
12 1 52.2775 1.0 41
9 1 47.167500000000004 1.0 287
13 0 62.4975 1.0 148
13 1 62.4975 1.0 149
14 0 44.6125 1.0 234
13 0 11.3975 1.0 108
10 0 57.3875 1.0 194
10 0 26.727500000000006 1.0 170
14 0 1.177500000000002 1.0 200
10 0 19.0625 1.0 164
10 1 3.7325000000000017 1.0 153
12 1 42.057500000000005 1.0 33
10 1 31.837500000000006 1.0 175
10 0 11.3975 1.0 158
14 0 13.9525 1.0 210
1418939.8 5
12 1 26.727500000000006 1.0 21
13 0 52.2775 1.0 140
12 1 42.057500000000005 1.0 33
12 0 8.842500000000001 1.0 6
9 1 6.287500000000001 1.0 255
1206771.5 13
13 1 52.2775 1.0 141
10 1 8.842500000000001 1.0 157
11 1 19.0625 1.0 65
1 1 3.7325000000000017 1.0 1053
12 0 6.287500000000001 1.0 4
10 0 31.837500000000006 1.0 174
12 1 1.177500000000002 1.0 1
9 0 1.177500000000002 1.0 250
14 1 24.1725 1.0 219
13 1 57.3875 1.0 145
16 0 57.3875 1.0 444
10 1 49.7225 1.0 189
11 1 49.7225 1.0 89
1777337.5 6
14 1 44.6125 1.0 235
10 1 24.1725 1.0 169
10 1 16.507500000000007 1.0 163
13 1 19.0625 1.0 115
11 1 6.287500000000001 1.0 55
12 1 49.7225 1.0 39
905557.5 18
12 0 24.1725 1.0 18
9 0 42.057500000000005 1.0 282
15 1 52.2775 1.0 341
13 0 49.7225 1.0 138
13 0 54.83250000000001 1.0 142
12 0 6.287500000000001 1.0 4
19 1 44.6125 1.0 735
13 0 59.94250000000001 1.0 146
14 1 34.3925 1.0 227
9 1 59.94250000000001 1.0 297
10 1 13.9525 1.0 161
12 0 26.727500000000006 1.0 20
13 0 39.5025 1.0 130
11 0 11.3975 1.0 58
14 0 8.842500000000001 1.0 206
14 0 36.947500000000005 1.0 228
14 0 39.5025 1.0 230
12 0 42.057500000000005 1.0 32
760958.7 8
11 1 49.7225 1.0 89
10 1 36.947500000000005 1.0 179
15 1 1.177500000000002 1.0 301
2 1 29.2825 1.0 973
10 1 49.7225 1.0 189
10 1 39.5025 1.0 181
13 1 42.057500000000005 1.0 133
12 1 36.947500000000005 1.0 29
1958375.5 9
12 0 34.3925 1.0 26
12 1 49.7225 1.0 39
13 1 59.94250000000001 1.0 147
11 1 8.842500000000001 1.0 57
11 1 47.167500000000004 1.0 87
15 0 19.0625 1.0 314
10 0 47.167500000000004 1.0 186
12 1 54.83250000000001 1.0 43
13 0 19.0625 1.0 114
1391171.4 6
11 1 57.3875 1.0 95
14 0 34.3925 1.0 226
11 1 39.5025 1.0 81
12 1 57.3875 1.0 45
11 1 16.507500000000007 1.0 63
12 0 62.4975 1.0 48
1794768.8 10
13 0 13.9525 1.0 110
13 1 19.0625 1.0 115
14 1 26.727500000000006 1.0 221
12 0 13.9525 1.0 10
9 0 11.3975 1.0 258
13 1 49.7225 1.0 139
14 1 6.287500000000001 1.0 205
13 1 34.3925 1.0 127
14 1 57.3875 1.0 245
12 0 29.2825 1.0 22
939829.0 7
0 0 21.617500000000007 1.0 1166
13 1 8.842500000000001 1.0 107
11 0 11.3975 1.0 58
9 1 31.837500000000006 1.0 275
14 1 13.9525 1.0 211
19 0 21.617500000000007 1.0 716
10 0 34.3925 1.0 176
1137017.2 5
10 1 19.0625 1.0 165
12 0 54.83250000000001 1.0 42
10 1 21.617500000000007 1.0 167
10 1 62.4975 1.0 199
13 0 47.167500000000004 1.0 136
488067.16 23
10 1 19.0625 1.0 165
10 1 54.83250000000001 1.0 193
14 1 54.83250000000001 1.0 243
12 0 16.507500000000007 1.0 12
5 0 62.4975 1.0 698
10 0 62.4975 1.0 198
11 1 62.4975 1.0 99
12 0 59.94250000000001 1.0 46
11 1 49.7225 1.0 89
7 1 42.057500000000005 1.0 483
12 0 42.057500000000005 1.0 32
10 1 26.727500000000006 1.0 171
22 0 6.287500000000001 1.0 1004
11 0 34.3925 1.0 76
15 1 34.3925 1.0 327
14 0 13.9525 1.0 210
9 0 52.2775 1.0 290
13 0 36.947500000000005 1.0 128
12 1 34.3925 1.0 27
14 1 1.177500000000002 1.0 201
11 1 47.167500000000004 1.0 87
12 0 26.727500000000006 1.0 20
10 1 16.507500000000007 1.0 163
1245704.9 8
14 0 54.83250000000001 1.0 242
13 0 44.6125 1.0 134
10 0 34.3925 1.0 176
12 0 49.7225 1.0 38
16 1 1.177500000000002 1.0 401
10 1 29.2825 1.0 173
11 1 49.7225 1.0 89
11 0 31.837500000000006 1.0 74
1953706.9 23
16 0 26.727500000000006 1.0 420
19 1 6.287500000000001 1.0 705
16 1 44.6125 1.0 435
10 1 21.617500000000007 1.0 167
11 0 1.177500000000002 1.0 50
13 0 16.507500000000007 1.0 112
6 1 59.94250000000001 1.0 597
18 1 8.842500000000001 1.0 607
10 0 49.7225 1.0 188
14 0 52.2775 1.0 240
14 0 19.0625 1.0 214
13 1 59.94250000000001 1.0 147
11 0 21.617500000000007 1.0 66
0 1 1.177500000000002 1.0 1151
11 1 34.3925 1.0 77
10 0 62.4975 1.0 198
13 1 11.3975 1.0 109
13 0 8.842500000000001 1.0 106
12 0 42.057500000000005 1.0 32
10 1 59.94250000000001 1.0 197
10 1 6.287500000000001 1.0 155
11 1 21.617500000000007 1.0 67
14 0 59.94250000000001 1.0 246
1927761.1 5
11 0 52.2775 1.0 90
11 0 8.842500000000001 1.0 56
10 0 16.507500000000007 1.0 162
9 1 62.4975 1.0 299
13 0 19.0625 1.0 114
1992508.4 16
14 1 59.94250000000001 1.0 247
13 0 59.94250000000001 1.0 146
14 0 19.0625 1.0 214
19 1 6.287500000000001 1.0 705
14 1 36.947500000000005 1.0 229
10 1 19.0625 1.0 165
10 0 54.83250000000001 1.0 192
10 1 34.3925 1.0 177
13 0 19.0625 1.0 114
11 0 36.947500000000005 1.0 78
10 0 47.167500000000004 1.0 186
13 1 13.9525 1.0 111
6 0 36.947500000000005 1.0 578
13 1 8.842500000000001 1.0 107
11 1 3.7325000000000017 1.0 53
11 0 42.057500000000005 1.0 82
766094.44 20
13 0 11.3975 1.0 108
13 1 47.167500000000004 1.0 137
14 0 49.7225 1.0 238
16 1 44.6125 1.0 435
10 1 8.842500000000001 1.0 157
7 1 1.177500000000002 1.0 451
12 0 36.947500000000005 1.0 28
16 0 52.2775 1.0 440
10 0 62.4975 1.0 198
9 1 13.9525 1.0 261
10 1 49.7225 1.0 189
12 1 29.2825 1.0 23
3 1 49.7225 1.0 889
13 1 19.0625 1.0 115
11 0 19.0625 1.0 64
15 0 39.5025 1.0 330
12 1 11.3975 1.0 9
11 0 39.5025 1.0 80
8 0 29.2825 1.0 372
11 0 54.83250000000001 1.0 92
1959903.9 10
14 1 11.3975 1.0 209
15 0 54.83250000000001 1.0 342
10 1 16.507500000000007 1.0 163
12 0 47.167500000000004 1.0 36
13 1 42.057500000000005 1.0 133
14 1 21.617500000000007 1.0 217
18 1 49.7225 1.0 639
12 1 21.617500000000007 1.0 17
10 1 19.0625 1.0 165
6 0 44.6125 1.0 584
1905452.1 8
10 0 19.0625 1.0 164
13 1 39.5025 1.0 131
12 0 3.7325000000000017 1.0 2
11 0 19.0625 1.0 64
10 1 47.167500000000004 1.0 187
14 0 11.3975 1.0 208
10 0 44.6125 1.0 184
13 1 57.3875 1.0 145
702966.56 10
10 1 42.057500000000005 1.0 183
12 1 21.617500000000007 1.0 17
13 1 29.2825 1.0 123
16 0 8.842500000000001 1.0 406
12 1 44.6125 1.0 35
10 0 13.9525 1.0 160
10 0 52.2775 1.0 190
11 0 21.617500000000007 1.0 66
11 1 59.94250000000001 1.0 97
11 1 39.5025 1.0 81
704261.6 23
14 1 52.2775 1.0 241
1 1 3.7325000000000017 1.0 1053
12 1 8.842500000000001 1.0 7
2 1 34.3925 1.0 977
13 0 62.4975 1.0 148
13 1 54.83250000000001 1.0 143
8 0 39.5025 1.0 380
16 0 29.2825 1.0 422
10 0 3.7325000000000017 1.0 152
10 1 13.9525 1.0 161
14 0 52.2775 1.0 240
14 0 34.3925 1.0 226
10 1 21.617500000000007 1.0 167
13 1 31.837500000000006 1.0 125
12 1 36.947500000000005 1.0 29
14 0 29.2825 1.0 222
12 1 11.3975 1.0 9
11 0 29.2825 1.0 72
14 0 47.167500000000004 1.0 236
13 0 47.167500000000004 1.0 136
11 1 42.057500000000005 1.0 83
10 1 62.4975 1.0 199
14 1 49.7225 1.0 239
174845.81 5
8 1 62.4975 1.0 399
16 1 59.94250000000001 1.0 447
13 1 19.0625 1.0 115
13 0 47.167500000000004 1.0 136
11 0 1.177500000000002 1.0 50
770370.2 11
10 1 52.2775 1.0 191
12 1 59.94250000000001 1.0 47
12 0 24.1725 1.0 18
12 0 34.3925 1.0 26
11 1 39.5025 1.0 81
11 0 54.83250000000001 1.0 92
12 0 1.177500000000002 1.0 0
12 1 57.3875 1.0 45
14 0 44.6125 1.0 234
13 0 6.287500000000001 1.0 104
11 0 19.0625 1.0 64
354112.88 23
10 1 24.1725 1.0 169
7 1 42.057500000000005 1.0 483
14 1 16.507500000000007 1.0 213
10 0 13.9525 1.0 160
2 0 8.842500000000001 1.0 956
14 1 62.4975 1.0 249
8 0 19.0625 1.0 364
20 0 52.2775 1.0 840
13 0 59.94250000000001 1.0 146
14 1 44.6125 1.0 235
11 0 8.842500000000001 1.0 56
12 1 39.5025 1.0 31
12 1 31.837500000000006 1.0 25
13 0 26.727500000000006 1.0 120
11 0 3.7325000000000017 1.0 52
10 0 49.7225 1.0 188
11 1 29.2825 1.0 73
16 1 34.3925 1.0 427
13 0 54.83250000000001 1.0 142
14 0 13.9525 1.0 210
14 1 49.7225 1.0 239
10 1 36.947500000000005 1.0 179
10 1 39.5025 1.0 181
1143843.0 15
7 0 1.177500000000002 1.0 450
14 0 31.837500000000006 1.0 224
1 0 1.177500000000002 1.0 1050
13 0 31.837500000000006 1.0 124
12 1 24.1725 1.0 19
11 1 49.7225 1.0 89
10 0 47.167500000000004 1.0 186
10 1 59.94250000000001 1.0 197
11 1 42.057500000000005 1.0 83
13 1 21.617500000000007 1.0 117
13 1 26.727500000000006 1.0 121
15 0 42.057500000000005 1.0 332
4 1 49.7225 1.0 789
11 0 19.0625 1.0 64
10 1 39.5025 1.0 181
1885901.4 14
12 1 6.287500000000001 1.0 5
13 1 44.6125 1.0 135
10 1 6.287500000000001 1.0 155
12 1 44.6125 1.0 35
11 0 59.94250000000001 1.0 96
14 0 49.7225 1.0 238
22 0 39.5025 1.0 1030
14 0 39.5025 1.0 230
7 1 3.7325000000000017 1.0 453
13 1 3.7325000000000017 1.0 103
11 0 47.167500000000004 1.0 86
13 1 49.7225 1.0 139
11 0 19.0625 1.0 64
12 0 62.4975 1.0 48
1490120.6 17
1 0 44.6125 1.0 1084
9 0 8.842500000000001 1.0 256
14 0 13.9525 1.0 210
12 1 42.057500000000005 1.0 33
14 0 6.287500000000001 1.0 204
13 1 62.4975 1.0 149
9 0 39.5025 1.0 280
12 0 13.9525 1.0 10
14 0 19.0625 1.0 214
11 0 39.5025 1.0 80
14 1 31.837500000000006 1.0 225
12 0 8.842500000000001 1.0 6
15 1 36.947500000000005 1.0 329
10 1 6.287500000000001 1.0 155
12 1 29.2825 1.0 23
11 1 42.057500000000005 1.0 83
12 0 29.2825 1.0 22
1673658.5 20
13 0 49.7225 1.0 138
13 0 21.617500000000007 1.0 116
12 1 42.057500000000005 1.0 33
12 0 24.1725 1.0 18
10 1 8.842500000000001 1.0 157
16 0 52.2775 1.0 440
12 1 29.2825 1.0 23
12 0 6.287500000000001 1.0 4
1 0 52.2775 1.0 1090
10 0 49.7225 1.0 188
19 0 59.94250000000001 1.0 746
11 1 16.507500000000007 1.0 63
11 1 59.94250000000001 1.0 97
17 1 31.837500000000006 1.0 525
10 1 6.287500000000001 1.0 155
12 1 47.167500000000004 1.0 37
11 1 42.057500000000005 1.0 83
11 0 16.507500000000007 1.0 62
10 0 57.3875 1.0 194
14 1 3.7325000000000017 1.0 203
1140592.0 17
11 1 3.7325000000000017 1.0 53
23 0 19.0625 1.0 1114
14 0 42.057500000000005 1.0 232
14 0 21.617500000000007 1.0 216
13 0 24.1725 1.0 118
13 0 42.057500000000005 1.0 132
19 1 29.2825 1.0 723
14 0 57.3875 1.0 244
21 0 3.7325000000000017 1.0 902
13 1 57.3875 1.0 145
13 0 62.4975 1.0 148
12 0 24.1725 1.0 18
14 1 44.6125 1.0 235
10 1 31.837500000000006 1.0 175
13 1 39.5025 1.0 131
11 0 47.167500000000004 1.0 86
14 0 8.842500000000001 1.0 206
1372022.8 16
7 1 13.9525 1.0 461
11 0 36.947500000000005 1.0 78
11 1 47.167500000000004 1.0 87
11 0 24.1725 1.0 68
13 1 52.2775 1.0 141
14 1 44.6125 1.0 235
10 1 26.727500000000006 1.0 171
13 1 13.9525 1.0 111
14 1 34.3925 1.0 227
11 0 39.5025 1.0 80
10 1 49.7225 1.0 189
10 0 62.4975 1.0 198
11 0 57.3875 1.0 94
19 1 8.842500000000001 1.0 707
10 1 36.947500000000005 1.0 179
11 0 8.842500000000001 1.0 56
1086846.9 6
16 0 49.7225 1.0 438
11 0 26.727500000000006 1.0 70
12 1 44.6125 1.0 35
23 0 13.9525 1.0 1110
13 1 59.94250000000001 1.0 147
11 0 3.7325000000000017 1.0 52
1525485.5 19
10 1 19.0625 1.0 165
10 1 44.6125 1.0 185
12 0 57.3875 1.0 44
13 0 19.0625 1.0 114
14 1 19.0625 1.0 215
14 0 52.2775 1.0 240
10 0 13.9525 1.0 160
11 0 13.9525 1.0 60
16 1 6.287500000000001 1.0 405
14 1 34.3925 1.0 227
10 0 21.617500000000007 1.0 166
12 1 19.0625 1.0 15
10 1 29.2825 1.0 173
12 0 39.5025 1.0 30
14 1 16.507500000000007 1.0 213
14 0 26.727500000000006 1.0 220
12 0 13.9525 1.0 10
11 1 57.3875 1.0 95
10 1 13.9525 1.0 161
1293295.5 5
13 1 44.6125 1.0 135
10 1 29.2825 1.0 173
12 1 49.7225 1.0 39
10 0 26.727500000000006 1.0 170
14 0 52.2775 1.0 240
1897017.4 5
12 1 31.837500000000006 1.0 25
14 1 47.167500000000004 1.0 237
7 0 6.287500000000001 1.0 454
13 1 42.057500000000005 1.0 133
11 0 39.5025 1.0 80
618909.3 23
16 1 52.2775 1.0 441
11 0 31.837500000000006 1.0 74
12 0 36.947500000000005 1.0 28
11 1 34.3925 1.0 77
11 1 44.6125 1.0 85
13 0 62.4975 1.0 148
10 0 13.9525 1.0 160
10 0 29.2825 1.0 172
12 0 34.3925 1.0 26
8 0 62.4975 1.0 398
11 0 42.057500000000005 1.0 82
10 0 39.5025 1.0 180
10 1 1.177500000000002 1.0 151
13 1 34.3925 1.0 127
9 0 39.5025 1.0 280
10 1 6.287500000000001 1.0 155
13 1 26.727500000000006 1.0 121
14 1 26.727500000000006 1.0 221
19 1 39.5025 1.0 731
14 1 29.2825 1.0 223
10 1 13.9525 1.0 161
2 1 34.3925 1.0 977
3 1 31.837500000000006 1.0 875
735450.75 7
14 0 57.3875 1.0 244
11 1 21.617500000000007 1.0 67
14 1 42.057500000000005 1.0 233
12 0 11.3975 1.0 8
19 0 13.9525 1.0 710
12 1 3.7325000000000017 1.0 3
14 1 8.842500000000001 1.0 207
352601.1 14
13 1 8.842500000000001 1.0 107
13 0 34.3925 1.0 126
11 1 21.617500000000007 1.0 67
10 0 54.83250000000001 1.0 192
13 1 42.057500000000005 1.0 133
19 0 36.947500000000005 1.0 728
10 1 44.6125 1.0 185
14 0 39.5025 1.0 230
17 1 47.167500000000004 1.0 537
14 0 21.617500000000007 1.0 216
22 0 26.727500000000006 1.0 1020
12 1 39.5025 1.0 31
15 0 21.617500000000007 1.0 316
13 1 49.7225 1.0 139
1127300.1 16
11 1 16.507500000000007 1.0 63
11 1 57.3875 1.0 95
12 0 39.5025 1.0 30
12 1 21.617500000000007 1.0 17
14 1 8.842500000000001 1.0 207
11 1 29.2825 1.0 73
13 1 47.167500000000004 1.0 137
11 0 42.057500000000005 1.0 82
11 1 49.7225 1.0 89
7 0 39.5025 1.0 480
12 1 42.057500000000005 1.0 33
11 0 16.507500000000007 1.0 62
11 0 54.83250000000001 1.0 92
11 0 52.2775 1.0 90
12 0 57.3875 1.0 44
14 1 16.507500000000007 1.0 213
1982594.5 16
11 1 44.6125 1.0 85
12 1 54.83250000000001 1.0 43
11 0 3.7325000000000017 1.0 52
10 0 47.167500000000004 1.0 186
10 1 47.167500000000004 1.0 187
14 1 1.177500000000002 1.0 201
11 0 57.3875 1.0 94
12 1 36.947500000000005 1.0 29
12 1 34.3925 1.0 27
11 0 11.3975 1.0 58
10 0 3.7325000000000017 1.0 152
11 1 57.3875 1.0 95
13 0 39.5025 1.0 130
13 1 34.3925 1.0 127
13 1 59.94250000000001 1.0 147
14 0 24.1725 1.0 218
1439942.4 19
15 1 31.837500000000006 1.0 325
14 0 21.617500000000007 1.0 216
12 0 59.94250000000001 1.0 46
16 1 11.3975 1.0 409
9 0 59.94250000000001 1.0 296
12 0 19.0625 1.0 14
12 1 52.2775 1.0 41
15 0 54.83250000000001 1.0 342
13 1 3.7325000000000017 1.0 103
11 0 11.3975 1.0 58
4 0 13.9525 1.0 760
18 1 16.507500000000007 1.0 613
10 1 52.2775 1.0 191
11 0 62.4975 1.0 98
12 0 24.1725 1.0 18
12 0 54.83250000000001 1.0 42
12 1 26.727500000000006 1.0 21
13 0 1.177500000000002 1.0 100
11 0 31.837500000000006 1.0 74
875471.5 15
13 0 3.7325000000000017 1.0 102
12 0 3.7325000000000017 1.0 2
10 0 11.3975 1.0 158
11 1 42.057500000000005 1.0 83
13 0 11.3975 1.0 108
11 1 19.0625 1.0 65
12 1 44.6125 1.0 35
13 0 52.2775 1.0 140
22 1 31.837500000000006 1.0 1025
13 1 24.1725 1.0 119
10 1 54.83250000000001 1.0 193
11 0 8.842500000000001 1.0 56
10 1 1.177500000000002 1.0 151
11 0 13.9525 1.0 60
11 0 1.177500000000002 1.0 50
1335415.4 8
12 1 31.837500000000006 1.0 25
14 1 42.057500000000005 1.0 233
13 1 52.2775 1.0 141
13 0 8.842500000000001 1.0 106
10 0 29.2825 1.0 172
12 1 54.83250000000001 1.0 43
15 0 57.3875 1.0 344
14 0 57.3875 1.0 244
188288.58 8
12 1 57.3875 1.0 45
24 1 16.507500000000007 1.0 1213
12 1 42.057500000000005 1.0 33
10 1 52.2775 1.0 191
14 0 42.057500000000005 1.0 232
19 1 39.5025 1.0 731
3 0 29.2825 1.0 872
14 1 59.94250000000001 1.0 247
1218698.6 16
11 0 42.057500000000005 1.0 82
11 1 31.837500000000006 1.0 75
5 0 6.287500000000001 1.0 654
13 1 36.947500000000005 1.0 129
13 0 16.507500000000007 1.0 112
5 1 11.3975 1.0 659
13 1 13.9525 1.0 111
14 0 59.94250000000001 1.0 246
11 0 49.7225 1.0 88
11 1 52.2775 1.0 91
15 1 34.3925 1.0 327
10 0 42.057500000000005 1.0 182
8 0 13.9525 1.0 360
13 0 59.94250000000001 1.0 146
11 0 59.94250000000001 1.0 96
12 1 57.3875 1.0 45
284925.84 11
11 0 52.2775 1.0 90
13 1 47.167500000000004 1.0 137
10 1 34.3925 1.0 177
11 0 13.9525 1.0 60
24 1 1.177500000000002 1.0 1201
12 1 59.94250000000001 1.0 47
13 0 44.6125 1.0 134
11 0 34.3925 1.0 76
11 0 19.0625 1.0 64
16 0 52.2775 1.0 440
14 1 26.727500000000006 1.0 221
888836.8 9
4 1 26.727500000000006 1.0 771
13 0 29.2825 1.0 122
10 1 36.947500000000005 1.0 179
16 0 8.842500000000001 1.0 406
12 1 29.2825 1.0 23
18 1 57.3875 1.0 645
12 0 6.287500000000001 1.0 4
13 0 44.6125 1.0 134
21 0 44.6125 1.0 934
170951.95 20
14 0 52.2775 1.0 240
14 0 21.617500000000007 1.0 216
13 0 54.83250000000001 1.0 142
12 0 29.2825 1.0 22
17 1 16.507500000000007 1.0 513
10 0 57.3875 1.0 194
8 0 19.0625 1.0 364
10 1 47.167500000000004 1.0 187
10 0 44.6125 1.0 184
10 1 49.7225 1.0 189
13 1 16.507500000000007 1.0 113
14 0 8.842500000000001 1.0 206
12 1 1.177500000000002 1.0 1
11 0 26.727500000000006 1.0 70
7 1 8.842500000000001 1.0 457
11 0 34.3925 1.0 76
13 1 6.287500000000001 1.0 105
11 0 31.837500000000006 1.0 74
11 0 42.057500000000005 1.0 82
13 1 8.842500000000001 1.0 107
344902.25 23
10 0 54.83250000000001 1.0 192
11 0 47.167500000000004 1.0 86
13 0 59.94250000000001 1.0 146
14 0 54.83250000000001 1.0 242
11 0 3.7325000000000017 1.0 52
11 0 62.4975 1.0 98
13 1 21.617500000000007 1.0 117
10 0 39.5025 1.0 180
7 1 42.057500000000005 1.0 483
11 1 34.3925 1.0 77
1 1 39.5025 1.0 1081
14 0 31.837500000000006 1.0 224
13 0 31.837500000000006 1.0 124
10 1 52.2775 1.0 191
11 1 31.837500000000006 1.0 75
10 1 42.057500000000005 1.0 183
12 0 36.947500000000005 1.0 28
12 1 39.5025 1.0 31
14 0 24.1725 1.0 218
10 0 44.6125 1.0 184
12 0 52.2775 1.0 40
11 0 57.3875 1.0 94
14 1 49.7225 1.0 239
1449010.9 15
10 1 29.2825 1.0 173
22 1 39.5025 1.0 1031
14 1 59.94250000000001 1.0 247
14 0 11.3975 1.0 208
12 0 54.83250000000001 1.0 42
3 0 3.7325000000000017 1.0 852
10 0 8.842500000000001 1.0 156
14 1 62.4975 1.0 249
4 0 8.842500000000001 1.0 756
13 1 19.0625 1.0 115
11 1 24.1725 1.0 69
13 1 1.177500000000002 1.0 101
14 1 11.3975 1.0 209
11 0 26.727500000000006 1.0 70
13 1 16.507500000000007 1.0 113
186325.03 10
13 0 39.5025 1.0 130
18 1 34.3925 1.0 627
12 0 44.6125 1.0 34
8 1 52.2775 1.0 391
16 1 42.057500000000005 1.0 433
11 0 6.287500000000001 1.0 54
10 1 13.9525 1.0 161
11 0 47.167500000000004 1.0 86
14 0 62.4975 1.0 248
10 0 59.94250000000001 1.0 196
178893.02 19
11 1 39.5025 1.0 81
13 0 59.94250000000001 1.0 146
7 0 31.837500000000006 1.0 474
21 1 8.842500000000001 1.0 907
10 0 21.617500000000007 1.0 166
17 0 59.94250000000001 1.0 546
5 1 52.2775 1.0 691
12 0 52.2775 1.0 40
13 1 8.842500000000001 1.0 107
14 0 49.7225 1.0 238
10 1 34.3925 1.0 177
14 1 16.507500000000007 1.0 213
10 0 42.057500000000005 1.0 182
13 0 13.9525 1.0 110
2 0 57.3875 1.0 994
10 1 47.167500000000004 1.0 187
11 0 34.3925 1.0 76
13 1 57.3875 1.0 145
4 1 47.167500000000004 1.0 787
434346.0 5
13 0 59.94250000000001 1.0 146
10 0 24.1725 1.0 168
9 1 19.0625 1.0 265
12 0 16.507500000000007 1.0 12
13 0 44.6125 1.0 134
1492563.1 15
12 0 54.83250000000001 1.0 42
10 1 1.177500000000002 1.0 151
11 0 13.9525 1.0 60
10 0 34.3925 1.0 176
12 0 52.2775 1.0 40
11 0 6.287500000000001 1.0 54
10 0 36.947500000000005 1.0 178
14 1 54.83250000000001 1.0 243
14 1 24.1725 1.0 219
11 0 8.842500000000001 1.0 56
13 1 11.3975 1.0 109
12 1 29.2825 1.0 23
13 1 26.727500000000006 1.0 121
11 0 16.507500000000007 1.0 62
11 0 26.727500000000006 1.0 70
1280555.0 19
14 0 24.1725 1.0 218
3 1 16.507500000000007 1.0 863
13 1 57.3875 1.0 145
12 1 49.7225 1.0 39
12 1 62.4975 1.0 49
3 1 59.94250000000001 1.0 897
14 0 52.2775 1.0 240
10 0 19.0625 1.0 164
24 1 36.947500000000005 1.0 1229
11 1 16.507500000000007 1.0 63
10 1 31.837500000000006 1.0 175
10 1 36.947500000000005 1.0 179
12 0 47.167500000000004 1.0 36
14 1 44.6125 1.0 235
12 1 21.617500000000007 1.0 17
13 1 49.7225 1.0 139
13 1 44.6125 1.0 135
14 1 24.1725 1.0 219
11 1 24.1725 1.0 69
908029.94 20
11 1 42.057500000000005 1.0 83
11 0 34.3925 1.0 76
11 0 42.057500000000005 1.0 82
11 0 47.167500000000004 1.0 86
11 1 44.6125 1.0 85
19 1 13.9525 1.0 711
9 1 21.617500000000007 1.0 267
12 0 24.1725 1.0 18
12 1 29.2825 1.0 23
12 0 21.617500000000007 1.0 16
13 0 44.6125 1.0 134
13 1 54.83250000000001 1.0 143
15 0 16.507500000000007 1.0 312
13 0 16.507500000000007 1.0 112
15 0 54.83250000000001 1.0 342
0 1 19.0625 1.0 1165
10 1 11.3975 1.0 159
10 0 26.727500000000006 1.0 170
10 0 39.5025 1.0 180
14 1 21.617500000000007 1.0 217
1126666.9 12
14 1 34.3925 1.0 227
13 1 8.842500000000001 1.0 107
10 0 21.617500000000007 1.0 166
13 1 6.287500000000001 1.0 105
12 0 13.9525 1.0 10
11 0 24.1725 1.0 68
9 1 26.727500000000006 1.0 271
10 0 62.4975 1.0 198
16 0 54.83250000000001 1.0 442
15 1 26.727500000000006 1.0 321
13 1 39.5025 1.0 131
14 0 24.1725 1.0 218
1833860.5 8
13 0 26.727500000000006 1.0 120
3 1 36.947500000000005 1.0 879
8 0 1.177500000000002 1.0 350
9 1 54.83250000000001 1.0 293
14 0 19.0625 1.0 214
12 0 57.3875 1.0 44
15 1 42.057500000000005 1.0 333
10 1 13.9525 1.0 161
1360706.1 12
12 1 59.94250000000001 1.0 47
9 0 29.2825 1.0 272
10 0 39.5025 1.0 180
0 0 34.3925 1.0 1176
0 1 59.94250000000001 1.0 1197
14 0 6.287500000000001 1.0 204
12 0 6.287500000000001 1.0 4
15 0 44.6125 1.0 334
14 1 44.6125 1.0 235
8 1 3.7325000000000017 1.0 353
11 1 11.3975 1.0 59
11 0 57.3875 1.0 94
1232101.8 6
11 1 29.2825 1.0 73
13 0 49.7225 1.0 138
13 0 42.057500000000005 1.0 132
8 1 16.507500000000007 1.0 363
12 1 26.727500000000006 1.0 21
13 1 26.727500000000006 1.0 121
1655959.2 10
10 0 1.177500000000002 1.0 150
14 1 31.837500000000006 1.0 225
12 0 31.837500000000006 1.0 24
10 1 57.3875 1.0 195
10 1 11.3975 1.0 159
12 0 54.83250000000001 1.0 42
10 1 16.507500000000007 1.0 163
11 0 13.9525 1.0 60
10 1 49.7225 1.0 189
11 1 39.5025 1.0 81
491102.28 22
14 1 47.167500000000004 1.0 237
10 1 21.617500000000007 1.0 167
10 1 42.057500000000005 1.0 183
13 0 24.1725 1.0 118
12 0 36.947500000000005 1.0 28
24 1 47.167500000000004 1.0 1237
14 0 21.617500000000007 1.0 216
13 1 29.2825 1.0 123
14 1 31.837500000000006 1.0 225
3 0 54.83250000000001 1.0 892
10 1 13.9525 1.0 161
10 1 54.83250000000001 1.0 193
22 1 47.167500000000004 1.0 1037
6 1 26.727500000000006 1.0 571
13 0 62.4975 1.0 148
12 1 21.617500000000007 1.0 17
14 1 24.1725 1.0 219
13 0 3.7325000000000017 1.0 102
12 1 39.5025 1.0 31
11 1 54.83250000000001 1.0 93
11 0 19.0625 1.0 64
13 0 44.6125 1.0 134
1596760.0 9
12 0 62.4975 1.0 48
14 1 11.3975 1.0 209
10 0 19.0625 1.0 164
12 0 6.287500000000001 1.0 4
13 0 6.287500000000001 1.0 104
13 0 13.9525 1.0 110
3 0 11.3975 1.0 858
13 0 24.1725 1.0 118
11 0 54.83250000000001 1.0 92
978228.0 9
14 1 34.3925 1.0 227
12 1 8.842500000000001 1.0 7
14 1 29.2825 1.0 223
13 0 16.507500000000007 1.0 112
1 1 3.7325000000000017 1.0 1053
11 0 49.7225 1.0 88
13 1 42.057500000000005 1.0 133
14 1 11.3975 1.0 209
10 0 44.6125 1.0 184
1715303.8 11
10 1 3.7325000000000017 1.0 153
11 1 11.3975 1.0 59
10 1 6.287500000000001 1.0 155
14 0 24.1725 1.0 218
14 1 42.057500000000005 1.0 233
14 0 62.4975 1.0 248
13 0 29.2825 1.0 122
11 1 36.947500000000005 1.0 79
12 0 6.287500000000001 1.0 4
7 0 13.9525 1.0 460
12 0 54.83250000000001 1.0 42
379067.34 19
13 1 62.4975 1.0 149
11 1 6.287500000000001 1.0 55
12 0 6.287500000000001 1.0 4
11 0 26.727500000000006 1.0 70
11 0 13.9525 1.0 60
16 0 6.287500000000001 1.0 404
18 0 52.2775 1.0 640
12 1 21.617500000000007 1.0 17
14 1 42.057500000000005 1.0 233
10 0 11.3975 1.0 158
13 0 13.9525 1.0 110
12 0 3.7325000000000017 1.0 2
11 1 19.0625 1.0 65
12 1 1.177500000000002 1.0 1
11 0 54.83250000000001 1.0 92
12 0 62.4975 1.0 48
14 1 39.5025 1.0 231
10 0 36.947500000000005 1.0 178
13 0 62.4975 1.0 148
1896048.1 15
12 0 31.837500000000006 1.0 24
10 1 29.2825 1.0 173
12 1 16.507500000000007 1.0 13
14 1 52.2775 1.0 241
14 0 29.2825 1.0 222
13 0 6.287500000000001 1.0 104
11 1 49.7225 1.0 89
13 1 57.3875 1.0 145
18 1 62.4975 1.0 649
14 1 26.727500000000006 1.0 221
14 1 16.507500000000007 1.0 213
12 0 59.94250000000001 1.0 46
13 1 44.6125 1.0 135
13 1 42.057500000000005 1.0 133
13 0 1.177500000000002 1.0 100
874696.1 17
13 0 62.4975 1.0 148
10 1 11.3975 1.0 159
13 0 19.0625 1.0 114
12 1 26.727500000000006 1.0 21
24 0 19.0625 1.0 1214
18 0 29.2825 1.0 622
14 0 34.3925 1.0 226
13 0 16.507500000000007 1.0 112
11 1 49.7225 1.0 89
10 1 1.177500000000002 1.0 151
8 0 1.177500000000002 1.0 350
6 0 42.057500000000005 1.0 582
13 1 59.94250000000001 1.0 147
12 0 13.9525 1.0 10
13 0 11.3975 1.0 108
11 1 19.0625 1.0 65
12 0 11.3975 1.0 8
551019.8 15
10 0 62.4975 1.0 198
12 0 49.7225 1.0 38
11 1 19.0625 1.0 65
10 0 31.837500000000006 1.0 174
14 0 26.727500000000006 1.0 220
10 1 62.4975 1.0 199
12 1 47.167500000000004 1.0 37
14 0 39.5025 1.0 230
14 1 16.507500000000007 1.0 213
21 1 42.057500000000005 1.0 933
12 0 21.617500000000007 1.0 16
15 0 49.7225 1.0 338
9 1 13.9525 1.0 261
14 1 24.1725 1.0 219
12 0 59.94250000000001 1.0 46
553475.7 24
14 1 19.0625 1.0 215
11 0 19.0625 1.0 64
10 1 39.5025 1.0 181
10 0 62.4975 1.0 198
14 1 13.9525 1.0 211
13 1 39.5025 1.0 131
12 0 36.947500000000005 1.0 28
15 1 13.9525 1.0 311
11 0 1.177500000000002 1.0 50
14 1 49.7225 1.0 239
12 0 29.2825 1.0 22
12 1 19.0625 1.0 15
17 1 59.94250000000001 1.0 547
12 0 47.167500000000004 1.0 36
15 1 11.3975 1.0 309
7 0 36.947500000000005 1.0 478
12 0 34.3925 1.0 26
12 0 24.1725 1.0 18
13 1 24.1725 1.0 119
10 1 16.507500000000007 1.0 163
10 0 57.3875 1.0 194
8 0 29.2825 1.0 372
14 0 6.287500000000001 1.0 204
12 1 24.1725 1.0 19
784838.1 6
12 0 26.727500000000006 1.0 20
14 0 36.947500000000005 1.0 228
12 0 42.057500000000005 1.0 32
19 1 21.617500000000007 1.0 717
2 1 54.83250000000001 1.0 993
11 1 47.167500000000004 1.0 87
1065758.8 24
11 0 39.5025 1.0 80
13 1 54.83250000000001 1.0 143
10 0 34.3925 1.0 176
13 0 29.2825 1.0 122
12 1 3.7325000000000017 1.0 3
11 1 39.5025 1.0 81
19 1 59.94250000000001 1.0 747
13 1 29.2825 1.0 123
19 1 31.837500000000006 1.0 725
22 1 8.842500000000001 1.0 1007
18 0 13.9525 1.0 610
13 1 13.9525 1.0 111
10 0 29.2825 1.0 172
7 1 49.7225 1.0 489
14 1 44.6125 1.0 235
12 1 34.3925 1.0 27
15 1 8.842500000000001 1.0 307
14 0 24.1725 1.0 218
14 0 11.3975 1.0 208
14 0 39.5025 1.0 230
10 1 57.3875 1.0 195
12 0 21.617500000000007 1.0 16
11 0 42.057500000000005 1.0 82
14 1 54.83250000000001 1.0 243
635399.06 22
13 1 24.1725 1.0 119
12 0 49.7225 1.0 38
19 0 26.727500000000006 1.0 720
13 0 62.4975 1.0 148
12 0 6.287500000000001 1.0 4
10 0 29.2825 1.0 172
11 1 57.3875 1.0 95
14 1 16.507500000000007 1.0 213
12 0 47.167500000000004 1.0 36
10 1 42.057500000000005 1.0 183
13 1 26.727500000000006 1.0 121
11 0 52.2775 1.0 90
14 1 52.2775 1.0 241
14 0 3.7325000000000017 1.0 202
12 0 1.177500000000002 1.0 0
13 0 11.3975 1.0 108
2 0 21.617500000000007 1.0 966
23 1 49.7225 1.0 1139
10 0 34.3925 1.0 176
5 0 8.842500000000001 1.0 656
1 0 62.4975 1.0 1098
10 0 24.1725 1.0 168
486419.88 15
12 0 8.842500000000001 1.0 6
13 1 3.7325000000000017 1.0 103
14 1 49.7225 1.0 239
0 1 31.837500000000006 1.0 1175
13 0 59.94250000000001 1.0 146
20 1 49.7225 1.0 839
11 1 34.3925 1.0 77
13 1 42.057500000000005 1.0 133
10 1 11.3975 1.0 159
13 0 34.3925 1.0 126
11 0 3.7325000000000017 1.0 52
12 1 13.9525 1.0 11
14 0 39.5025 1.0 230
14 0 24.1725 1.0 218
14 0 34.3925 1.0 226
517479.53 6
13 0 34.3925 1.0 126
12 0 1.177500000000002 1.0 0
10 1 3.7325000000000017 1.0 153
13 0 13.9525 1.0 110
11 1 62.4975 1.0 99
11 0 29.2825 1.0 72
1823264.1 12
13 0 62.4975 1.0 148
18 1 8.842500000000001 1.0 607
14 1 57.3875 1.0 245
13 0 47.167500000000004 1.0 136
14 0 31.837500000000006 1.0 224
11 0 19.0625 1.0 64
11 1 57.3875 1.0 95
11 0 39.5025 1.0 80
12 0 11.3975 1.0 8
14 0 19.0625 1.0 214
14 0 44.6125 1.0 234
11 0 54.83250000000001 1.0 92
1644890.4 14
12 1 47.167500000000004 1.0 37
12 1 39.5025 1.0 31
9 1 59.94250000000001 1.0 297
14 1 36.947500000000005 1.0 229
11 1 6.287500000000001 1.0 55
14 0 1.177500000000002 1.0 200
12 0 57.3875 1.0 44
13 1 21.617500000000007 1.0 117
13 1 24.1725 1.0 119
20 1 3.7325000000000017 1.0 803
12 1 13.9525 1.0 11
24 0 49.7225 1.0 1238
11 0 31.837500000000006 1.0 74
20 0 3.7325000000000017 1.0 802
1951673.9 23
10 0 3.7325000000000017 1.0 152
13 1 16.507500000000007 1.0 113
9 1 44.6125 1.0 285
11 1 21.617500000000007 1.0 67
14 0 36.947500000000005 1.0 228
14 0 42.057500000000005 1.0 232
12 0 11.3975 1.0 8
21 0 39.5025 1.0 930
10 1 39.5025 1.0 181
11 0 29.2825 1.0 72
10 0 24.1725 1.0 168
14 1 3.7325000000000017 1.0 203
11 1 49.7225 1.0 89
10 0 19.0625 1.0 164
13 0 31.837500000000006 1.0 124
14 1 42.057500000000005 1.0 233
13 1 26.727500000000006 1.0 121
11 0 24.1725 1.0 68
12 1 1.177500000000002 1.0 1
13 0 52.2775 1.0 140
14 0 24.1725 1.0 218
8 1 36.947500000000005 1.0 379
11 0 1.177500000000002 1.0 50
222552.16 17
13 0 39.5025 1.0 130
13 0 8.842500000000001 1.0 106
13 0 36.947500000000005 1.0 128
11 0 49.7225 1.0 88
13 1 1.177500000000002 1.0 101
10 1 34.3925 1.0 177
12 1 34.3925 1.0 27
16 1 44.6125 1.0 435
10 0 36.947500000000005 1.0 178
10 0 47.167500000000004 1.0 186
1 1 36.947500000000005 1.0 1079
14 0 6.287500000000001 1.0 204
12 1 36.947500000000005 1.0 29
16 0 26.727500000000006 1.0 420
14 0 29.2825 1.0 222
20 1 31.837500000000006 1.0 825
11 1 59.94250000000001 1.0 97
1573047.0 12
13 1 49.7225 1.0 139
12 1 19.0625 1.0 15
13 1 57.3875 1.0 145
11 1 21.617500000000007 1.0 67
10 1 1.177500000000002 1.0 151
7 0 11.3975 1.0 458
11 0 52.2775 1.0 90
13 1 24.1725 1.0 119
14 1 21.617500000000007 1.0 217
10 0 34.3925 1.0 176
12 0 47.167500000000004 1.0 36
11 1 44.6125 1.0 85
773744.56 22
19 0 13.9525 1.0 710
11 0 36.947500000000005 1.0 78
14 0 8.842500000000001 1.0 206
16 1 3.7325000000000017 1.0 403
9 1 6.287500000000001 1.0 255
11 1 29.2825 1.0 73
3 0 6.287500000000001 1.0 854
10 0 34.3925 1.0 176
11 0 21.617500000000007 1.0 66
14 0 24.1725 1.0 218
14 1 59.94250000000001 1.0 247
9 0 11.3975 1.0 258
10 1 36.947500000000005 1.0 179
10 1 8.842500000000001 1.0 157
14 0 16.507500000000007 1.0 212
9 0 21.617500000000007 1.0 266
13 0 1.177500000000002 1.0 100
14 1 54.83250000000001 1.0 243
14 0 42.057500000000005 1.0 232
12 1 3.7325000000000017 1.0 3
16 0 26.727500000000006 1.0 420
7 0 1.177500000000002 1.0 450
736205.1 22
11 0 24.1725 1.0 68
14 0 62.4975 1.0 248
13 0 6.287500000000001 1.0 104
21 0 34.3925 1.0 926
11 0 21.617500000000007 1.0 66
5 1 1.177500000000002 1.0 651
13 1 8.842500000000001 1.0 107
14 1 6.287500000000001 1.0 205
12 1 26.727500000000006 1.0 21
12 1 39.5025 1.0 31
14 1 44.6125 1.0 235
13 1 3.7325000000000017 1.0 103
14 1 8.842500000000001 1.0 207
20 1 36.947500000000005 1.0 829
10 1 54.83250000000001 1.0 193
13 1 57.3875 1.0 145
13 0 49.7225 1.0 138
13 1 52.2775 1.0 141
10 1 52.2775 1.0 191
12 0 42.057500000000005 1.0 32
10 1 59.94250000000001 1.0 197
10 0 1.177500000000002 1.0 150
519085.25 24
4 0 8.842500000000001 1.0 756
14 1 62.4975 1.0 249
12 0 24.1725 1.0 18
12 0 44.6125 1.0 34
13 1 8.842500000000001 1.0 107
11 0 19.0625 1.0 64
9 1 19.0625 1.0 265
13 1 59.94250000000001 1.0 147
14 0 49.7225 1.0 238
14 0 44.6125 1.0 234
5 1 11.3975 1.0 659
14 1 6.287500000000001 1.0 205
14 1 19.0625 1.0 215
14 1 21.617500000000007 1.0 217
14 1 49.7225 1.0 239
10 0 52.2775 1.0 190
12 1 29.2825 1.0 23
12 1 1.177500000000002 1.0 1
14 0 11.3975 1.0 208
14 0 47.167500000000004 1.0 236
11 1 6.287500000000001 1.0 55
14 0 24.1725 1.0 218
13 1 21.617500000000007 1.0 117
10 0 49.7225 1.0 188
1325538.1 8
12 1 11.3975 1.0 9
11 0 62.4975 1.0 98
12 1 3.7325000000000017 1.0 3
10 1 26.727500000000006 1.0 171
14 0 11.3975 1.0 208
14 1 21.617500000000007 1.0 217
10 0 62.4975 1.0 198
10 0 3.7325000000000017 1.0 152
1181535.1 14
12 1 11.3975 1.0 9
14 0 44.6125 1.0 234
10 0 21.617500000000007 1.0 166
12 1 19.0625 1.0 15
7 1 1.177500000000002 1.0 451
11 1 21.617500000000007 1.0 67
12 1 13.9525 1.0 11
10 0 44.6125 1.0 184
10 1 62.4975 1.0 199
13 1 44.6125 1.0 135
16 1 13.9525 1.0 411
19 1 6.287500000000001 1.0 705
11 0 16.507500000000007 1.0 62
13 0 49.7225 1.0 138
160427.66 18
13 0 49.7225 1.0 138
14 1 1.177500000000002 1.0 201
13 0 19.0625 1.0 114
12 1 16.507500000000007 1.0 13
12 0 26.727500000000006 1.0 20
10 1 6.287500000000001 1.0 155
15 0 42.057500000000005 1.0 332
10 0 39.5025 1.0 180
13 0 11.3975 1.0 108
14 1 54.83250000000001 1.0 243
14 1 59.94250000000001 1.0 247
14 1 29.2825 1.0 223
12 0 11.3975 1.0 8
13 0 59.94250000000001 1.0 146
10 0 1.177500000000002 1.0 150
11 0 47.167500000000004 1.0 86
12 1 1.177500000000002 1.0 1
10 1 39.5025 1.0 181
1173218.0 18
14 0 31.837500000000006 1.0 224
13 0 6.287500000000001 1.0 104
13 1 29.2825 1.0 123
11 0 19.0625 1.0 64
13 0 11.3975 1.0 108
13 0 49.7225 1.0 138
12 0 13.9525 1.0 10
14 0 57.3875 1.0 244
15 0 21.617500000000007 1.0 316
11 0 57.3875 1.0 94
12 1 26.727500000000006 1.0 21
10 0 36.947500000000005 1.0 178
13 0 34.3925 1.0 126
14 0 42.057500000000005 1.0 232
10 0 13.9525 1.0 160
12 1 6.287500000000001 1.0 5
8 0 8.842500000000001 1.0 356
10 0 29.2825 1.0 172
708211.94 11
10 1 29.2825 1.0 173
13 1 6.287500000000001 1.0 105
13 1 19.0625 1.0 115
10 0 31.837500000000006 1.0 174
13 1 49.7225 1.0 139
7 0 11.3975 1.0 458
12 1 8.842500000000001 1.0 7
24 1 44.6125 1.0 1235
14 0 24.1725 1.0 218
11 1 26.727500000000006 1.0 71
10 0 24.1725 1.0 168
1592128.6 23
9 1 1.177500000000002 1.0 251
10 0 31.837500000000006 1.0 174
13 0 57.3875 1.0 144
10 0 59.94250000000001 1.0 196
10 0 44.6125 1.0 184
11 1 42.057500000000005 1.0 83
13 1 31.837500000000006 1.0 125
11 1 26.727500000000006 1.0 71
12 0 24.1725 1.0 18
7 1 42.057500000000005 1.0 483
14 0 54.83250000000001 1.0 242
12 0 59.94250000000001 1.0 46
5 0 62.4975 1.0 698
13 1 8.842500000000001 1.0 107
11 1 47.167500000000004 1.0 87
11 1 49.7225 1.0 89
13 0 44.6125 1.0 134
19 1 13.9525 1.0 711
7 0 26.727500000000006 1.0 470
12 1 16.507500000000007 1.0 13
14 0 6.287500000000001 1.0 204
10 1 57.3875 1.0 195
8 1 13.9525 1.0 361
853358.44 15
13 1 52.2775 1.0 141
13 1 19.0625 1.0 115
14 1 11.3975 1.0 209
22 1 36.947500000000005 1.0 1029
14 0 44.6125 1.0 234
15 1 59.94250000000001 1.0 347
11 1 8.842500000000001 1.0 57
11 0 19.0625 1.0 64
13 1 13.9525 1.0 111
14 0 24.1725 1.0 218
10 0 8.842500000000001 1.0 156
14 1 57.3875 1.0 245
5 1 42.057500000000005 1.0 683
13 1 47.167500000000004 1.0 137
9 1 34.3925 1.0 277
219472.75 15
21 0 3.7325000000000017 1.0 902
10 0 19.0625 1.0 164
14 0 57.3875 1.0 244
11 0 16.507500000000007 1.0 62
11 0 57.3875 1.0 94
12 1 31.837500000000006 1.0 25
10 0 34.3925 1.0 176
12 1 29.2825 1.0 23
10 0 44.6125 1.0 184
11 0 1.177500000000002 1.0 50
14 1 8.842500000000001 1.0 207
13 1 59.94250000000001 1.0 147
10 1 24.1725 1.0 169
9 1 47.167500000000004 1.0 287
13 1 16.507500000000007 1.0 113
337665.06 24
13 0 26.727500000000006 1.0 120
10 1 47.167500000000004 1.0 187
14 0 59.94250000000001 1.0 246
16 1 62.4975 1.0 449
16 1 36.947500000000005 1.0 429
15 0 39.5025 1.0 330
12 0 1.177500000000002 1.0 0
11 0 39.5025 1.0 80
13 1 57.3875 1.0 145
2 1 44.6125 1.0 985
14 1 16.507500000000007 1.0 213
12 0 19.0625 1.0 14
24 1 1.177500000000002 1.0 1201
12 1 19.0625 1.0 15
14 1 29.2825 1.0 223
13 1 21.617500000000007 1.0 117
12 0 44.6125 1.0 34
14 1 54.83250000000001 1.0 243
11 1 19.0625 1.0 65
12 1 54.83250000000001 1.0 43
14 0 54.83250000000001 1.0 242
13 0 39.5025 1.0 130
10 0 59.94250000000001 1.0 196
21 0 13.9525 1.0 910
1606637.1 14
11 1 6.287500000000001 1.0 55
13 0 44.6125 1.0 134
11 1 19.0625 1.0 65
14 0 54.83250000000001 1.0 242
14 0 13.9525 1.0 210
11 0 34.3925 1.0 76
1 0 8.842500000000001 1.0 1056
16 1 39.5025 1.0 431
11 1 54.83250000000001 1.0 93
14 1 13.9525 1.0 211
11 1 13.9525 1.0 61
11 0 47.167500000000004 1.0 86
12 0 21.617500000000007 1.0 16
10 0 42.057500000000005 1.0 182
357570.22 23
20 1 52.2775 1.0 841
10 0 29.2825 1.0 172
15 1 16.507500000000007 1.0 313
14 1 26.727500000000006 1.0 221
13 0 29.2825 1.0 122
12 0 29.2825 1.0 22
11 1 3.7325000000000017 1.0 53
12 0 1.177500000000002 1.0 0
11 0 13.9525 1.0 60
12 0 62.4975 1.0 48
12 1 3.7325000000000017 1.0 3
14 0 49.7225 1.0 238
13 1 47.167500000000004 1.0 137
11 0 8.842500000000001 1.0 56
15 1 44.6125 1.0 335
11 0 24.1725 1.0 68
14 0 26.727500000000006 1.0 220
10 1 29.2825 1.0 173
14 1 54.83250000000001 1.0 243
12 1 49.7225 1.0 39
11 0 1.177500000000002 1.0 50
10 1 16.507500000000007 1.0 163
10 0 13.9525 1.0 160
1623115.6 8
10 0 8.842500000000001 1.0 156
13 1 54.83250000000001 1.0 143
11 1 6.287500000000001 1.0 55
12 0 36.947500000000005 1.0 28
14 1 31.837500000000006 1.0 225
10 1 44.6125 1.0 185
13 0 1.177500000000002 1.0 100
12 1 8.842500000000001 1.0 7
840894.44 9
6 0 62.4975 1.0 598
14 1 24.1725 1.0 219
14 0 31.837500000000006 1.0 224
10 1 39.5025 1.0 181
11 1 3.7325000000000017 1.0 53
13 0 36.947500000000005 1.0 128
13 0 47.167500000000004 1.0 136
6 1 47.167500000000004 1.0 587
18 1 13.9525 1.0 611
1924470.1 18
15 1 29.2825 1.0 323
9 1 3.7325000000000017 1.0 253
23 0 49.7225 1.0 1138
15 1 34.3925 1.0 327
13 1 29.2825 1.0 123
10 1 42.057500000000005 1.0 183
13 1 49.7225 1.0 139
14 1 62.4975 1.0 249
2 0 11.3975 1.0 958
11 1 62.4975 1.0 99
11 0 57.3875 1.0 94
2 0 13.9525 1.0 960
13 0 54.83250000000001 1.0 142
10 1 3.7325000000000017 1.0 153
10 0 34.3925 1.0 176
10 1 8.842500000000001 1.0 157
12 1 31.837500000000006 1.0 25
14 1 3.7325000000000017 1.0 203
117794.59 11
10 0 54.83250000000001 1.0 192
12 1 44.6125 1.0 35
12 1 42.057500000000005 1.0 33
10 0 6.287500000000001 1.0 154
11 0 49.7225 1.0 88
14 1 34.3925 1.0 227
11 1 34.3925 1.0 77
13 1 3.7325000000000017 1.0 103
13 0 19.0625 1.0 114
21 0 47.167500000000004 1.0 936
11 0 24.1725 1.0 68
1460542.9 6
14 1 26.727500000000006 1.0 221
11 0 16.507500000000007 1.0 62
15 1 19.0625 1.0 315
11 1 52.2775 1.0 91
11 1 24.1725 1.0 69
7 0 19.0625 1.0 464
1893142.6 8
11 0 62.4975 1.0 98
16 1 62.4975 1.0 449
14 0 54.83250000000001 1.0 242
12 0 34.3925 1.0 26
13 0 42.057500000000005 1.0 132
10 1 52.2775 1.0 191
11 0 26.727500000000006 1.0 70
12 1 24.1725 1.0 19
1129127.9 18
8 0 47.167500000000004 1.0 386
11 1 44.6125 1.0 85
14 1 1.177500000000002 1.0 201
11 0 19.0625 1.0 64
12 1 59.94250000000001 1.0 47
11 1 36.947500000000005 1.0 79
7 1 16.507500000000007 1.0 463
11 1 34.3925 1.0 77
14 0 47.167500000000004 1.0 236
13 1 34.3925 1.0 127
14 1 36.947500000000005 1.0 229
10 0 21.617500000000007 1.0 166
11 1 1.177500000000002 1.0 51
13 0 26.727500000000006 1.0 120
10 0 36.947500000000005 1.0 178
13 0 3.7325000000000017 1.0 102
11 0 11.3975 1.0 58
13 1 36.947500000000005 1.0 129
1400367.0 10
11 1 6.287500000000001 1.0 55
12 1 21.617500000000007 1.0 17
12 0 57.3875 1.0 44
9 0 42.057500000000005 1.0 282
0 0 42.057500000000005 1.0 1182
11 1 19.0625 1.0 65
11 1 39.5025 1.0 81
13 1 47.167500000000004 1.0 137
13 0 34.3925 1.0 126
15 0 19.0625 1.0 314
1577632.5 7
7 1 57.3875 1.0 495
14 1 31.837500000000006 1.0 225
10 0 19.0625 1.0 164
7 1 11.3975 1.0 459
19 1 54.83250000000001 1.0 743
5 1 8.842500000000001 1.0 657
15 1 8.842500000000001 1.0 307
