 Numero de pedidos 
 50
 duedate num_referencias // pasillo lado altura peso
 904543.315631 27
 7 1 7.500000 2.507269 67
 7 0 42.500000 2.889757 80
 3 0 32.500000 2.710727 172
 6 0 42.500000 1.003620 16
 7 0 27.500000 2.154513 74
 6 1 62.500000 1.873374 25
 5 1 17.500000 2.593473 39
 6 1 17.500000 2.018278 7
 5 1 22.500000 2.880692 41
 6 1 7.500000 1.656160 3
 4 0 77.500000 1.007635 126
 6 0 32.500000 2.434170 12
 5 0 22.500000 2.502938 40
 6 0 77.500000 1.292457 30
 11 0 17.500000 2.829963 326
 6 0 22.500000 1.199292 8
 6 1 12.500000 2.728176 5
 5 1 12.500000 1.907167 37
 7 1 62.500000 1.034823 89
 7 0 17.500000 2.838390 70
 8 1 67.500000 1.287088 155
 5 1 32.500000 1.535551 45
 5 1 27.500000 1.059536 43
 7 0 12.500000 1.675396 68
 6 1 27.500000 2.631786 11
 7 0 77.500000 1.268832 94
 6 0 12.500000 1.080308 4
 554056.033266 17
 5 1 32.500000 1.535551 45
 3 0 52.500000 1.376718 180
 6 0 77.500000 1.292457 30
 7 1 27.500000 2.893043 75
 5 0 47.500000 1.030993 50
 6 1 42.500000 1.849598 17
 6 1 52.500000 1.501449 21
 6 1 32.500000 1.101811 13
 7 1 77.500000 1.266720 95
 5 1 7.500000 2.980174 35
 6 1 67.500000 2.943371 27
 5 1 57.500000 1.156508 55
 2 1 72.500000 2.522226 253
 6 1 2.500000 1.042141 1
 5 1 52.500000 1.702843 53
 4 1 57.500000 1.678900 119
 5 1 37.500000 2.299732 47
 756709.992605 2
 5 0 32.500000 1.620250 44
 6 1 67.500000 2.943371 27
 141789.717517 28
 7 1 7.500000 2.507269 67
 4 1 32.500000 1.598639 109
 6 1 12.500000 2.728176 5
 7 1 22.500000 1.380981 73
 5 0 42.500000 1.599860 48
 5 1 2.500000 1.219134 33
 7 0 37.500000 1.262399 78
 7 1 27.500000 2.893043 75
 8 1 32.500000 2.709705 141
 6 0 37.500000 2.136932 14
 5 1 47.500000 1.904229 51
 7 0 17.500000 2.838390 70
 7 0 2.500000 1.150489 64
 5 1 32.500000 1.535551 45
 5 1 62.500000 2.995443 57
 6 1 52.500000 1.501449 21
 8 0 67.500000 2.133949 154
 5 1 77.500000 2.824963 63
 4 0 22.500000 2.115668 104
 6 0 17.500000 2.456121 6
 7 0 12.500000 1.675396 68
 4 0 2.500000 1.759969 96
 4 0 7.500000 2.025556 98
 6 0 77.500000 1.292457 30
 6 0 27.500000 1.387079 10
 6 0 47.500000 2.199773 18
 3 1 12.500000 2.195945 165
 5 1 12.500000 1.907167 37
 1281187.554375 30
 5 1 37.500000 2.299732 47
 7 0 7.500000 2.112721 66
 5 1 77.500000 2.824963 63
 6 0 77.500000 1.292457 30
 5 1 22.500000 2.880692 41
 6 1 62.500000 1.873374 25
 7 0 2.500000 1.150489 64
 7 1 17.500000 2.813797 71
 5 1 57.500000 1.156508 55
 4 0 62.500000 1.268372 120
 3 0 12.500000 1.737859 164
 8 1 37.500000 1.856283 143
 3 0 57.500000 1.764227 182
 6 0 62.500000 1.514956 24
 7 0 12.500000 1.675396 68
 2 1 12.500000 1.814352 229
 11 0 52.500000 2.989687 340
 7 1 22.500000 1.380981 73
 7 1 2.500000 2.265253 65
 5 1 67.500000 2.592368 59
 5 0 22.500000 2.502938 40
 6 1 47.500000 1.577379 19
 6 1 52.500000 1.501449 21
 6 1 2.500000 1.042141 1
 6 0 67.500000 1.792524 26
 6 0 47.500000 2.199773 18
 6 1 22.500000 2.504158 9
 6 0 52.500000 1.008598 20
 6 0 42.500000 1.003620 16
 6 0 22.500000 1.199292 8
 757748.147025 7
 6 1 32.500000 1.101811 13
 5 0 67.500000 2.417599 58
 6 0 22.500000 1.199292 8
 6 1 62.500000 1.873374 25
 6 0 27.500000 1.387079 10
 5 0 37.500000 2.007515 46
 5 1 62.500000 2.995443 57
 1790078.251469 25
 10 0 52.500000 2.399147 276
 6 0 52.500000 1.008598 20
 5 0 27.500000 1.791578 42
 11 0 32.500000 1.715843 332
 5 1 67.500000 2.592368 59
 8 1 37.500000 1.856283 143
 5 1 7.500000 2.980174 35
 0 1 42.500000 2.139882 369
 7 1 62.500000 1.034823 89
 9 1 27.500000 2.959932 203
 4 1 22.500000 2.038435 105
 6 0 37.500000 2.136932 14
 5 0 2.500000 1.399370 32
 5 1 22.500000 2.880692 41
 5 1 62.500000 2.995443 57
 7 0 2.500000 1.150489 64
 8 1 42.500000 2.922696 145
 7 1 7.500000 2.507269 67
 6 1 72.500000 1.693895 29
 7 1 27.500000 2.893043 75
 6 0 62.500000 1.514956 24
 7 1 2.500000 2.265253 65
 5 0 52.500000 2.383513 52
 5 1 52.500000 1.702843 53
 6 0 67.500000 1.792524 26
 733186.283192 33
 8 1 27.500000 2.735453 139
 1 1 62.500000 2.919903 313
 7 0 27.500000 2.154513 74
 4 1 42.500000 2.738667 113
 5 0 72.500000 1.935785 60
 1 0 42.500000 2.695670 304
 3 0 37.500000 1.672754 174
 5 0 52.500000 2.383513 52
 5 0 12.500000 1.787226 36
 4 1 57.500000 1.678900 119
 6 1 17.500000 2.018278 7
 5 1 32.500000 1.535551 45
 1 1 32.500000 1.589999 301
 6 0 77.500000 1.292457 30
 5 0 37.500000 2.007515 46
 5 1 72.500000 2.736706 61
 6 0 42.500000 1.003620 16
 6 1 47.500000 1.577379 19
 10 1 57.500000 2.840275 279
 5 1 22.500000 2.880692 41
 5 1 42.500000 2.853277 49
 10 0 47.500000 1.673769 274
 5 1 12.500000 1.907167 37
 7 1 12.500000 2.382034 69
 5 1 7.500000 2.980174 35
 6 1 2.500000 1.042141 1
 4 0 22.500000 2.115668 104
 5 0 2.500000 1.399370 32
 6 1 72.500000 1.693895 29
 8 0 12.500000 1.517157 132
 5 1 47.500000 1.904229 51
 5 1 37.500000 2.299732 47
 5 0 62.500000 1.436604 56
 948106.411131 3
 6 1 47.500000 1.577379 19
 5 1 67.500000 2.592368 59
 5 0 67.500000 2.417599 58
 1362767.521032 1
 7 0 17.500000 2.838390 70
 432765.240573 26
 7 1 7.500000 2.507269 67
 10 1 7.500000 1.353635 259
 5 0 42.500000 1.599860 48
 8 1 2.500000 2.472590 129
 5 1 62.500000 2.995443 57
 6 0 37.500000 2.136932 14
 5 0 17.500000 1.752876 38
 6 1 12.500000 2.728176 5
 5 0 77.500000 1.814888 62
 5 0 7.500000 1.982090 34
 4 0 47.500000 2.780166 114
 6 1 77.500000 2.325543 31
 7 0 22.500000 1.491842 72
 6 1 42.500000 1.849598 17
 7 1 42.500000 2.142265 81
 6 0 32.500000 2.434170 12
 8 0 47.500000 1.749479 146
 7 0 32.500000 1.376209 76
 6 0 2.500000 1.980070 0
 5 1 52.500000 1.702843 53
 6 1 67.500000 2.943371 27
 7 0 2.500000 1.150489 64
 5 1 67.500000 2.592368 59
 7 0 27.500000 2.154513 74
 5 0 27.500000 1.791578 42
 5 1 27.500000 1.059536 43
 609332.256452 34
 6 0 62.500000 1.514956 24
 7 1 27.500000 2.893043 75
 5 0 17.500000 1.752876 38
 5 1 17.500000 2.593473 39
 6 1 42.500000 1.849598 17
 5 0 57.500000 1.682106 54
 5 1 47.500000 1.904229 51
 2 0 72.500000 1.009372 252
 11 1 57.500000 2.902446 343
 3 0 2.500000 1.395551 160
 1 1 32.500000 1.589999 301
 5 1 32.500000 1.535551 45
 5 1 57.500000 1.156508 55
 4 1 77.500000 1.319209 127
 5 1 42.500000 2.853277 49
 6 0 7.500000 1.268856 2
 6 0 47.500000 2.199773 18
 5 0 27.500000 1.791578 42
 3 0 72.500000 1.260546 188
 5 0 77.500000 1.814888 62
 6 0 32.500000 2.434170 12
 8 0 47.500000 1.749479 146
 2 1 57.500000 1.994179 247
 6 0 77.500000 1.292457 30
 6 1 17.500000 2.018278 7
 5 1 7.500000 2.980174 35
 5 0 7.500000 1.982090 34
 7 1 7.500000 2.507269 67
 6 1 2.500000 1.042141 1
 4 0 17.500000 1.078767 102
 8 1 32.500000 2.709705 141
 0 1 42.500000 2.139882 369
 6 0 22.500000 1.199292 8
 5 1 62.500000 2.995443 57
 104973.694340 1
 6 1 72.500000 1.693895 29
 927098.449099 6
 6 0 27.500000 1.387079 10
 5 1 42.500000 2.853277 49
 2 1 32.500000 1.090839 237
 5 0 72.500000 1.935785 60
 4 0 72.500000 2.155391 124
 7 0 12.500000 1.675396 68
 1336863.765724 31
 5 0 72.500000 1.935785 60
 7 1 2.500000 2.265253 65
 7 1 22.500000 1.380981 73
 6 1 7.500000 1.656160 3
 7 0 2.500000 1.150489 64
 6 1 32.500000 1.101811 13
 5 0 47.500000 1.030993 50
 5 0 37.500000 2.007515 46
 6 1 42.500000 1.849598 17
 6 0 37.500000 2.136932 14
 6 0 57.500000 2.849905 22
 6 0 67.500000 1.792524 26
 5 1 62.500000 2.995443 57
 6 0 7.500000 1.268856 2
 7 1 12.500000 2.382034 69
 5 0 42.500000 1.599860 48
 1 0 62.500000 2.124884 312
 7 0 62.500000 1.457193 88
 5 1 7.500000 2.980174 35
 11 0 17.500000 2.829963 326
 5 0 2.500000 1.399370 32
 6 1 37.500000 1.422919 15
 7 0 17.500000 2.838390 70
 6 0 32.500000 2.434170 12
 5 0 7.500000 1.982090 34
 5 0 17.500000 1.752876 38
 9 1 32.500000 1.987252 205
 5 0 32.500000 1.620250 44
 4 0 67.500000 2.284893 122
 3 0 47.500000 2.541539 178
 5 0 27.500000 1.791578 42
 702079.119506 22
 6 0 62.500000 1.514956 24
 5 0 12.500000 1.787226 36
 7 0 77.500000 1.268832 94
 6 0 7.500000 1.268856 2
 4 0 32.500000 2.695401 108
 4 0 12.500000 1.790181 100
 6 0 47.500000 2.199773 18
 7 0 27.500000 2.154513 74
 9 0 72.500000 1.330083 220
 8 0 27.500000 1.021166 138
 6 1 42.500000 1.849598 17
 6 1 52.500000 1.501449 21
 6 1 22.500000 2.504158 9
 5 1 67.500000 2.592368 59
 6 1 37.500000 1.422919 15
 5 1 7.500000 2.980174 35
 6 0 37.500000 2.136932 14
 6 0 52.500000 1.008598 20
 6 1 32.500000 1.101811 13
 6 0 22.500000 1.199292 8
 5 0 2.500000 1.399370 32
 4 1 7.500000 1.520544 99
 540251.009716 12
 8 1 12.500000 2.860388 133
 6 0 22.500000 1.199292 8
 6 0 67.500000 1.792524 26
 6 1 52.500000 1.501449 21
 6 0 72.500000 1.244344 28
 6 1 17.500000 2.018278 7
 6 1 7.500000 1.656160 3
 5 1 52.500000 1.702843 53
 7 0 12.500000 1.675396 68
 6 1 22.500000 2.504158 9
 5 1 17.500000 2.593473 39
 5 1 72.500000 2.736706 61
 91982.729105 23
 5 1 57.500000 1.156508 55
 6 1 32.500000 1.101811 13
 7 0 7.500000 2.112721 66
 7 0 27.500000 2.154513 74
 7 1 42.500000 2.142265 81
 5 0 47.500000 1.030993 50
 6 0 32.500000 2.434170 12
 5 0 7.500000 1.982090 34
 5 0 2.500000 1.399370 32
 2 1 67.500000 1.998751 251
 6 0 67.500000 1.792524 26
 6 1 12.500000 2.728176 5
 7 1 27.500000 2.893043 75
 6 1 37.500000 1.422919 15
 7 0 62.500000 1.457193 88
 5 0 37.500000 2.007515 46
 3 0 62.500000 2.855569 184
 6 0 22.500000 1.199292 8
 5 0 72.500000 1.935785 60
 7 1 22.500000 1.380981 73
 5 1 72.500000 2.736706 61
 4 0 7.500000 2.025556 98
 6 0 57.500000 2.849905 22
 467710.918480 27
 7 1 77.500000 1.266720 95
 5 0 72.500000 1.935785 60
 5 1 7.500000 2.980174 35
 7 0 7.500000 2.112721 66
 0 0 7.500000 1.218370 354
 7 1 22.500000 1.380981 73
 11 0 22.500000 1.065616 328
 6 1 47.500000 1.577379 19
 11 0 27.500000 1.049763 330
 5 0 22.500000 2.502938 40
 6 0 17.500000 2.456121 6
 6 0 12.500000 1.080308 4
 6 0 37.500000 2.136932 14
 7 1 62.500000 1.034823 89
 6 0 62.500000 1.514956 24
 5 1 42.500000 2.853277 49
 5 1 2.500000 1.219134 33
 7 1 2.500000 2.265253 65
 5 0 17.500000 1.752876 38
 8 1 17.500000 2.404588 135
 5 0 37.500000 2.007515 46
 5 0 52.500000 2.383513 52
 2 0 17.500000 1.808391 230
 6 0 42.500000 1.003620 16
 5 0 62.500000 1.436604 56
 1 0 62.500000 2.124884 312
 9 0 72.500000 1.330083 220
 557768.495939 22
 7 0 37.500000 1.262399 78
 5 0 32.500000 1.620250 44
 6 1 52.500000 1.501449 21
 6 0 17.500000 2.456121 6
 6 1 27.500000 2.631786 11
 6 1 2.500000 1.042141 1
 8 1 42.500000 2.922696 145
 7 1 17.500000 2.813797 71
 5 0 77.500000 1.814888 62
 5 1 37.500000 2.299732 47
 6 1 32.500000 1.101811 13
 8 0 47.500000 1.749479 146
 6 0 72.500000 1.244344 28
 7 0 47.500000 1.051001 82
 5 1 7.500000 2.980174 35
 7 0 7.500000 2.112721 66
 6 1 7.500000 1.656160 3
 6 1 12.500000 2.728176 5
 9 0 77.500000 2.856138 222
 0 1 42.500000 2.139882 369
 6 0 57.500000 2.849905 22
 5 1 67.500000 2.592368 59
 1174620.808165 31
 5 0 57.500000 1.682106 54
 5 0 22.500000 2.502938 40
 5 0 52.500000 2.383513 52
 7 1 7.500000 2.507269 67
 6 0 57.500000 2.849905 22
 6 1 42.500000 1.849598 17
 11 1 37.500000 2.032447 335
 5 1 12.500000 1.907167 37
 6 0 42.500000 1.003620 16
 7 1 67.500000 2.379616 91
 7 0 22.500000 1.491842 72
 6 0 37.500000 2.136932 14
 5 0 17.500000 1.752876 38
 5 0 2.500000 1.399370 32
 5 1 47.500000 1.904229 51
 5 1 22.500000 2.880692 41
 5 1 2.500000 1.219134 33
 6 1 22.500000 2.504158 9
 5 0 32.500000 1.620250 44
 7 0 12.500000 1.675396 68
 5 0 42.500000 1.599860 48
 3 0 72.500000 1.260546 188
 5 0 77.500000 1.814888 62
 6 1 7.500000 1.656160 3
 4 1 2.500000 1.807344 97
 6 1 27.500000 2.631786 11
 6 1 67.500000 2.943371 27
 5 0 12.500000 1.787226 36
 4 0 7.500000 2.025556 98
 6 0 22.500000 1.199292 8
 6 0 7.500000 1.268856 2
 506955.200726 14
 5 1 52.500000 1.702843 53
 6 1 47.500000 1.577379 19
 5 0 52.500000 2.383513 52
 6 0 57.500000 2.849905 22
 9 1 27.500000 2.959932 203
 6 1 62.500000 1.873374 25
 5 1 72.500000 2.736706 61
 7 1 12.500000 2.382034 69
 5 0 67.500000 2.417599 58
 5 0 57.500000 1.682106 54
 4 1 27.500000 2.587297 107
 7 1 27.500000 2.893043 75
 8 1 77.500000 1.195775 159
 6 1 42.500000 1.849598 17
 436831.394898 5
 7 0 27.500000 2.154513 74
 5 1 12.500000 1.907167 37
 6 1 7.500000 1.656160 3
 6 1 52.500000 1.501449 21
 5 0 42.500000 1.599860 48
 1124875.361028 30
 5 1 32.500000 1.535551 45
 5 0 67.500000 2.417599 58
 8 0 27.500000 1.021166 138
 5 0 17.500000 1.752876 38
 9 1 22.500000 1.889663 201
 5 1 42.500000 2.853277 49
 6 0 42.500000 1.003620 16
 5 0 22.500000 2.502938 40
 6 1 67.500000 2.943371 27
 6 0 62.500000 1.514956 24
 5 1 77.500000 2.824963 63
 5 1 47.500000 1.904229 51
 6 1 17.500000 2.018278 7
 7 1 17.500000 2.813797 71
 6 1 27.500000 2.631786 11
 6 0 47.500000 2.199773 18
 5 1 22.500000 2.880692 41
 11 1 77.500000 2.440637 351
 5 0 52.500000 2.383513 52
 7 0 12.500000 1.675396 68
 5 0 57.500000 1.682106 54
 6 0 2.500000 1.980070 0
 5 0 47.500000 1.030993 50
 7 1 22.500000 1.380981 73
 4 0 22.500000 2.115668 104
 6 1 77.500000 2.325543 31
 1 0 2.500000 2.688021 288
 7 1 12.500000 2.382034 69
 5 1 57.500000 1.156508 55
 6 1 52.500000 1.501449 21
 340237.242961 29
 7 1 7.500000 2.507269 67
 6 1 12.500000 2.728176 5
 6 1 42.500000 1.849598 17
 6 1 57.500000 2.350658 23
 5 0 72.500000 1.935785 60
 5 0 27.500000 1.791578 42
 7 0 17.500000 2.838390 70
 7 1 22.500000 1.380981 73
 11 0 37.500000 2.206345 334
 7 1 12.500000 2.382034 69
 5 0 62.500000 1.436604 56
 6 0 37.500000 2.136932 14
 7 0 2.500000 1.150489 64
 5 1 7.500000 2.980174 35
 7 0 12.500000 1.675396 68
 8 1 37.500000 1.856283 143
 11 1 27.500000 1.367628 331
 6 0 47.500000 2.199773 18
 5 1 42.500000 2.853277 49
 5 1 72.500000 2.736706 61
 6 0 22.500000 1.199292 8
 5 1 12.500000 1.907167 37
 6 0 77.500000 1.292457 30
 6 1 47.500000 1.577379 19
 7 1 17.500000 2.813797 71
 8 0 17.500000 2.539323 134
 6 1 77.500000 2.325543 31
 0 0 2.500000 1.782672 352
 5 1 2.500000 1.219134 33
 1924598.599116 19
 6 1 12.500000 2.728176 5
 4 1 52.500000 2.395625 117
 5 0 2.500000 1.399370 32
 5 0 42.500000 1.599860 48
 6 1 57.500000 2.350658 23
 5 1 22.500000 2.880692 41
 6 0 27.500000 1.387079 10
 5 0 47.500000 1.030993 50
 7 1 17.500000 2.813797 71
 6 1 67.500000 2.943371 27
 7 1 27.500000 2.893043 75
 6 0 47.500000 2.199773 18
 5 1 77.500000 2.824963 63
 5 1 72.500000 2.736706 61
 7 0 7.500000 2.112721 66
 1 1 32.500000 1.589999 301
 6 1 42.500000 1.849598 17
 5 1 27.500000 1.059536 43
 7 0 2.500000 1.150489 64
 470248.749456 16
 5 1 37.500000 2.299732 47
 7 1 12.500000 2.382034 69
 6 0 67.500000 1.792524 26
 5 1 72.500000 2.736706 61
 6 0 7.500000 1.268856 2
 5 1 27.500000 1.059536 43
 5 0 32.500000 1.620250 44
 6 0 72.500000 1.244344 28
 5 1 42.500000 2.853277 49
 4 1 42.500000 2.738667 113
 5 0 57.500000 1.682106 54
 2 0 77.500000 1.057265 254
 6 0 62.500000 1.514956 24
 5 0 52.500000 2.383513 52
 5 0 77.500000 1.814888 62
 6 1 22.500000 2.504158 9
 1074658.994635 14
 6 1 62.500000 1.873374 25
 7 1 2.500000 2.265253 65
 1 0 7.500000 1.081540 290
 6 0 37.500000 2.136932 14
 1 0 42.500000 2.695670 304
 5 1 27.500000 1.059536 43
 5 1 32.500000 1.535551 45
 5 1 72.500000 2.736706 61
 7 1 22.500000 1.380981 73
 5 0 47.500000 1.030993 50
 6 0 22.500000 1.199292 8
 7 1 17.500000 2.813797 71
 5 0 52.500000 2.383513 52
 6 1 37.500000 1.422919 15
 379595.079208 8
 11 0 62.500000 1.415179 344
 5 0 42.500000 1.599860 48
 5 1 22.500000 2.880692 41
 6 1 67.500000 2.943371 27
 4 1 67.500000 2.197546 123
 6 0 47.500000 2.199773 18
 6 0 27.500000 1.387079 10
 5 1 32.500000 1.535551 45
 638342.753611 1
 6 1 7.500000 1.656160 3
 1233537.542538 28
 7 1 32.500000 1.941647 77
 8 0 37.500000 2.004275 142
 5 0 62.500000 1.436604 56
 0 1 47.500000 1.996987 371
 9 0 12.500000 2.547412 196
 5 1 47.500000 1.904229 51
 5 0 32.500000 1.620250 44
 7 1 27.500000 2.893043 75
 5 1 62.500000 2.995443 57
 6 1 77.500000 2.325543 31
 4 0 22.500000 2.115668 104
 5 1 57.500000 1.156508 55
 1 0 2.500000 2.688021 288
 6 1 57.500000 2.350658 23
 5 1 37.500000 2.299732 47
 5 0 77.500000 1.814888 62
 5 1 17.500000 2.593473 39
 5 1 67.500000 2.592368 59
 7 1 7.500000 2.507269 67
 6 0 22.500000 1.199292 8
 4 0 2.500000 1.759969 96
 6 0 42.500000 1.003620 16
 7 0 57.500000 2.077326 86
 4 1 12.500000 1.564055 101
 5 0 57.500000 1.682106 54
 11 0 12.500000 1.805437 324
 7 0 17.500000 2.838390 70
 9 1 2.500000 2.336588 193
 959148.380421 21
 6 1 37.500000 1.422919 15
 5 1 62.500000 2.995443 57
 5 0 52.500000 2.383513 52
 6 1 32.500000 1.101811 13
 5 1 17.500000 2.593473 39
 6 1 47.500000 1.577379 19
 5 1 77.500000 2.824963 63
 6 0 42.500000 1.003620 16
 5 0 67.500000 2.417599 58
 8 1 57.500000 1.487390 151
 6 0 77.500000 1.292457 30
 7 0 27.500000 2.154513 74
 10 0 22.500000 1.534078 264
 7 0 2.500000 1.150489 64
 5 0 7.500000 1.982090 34
 5 0 42.500000 1.599860 48
 7 1 27.500000 2.893043 75
 6 1 52.500000 1.501449 21
 5 1 27.500000 1.059536 43
 5 0 47.500000 1.030993 50
 7 0 22.500000 1.491842 72
 1147285.505416 25
 8 1 67.500000 1.287088 155
 5 1 57.500000 1.156508 55
 5 0 7.500000 1.982090 34
 5 1 62.500000 2.995443 57
 5 0 32.500000 1.620250 44
 6 0 42.500000 1.003620 16
 4 1 32.500000 1.598639 109
 5 0 37.500000 2.007515 46
 7 0 12.500000 1.675396 68
 5 0 57.500000 1.682106 54
 6 0 62.500000 1.514956 24
 7 1 22.500000 1.380981 73
 4 1 52.500000 2.395625 117
 7 0 47.500000 1.051001 82
 5 1 17.500000 2.593473 39
 6 0 37.500000 2.136932 14
 5 1 2.500000 1.219134 33
 5 1 52.500000 1.702843 53
 6 1 17.500000 2.018278 7
 5 0 77.500000 1.814888 62
 7 0 2.500000 1.150489 64
 10 0 17.500000 1.471591 262
 6 1 27.500000 2.631786 11
 2 0 32.500000 1.408764 236
 6 0 17.500000 2.456121 6
 1456345.235098 35
 7 1 17.500000 2.813797 71
 6 1 67.500000 2.943371 27
 6 1 37.500000 1.422919 15
 5 1 12.500000 1.907167 37
 8 1 17.500000 2.404588 135
 5 0 77.500000 1.814888 62
 7 0 7.500000 2.112721 66
 2 0 62.500000 2.173006 248
 6 1 57.500000 2.350658 23
 5 0 12.500000 1.787226 36
 7 0 52.500000 2.358117 84
 7 1 7.500000 2.507269 67
 5 0 37.500000 2.007515 46
 6 1 12.500000 2.728176 5
 7 1 22.500000 1.380981 73
 6 1 32.500000 1.101811 13
 6 1 52.500000 1.501449 21
 5 0 22.500000 2.502938 40
 6 0 7.500000 1.268856 2
 6 0 2.500000 1.980070 0
 1 0 12.500000 2.074303 292
 7 0 22.500000 1.491842 72
 5 0 32.500000 1.620250 44
 5 0 52.500000 2.383513 52
 7 0 12.500000 1.675396 68
 6 0 42.500000 1.003620 16
 6 0 37.500000 2.136932 14
 4 1 67.500000 2.197546 123
 5 1 22.500000 2.880692 41
 6 0 62.500000 1.514956 24
 6 1 47.500000 1.577379 19
 5 1 42.500000 2.853277 49
 5 1 17.500000 2.593473 39
 0 1 62.500000 1.168969 377
 6 0 32.500000 2.434170 12
 1394359.819216 6
 5 1 47.500000 1.904229 51
 6 0 72.500000 1.244344 28
 2 1 47.500000 1.677401 243
 5 0 32.500000 1.620250 44
 7 1 12.500000 2.382034 69
 6 1 2.500000 1.042141 1
 48603.494413 23
 5 0 7.500000 1.982090 34
 6 1 77.500000 2.325543 31
 5 0 77.500000 1.814888 62
 7 0 27.500000 2.154513 74
 6 0 42.500000 1.003620 16
 7 1 12.500000 2.382034 69
 6 0 57.500000 2.849905 22
 7 0 17.500000 2.838390 70
 4 1 7.500000 1.520544 99
 11 1 42.500000 2.001020 337
 5 0 52.500000 2.383513 52
 5 1 7.500000 2.980174 35
 6 1 12.500000 2.728176 5
 5 1 27.500000 1.059536 43
 5 1 17.500000 2.593473 39
 4 1 37.500000 1.184027 111
 6 0 67.500000 1.792524 26
 6 1 57.500000 2.350658 23
 6 1 2.500000 1.042141 1
 7 0 7.500000 2.112721 66
 7 0 2.500000 1.150489 64
 6 1 62.500000 1.873374 25
 2 0 7.500000 2.099109 226
 1666717.325238 28
 5 0 72.500000 1.935785 60
 6 0 72.500000 1.244344 28
 5 0 57.500000 1.682106 54
 9 0 77.500000 2.856138 222
 7 0 7.500000 2.112721 66
 5 1 47.500000 1.904229 51
 5 0 32.500000 1.620250 44
 10 1 42.500000 2.801313 273
 5 1 62.500000 2.995443 57
 1 0 42.500000 2.695670 304
 5 0 67.500000 2.417599 58
 7 1 27.500000 2.893043 75
 6 1 52.500000 1.501449 21
 3 1 42.500000 1.287353 177
 6 1 7.500000 1.656160 3
 7 0 17.500000 2.838390 70
 6 0 12.500000 1.080308 4
 6 1 42.500000 1.849598 17
 6 0 47.500000 2.199773 18
 8 1 57.500000 1.487390 151
 9 1 67.500000 1.954979 219
 7 0 22.500000 1.491842 72
 5 1 32.500000 1.535551 45
 5 0 62.500000 1.436604 56
 7 1 72.500000 1.328094 93
 7 1 22.500000 1.380981 73
 5 1 27.500000 1.059536 43
 5 1 52.500000 1.702843 53
 1179193.649394 4
 5 0 17.500000 1.752876 38
 7 0 17.500000 2.838390 70
 5 0 42.500000 1.599860 48
 6 1 47.500000 1.577379 19
 491806.414673 21
 5 1 77.500000 2.824963 63
 5 1 12.500000 1.907167 37
 5 1 52.500000 1.702843 53
 6 0 47.500000 2.199773 18
 6 0 42.500000 1.003620 16
 6 1 62.500000 1.873374 25
 0 0 67.500000 2.865048 378
 4 1 27.500000 2.587297 107
 6 0 22.500000 1.199292 8
 2 0 77.500000 1.057265 254
 7 1 22.500000 1.380981 73
 7 1 27.500000 2.893043 75
 6 1 27.500000 2.631786 11
 0 1 32.500000 1.336219 365
 7 0 2.500000 1.150489 64
 7 0 17.500000 2.838390 70
 5 0 17.500000 1.752876 38
 5 1 2.500000 1.219134 33
 11 1 37.500000 2.032447 335
 5 0 27.500000 1.791578 42
 5 0 37.500000 2.007515 46
 1564557.091428 9
 5 0 77.500000 1.814888 62
 7 1 27.500000 2.893043 75
 5 0 47.500000 1.030993 50
 6 0 62.500000 1.514956 24
 6 1 57.500000 2.350658 23
 5 1 22.500000 2.880692 41
 6 0 52.500000 1.008598 20
 5 0 52.500000 2.383513 52
 5 1 2.500000 1.219134 33
 295904.008996 3
 6 1 67.500000 2.943371 27
 10 1 47.500000 1.034117 275
 6 0 12.500000 1.080308 4
 381157.723582 14
 6 1 72.500000 1.693895 29
 5 1 57.500000 1.156508 55
 6 0 32.500000 2.434170 12
 6 0 47.500000 2.199773 18
 6 1 17.500000 2.018278 7
 4 0 12.500000 1.790181 100
 5 1 32.500000 1.535551 45
 6 1 42.500000 1.849598 17
 1 1 67.500000 2.209518 315
 5 0 37.500000 2.007515 46
 5 1 67.500000 2.592368 59
 1 1 57.500000 2.111509 311
 6 0 2.500000 1.980070 0
 5 1 12.500000 1.907167 37
 1317086.617312 15
 5 1 62.500000 2.995443 57
 5 1 77.500000 2.824963 63
 6 0 32.500000 2.434170 12
 5 1 57.500000 1.156508 55
 5 0 12.500000 1.787226 36
 5 0 67.500000 2.417599 58
 6 0 42.500000 1.003620 16
 5 0 27.500000 1.791578 42
 6 1 42.500000 1.849598 17
 5 0 22.500000 2.502938 40
 5 0 52.500000 2.383513 52
 7 0 17.500000 2.838390 70
 7 1 27.500000 2.893043 75
 8 0 2.500000 1.953024 128
 5 0 2.500000 1.399370 32
 459766.084915 1
 7 1 7.500000 2.507269 67
 1318096.633310 18
 5 0 62.500000 1.436604 56
 5 1 12.500000 1.907167 37
 1 1 37.500000 2.774719 303
 5 1 57.500000 1.156508 55
 7 0 7.500000 2.112721 66
 5 1 62.500000 2.995443 57
 6 0 62.500000 1.514956 24
 5 1 17.500000 2.593473 39
 6 0 77.500000 1.292457 30
 6 1 7.500000 1.656160 3
 6 0 37.500000 2.136932 14
 6 1 42.500000 1.849598 17
 5 0 22.500000 2.502938 40
 6 1 62.500000 1.873374 25
 2 1 62.500000 1.713369 249
 5 0 32.500000 1.620250 44
 7 0 17.500000 2.838390 70
 5 0 37.500000 2.007515 46
 1500438.049389 24
 7 1 12.500000 2.382034 69
 6 1 72.500000 1.693895 29
 6 0 7.500000 1.268856 2
 5 0 32.500000 1.620250 44
 5 0 2.500000 1.399370 32
 6 0 72.500000 1.244344 28
 6 0 12.500000 1.080308 4
 5 0 22.500000 2.502938 40
 6 0 17.500000 2.456121 6
 5 1 22.500000 2.880692 41
 7 1 27.500000 2.893043 75
 4 0 57.500000 1.272546 118
 5 0 42.500000 1.599860 48
 6 1 7.500000 1.656160 3
 5 1 57.500000 1.156508 55
 6 0 2.500000 1.980070 0
 5 0 77.500000 1.814888 62
 6 1 32.500000 1.101811 13
 4 0 72.500000 2.155391 124
 5 0 62.500000 1.436604 56
 5 1 27.500000 1.059536 43
 8 1 22.500000 1.954009 137
 4 0 67.500000 2.284893 122
 9 0 27.500000 1.563334 202
 410303.650242 9
 5 1 12.500000 1.907167 37
 6 0 72.500000 1.244344 28
 6 1 77.500000 2.325543 31
 6 0 37.500000 2.136932 14
 5 1 42.500000 2.853277 49
 5 1 2.500000 1.219134 33
 7 1 17.500000 2.813797 71
 6 0 62.500000 1.514956 24
 5 0 17.500000 1.752876 38
 687835.903246 13
 5 1 2.500000 1.219134 33
 1 1 2.500000 1.576669 289
 7 1 22.500000 1.380981 73
 9 1 27.500000 2.959932 203
 11 0 42.500000 1.330993 336
 6 0 72.500000 1.244344 28
 6 1 57.500000 2.350658 23
 5 0 72.500000 1.935785 60
 6 1 27.500000 2.631786 11
 8 0 2.500000 1.953024 128
 6 1 47.500000 1.577379 19
 6 0 42.500000 1.003620 16
 5 0 57.500000 1.682106 54
 1160519.661270 7
 6 0 47.500000 2.199773 18
 5 1 42.500000 2.853277 49
 5 0 2.500000 1.399370 32
 10 0 62.500000 2.500951 280
 6 0 7.500000 1.268856 2
 6 1 27.500000 2.631786 11
 1 1 47.500000 2.194705 307
 1206730.423424 16
 6 0 12.500000 1.080308 4
 5 0 42.500000 1.599860 48
 5 0 37.500000 2.007515 46
 6 1 77.500000 2.325543 31
 5 0 27.500000 1.791578 42
 5 1 37.500000 2.299732 47
 6 0 17.500000 2.456121 6
 5 1 77.500000 2.824963 63
 1 1 67.500000 2.209518 315
 6 0 62.500000 1.514956 24
 6 0 2.500000 1.980070 0
 7 1 42.500000 2.142265 81
 7 0 2.500000 1.150489 64
 7 1 17.500000 2.813797 71
 6 0 72.500000 1.244344 28
 9 1 47.500000 1.646978 211