 Numero de pedidos 
 50
 duedate num_referencias // pasillo lado altura peso
 1188818.453508 34
 2 1 62.500000 1.497294 89
 0 1 22.500000 2.384328 9
 0 1 2.500000 2.831293 1
 0 0 17.500000 2.765312 6
 1 1 72.500000 2.761895 61
 1 0 57.500000 2.249934 54
 10 1 17.500000 2.630886 327
 0 1 77.500000 2.333246 31
 1 0 2.500000 2.861934 32
 1 1 42.500000 1.033269 49
 3 0 57.500000 2.864779 118
 1 1 67.500000 2.747520 59
 1 1 37.500000 1.205252 47
 0 1 42.500000 1.179931 17
 0 0 22.500000 1.988123 8
 4 1 2.500000 2.511726 129
 1 1 2.500000 2.527628 33
 0 1 72.500000 2.206345 29
 4 0 7.500000 2.583126 130
 3 1 72.500000 2.139852 125
 0 0 67.500000 1.703741 26
 0 1 57.500000 2.823908 23
 0 0 57.500000 1.101495 22
 10 0 12.500000 1.574895 324
 1 0 22.500000 2.319455 40
 3 0 17.500000 2.729075 102
 1 0 52.500000 1.410210 52
 3 1 32.500000 2.943947 109
 0 0 42.500000 2.634568 16
 0 1 17.500000 2.599630 7
 4 1 22.500000 1.513404 137
 2 1 27.500000 2.085125 75
 1 0 72.500000 1.568915 60
 2 1 2.500000 2.751612 65
 510433.052122 5
 3 0 62.500000 1.588308 120
 3 0 67.500000 1.119148 122
 0 0 17.500000 2.765312 6
 7 1 7.500000 1.145248 227
 4 0 32.500000 1.579466 140
 495953.302447 34
 9 0 77.500000 2.077222 318
 1 1 72.500000 2.761895 61
 1 0 52.500000 1.410210 52
 2 1 17.500000 1.381431 71
 1 0 2.500000 2.861934 32
 3 0 32.500000 2.416787 108
 2 0 17.500000 2.685987 70
 3 0 72.500000 2.927955 124
 1 1 47.500000 1.636188 51
 2 1 22.500000 2.972590 73
 1 1 27.500000 2.618497 43
 3 0 27.500000 1.664666 106
 0 1 72.500000 2.206345 29
 8 1 47.500000 2.513437 275
 2 0 62.500000 1.137234 88
 1 0 42.500000 2.669663 48
 2 1 27.500000 2.085125 75
 10 0 67.500000 2.627432 346
 0 0 67.500000 1.703741 26
 2 1 7.500000 1.214905 67
 7 0 2.500000 1.108412 224
 4 0 27.500000 1.777159 138
 1 1 22.500000 1.083868 41
 2 0 52.500000 1.471671 84
 10 0 12.500000 1.574895 324
 9 0 22.500000 1.346193 296
 0 1 67.500000 2.767448 27
 6 1 62.500000 1.155789 217
 3 0 57.500000 2.864779 118
 2 0 22.500000 1.705300 72
 0 0 72.500000 2.506230 28
 0 0 57.500000 1.101495 22
 1 0 7.500000 1.836199 34
 0 0 22.500000 1.988123 8
 721012.660154 28
 0 0 27.500000 1.392994 10
 4 1 7.500000 2.596834 131
 3 0 42.500000 2.932527 112
 1 1 7.500000 2.995731 35
 2 1 12.500000 1.127785 69
 0 0 52.500000 1.697979 20
 0 1 27.500000 2.053411 11
 1 1 17.500000 1.479284 39
 1 0 2.500000 2.861934 32
 1 1 12.500000 2.171855 37
 0 0 77.500000 2.042026 30
 0 0 12.500000 2.723634 4
 0 1 57.500000 2.823908 23
 1 0 72.500000 1.568915 60
 5 0 62.500000 2.536299 184
 2 0 2.500000 1.104109 64
 5 1 12.500000 1.611300 165
 2 1 22.500000 2.972590 73
 3 0 72.500000 2.927955 124
 0 0 62.500000 1.416985 24
 11 1 27.500000 2.485607 363
 8 0 47.500000 2.531595 274
 1 1 2.500000 2.527628 33
 2 0 22.500000 1.705300 72
 2 0 52.500000 1.471671 84
 1 0 47.500000 2.146108 50
 2 1 2.500000 2.751612 65
 0 1 47.500000 2.408026 19
 1229063.622052 24
 1 0 47.500000 2.146108 50
 1 1 2.500000 2.527628 33
 2 0 32.500000 2.699847 76
 1 0 42.500000 2.669663 48
 2 0 7.500000 2.346595 66
 8 1 42.500000 1.582349 273
 0 1 77.500000 2.333246 31
 10 1 7.500000 2.030319 323
 1 0 72.500000 1.568915 60
 1 1 57.500000 2.643330 55
 0 0 62.500000 1.416985 24
 2 0 12.500000 2.908498 68
 2 1 27.500000 2.085125 75
 4 0 47.500000 2.000698 146
 0 1 47.500000 2.408026 19
 2 1 17.500000 1.381431 71
 1 0 77.500000 1.162157 62
 0 0 32.500000 1.676673 12
 0 0 12.500000 2.723634 4
 2 1 7.500000 1.214905 67
 1 1 37.500000 1.205252 47
 3 0 77.500000 2.493879 126
 1 1 72.500000 2.761895 61
 0 1 72.500000 2.206345 29
 1876078.115216 8
 1 1 17.500000 1.479284 39
 4 0 52.500000 1.187000 148
 10 0 22.500000 1.295139 328
 2 0 22.500000 1.705300 72
 0 0 2.500000 1.389352 0
 0 1 47.500000 2.408026 19
 0 1 42.500000 1.179931 17
 0 0 32.500000 1.676673 12
 1738966.396925 13
 1 0 27.500000 2.564087 42
 1 1 37.500000 1.205252 47
 4 1 57.500000 2.645822 151
 3 0 47.500000 1.787533 114
 10 1 2.500000 1.214012 321
 1 0 37.500000 1.927483 46
 2 1 42.500000 2.661543 81
 2 0 7.500000 2.346595 66
 8 1 22.500000 2.931156 265
 4 1 52.500000 1.913868 149
 0 0 47.500000 1.105873 18
 0 0 12.500000 2.723634 4
 1 0 67.500000 1.110058 58
 1214160.510066 23
 0 1 12.500000 2.114522 5
 0 0 37.500000 1.561211 14
 0 1 62.500000 1.263385 25
 0 1 7.500000 1.961964 3
 4 1 42.500000 1.602904 145
 6 0 47.500000 1.360790 210
 3 1 12.500000 1.113865 101
 1 0 67.500000 1.110058 58
 1 1 17.500000 1.479284 39
 0 0 17.500000 2.765312 6
 1 0 57.500000 2.249934 54
 1 0 17.500000 2.361247 38
 1 0 52.500000 1.410210 52
 0 0 52.500000 1.697979 20
 2 0 17.500000 2.685987 70
 1 0 62.500000 2.445028 56
 1 1 12.500000 2.171855 37
 2 0 2.500000 1.104109 64
 0 0 72.500000 2.506230 28
 0 1 57.500000 2.823908 23
 0 1 67.500000 2.767448 27
 1 0 22.500000 2.319455 40
 9 0 42.500000 1.113337 304
 166871.683061 15
 1 0 17.500000 2.361247 38
 0 1 77.500000 2.333246 31
 0 0 57.500000 1.101495 22
 1 1 7.500000 2.995731 35
 8 0 12.500000 1.643260 260
 0 0 62.500000 1.416985 24
 1 0 77.500000 1.162157 62
 2 0 27.500000 2.323799 74
 2 1 2.500000 2.751612 65
 3 1 7.500000 2.731854 99
 1 1 27.500000 2.618497 43
 2 0 2.500000 1.104109 64
 1 1 67.500000 2.747520 59
 1 1 77.500000 2.370150 63
 0 0 42.500000 2.634568 16
 303591.355469 33
 2 1 12.500000 1.127785 69
 1 0 17.500000 2.361247 38
 0 0 37.500000 1.561211 14
 1 1 52.500000 1.400622 53
 1 0 42.500000 2.669663 48
 2 0 22.500000 1.705300 72
 6 1 37.500000 2.647441 207
 1 1 77.500000 2.370150 63
 1 0 2.500000 2.861934 32
 1 1 22.500000 1.083868 41
 1 1 12.500000 2.171855 37
 4 1 17.500000 1.107246 135
 4 0 47.500000 2.000698 146
 0 0 52.500000 1.697979 20
 3 0 42.500000 2.932527 112
 0 1 52.500000 1.928667 21
 1 1 7.500000 2.995731 35
 8 1 67.500000 2.409990 283
 1 0 57.500000 2.249934 54
 8 0 47.500000 2.531595 274
 2 1 2.500000 2.751612 65
 1 0 72.500000 1.568915 60
 6 1 72.500000 2.092928 221
 1 1 57.500000 2.643330 55
 1 1 2.500000 2.527628 33
 0 0 12.500000 2.723634 4
 1 0 62.500000 2.445028 56
 1 1 37.500000 1.205252 47
 3 0 47.500000 1.787533 114
 1 1 47.500000 1.636188 51
 0 1 57.500000 2.823908 23
 2 1 57.500000 1.424950 87
 0 0 42.500000 2.634568 16
 1490321.518374 11
 1 1 12.500000 2.171855 37
 1 1 52.500000 1.400622 53
 1 0 7.500000 1.836199 34
 1 0 52.500000 1.410210 52
 6 0 62.500000 2.732859 216
 0 1 57.500000 2.823908 23
 0 0 67.500000 1.703741 26
 1 1 72.500000 2.761895 61
 0 0 57.500000 1.101495 22
 0 1 17.500000 2.599630 7
 2 1 17.500000 1.381431 71
 992704.394512 18
 2 1 7.500000 1.214905 67
 2 0 2.500000 1.104109 64
 0 0 37.500000 1.561211 14
 4 1 32.500000 2.079059 141
 4 0 52.500000 1.187000 148
 1 1 47.500000 1.636188 51
 1 0 77.500000 1.162157 62
 0 1 62.500000 1.263385 25
 2 0 32.500000 2.699847 76
 9 0 37.500000 1.904175 302
 0 1 2.500000 2.831293 1
 1 1 57.500000 2.643330 55
 0 0 77.500000 2.042026 30
 0 0 62.500000 1.416985 24
 1 0 22.500000 2.319455 40
 1 1 32.500000 1.925503 45
 6 1 72.500000 2.092928 221
 10 0 62.500000 1.379462 344
 343229.764543 16
 0 1 77.500000 2.333246 31
 1 0 22.500000 2.319455 40
 1 0 27.500000 2.564087 42
 0 1 27.500000 2.053411 11
 10 0 77.500000 1.945260 350
 1 1 22.500000 1.083868 41
 0 0 62.500000 1.416985 24
 0 0 2.500000 1.389352 0
 1 0 12.500000 1.251275 36
 1 0 2.500000 2.861934 32
 0 1 67.500000 2.767448 27
 1 0 77.500000 1.162157 62
 3 0 67.500000 1.119148 122
 1 1 42.500000 1.033269 49
 1 1 12.500000 2.171855 37
 1 1 47.500000 1.636188 51
 523527.795469 7
 1 1 22.500000 1.083868 41
 2 1 57.500000 1.424950 87
 2 1 17.500000 1.381431 71
 2 1 7.500000 1.214905 67
 0 0 47.500000 1.105873 18
 1 1 62.500000 1.579527 57
 0 1 77.500000 2.333246 31
 1943574.437752 9
 1 1 77.500000 2.370150 63
 2 1 12.500000 1.127785 69
 2 1 2.500000 2.751612 65
 6 1 47.500000 2.802281 211
 0 0 72.500000 2.506230 28
 0 1 57.500000 2.823908 23
 0 1 67.500000 2.767448 27
 4 1 42.500000 1.602904 145
 1 1 7.500000 2.995731 35
 1134078.627310 6
 0 1 62.500000 1.263385 25
 0 1 27.500000 2.053411 11
 1 1 57.500000 2.643330 55
 1 0 47.500000 2.146108 50
 5 1 42.500000 1.348176 177
 1 0 57.500000 2.249934 54
 274913.546999 26
 0 1 72.500000 2.206345 29
 2 1 27.500000 2.085125 75
 1 1 62.500000 1.579527 57
 1 1 22.500000 1.083868 41
 4 1 52.500000 1.913868 149
 0 0 72.500000 2.506230 28
 8 1 42.500000 1.582349 273
 3 1 47.500000 1.064948 115
 4 1 32.500000 2.079059 141
 2 1 37.500000 2.674723 79
 1 0 52.500000 1.410210 52
 0 1 67.500000 2.767448 27
 1 0 42.500000 2.669663 48
 0 0 57.500000 1.101495 22
 4 0 47.500000 2.000698 146
 1 0 57.500000 2.249934 54
 0 1 22.500000 2.384328 9
 3 1 42.500000 2.974105 113
 1 0 7.500000 1.836199 34
 0 0 2.500000 1.389352 0
 0 1 17.500000 2.599630 7
 6 1 17.500000 2.955183 199
 0 1 37.500000 1.270937 15
 11 0 52.500000 2.663306 372
 2 0 12.500000 2.908498 68
 0 1 42.500000 1.179931 17
 562131.688130 14
 2 0 7.500000 2.346595 66
 0 0 22.500000 1.988123 8
 0 1 52.500000 1.928667 21
 1 1 42.500000 1.033269 49
 6 1 17.500000 2.955183 199
 1 1 32.500000 1.925503 45
 2 0 12.500000 2.908498 68
 1 1 72.500000 2.761895 61
 11 1 67.500000 2.652545 379
 0 0 32.500000 1.676673 12
 2 0 2.500000 1.104109 64
 0 1 57.500000 2.823908 23
 0 1 42.500000 1.179931 17
 1 0 77.500000 1.162157 62
 1895354.316670 10
 0 1 72.500000 2.206345 29
 4 1 32.500000 2.079059 141
 0 1 77.500000 2.333246 31
 1 1 42.500000 1.033269 49
 6 0 27.500000 1.523079 202
 2 1 2.500000 2.751612 65
 0 1 7.500000 1.961964 3
 1 0 32.500000 1.083116 44
 1 0 37.500000 1.927483 46
 2 1 12.500000 1.127785 69
 1024624.601595 24
 7 0 72.500000 1.757793 252
 2 0 22.500000 1.705300 72
 2 0 52.500000 1.471671 84
 0 1 7.500000 1.961964 3
 1 0 47.500000 2.146108 50
 1 0 67.500000 1.110058 58
 0 0 57.500000 1.101495 22
 1 0 62.500000 2.445028 56
 1 1 37.500000 1.205252 47
 2 1 12.500000 1.127785 69
 1 1 77.500000 2.370150 63
 1 1 32.500000 1.925503 45
 0 1 47.500000 2.408026 19
 2 1 2.500000 2.751612 65
 0 1 62.500000 1.263385 25
 1 0 32.500000 1.083116 44
 4 0 17.500000 2.209026 134
 0 0 72.500000 2.506230 28
 3 1 7.500000 2.731854 99
 4 0 2.500000 2.950706 128
 0 1 27.500000 2.053411 11
 1 0 22.500000 2.319455 40
 0 0 17.500000 2.765312 6
 1 0 42.500000 2.669663 48
 427184.885045 6
 2 0 22.500000 1.705300 72
 1 1 32.500000 1.925503 45
 2 1 72.500000 1.338333 93
 1 1 47.500000 1.636188 51
 1 1 17.500000 1.479284 39
 1 0 32.500000 1.083116 44
 652160.586851 4
 2 1 72.500000 1.338333 93
 1 0 22.500000 2.319455 40
 3 0 37.500000 2.923966 110
 1 0 77.500000 1.162157 62
 198663.721140 10
 2 0 17.500000 2.685987 70
 6 0 52.500000 1.929999 212
 4 1 12.500000 2.039163 133
 1 0 47.500000 2.146108 50
 1 1 52.500000 1.400622 53
 5 1 7.500000 1.822725 163
 3 0 57.500000 2.864779 118
 2 0 12.500000 2.908498 68
 0 0 32.500000 1.676673 12
 2 1 7.500000 1.214905 67
 936246.208854 19
 1 1 57.500000 2.643330 55
 2 0 22.500000 1.705300 72
 1 1 52.500000 1.400622 53
 3 1 57.500000 2.342095 119
 1 1 47.500000 1.636188 51
 1 1 77.500000 2.370150 63
 1 0 72.500000 1.568915 60
 10 0 42.500000 1.854411 336
 1 0 42.500000 2.669663 48
 1 0 67.500000 1.110058 58
 1 0 2.500000 2.861934 32
 2 1 22.500000 2.972590 73
 0 1 57.500000 2.823908 23
 1 0 57.500000 2.249934 54
 1 0 47.500000 2.146108 50
 0 1 72.500000 2.206345 29
 0 0 12.500000 2.723634 4
 0 0 57.500000 1.101495 22
 1 0 37.500000 1.927483 46
 91377.588758 11
 2 0 27.500000 2.323799 74
 0 1 47.500000 2.408026 19
 1 1 2.500000 2.527628 33
 0 1 52.500000 1.928667 21
 2 1 7.500000 1.214905 67
 4 0 72.500000 1.447321 156
 0 0 47.500000 1.105873 18
 0 1 67.500000 2.767448 27
 1 1 52.500000 1.400622 53
 0 1 77.500000 2.333246 31
 0 1 32.500000 1.841469 13
 777423.017797 20
 0 0 52.500000 1.697979 20
 2 0 12.500000 2.908498 68
 1 0 37.500000 1.927483 46
 0 1 7.500000 1.961964 3
 1 1 77.500000 2.370150 63
 1 1 12.500000 2.171855 37
 0 1 57.500000 2.823908 23
 0 0 12.500000 2.723634 4
 1 0 32.500000 1.083116 44
 0 0 67.500000 1.703741 26
 0 1 42.500000 1.179931 17
 0 1 47.500000 2.408026 19
 0 1 37.500000 1.270937 15
 1 1 42.500000 1.033269 49
 2 0 22.500000 1.705300 72
 2 1 2.500000 2.751612 65
 1 0 12.500000 1.251275 36
 1 1 72.500000 2.761895 61
 2 1 47.500000 1.546943 83
 1 0 47.500000 2.146108 50
 1530480.147810 15
 1 0 17.500000 2.361247 38
 1 0 47.500000 2.146108 50
 1 1 57.500000 2.643330 55
 4 0 17.500000 2.209026 134
 1 0 62.500000 2.445028 56
 0 1 12.500000 2.114522 5
 2 1 2.500000 2.751612 65
 3 0 77.500000 2.493879 126
 1 1 67.500000 2.747520 59
 0 0 67.500000 1.703741 26
 4 1 42.500000 1.602904 145
 1 1 2.500000 2.527628 33
 0 0 37.500000 1.561211 14
 3 1 2.500000 2.082014 97
 1 1 7.500000 2.995731 35
 362171.051242 31
 0 0 52.500000 1.697979 20
 0 1 57.500000 2.823908 23
 1 0 52.500000 1.410210 52
 1 1 12.500000 2.171855 37
 1 1 32.500000 1.925503 45
 2 1 12.500000 1.127785 69
 1 1 62.500000 1.579527 57
 1 0 17.500000 2.361247 38
 5 0 57.500000 1.452450 182
 0 0 77.500000 2.042026 30
 1 0 72.500000 1.568915 60
 3 0 32.500000 2.416787 108
 4 1 17.500000 1.107246 135
 0 0 22.500000 1.988123 8
 0 0 42.500000 2.634568 16
 1 1 2.500000 2.527628 33
 3 0 62.500000 1.588308 120
 1 0 12.500000 1.251275 36
 4 0 17.500000 2.209026 134
 1 0 42.500000 2.669663 48
 6 0 42.500000 1.532678 208
 1 1 17.500000 1.479284 39
 4 1 2.500000 2.511726 129
 0 1 7.500000 1.961964 3
 2 0 17.500000 2.685987 70
 11 0 47.500000 2.863941 370
 1 1 47.500000 1.636188 51
 2 1 22.500000 2.972590 73
 1 1 52.500000 1.400622 53
 0 1 67.500000 2.767448 27
 0 1 77.500000 2.333246 31
 1920308.031067 22
 0 0 67.500000 1.703741 26
 1 1 47.500000 1.636188 51
 0 1 2.500000 2.831293 1
 0 0 42.500000 2.634568 16
 4 1 37.500000 2.657401 143
 1 0 12.500000 1.251275 36
 1 1 27.500000 2.618497 43
 2 0 42.500000 2.071795 80
 1 1 67.500000 2.747520 59
 1 0 22.500000 2.319455 40
 4 1 47.500000 1.728636 147
 0 0 47.500000 1.105873 18
 0 1 57.500000 2.823908 23
 1 1 7.500000 2.995731 35
 0 0 22.500000 1.988123 8
 3 1 52.500000 2.146538 117
 1 1 17.500000 1.479284 39
 1 0 62.500000 2.445028 56
 6 0 72.500000 1.387642 220
 2 1 27.500000 2.085125 75
 0 1 42.500000 1.179931 17
 1 0 27.500000 2.564087 42
 912462.307118 23
 1 0 2.500000 2.861934 32
 1 0 32.500000 1.083116 44
 1 1 67.500000 2.747520 59
 3 0 62.500000 1.588308 120
 9 0 27.500000 2.983423 298
 0 0 17.500000 2.765312 6
 1 1 62.500000 1.579527 57
 2 0 7.500000 2.346595 66
 0 1 72.500000 2.206345 29
 1 0 57.500000 2.249934 54
 3 0 37.500000 2.923966 110
 1 1 17.500000 1.479284 39
 0 1 42.500000 1.179931 17
 1 1 77.500000 2.370150 63
 1 1 7.500000 2.995731 35
 4 0 22.500000 1.491135 136
 1 0 72.500000 1.568915 60
 11 1 32.500000 1.152851 365
 0 0 7.500000 1.541260 2
 0 0 32.500000 1.676673 12
 0 1 57.500000 2.823908 23
 0 0 12.500000 2.723634 4
 2 1 17.500000 1.381431 71
 1046298.264100 13
 1 1 77.500000 2.370150 63
 2 1 12.500000 1.127785 69
 2 1 2.500000 2.751612 65
 0 0 32.500000 1.676673 12
 7 0 12.500000 2.178700 228
 0 0 22.500000 1.988123 8
 0 0 17.500000 2.765312 6
 1 1 52.500000 1.400622 53
 6 0 37.500000 2.004084 206
 0 1 37.500000 1.270937 15
 1 0 27.500000 2.564087 42
 1 0 12.500000 1.251275 36
 0 1 27.500000 2.053411 11
 1960015.601516 1
 1 0 47.500000 2.146108 50
 1002053.948642 5
 1 1 62.500000 1.579527 57
 0 0 37.500000 1.561211 14
 0 1 52.500000 1.928667 21
 0 1 7.500000 1.961964 3
 9 0 47.500000 2.206991 306
 294019.963245 22
 2 1 12.500000 1.127785 69
 6 1 17.500000 2.955183 199
 9 0 12.500000 2.810901 292
 0 0 2.500000 1.389352 0
 1 0 52.500000 1.410210 52
 1 0 22.500000 2.319455 40
 11 1 37.500000 2.662447 367
 0 1 52.500000 1.928667 21
 3 0 77.500000 2.493879 126
 11 0 22.500000 2.522519 360
 0 0 32.500000 1.676673 12
 0 1 77.500000 2.333246 31
 1 1 42.500000 1.033269 49
 1 1 27.500000 2.618497 43
 0 0 17.500000 2.765312 6
 1 0 77.500000 1.162157 62
 0 0 47.500000 1.105873 18
 4 0 27.500000 1.777159 138
 8 0 17.500000 1.773512 262
 0 0 77.500000 2.042026 30
 3 1 47.500000 1.064948 115
 1 0 27.500000 2.564087 42
 928578.736339 8
 2 1 17.500000 1.381431 71
 4 0 32.500000 1.579466 140
 0 1 7.500000 1.961964 3
 11 1 17.500000 2.135094 359
 1 1 62.500000 1.579527 57
 0 1 22.500000 2.384328 9
 0 0 42.500000 2.634568 16
 4 0 77.500000 1.972263 158
 1403473.956158 20
 8 1 47.500000 2.513437 275
 0 0 2.500000 1.389352 0
 1 0 12.500000 1.251275 36
 2 1 2.500000 2.751612 65
 1 1 37.500000 1.205252 47
 1 1 42.500000 1.033269 49
 1 0 72.500000 1.568915 60
 1 1 27.500000 2.618497 43
 4 1 42.500000 1.602904 145
 1 0 47.500000 2.146108 50
 0 1 42.500000 1.179931 17
 7 1 17.500000 1.492885 231
 0 1 67.500000 2.767448 27
 1 0 7.500000 1.836199 34
 3 0 42.500000 2.932527 112
 0 1 37.500000 1.270937 15
 0 1 2.500000 2.831293 1
 2 0 7.500000 2.346595 66
 1 1 67.500000 2.747520 59
 0 1 77.500000 2.333246 31
 1310785.601489 28
 1 0 27.500000 2.564087 42
 1 0 42.500000 2.669663 48
 1 0 37.500000 1.927483 46
 1 1 12.500000 2.171855 37
 0 1 37.500000 1.270937 15
 1 0 67.500000 1.110058 58
 0 1 12.500000 2.114522 5
 1 0 12.500000 1.251275 36
 1 0 2.500000 2.861934 32
 0 1 57.500000 2.823908 23
 0 1 22.500000 2.384328 9
 1 1 62.500000 1.579527 57
 2 0 12.500000 2.908498 68
 0 0 22.500000 1.988123 8
 2 1 22.500000 2.972590 73
 0 0 47.500000 1.105873 18
 4 1 52.500000 1.913868 149
 2 1 7.500000 1.214905 67
 0 0 77.500000 2.042026 30
 7 0 7.500000 2.384789 226
 1 0 7.500000 1.836199 34
 0 1 27.500000 2.053411 11
 1 1 32.500000 1.925503 45
 7 1 32.500000 2.010795 237
 1 1 17.500000 1.479284 39
 0 0 72.500000 2.506230 28
 2 1 27.500000 2.085125 75
 4 0 27.500000 1.777159 138
 1326129.764750 35
 1 1 42.500000 1.033269 49
 0 0 37.500000 1.561211 14
 1 0 12.500000 1.251275 36
 0 1 72.500000 2.206345 29
 0 0 57.500000 1.101495 22
 9 0 52.500000 2.082237 308
 1 0 52.500000 1.410210 52
 0 0 17.500000 2.765312 6
 0 1 12.500000 2.114522 5
 1 0 47.500000 2.146108 50
 0 0 72.500000 2.506230 28
 1 1 12.500000 2.171855 37
 0 1 37.500000 1.270937 15
 3 0 67.500000 1.119148 122
 0 1 47.500000 2.408026 19
 9 1 77.500000 1.862710 319
 1 0 62.500000 2.445028 56
 1 1 57.500000 2.643330 55
 1 1 47.500000 1.636188 51
 11 0 47.500000 2.863941 370
 1 1 77.500000 2.370150 63
 0 1 42.500000 1.179931 17
 1 0 2.500000 2.861934 32
 1 0 42.500000 2.669663 48
 9 1 2.500000 2.384047 289
 3 1 77.500000 2.621464 127
 4 0 17.500000 2.209026 134
 0 0 12.500000 2.723634 4
 2 1 22.500000 2.972590 73
 0 1 22.500000 2.384328 9
 3 1 37.500000 1.104119 111
 0 0 27.500000 1.392994 10
 0 0 32.500000 1.676673 12
 0 0 2.500000 1.389352 0
 2 1 2.500000 2.751612 65
 1703991.112068 20
 0 1 32.500000 1.841469 13
 1 0 17.500000 2.361247 38
 6 0 67.500000 1.343736 218
 0 0 67.500000 1.703741 26
 6 0 2.500000 1.427616 192
 1 1 72.500000 2.761895 61
 0 1 67.500000 2.767448 27
 6 0 12.500000 2.314566 196
 4 1 7.500000 2.596834 131
 2 1 22.500000 2.972590 73
 0 1 72.500000 2.206345 29
 0 0 37.500000 1.561211 14
 1 1 47.500000 1.636188 51
 0 0 2.500000 1.389352 0
 0 0 77.500000 2.042026 30
 0 1 2.500000 2.831293 1
 0 1 57.500000 2.823908 23
 1 1 37.500000 1.205252 47
 2 1 12.500000 1.127785 69
 0 1 12.500000 2.114522 5
 1355277.501287 26
 1 1 72.500000 2.761895 61
 1 1 12.500000 2.171855 37
 1 0 47.500000 2.146108 50
 1 0 32.500000 1.083116 44
 0 1 77.500000 2.333246 31
 1 0 2.500000 2.861934 32
 1 1 37.500000 1.205252 47
 0 0 42.500000 2.634568 16
 2 0 2.500000 1.104109 64
 2 1 12.500000 1.127785 69
 1 0 42.500000 2.669663 48
 0 0 22.500000 1.988123 8
 2 1 27.500000 2.085125 75
 0 0 57.500000 1.101495 22
 0 1 67.500000 2.767448 27
 9 0 17.500000 1.987380 294
 2 1 32.500000 2.333014 77
 0 1 62.500000 1.263385 25
 1 1 62.500000 1.579527 57
 0 0 27.500000 1.392994 10
 0 0 47.500000 1.105873 18
 3 1 22.500000 1.780548 105
 2 1 22.500000 2.972590 73
 0 0 62.500000 1.416985 24
 0 0 67.500000 1.703741 26
 4 0 32.500000 1.579466 140
 760030.818284 18
 1 0 57.500000 2.249934 54
 1 1 57.500000 2.643330 55
 3 0 67.500000 1.119148 122
 1 0 62.500000 2.445028 56
 8 1 22.500000 2.931156 265
 2 0 7.500000 2.346595 66
 1 0 77.500000 1.162157 62
 0 1 32.500000 1.841469 13
 1 1 72.500000 2.761895 61
 0 1 2.500000 2.831293 1
 3 1 22.500000 1.780548 105
 2 0 17.500000 2.685987 70
 8 0 52.500000 1.337160 276
 1 1 47.500000 1.636188 51
 1 0 2.500000 2.861934 32
 8 1 17.500000 1.408133 263
 2 1 47.500000 1.546943 83
 6 1 2.500000 1.946720 193
 1082325.821874 10
 1 1 47.500000 1.636188 51
 2 0 22.500000 1.705300 72
 0 1 67.500000 2.767448 27
 3 0 22.500000 1.477110 104
 1 1 7.500000 2.995731 35
 2 1 2.500000 2.751612 65
 4 0 27.500000 1.777159 138
 4 1 2.500000 2.511726 129
 0 1 32.500000 1.841469 13
 1 1 57.500000 2.643330 55
 1032954.926059 34
 1 1 77.500000 2.370150 63
 0 1 42.500000 1.179931 17
 1 0 62.500000 2.445028 56
 0 1 17.500000 2.599630 7
 0 0 77.500000 2.042026 30
 2 1 37.500000 2.674723 79
 1 1 22.500000 1.083868 41
 4 1 32.500000 2.079059 141
 1 0 67.500000 1.110058 58
 3 1 22.500000 1.780548 105
 2 0 7.500000 2.346595 66
 0 1 77.500000 2.333246 31
 0 0 67.500000 1.703741 26
 10 1 22.500000 1.402863 329
 5 1 7.500000 1.822725 163
 0 0 42.500000 2.634568 16
 8 1 42.500000 1.582349 273
 1 1 32.500000 1.925503 45
 1 1 42.500000 1.033269 49
 1 0 47.500000 2.146108 50
 0 0 37.500000 1.561211 14
 2 0 2.500000 1.104109 64
 1 0 32.500000 1.083116 44
 1 1 37.500000 1.205252 47
 2 1 7.500000 1.214905 67
 0 0 47.500000 1.105873 18
 0 1 22.500000 2.384328 9
 1 1 67.500000 2.747520 59
 2 0 42.500000 2.071795 80
 0 1 37.500000 1.270937 15
 5 1 22.500000 1.341868 169
 0 1 7.500000 1.961964 3
 1 1 57.500000 2.643330 55
 0 0 57.500000 1.101495 22
 1544319.360957 21
 0 0 37.500000 1.561211 14
 0 1 27.500000 2.053411 11
 9 0 7.500000 2.671800 290
 0 0 2.500000 1.389352 0
 6 0 77.500000 1.835501 222
 1 0 37.500000 1.927483 46
 0 0 22.500000 1.988123 8
 0 0 47.500000 1.105873 18
 4 0 37.500000 2.748537 142
 4 0 2.500000 2.950706 128
 2 1 7.500000 1.214905 67
 4 0 17.500000 2.209026 134
 1 1 52.500000 1.400622 53
 0 1 72.500000 2.206345 29
 0 1 32.500000 1.841469 13
 1 0 72.500000 1.568915 60
 1 1 62.500000 1.579527 57
 1 1 7.500000 2.995731 35
 0 1 37.500000 1.270937 15
 0 1 7.500000 1.961964 3
 4 0 22.500000 1.491135 136
 1821764.247036 19
 8 0 57.500000 2.407085 278
 0 0 32.500000 1.676673 12
 0 1 42.500000 1.179931 17
 0 0 77.500000 2.042026 30
 10 0 12.500000 1.574895 324
 0 0 52.500000 1.697979 20
 0 0 27.500000 1.392994 10
 1 0 12.500000 1.251275 36
 3 0 7.500000 2.413205 98
 0 0 67.500000 1.703741 26
 2 0 12.500000 2.908498 68
 2 0 77.500000 1.357278 94
 0 1 17.500000 2.599630 7
 3 1 2.500000 2.082014 97
 1 1 32.500000 1.925503 45
 0 0 12.500000 2.723634 4
 0 0 17.500000 2.765312 6
 0 1 32.500000 1.841469 13
 0 1 22.500000 2.384328 9
 1660912.860828 22
 2 1 22.500000 2.972590 73
 0 0 12.500000 2.723634 4
 0 0 77.500000 2.042026 30
 1 0 42.500000 2.669663 48
 1 1 72.500000 2.761895 61
 1 0 27.500000 2.564087 42
 1 0 32.500000 1.083116 44
 1 0 52.500000 1.410210 52
 0 1 42.500000 1.179931 17
 2 0 12.500000 2.908498 68
 1 0 2.500000 2.861934 32
 0 1 37.500000 1.270937 15
 0 1 22.500000 2.384328 9
 0 1 52.500000 1.928667 21
 2 0 57.500000 2.601144 86
 2 1 27.500000 2.085125 75
 4 1 32.500000 2.079059 141
 2 1 12.500000 1.127785 69
 7 1 17.500000 1.492885 231
 0 1 12.500000 2.114522 5
 1 0 47.500000 2.146108 50
 1 0 17.500000 2.361247 38
 89676.272073 12
 0 1 22.500000 2.384328 9
 1 1 7.500000 2.995731 35
 1 1 17.500000 1.479284 39
 1 1 77.500000 2.370150 63
 0 1 42.500000 1.179931 17
 2 1 17.500000 1.381431 71
 4 0 47.500000 2.000698 146
 0 1 7.500000 1.961964 3
 2 0 7.500000 2.346595 66
 0 0 67.500000 1.703741 26
 0 0 17.500000 2.765312 6
 4 1 52.500000 1.913868 149
 1163121.621927 35
 0 1 27.500000 2.053411 11
 1 0 27.500000 2.564087 42
 1 0 17.500000 2.361247 38
 0 1 2.500000 2.831293 1
 0 1 12.500000 2.114522 5
 0 1 62.500000 1.263385 25
 4 1 12.500000 2.039163 133
 0 1 77.500000 2.333246 31
 1 0 57.500000 2.249934 54
 1 0 2.500000 2.861934 32
 1 0 72.500000 1.568915 60
 0 0 62.500000 1.416985 24
 0 1 22.500000 2.384328 9
 8 0 52.500000 1.337160 276
 0 1 57.500000 2.823908 23
 0 0 22.500000 1.988123 8
 1 1 12.500000 2.171855 37
 0 0 72.500000 2.506230 28
 3 1 62.500000 2.684781 121
 1 0 67.500000 1.110058 58
 0 0 2.500000 1.389352 0
 0 1 42.500000 1.179931 17
 2 0 32.500000 2.699847 76
 1 0 47.500000 2.146108 50
 0 0 37.500000 1.561211 14
 1 1 32.500000 1.925503 45
 5 0 37.500000 1.226496 174
 2 0 27.500000 2.323799 74
 0 1 47.500000 2.408026 19
 0 0 27.500000 1.392994 10
 1 0 7.500000 1.836199 34
 1 1 42.500000 1.033269 49
 2 0 22.500000 1.705300 72
 1 1 67.500000 2.747520 59
 0 0 17.500000 2.765312 6
 491067.261328 27
 10 0 52.500000 1.726120 340
 0 1 17.500000 2.599630 7
 2 0 72.500000 2.727158 92
 0 0 72.500000 2.506230 28
 1 1 72.500000 2.761895 61
 1 0 72.500000 1.568915 60
 1 1 42.500000 1.033269 49
 1 1 37.500000 1.205252 47
 4 1 22.500000 1.513404 137
 1 1 47.500000 1.636188 51
 0 0 27.500000 1.392994 10
 0 1 52.500000 1.928667 21
 1 1 32.500000 1.925503 45
 0 1 7.500000 1.961964 3
 1 1 22.500000 1.083868 41
 3 0 47.500000 1.787533 114
 11 1 32.500000 1.152851 365
 11 0 12.500000 1.155021 356
 8 1 32.500000 2.216990 269
 1 0 37.500000 1.927483 46
 3 0 42.500000 2.932527 112
 1 1 27.500000 2.618497 43
 0 0 37.500000 1.561211 14
 0 0 22.500000 1.988123 8
 9 0 12.500000 2.810901 292
 0 0 57.500000 1.101495 22
 2 0 17.500000 2.685987 70
 1959512.261469 32
 0 0 17.500000 2.765312 6
 1 0 2.500000 2.861934 32
 0 0 77.500000 2.042026 30
 1 1 57.500000 2.643330 55
 7 1 37.500000 1.205780 239
 11 0 7.500000 2.362861 354
 7 1 72.500000 1.234517 253
 1 0 57.500000 2.249934 54
 0 1 32.500000 1.841469 13
 5 1 22.500000 1.341868 169
 7 0 57.500000 1.447874 246
 2 1 22.500000 2.972590 73
 1 0 17.500000 2.361247 38
 0 1 67.500000 2.767448 27
 0 1 12.500000 2.114522 5
 4 0 2.500000 2.950706 128
 1 0 37.500000 1.927483 46
 0 1 27.500000 2.053411 11
 0 0 12.500000 2.723634 4
 0 1 7.500000 1.961964 3
 8 0 17.500000 1.773512 262
 4 0 7.500000 2.583126 130
 1 1 2.500000 2.527628 33
 0 1 47.500000 2.408026 19
 2 0 2.500000 1.104109 64
 3 0 22.500000 1.477110 104
 1 0 7.500000 1.836199 34
 2 1 27.500000 2.085125 75
 1 1 12.500000 2.171855 37
 0 0 42.500000 2.634568 16
 4 0 47.500000 2.000698 146
 2 0 12.500000 2.908498 68