 Numero de pedidos 
 100
 duedate num_referencias // pasillo lado altura peso
 1936444.394484 9
 3 1 2.083333 1.000000 125
 6 0 16.250000 1.000000 118
 5 1 11.250000 1.000000 27
 4 0 1.250000 1.000000 42
 5 1 2.083333 1.000000 5
 5 0 7.916667 1.000000 18
 3 1 4.583333 1.000000 131
 4 1 11.250000 1.000000 67
 4 1 1.250000 1.000000 43
 1106626.435568 2
 4 1 15.416667 1.000000 77
 5 1 9.583333 1.000000 23
 1137029.690583 4
 4 0 13.750000 1.000000 72
 3 1 8.750000 1.000000 141
 5 1 9.583333 1.000000 23
 5 0 15.416667 1.000000 36
 887765.057593 2
 4 0 12.083333 1.000000 68
 4 0 7.083333 1.000000 56
 617216.094535 6
 4 1 7.083333 1.000000 57
 4 0 2.916667 1.000000 46
 5 1 13.750000 1.000000 33
 4 1 3.750000 1.000000 49
 5 0 7.083333 1.000000 16
 5 1 3.750000 1.000000 9
 1950697.605680 7
 6 1 2.083333 1.000000 85
 4 0 15.416667 1.000000 76
 5 0 8.750000 1.000000 20
 5 1 2.916667 1.000000 7
 6 0 7.083333 1.000000 96
 8 0 12.083333 1.000000 268
 4 1 4.583333 1.000000 51
 1408180.977408 3
 4 1 14.583333 1.000000 75
 8 0 12.083333 1.000000 268
 3 1 3.750000 1.000000 129
 1350367.595903 3
 5 1 2.083333 1.000000 5
 5 1 16.250000 1.000000 39
 5 1 2.916667 1.000000 7
 1374179.124038 5
 3 1 10.416667 1.000000 145
 6 0 7.083333 1.000000 96
 5 0 7.916667 1.000000 18
 4 0 5.416667 1.000000 52
 4 0 12.916667 1.000000 70
 1433184.687473 6
 4 1 15.416667 1.000000 77
 4 1 7.916667 1.000000 59
 4 1 14.583333 1.000000 75
 8 1 3.750000 1.000000 249
 5 1 13.750000 1.000000 33
 5 0 4.583333 1.000000 10
 1977044.757892 6
 5 0 16.250000 1.000000 38
 5 1 2.916667 1.000000 7
 0 1 2.916667 1.000000 367
 4 1 1.250000 1.000000 43
 5 0 2.916667 1.000000 6
 4 0 16.250000 1.000000 78
 1869668.448395 3
 4 1 7.083333 1.000000 57
 5 1 14.583333 1.000000 35
 4 0 9.583333 1.000000 62
 1067804.715199 5
 4 0 16.250000 1.000000 78
 5 0 3.750000 1.000000 8
 4 1 7.916667 1.000000 59
 4 1 7.083333 1.000000 57
 5 0 13.750000 1.000000 32
 529297.786434 5
 5 0 11.250000 1.000000 26
 4 1 5.416667 1.000000 53
 5 0 14.583333 1.000000 34
 5 1 7.916667 1.000000 19
 4 1 2.916667 1.000000 47
 458051.742231 7
 4 0 2.083333 1.000000 44
 4 1 14.583333 1.000000 75
 5 0 9.583333 1.000000 22
 3 1 3.750000 1.000000 129
 4 1 5.416667 1.000000 53
 4 1 6.250000 1.000000 55
 5 1 7.916667 1.000000 19
 1101462.974074 8
 5 0 13.750000 1.000000 32
 5 0 11.250000 1.000000 26
 4 1 7.916667 1.000000 59
 6 0 5.416667 1.000000 92
 4 1 10.416667 1.000000 65
 6 0 12.916667 1.000000 110
 3 1 13.750000 1.000000 153
 4 1 11.250000 1.000000 67
 745846.852430 2
 9 1 0.416667 1.000000 321
 5 1 10.416667 1.000000 25
 76050.602438 7
 5 1 7.916667 1.000000 19
 4 1 2.083333 1.000000 45
 4 0 12.916667 1.000000 70
 1 0 4.583333 1.000000 290
 4 0 10.416667 1.000000 64
 5 0 2.083333 1.000000 4
 4 0 6.250000 1.000000 54
 1460260.465080 3
 5 1 15.416667 1.000000 37
 4 0 1.250000 1.000000 42
 5 0 10.416667 1.000000 24
 1478340.045250 7
 1 1 13.750000 1.000000 313
 4 1 13.750000 1.000000 73
 5 0 5.416667 1.000000 12
 4 1 16.250000 1.000000 79
 5 1 11.250000 1.000000 27
 4 1 12.916667 1.000000 71
 4 1 4.583333 1.000000 51
 588715.655780 8
 3 1 16.250000 1.000000 159
 4 0 2.083333 1.000000 44
 4 1 10.416667 1.000000 65
 6 1 15.416667 1.000000 117
 4 1 2.083333 1.000000 45
 5 1 8.750000 1.000000 21
 5 0 14.583333 1.000000 34
 5 0 3.750000 1.000000 8
 96597.092532 3
 2 0 6.250000 1.000000 214
 2 1 9.583333 1.000000 223
 4 1 13.750000 1.000000 73
 805624.351430 4
 3 0 8.750000 1.000000 140
 0 1 2.083333 1.000000 365
 4 1 4.583333 1.000000 51
 5 0 13.750000 1.000000 32
 1350533.574256 3
 5 1 10.416667 1.000000 25
 6 0 0.416667 1.000000 80
 4 1 6.250000 1.000000 55
 990926.164012 8
 4 0 11.250000 1.000000 66
 5 1 1.250000 1.000000 3
 8 0 0.416667 1.000000 240
 5 1 7.083333 1.000000 17
 8 0 13.750000 1.000000 272
 5 0 7.916667 1.000000 18
 5 0 2.916667 1.000000 6
 4 0 14.583333 1.000000 74
 1079876.927659 3
 5 0 11.250000 1.000000 26
 5 0 12.083333 1.000000 28
 4 0 9.583333 1.000000 62
 1629790.959838 9
 5 0 11.250000 1.000000 26
 5 1 12.916667 1.000000 31
 4 0 9.583333 1.000000 62
 5 0 7.916667 1.000000 18
 7 1 12.916667 1.000000 191
 4 0 0.416667 1.000000 40
 0 0 2.916667 1.000000 366
 4 1 6.250000 1.000000 55
 6 1 12.083333 1.000000 109
 1758117.181155 5
 5 0 9.583333 1.000000 22
 4 0 2.916667 1.000000 46
 5 0 7.916667 1.000000 18
 3 0 7.916667 1.000000 138
 4 0 9.583333 1.000000 62
 237923.700846 8
 4 1 0.416667 1.000000 41
 4 1 14.583333 1.000000 75
 5 0 8.750000 1.000000 20
 5 1 1.250000 1.000000 3
 4 1 9.583333 1.000000 63
 4 1 1.250000 1.000000 43
 5 1 2.083333 1.000000 5
 4 1 5.416667 1.000000 53
 1439408.925473 3
 5 0 7.083333 1.000000 16
 5 1 13.750000 1.000000 33
 4 0 2.916667 1.000000 46
 675925.286373 9
 4 1 9.583333 1.000000 63
 5 1 4.583333 1.000000 11
 0 1 8.750000 1.000000 381
 5 0 16.250000 1.000000 38
 5 0 13.750000 1.000000 32
 4 1 13.750000 1.000000 73
 4 0 9.583333 1.000000 62
 4 0 12.916667 1.000000 70
 5 0 15.416667 1.000000 36
 373634.547411 2
 4 0 3.750000 1.000000 48
 4 0 6.250000 1.000000 54
 655007.571734 9
 4 1 9.583333 1.000000 63
 7 1 13.750000 1.000000 193
 5 0 7.083333 1.000000 16
 4 1 15.416667 1.000000 77
 5 1 4.583333 1.000000 11
 4 0 9.583333 1.000000 62
 6 0 0.416667 1.000000 80
 5 1 8.750000 1.000000 21
 6 0 3.750000 1.000000 88
 1242454.320808 7
 5 1 16.250000 1.000000 39
 5 1 2.083333 1.000000 5
 4 0 3.750000 1.000000 48
 5 0 14.583333 1.000000 34
 5 1 15.416667 1.000000 37
 4 1 13.750000 1.000000 73
 4 0 2.916667 1.000000 46
 1561408.848372 2
 4 1 13.750000 1.000000 73
 6 0 6.250000 1.000000 94
 554687.552356 2
 6 0 2.083333 1.000000 84
 3 0 11.250000 1.000000 146
 1829097.604318 5
 4 1 12.083333 1.000000 69
 9 1 4.583333 1.000000 331
 5 0 16.250000 1.000000 38
 5 1 9.583333 1.000000 23
 4 0 9.583333 1.000000 62
 945059.254647 6
 4 0 7.083333 1.000000 56
 4 0 12.916667 1.000000 70
 5 1 12.083333 1.000000 29
 8 1 13.750000 1.000000 273
 5 0 16.250000 1.000000 38
 5 0 10.416667 1.000000 24
 836107.690053 9
 9 0 1.250000 1.000000 322
 5 1 11.250000 1.000000 27
 4 0 11.250000 1.000000 66
 4 0 1.250000 1.000000 42
 4 1 8.750000 1.000000 61
 5 0 10.416667 1.000000 24
 4 0 9.583333 1.000000 62
 4 0 6.250000 1.000000 54
 5 1 13.750000 1.000000 33
 418567.295865 6
 8 1 11.250000 1.000000 267
 4 1 15.416667 1.000000 77
 5 0 5.416667 1.000000 12
 4 1 6.250000 1.000000 55
 9 0 5.416667 1.000000 332
 4 0 7.916667 1.000000 58
 322841.163577 3
 5 1 13.750000 1.000000 33
 5 1 3.750000 1.000000 9
 5 0 5.416667 1.000000 12
 1148854.975844 4
 5 0 0.416667 1.000000 0
 3 0 4.583333 1.000000 130
 4 0 9.583333 1.000000 62
 5 1 0.416667 1.000000 1
 1686479.443371 5
 5 0 5.416667 1.000000 12
 3 1 2.916667 1.000000 127
 5 0 16.250000 1.000000 38
 1 1 12.916667 1.000000 311
 7 1 15.416667 1.000000 197
 1099488.206329 6
 4 0 9.583333 1.000000 62
 4 0 0.416667 1.000000 40
 5 0 5.416667 1.000000 12
 3 0 6.250000 1.000000 134
 5 1 11.250000 1.000000 27
 5 1 7.083333 1.000000 17
 1575230.660967 2
 4 0 0.416667 1.000000 40
 6 0 10.416667 1.000000 104
 509136.087200 6
 4 1 0.416667 1.000000 41
 4 0 12.916667 1.000000 70
 4 0 16.250000 1.000000 78
 4 0 13.750000 1.000000 72
 4 1 6.250000 1.000000 55
 5 1 13.750000 1.000000 33
 1246762.797780 8
 5 0 8.750000 1.000000 20
 5 1 11.250000 1.000000 27
 4 0 1.250000 1.000000 42
 8 0 6.250000 1.000000 254
 4 1 9.583333 1.000000 63
 5 0 9.583333 1.000000 22
 5 0 2.916667 1.000000 6
 7 1 5.416667 1.000000 173
 1186774.023318 9
 3 1 12.916667 1.000000 151
 4 0 9.583333 1.000000 62
 5 0 9.583333 1.000000 22
 4 1 11.250000 1.000000 67
 5 1 10.416667 1.000000 25
 2 1 9.583333 1.000000 223
 5 0 10.416667 1.000000 24
 6 0 13.750000 1.000000 112
 4 0 0.416667 1.000000 40
 1823509.942658 6
 4 1 15.416667 1.000000 77
 5 1 13.750000 1.000000 33
 5 1 11.250000 1.000000 27
 4 1 5.416667 1.000000 53
 5 0 9.583333 1.000000 22
 5 1 4.583333 1.000000 11
 1066299.176396 6
 4 1 12.916667 1.000000 71
 5 0 10.416667 1.000000 24
 5 1 15.416667 1.000000 37
 5 0 12.083333 1.000000 28
 4 0 3.750000 1.000000 48
 5 1 8.750000 1.000000 21
 1920957.864318 6
 3 1 1.250000 1.000000 123
 4 1 5.416667 1.000000 53
 4 1 6.250000 1.000000 55
 4 1 10.416667 1.000000 65
 5 1 8.750000 1.000000 21
 5 0 7.916667 1.000000 18
 881873.405148 3
 4 0 1.250000 1.000000 42
 4 0 6.250000 1.000000 54
 5 1 16.250000 1.000000 39
 425720.266060 2
 5 1 0.416667 1.000000 1
 4 1 7.083333 1.000000 57
 799600.141737 6
 0 0 9.583333 1.000000 382
 4 1 12.083333 1.000000 69
 5 0 9.583333 1.000000 22
 0 1 13.750000 1.000000 393
 4 0 16.250000 1.000000 78
 5 1 10.416667 1.000000 25
 857714.109671 6
 4 1 12.083333 1.000000 69
 4 0 7.083333 1.000000 56
 4 1 6.250000 1.000000 55
 6 1 15.416667 1.000000 117
 4 1 2.083333 1.000000 45
 4 1 8.750000 1.000000 61
 1860176.774701 9
 4 0 12.916667 1.000000 70
 4 1 1.250000 1.000000 43
 4 1 4.583333 1.000000 51
 4 1 15.416667 1.000000 77
 4 1 12.083333 1.000000 69
 5 0 4.583333 1.000000 10
 5 1 16.250000 1.000000 39
 4 0 9.583333 1.000000 62
 4 0 11.250000 1.000000 66
 577734.383521 2
 4 0 7.916667 1.000000 58
 4 0 13.750000 1.000000 72
 1600827.882719 2
 4 0 4.583333 1.000000 50
 5 1 16.250000 1.000000 39
 977102.034994 2
 7 1 6.250000 1.000000 175
 4 0 0.416667 1.000000 40
 1433332.030398 7
 6 1 1.250000 1.000000 83
 4 0 15.416667 1.000000 76
 4 1 8.750000 1.000000 61
 3 1 6.250000 1.000000 135
 6 0 2.083333 1.000000 84
 5 1 16.250000 1.000000 39
 4 0 2.083333 1.000000 44
 146217.515816 8
 4 0 16.250000 1.000000 78
 4 1 13.750000 1.000000 73
 5 0 7.916667 1.000000 18
 5 0 16.250000 1.000000 38
 7 0 2.916667 1.000000 166
 4 1 12.916667 1.000000 71
 5 0 5.416667 1.000000 12
 4 1 11.250000 1.000000 67
 108309.207125 8
 5 1 7.083333 1.000000 17
 5 0 6.250000 1.000000 14
 5 1 12.916667 1.000000 31
 5 1 12.083333 1.000000 29
 4 0 12.083333 1.000000 68
 4 0 16.250000 1.000000 78
 4 1 14.583333 1.000000 75
 4 1 15.416667 1.000000 77
 1291564.681126 8
 5 1 3.750000 1.000000 9
 5 0 12.083333 1.000000 28
 0 1 4.583333 1.000000 371
 5 1 13.750000 1.000000 33
 8 1 12.083333 1.000000 269
 5 1 12.083333 1.000000 29
 5 0 7.083333 1.000000 16
 5 1 7.916667 1.000000 19
 300560.045215 3
 4 1 12.916667 1.000000 71
 4 0 3.750000 1.000000 48
 4 1 8.750000 1.000000 61
 491454.061033 4
 5 0 4.583333 1.000000 10
 4 1 4.583333 1.000000 51
 5 0 6.250000 1.000000 14
 4 0 12.916667 1.000000 70
 1142343.741461 3
 4 1 15.416667 1.000000 77
 7 1 2.083333 1.000000 165
 4 1 12.083333 1.000000 69
 1172749.007145 6
 5 0 11.250000 1.000000 26
 4 0 14.583333 1.000000 74
 5 0 12.083333 1.000000 28
 0 1 2.083333 1.000000 365
 5 0 14.583333 1.000000 34
 4 0 2.083333 1.000000 44
 487869.041771 4
 5 0 5.416667 1.000000 12
 4 0 2.083333 1.000000 44
 4 0 13.750000 1.000000 72
 4 0 8.750000 1.000000 60
 1013551.708336 5
 5 0 14.583333 1.000000 34
 4 1 9.583333 1.000000 63
 6 0 15.416667 1.000000 116
 4 1 2.916667 1.000000 47
 5 1 7.083333 1.000000 17
 1106524.681815 3
 4 0 10.416667 1.000000 64
 5 1 4.583333 1.000000 11
 5 1 14.583333 1.000000 35
 1620391.724920 5
 4 1 9.583333 1.000000 63
 5 1 1.250000 1.000000 3
 5 1 13.750000 1.000000 33
 5 0 11.250000 1.000000 26
 4 1 13.750000 1.000000 73
 1814339.868396 8
 5 1 12.916667 1.000000 31
 4 1 2.916667 1.000000 47
 1 0 14.583333 1.000000 314
 8 0 9.583333 1.000000 262
 5 1 1.250000 1.000000 3
 4 0 7.083333 1.000000 56
 4 1 12.916667 1.000000 71
 4 0 7.916667 1.000000 58
 415716.021310 9
 4 0 8.750000 1.000000 60
 3 0 12.916667 1.000000 150
 4 0 1.250000 1.000000 42
 4 1 4.583333 1.000000 51
 5 0 0.416667 1.000000 0
 4 0 2.916667 1.000000 46
 5 1 6.250000 1.000000 15
 6 1 7.916667 1.000000 99
 5 1 0.416667 1.000000 1
 792946.189061 8
 5 1 12.083333 1.000000 29
 3 0 2.916667 1.000000 126
 4 1 16.250000 1.000000 79
 4 0 9.583333 1.000000 62
 0 1 2.916667 1.000000 367
 4 0 4.583333 1.000000 50
 4 1 12.083333 1.000000 69
 1 0 12.916667 1.000000 310
 1198677.057511 6
 4 1 3.750000 1.000000 49
 5 1 11.250000 1.000000 27
 4 1 7.916667 1.000000 59
 5 1 2.916667 1.000000 7
 4 1 2.916667 1.000000 47
 4 0 2.916667 1.000000 46
 1011145.025404 7
 4 1 2.083333 1.000000 45
 6 0 8.750000 1.000000 100
 4 0 2.916667 1.000000 46
 9 0 5.416667 1.000000 332
 5 1 15.416667 1.000000 37
 6 1 1.250000 1.000000 83
 5 1 4.583333 1.000000 11
 706041.828853 6
 4 1 10.416667 1.000000 65
 2 0 2.083333 1.000000 204
 4 0 2.083333 1.000000 44
 5 1 6.250000 1.000000 15
 1 0 10.416667 1.000000 304
 4 1 8.750000 1.000000 61
 89694.147226 4
 4 1 2.083333 1.000000 45
 4 1 14.583333 1.000000 75
 4 0 5.416667 1.000000 52
 5 0 5.416667 1.000000 12
 1491579.958392 3
 5 0 7.083333 1.000000 16
 4 0 9.583333 1.000000 62
 5 1 12.083333 1.000000 29
 1790221.354007 4
 4 0 2.916667 1.000000 46
 5 0 8.750000 1.000000 20
 5 1 2.083333 1.000000 5
 3 1 16.250000 1.000000 159
 618214.163342 3
 4 0 12.916667 1.000000 70
 5 0 1.250000 1.000000 2
 4 1 2.916667 1.000000 47
 1365261.853824 3
 4 1 7.916667 1.000000 59
 4 0 2.916667 1.000000 46
 5 1 5.416667 1.000000 13
 1029143.313556 2
 5 0 4.583333 1.000000 10
 4 0 6.250000 1.000000 54
 193297.341742 9
 4 0 10.416667 1.000000 64
 5 1 6.250000 1.000000 15
 3 0 6.250000 1.000000 134
 5 0 11.250000 1.000000 26
 5 0 8.750000 1.000000 20
 4 0 13.750000 1.000000 72
 0 0 7.083333 1.000000 376
 6 0 1.250000 1.000000 82
 6 0 8.750000 1.000000 100
 1459673.274727 6
 4 1 9.583333 1.000000 63
 6 1 7.083333 1.000000 97
 4 0 7.916667 1.000000 58
 4 0 10.416667 1.000000 64
 4 0 5.416667 1.000000 52
 5 0 9.583333 1.000000 22
 1697263.791402 7
 4 0 16.250000 1.000000 78
 5 1 6.250000 1.000000 15
 5 1 8.750000 1.000000 21
 4 0 8.750000 1.000000 60
 4 0 13.750000 1.000000 72
 4 0 7.083333 1.000000 56
 5 0 2.083333 1.000000 4
 134830.603066 2
 5 1 15.416667 1.000000 37
 3 1 0.416667 1.000000 121
 1773969.664133 3
 6 0 11.250000 1.000000 106
 6 0 8.750000 1.000000 100
 5 0 3.750000 1.000000 8
 714455.014260 8
 4 1 7.083333 1.000000 57
 4 0 6.250000 1.000000 54
 5 0 12.916667 1.000000 30
 3 1 2.916667 1.000000 127
 5 0 11.250000 1.000000 26
 5 0 13.750000 1.000000 32
 4 0 7.916667 1.000000 58
 5 1 6.250000 1.000000 15
 1052326.044260 5
 4 1 10.416667 1.000000 65
 7 1 16.250000 1.000000 199
 4 1 6.250000 1.000000 55
 4 0 8.750000 1.000000 60
 7 1 13.750000 1.000000 193
 1621456.409591 7
 5 0 12.916667 1.000000 30
 3 1 16.250000 1.000000 159
 4 1 5.416667 1.000000 53
 4 0 0.416667 1.000000 40
 2 0 0.416667 1.000000 200
 4 0 7.083333 1.000000 56
 5 0 13.750000 1.000000 32
 601862.863638 9
 5 1 9.583333 1.000000 23
 4 1 1.250000 1.000000 43
 5 0 7.083333 1.000000 16
 4 0 1.250000 1.000000 42
 4 0 8.750000 1.000000 60
 5 1 8.750000 1.000000 21
 4 1 2.916667 1.000000 47
 5 0 11.250000 1.000000 26
 5 0 8.750000 1.000000 20
 1910102.861743 9
 4 1 4.583333 1.000000 51
 4 0 2.916667 1.000000 46
 5 1 7.083333 1.000000 17
 5 0 9.583333 1.000000 22
 5 0 8.750000 1.000000 20
 2 1 12.916667 1.000000 231
 3 0 1.250000 1.000000 122
 1 1 12.916667 1.000000 311
 4 1 7.916667 1.000000 59
 406335.695631 3
 4 1 16.250000 1.000000 79
 4 0 3.750000 1.000000 48
 5 0 12.916667 1.000000 30
 1240962.586534 4
 5 0 16.250000 1.000000 38
 4 0 13.750000 1.000000 72
 8 1 7.916667 1.000000 259
 4 0 5.416667 1.000000 52
 1990798.430420 4
 4 0 7.916667 1.000000 58
 5 1 1.250000 1.000000 3
 5 0 12.083333 1.000000 28
 3 0 2.916667 1.000000 126
 1141670.085928 2
 7 1 9.583333 1.000000 183
 5 1 12.083333 1.000000 29
 678433.592542 8
 4 0 6.250000 1.000000 54
 4 0 13.750000 1.000000 72
 4 1 7.083333 1.000000 57
 4 1 16.250000 1.000000 79
 4 0 11.250000 1.000000 66
 5 1 1.250000 1.000000 3
 4 1 5.416667 1.000000 53
 4 1 13.750000 1.000000 73
 663344.105269 6
 5 1 4.583333 1.000000 11
 4 0 2.083333 1.000000 44
 5 0 1.250000 1.000000 2
 4 1 4.583333 1.000000 51
 5 0 2.083333 1.000000 4
 6 1 10.416667 1.000000 105
 108671.363121 3
 4 0 8.750000 1.000000 60
 4 1 2.916667 1.000000 47
 4 0 6.250000 1.000000 54