 Numero de pedidos 
 100
 duedate num_referencias // pasillo lado altura peso
 566121.832210 2
 5 0 13.750000 1.000000 232
 1 0 14.583333 1.000000 74
 1237770.093231 5
 3 1 7.083333 1.000000 137
 4 0 12.083333 1.000000 188
 3 0 0.416667 1.000000 120
 3 1 6.250000 1.000000 135
 1 0 14.583333 1.000000 74
 1570280.185328 9
 1 0 5.416667 1.000000 52
 3 1 14.583333 1.000000 155
 0 0 4.583333 1.000000 10
 2 1 11.250000 1.000000 107
 3 0 1.250000 1.000000 122
 8 1 16.250000 1.000000 359
 0 1 10.416667 1.000000 25
 1 1 2.916667 1.000000 47
 8 1 3.750000 1.000000 329
 1150291.719264 3
 1 1 10.416667 1.000000 65
 0 0 8.750000 1.000000 20
 7 1 5.416667 1.000000 293
 701873.970061 8
 5 0 14.583333 1.000000 234
 9 1 0.416667 1.000000 361
 2 0 14.583333 1.000000 114
 5 0 13.750000 1.000000 232
 3 1 8.750000 1.000000 141
 0 0 1.250000 1.000000 2
 3 1 7.083333 1.000000 137
 0 0 4.583333 1.000000 10
 259472.574061 6
 6 1 0.416667 1.000000 241
 3 0 5.416667 1.000000 132
 1 1 9.583333 1.000000 63
 1 0 12.083333 1.000000 68
 5 0 9.583333 1.000000 222
 2 1 7.083333 1.000000 97
 1726421.183351 9
 6 1 0.416667 1.000000 241
 1 1 14.583333 1.000000 75
 1 0 7.916667 1.000000 58
 1 0 2.916667 1.000000 46
 8 0 12.083333 1.000000 348
 7 0 11.250000 1.000000 306
 3 0 12.916667 1.000000 150
 9 1 2.916667 1.000000 367
 5 0 14.583333 1.000000 234
 245861.411731 2
 3 1 6.250000 1.000000 135
 7 1 4.583333 1.000000 291
 1618119.396334 4
 5 1 2.916667 1.000000 207
 2 0 15.416667 1.000000 116
 3 0 9.583333 1.000000 142
 7 0 14.583333 1.000000 314
 1711074.165176 4
 2 0 10.416667 1.000000 104
 3 0 7.083333 1.000000 136
 0 1 10.416667 1.000000 25
 2 1 15.416667 1.000000 117
 945605.493237 5
 6 0 7.916667 1.000000 258
 3 1 16.250000 1.000000 159
 8 1 16.250000 1.000000 359
 3 0 15.416667 1.000000 156
 5 1 11.250000 1.000000 227
 677912.200279 6
 0 0 0.416667 1.000000 0
 5 1 3.750000 1.000000 209
 6 1 5.416667 1.000000 253
 3 0 0.416667 1.000000 120
 7 0 14.583333 1.000000 314
 6 1 0.416667 1.000000 241
 533824.573017 2
 9 1 16.250000 1.000000 399
 5 0 14.583333 1.000000 234
 1625195.136007 6
 3 1 14.583333 1.000000 155
 8 1 0.416667 1.000000 321
 3 0 15.416667 1.000000 156
 1 1 8.750000 1.000000 61
 5 1 4.583333 1.000000 211
 8 1 11.250000 1.000000 347
 1277301.230392 2
 0 0 11.250000 1.000000 26
 3 1 6.250000 1.000000 135
 543012.954138 8
 6 0 12.916667 1.000000 270
 7 1 12.083333 1.000000 309
 1 1 15.416667 1.000000 77
 5 1 3.750000 1.000000 209
 1 1 6.250000 1.000000 55
 0 0 4.583333 1.000000 10
 8 1 11.250000 1.000000 347
 4 0 12.083333 1.000000 188
 1070289.259325 4
 1 1 14.583333 1.000000 75
 5 1 0.416667 1.000000 201
 0 0 1.250000 1.000000 2
 0 1 10.416667 1.000000 25
 1629831.301919 7
 7 0 12.083333 1.000000 308
 1 1 1.250000 1.000000 43
 3 0 2.083333 1.000000 124
 7 1 12.083333 1.000000 309
 3 1 7.083333 1.000000 137
 8 0 0.416667 1.000000 320
 1 0 14.583333 1.000000 74
 1957593.664693 8
 7 0 14.583333 1.000000 314
 0 1 12.916667 1.000000 31
 2 1 11.250000 1.000000 107
 4 1 5.416667 1.000000 173
 3 0 5.416667 1.000000 132
 4 0 14.583333 1.000000 194
 3 1 14.583333 1.000000 155
 6 0 16.250000 1.000000 278
 1795106.751674 4
 4 1 11.250000 1.000000 187
 5 0 6.250000 1.000000 214
 3 1 11.250000 1.000000 147
 6 0 11.250000 1.000000 266
 1860798.905800 2
 7 1 12.083333 1.000000 309
 9 1 7.083333 1.000000 377
 1654651.867642 4
 8 1 7.083333 1.000000 337
 5 1 3.750000 1.000000 209
 2 1 11.250000 1.000000 107
 9 1 5.416667 1.000000 373
 1080593.769234 7
 0 1 15.416667 1.000000 37
 2 0 15.416667 1.000000 116
 2 0 0.416667 1.000000 80
 3 1 8.750000 1.000000 141
 3 0 7.083333 1.000000 136
 8 1 15.416667 1.000000 357
 6 1 12.916667 1.000000 271
 112208.652027 2
 4 0 3.750000 1.000000 168
 6 1 14.583333 1.000000 275
 1481294.872482 3
 2 1 11.250000 1.000000 107
 7 0 7.916667 1.000000 298
 3 1 8.750000 1.000000 141
 146770.239112 2
 7 0 7.916667 1.000000 298
 8 1 0.416667 1.000000 321
 1079043.841455 6
 3 0 8.750000 1.000000 140
 9 0 12.916667 1.000000 390
 4 0 6.250000 1.000000 174
 6 0 6.250000 1.000000 254
 3 1 2.083333 1.000000 125
 3 1 8.750000 1.000000 141
 836829.097847 8
 2 1 15.416667 1.000000 117
 8 1 2.083333 1.000000 325
 2 0 10.416667 1.000000 104
 9 1 7.916667 1.000000 379
 1 1 9.583333 1.000000 63
 3 0 9.583333 1.000000 142
 5 1 11.250000 1.000000 227
 0 1 6.250000 1.000000 15
 1024750.985366 8
 7 1 16.250000 1.000000 319
 0 0 8.750000 1.000000 20
 9 0 2.083333 1.000000 364
 0 0 15.416667 1.000000 36
 1 0 2.916667 1.000000 46
 5 1 8.750000 1.000000 221
 6 1 10.416667 1.000000 265
 5 0 5.416667 1.000000 212
 1274174.480417 3
 6 1 13.750000 1.000000 273
 3 0 0.416667 1.000000 120
 1 1 14.583333 1.000000 75
 1945207.545005 2
 2 1 13.750000 1.000000 113
 3 0 5.416667 1.000000 132
 72064.204063 3
 9 1 7.083333 1.000000 377
 3 0 6.250000 1.000000 134
 7 0 14.583333 1.000000 314
 1786766.466045 9
 0 0 12.083333 1.000000 28
 7 1 5.416667 1.000000 293
 9 1 7.916667 1.000000 379
 1 1 9.583333 1.000000 63
 5 0 13.750000 1.000000 232
 2 1 11.250000 1.000000 107
 0 0 1.250000 1.000000 2
 5 0 14.583333 1.000000 234
 3 1 14.583333 1.000000 155
 1520961.632636 6
 8 0 0.416667 1.000000 320
 7 1 5.416667 1.000000 293
 3 0 7.916667 1.000000 138
 1 1 14.583333 1.000000 75
 4 1 9.583333 1.000000 183
 2 1 11.250000 1.000000 107
 1058270.174907 3
 4 1 9.583333 1.000000 183
 0 0 10.416667 1.000000 24
 3 0 12.916667 1.000000 150
 166047.843381 7
 7 0 7.916667 1.000000 298
 5 1 2.916667 1.000000 207
 1 0 7.916667 1.000000 58
 2 1 7.916667 1.000000 99
 4 0 6.250000 1.000000 174
 3 1 8.750000 1.000000 141
 7 1 7.916667 1.000000 299
 704919.583176 8
 0 0 1.250000 1.000000 2
 7 0 14.583333 1.000000 314
 8 1 16.250000 1.000000 359
 3 0 1.250000 1.000000 122
 1 1 2.083333 1.000000 45
 1 0 14.583333 1.000000 74
 5 0 9.583333 1.000000 222
 5 1 3.750000 1.000000 209
 1902548.894855 7
 7 1 7.916667 1.000000 299
 3 0 5.416667 1.000000 132
 7 1 9.583333 1.000000 303
 8 1 1.250000 1.000000 323
 8 0 13.750000 1.000000 352
 4 0 3.750000 1.000000 168
 4 0 6.250000 1.000000 174
 608967.886255 4
 2 0 14.583333 1.000000 114
 7 1 7.916667 1.000000 299
 8 1 0.416667 1.000000 321
 5 0 9.583333 1.000000 222
 1982783.706236 9
 4 0 14.583333 1.000000 194
 1 1 9.583333 1.000000 63
 0 1 15.416667 1.000000 37
 9 0 12.916667 1.000000 390
 7 1 7.916667 1.000000 299
 8 1 11.250000 1.000000 347
 0 0 8.750000 1.000000 20
 2 1 13.750000 1.000000 113
 1 0 2.916667 1.000000 46
 652175.115148 4
 5 0 5.416667 1.000000 212
 1 0 1.250000 1.000000 42
 2 1 7.916667 1.000000 99
 3 0 1.250000 1.000000 122
 1802946.580464 5
 4 0 3.750000 1.000000 168
 3 0 8.750000 1.000000 140
 5 1 3.750000 1.000000 209
 2 0 10.416667 1.000000 104
 1 1 15.416667 1.000000 77
 530134.125487 4
 2 1 7.916667 1.000000 99
 1 1 11.250000 1.000000 67
 5 0 7.916667 1.000000 218
 2 0 15.416667 1.000000 116
 860340.411021 9
 7 1 7.916667 1.000000 299
 6 1 13.750000 1.000000 273
 2 0 14.583333 1.000000 114
 3 0 5.416667 1.000000 132
 3 0 9.583333 1.000000 142
 8 1 12.916667 1.000000 351
 8 0 16.250000 1.000000 358
 1 1 14.583333 1.000000 75
 4 1 15.416667 1.000000 197
 1107806.713203 5
 3 0 15.416667 1.000000 156
 5 0 9.583333 1.000000 222
 8 0 1.250000 1.000000 322
 7 1 16.250000 1.000000 319
 9 1 0.416667 1.000000 361
 435854.616554 5
 1 1 10.416667 1.000000 65
 4 0 16.250000 1.000000 198
 9 1 7.083333 1.000000 377
 7 0 11.250000 1.000000 306
 1 0 7.916667 1.000000 58
 498999.783536 5
 7 1 9.583333 1.000000 303
 8 1 0.416667 1.000000 321
 7 0 2.916667 1.000000 286
 0 0 0.416667 1.000000 0
 1 1 14.583333 1.000000 75
 585264.568285 9
 8 1 2.916667 1.000000 327
 7 0 11.250000 1.000000 306
 5 0 9.583333 1.000000 222
 5 0 13.750000 1.000000 232
 2 0 14.583333 1.000000 114
 3 1 7.083333 1.000000 137
 0 0 1.250000 1.000000 2
 1 0 14.583333 1.000000 74
 7 1 9.583333 1.000000 303
 457110.224989 7
 5 0 7.916667 1.000000 218
 8 1 16.250000 1.000000 359
 1 1 2.916667 1.000000 47
 8 1 12.916667 1.000000 351
 0 1 10.416667 1.000000 25
 6 0 11.250000 1.000000 266
 2 0 14.583333 1.000000 114
 144165.357828 7
 5 1 8.750000 1.000000 221
 7 0 14.583333 1.000000 314
 3 0 9.583333 1.000000 142
 8 1 11.250000 1.000000 347
 5 0 14.583333 1.000000 234
 0 0 8.750000 1.000000 20
 8 1 16.250000 1.000000 359
 1949699.769611 3
 9 0 2.916667 1.000000 366
 6 1 15.416667 1.000000 277
 4 0 6.250000 1.000000 174
 1096203.243218 7
 1 1 6.250000 1.000000 55
 7 1 5.416667 1.000000 293
 0 0 1.250000 1.000000 2
 8 0 16.250000 1.000000 358
 9 1 7.083333 1.000000 377
 8 0 0.416667 1.000000 320
 5 0 7.916667 1.000000 218
 1642741.195095 9
 4 1 9.583333 1.000000 183
 1 1 10.416667 1.000000 65
 0 0 4.583333 1.000000 10
 3 0 2.083333 1.000000 124
 2 0 6.250000 1.000000 94
 3 0 8.750000 1.000000 140
 8 1 1.250000 1.000000 323
 3 0 1.250000 1.000000 122
 5 0 13.750000 1.000000 232
 247050.704978 6
 5 1 3.750000 1.000000 209
 9 0 2.916667 1.000000 366
 7 0 14.583333 1.000000 314
 9 1 10.416667 1.000000 385
 1 0 5.416667 1.000000 52
 7 0 11.250000 1.000000 306
 1564276.027570 5
 9 1 2.916667 1.000000 367
 8 1 11.250000 1.000000 347
 4 0 12.083333 1.000000 188
 1 0 4.583333 1.000000 50
 5 0 4.583333 1.000000 210
 432475.045189 7
 3 1 16.250000 1.000000 159
 9 0 12.916667 1.000000 390
 2 1 16.250000 1.000000 119
 8 1 11.250000 1.000000 347
 3 0 5.416667 1.000000 132
 9 0 2.916667 1.000000 366
 5 0 7.916667 1.000000 218
 676185.362784 5
 1 1 6.250000 1.000000 55
 9 0 11.250000 1.000000 386
 9 1 7.916667 1.000000 379
 9 0 12.916667 1.000000 390
 9 1 0.416667 1.000000 361
 802644.341086 4
 7 0 11.250000 1.000000 306
 9 1 0.416667 1.000000 361
 0 0 12.083333 1.000000 28
 8 1 4.583333 1.000000 331
 1026804.116288 7
 8 0 6.250000 1.000000 334
 7 0 7.916667 1.000000 298
 3 1 16.250000 1.000000 159
 1 1 10.416667 1.000000 65
 2 1 7.916667 1.000000 99
 3 1 6.250000 1.000000 135
 6 0 7.916667 1.000000 258
 1822576.952736 8
 8 1 16.250000 1.000000 359
 9 1 13.750000 1.000000 393
 5 0 14.583333 1.000000 234
 4 1 12.083333 1.000000 189
 8 0 12.083333 1.000000 348
 3 1 2.083333 1.000000 125
 3 0 8.750000 1.000000 140
 6 1 0.416667 1.000000 241
 1985808.618490 6
 1 0 5.416667 1.000000 52
 6 1 13.750000 1.000000 273
 6 0 11.250000 1.000000 266
 4 1 1.250000 1.000000 163
 7 0 14.583333 1.000000 314
 7 1 9.583333 1.000000 303
 1494448.600642 4
 5 0 7.916667 1.000000 218
 0 0 4.583333 1.000000 10
 1 1 12.083333 1.000000 69
 5 1 11.250000 1.000000 227
 1383954.658091 9
 5 1 8.750000 1.000000 221
 1 1 12.083333 1.000000 69
 5 0 7.916667 1.000000 218
 7 1 5.416667 1.000000 293
 3 1 5.416667 1.000000 133
 7 1 9.583333 1.000000 303
 0 1 8.750000 1.000000 21
 5 1 2.916667 1.000000 207
 3 0 2.083333 1.000000 124
 1848978.409455 5
 0 0 1.250000 1.000000 2
 3 0 15.416667 1.000000 156
 9 1 0.416667 1.000000 361
 6 0 12.916667 1.000000 270
 5 1 4.583333 1.000000 211
 1206335.280764 9
 9 0 2.916667 1.000000 366
 7 0 7.083333 1.000000 296
 1 1 9.583333 1.000000 63
 7 0 11.250000 1.000000 306
 3 1 8.750000 1.000000 141
 5 0 4.583333 1.000000 210
 2 0 0.416667 1.000000 80
 0 0 1.250000 1.000000 2
 9 1 13.750000 1.000000 393
 1651316.374024 4
 4 0 3.750000 1.000000 168
 1 0 4.583333 1.000000 50
 8 1 0.416667 1.000000 321
 3 0 5.416667 1.000000 132
 250222.897180 2
 8 0 12.083333 1.000000 348
 3 1 14.583333 1.000000 155
 426551.802506 7
 3 1 7.083333 1.000000 137
 8 0 2.916667 1.000000 326
 8 1 15.416667 1.000000 357
 2 0 4.583333 1.000000 90
 7 0 14.583333 1.000000 314
 4 1 7.916667 1.000000 179
 6 1 0.416667 1.000000 241
 904280.040220 7
 5 0 13.750000 1.000000 232
 4 1 9.583333 1.000000 183
 5 0 7.916667 1.000000 218
 9 1 7.083333 1.000000 377
 8 1 2.083333 1.000000 325
 9 0 12.083333 1.000000 388
 0 0 4.583333 1.000000 10
 46749.253667 3
 1 1 12.083333 1.000000 69
 2 0 15.416667 1.000000 116
 5 0 14.583333 1.000000 234
 1230237.160339 8
 3 0 12.916667 1.000000 150
 6 0 11.250000 1.000000 266
 1 1 12.083333 1.000000 69
 5 0 13.750000 1.000000 232
 8 1 12.083333 1.000000 349
 5 1 13.750000 1.000000 233
 9 1 14.583333 1.000000 395
 1 0 14.583333 1.000000 74
 635848.848874 4
 3 0 15.416667 1.000000 156
 9 1 13.750000 1.000000 393
 7 1 5.416667 1.000000 293
 4 0 16.250000 1.000000 198
 1991955.842279 5
 3 0 0.416667 1.000000 120
 1 1 15.416667 1.000000 77
 3 0 7.083333 1.000000 136
 8 0 3.750000 1.000000 328
 6 0 6.250000 1.000000 254
 1584730.564442 2
 9 1 7.083333 1.000000 377
 9 0 12.916667 1.000000 390
 1148628.365262 2
 3 1 1.250000 1.000000 123
 7 1 9.583333 1.000000 303
 1445782.226830 5
 7 1 7.916667 1.000000 299
 2 0 14.583333 1.000000 114
 9 1 12.083333 1.000000 389
 8 1 2.083333 1.000000 325
 2 1 13.750000 1.000000 113
 1363490.646520 6
 0 1 10.416667 1.000000 25
 2 0 14.583333 1.000000 114
 2 1 14.583333 1.000000 115
 0 0 0.416667 1.000000 0
 6 1 0.416667 1.000000 241
 1 1 14.583333 1.000000 75
 165018.809533 9
 2 1 15.416667 1.000000 117
 3 1 7.083333 1.000000 137
 5 1 2.916667 1.000000 207
 9 0 12.916667 1.000000 390
 7 0 9.583333 1.000000 302
 0 0 4.583333 1.000000 10
 3 1 0.416667 1.000000 121
 0 1 15.416667 1.000000 37
 4 1 9.583333 1.000000 183
 1912580.201958 2
 3 0 7.083333 1.000000 136
 8 0 1.250000 1.000000 322
 1060456.055654 5
 1 1 14.583333 1.000000 75
 8 0 16.250000 1.000000 358
 3 0 7.083333 1.000000 136
 3 0 2.083333 1.000000 124
 5 0 14.583333 1.000000 234
 534541.616298 5
 2 1 11.250000 1.000000 107
 9 1 7.916667 1.000000 379
 2 0 14.583333 1.000000 114
 3 0 1.250000 1.000000 122
 3 0 5.416667 1.000000 132
 244521.140291 7
 4 0 6.250000 1.000000 174
 1 1 15.416667 1.000000 77
 8 0 5.416667 1.000000 332
 5 1 4.583333 1.000000 211
 1 0 8.750000 1.000000 60
 1 1 10.416667 1.000000 65
 2 0 14.583333 1.000000 114
 1709370.065680 8
 9 0 12.916667 1.000000 390
 4 0 6.250000 1.000000 174
 9 1 13.750000 1.000000 393
 5 0 7.916667 1.000000 218
 3 1 8.750000 1.000000 141
 5 0 9.583333 1.000000 222
 9 0 2.916667 1.000000 366
 3 0 9.583333 1.000000 142
 1216220.642280 8
 2 1 11.250000 1.000000 107
 5 1 8.750000 1.000000 221
 8 1 1.250000 1.000000 323
 8 1 0.416667 1.000000 321
 0 1 3.750000 1.000000 9
 4 1 7.083333 1.000000 177
 9 1 7.916667 1.000000 379
 3 1 14.583333 1.000000 155
 766964.933987 2
 6 1 0.416667 1.000000 241
 9 1 2.916667 1.000000 367
 942309.919122 7
 3 0 0.416667 1.000000 120
 5 0 7.916667 1.000000 218
 0 0 1.250000 1.000000 2
 9 0 15.416667 1.000000 396
 1 0 4.583333 1.000000 50
 1 1 12.083333 1.000000 69
 2 1 15.416667 1.000000 117
 239105.827603 4
 5 1 2.916667 1.000000 207
 8 0 1.250000 1.000000 322
 8 0 7.083333 1.000000 336
 7 1 12.083333 1.000000 309
 1709529.056432 4
 1 0 14.583333 1.000000 74
 4 0 16.250000 1.000000 198
 2 1 15.416667 1.000000 117
 0 0 12.083333 1.000000 28
 728487.875056 3
 4 0 6.250000 1.000000 174
 9 1 7.083333 1.000000 377
 3 0 1.250000 1.000000 122
 1539853.562554 8
 3 0 5.416667 1.000000 132
 9 1 13.750000 1.000000 393
 5 0 14.583333 1.000000 234
 4 0 16.250000 1.000000 198
 8 0 12.083333 1.000000 348
 0 1 15.416667 1.000000 37
 4 0 15.416667 1.000000 196
 4 1 9.583333 1.000000 183
 1866056.286463 3
 4 0 3.750000 1.000000 168
 1 0 14.583333 1.000000 74
 0 1 15.416667 1.000000 37
 1326540.766417 5
 6 1 13.750000 1.000000 273
 9 0 12.916667 1.000000 390
 1 1 10.416667 1.000000 65
 5 1 2.916667 1.000000 207
 6 1 5.416667 1.000000 253
 862377.849045 2
 9 1 13.750000 1.000000 393
 4 0 3.750000 1.000000 168
 361179.691665 9
 2 0 16.250000 1.000000 118
 4 1 4.583333 1.000000 171
 2 1 13.750000 1.000000 113
 3 1 14.583333 1.000000 155
 3 0 12.916667 1.000000 150
 2 0 14.583333 1.000000 114
 7 1 8.750000 1.000000 301
 1 1 6.250000 1.000000 55
 9 1 2.916667 1.000000 367
 416933.838137 2
 5 0 13.750000 1.000000 232
 8 0 3.750000 1.000000 328
 384254.718751 3
 0 0 7.916667 1.000000 18
 6 1 13.750000 1.000000 273
 6 0 11.250000 1.000000 266
 1358566.765934 9
 7 0 14.583333 1.000000 314
 2 0 14.583333 1.000000 114
 8 1 0.416667 1.000000 321
 3 0 8.750000 1.000000 140
 1 1 12.083333 1.000000 69
 8 1 1.250000 1.000000 323
 4 1 7.916667 1.000000 179
 6 0 11.250000 1.000000 266
 3 1 16.250000 1.000000 159
 570207.500891 7
 0 1 10.416667 1.000000 25
 6 1 13.750000 1.000000 273
 6 1 0.416667 1.000000 241
 3 0 5.416667 1.000000 132
 7 1 6.250000 1.000000 295
 1 1 12.083333 1.000000 69
 3 0 9.583333 1.000000 142
 595831.844320 6
 3 0 11.250000 1.000000 146
 5 0 4.583333 1.000000 210
 2 0 15.416667 1.000000 116
 5 1 8.750000 1.000000 221
 9 1 7.916667 1.000000 379
 7 0 14.583333 1.000000 314
 626546.218277 4
 5 0 7.916667 1.000000 218
 8 1 0.416667 1.000000 321
 5 1 11.250000 1.000000 227
 0 0 7.916667 1.000000 18