 Numero de pedidos 
 100
 duedate num_referencias // pasillo lado altura peso
 549919.398720 9
 1 0 5.416667 1.000000 52
 2 0 16.250000 1.000000 118
 0 1 0.416667 1.000000 1
 1 0 0.416667 1.000000 40
 0 1 8.750000 1.000000 21
 1 0 13.750000 1.000000 72
 0 1 2.916667 1.000000 7
 0 0 15.416667 1.000000 36
 1 1 2.083333 1.000000 45
 1003457.944525 6
 1 0 11.250000 1.000000 66
 4 1 1.250000 1.000000 163
 1 1 1.250000 1.000000 43
 1 0 0.416667 1.000000 40
 0 1 7.083333 1.000000 17
 1 0 12.083333 1.000000 68
 140770.879398 7
 0 0 0.416667 1.000000 0
 0 1 13.750000 1.000000 33
 0 1 9.583333 1.000000 23
 0 1 12.916667 1.000000 31
 0 0 6.250000 1.000000 14
 1 1 0.416667 1.000000 41
 1 0 8.750000 1.000000 60
 1329765.613885 2
 0 0 13.750000 1.000000 32
 1 0 14.583333 1.000000 74
 1053677.792854 7
 0 0 3.750000 1.000000 8
 0 1 14.583333 1.000000 35
 1 0 3.750000 1.000000 48
 1 0 11.250000 1.000000 66
 0 0 7.083333 1.000000 16
 1 1 8.750000 1.000000 61
 0 0 11.250000 1.000000 26
 1702070.104863 4
 1 0 15.416667 1.000000 76
 1 1 9.583333 1.000000 63
 1 1 15.416667 1.000000 77
 4 0 9.583333 1.000000 182
 166517.903789 4
 1 1 1.250000 1.000000 43
 1 0 7.083333 1.000000 56
 1 1 12.916667 1.000000 71
 0 0 12.083333 1.000000 28
 935808.849435 9
 0 0 6.250000 1.000000 14
 2 0 9.583333 1.000000 102
 6 1 7.916667 1.000000 259
 0 1 0.416667 1.000000 1
 9 0 8.750000 1.000000 380
 0 1 9.583333 1.000000 23
 1 1 12.916667 1.000000 71
 0 0 4.583333 1.000000 10
 1 1 1.250000 1.000000 43
 1560614.630245 6
 4 1 6.250000 1.000000 175
 1 1 7.916667 1.000000 59
 1 1 3.750000 1.000000 49
 0 1 2.916667 1.000000 7
 1 1 2.083333 1.000000 45
 1 0 13.750000 1.000000 72
 1071487.585526 4
 1 0 15.416667 1.000000 76
 1 1 4.583333 1.000000 51
 1 0 5.416667 1.000000 52
 0 0 12.083333 1.000000 28
 1241786.868871 2
 1 0 9.583333 1.000000 62
 0 0 8.750000 1.000000 20
 1189291.611607 4
 4 1 10.416667 1.000000 185
 0 1 0.416667 1.000000 1
 2 1 4.583333 1.000000 91
 3 0 12.916667 1.000000 150
 1602258.115878 3
 2 0 5.416667 1.000000 92
 0 0 15.416667 1.000000 36
 2 1 12.083333 1.000000 109
 1444772.624283 4
 0 1 13.750000 1.000000 33
 3 0 3.750000 1.000000 128
 1 0 0.416667 1.000000 40
 0 0 7.916667 1.000000 18
 1472590.018601 9
 1 1 13.750000 1.000000 73
 0 0 3.750000 1.000000 8
 0 1 16.250000 1.000000 39
 0 0 12.916667 1.000000 30
 1 0 16.250000 1.000000 78
 5 0 2.083333 1.000000 204
 1 1 0.416667 1.000000 41
 0 1 11.250000 1.000000 27
 1 1 1.250000 1.000000 43
 619090.924793 5
 0 1 4.583333 1.000000 11
 0 0 13.750000 1.000000 32
 3 1 6.250000 1.000000 135
 1 1 14.583333 1.000000 75
 0 1 6.250000 1.000000 15
 1134664.705086 7
 0 0 4.583333 1.000000 10
 1 0 13.750000 1.000000 72
 0 0 12.083333 1.000000 28
 5 0 9.583333 1.000000 222
 7 1 13.750000 1.000000 313
 1 1 13.750000 1.000000 73
 1 1 7.083333 1.000000 57
 1340644.857670 7
 0 1 7.916667 1.000000 19
 0 1 11.250000 1.000000 27
 0 0 14.583333 1.000000 34
 0 0 10.416667 1.000000 24
 0 0 12.083333 1.000000 28
 1 1 13.750000 1.000000 73
 5 0 11.250000 1.000000 226
 830775.544062 2
 0 1 5.416667 1.000000 13
 0 1 2.083333 1.000000 5
 391935.402542 9
 8 0 0.416667 1.000000 320
 1 1 5.416667 1.000000 53
 1 1 11.250000 1.000000 67
 0 0 8.750000 1.000000 20
 0 1 7.083333 1.000000 17
 5 0 6.250000 1.000000 214
 3 1 16.250000 1.000000 159
 1 0 5.416667 1.000000 52
 1 0 2.083333 1.000000 44
 65057.808303 8
 3 1 2.083333 1.000000 125
 0 0 5.416667 1.000000 12
 0 1 0.416667 1.000000 1
 0 0 10.416667 1.000000 24
 0 1 10.416667 1.000000 25
 0 1 12.083333 1.000000 29
 2 0 5.416667 1.000000 92
 1 0 7.916667 1.000000 58
 1919737.717379 8
 0 1 0.416667 1.000000 1
 0 1 10.416667 1.000000 25
 0 1 12.083333 1.000000 29
 1 1 12.916667 1.000000 71
 0 0 1.250000 1.000000 2
 2 0 2.083333 1.000000 84
 0 0 3.750000 1.000000 8
 1 0 4.583333 1.000000 50
 1651257.541632 8
 0 1 5.416667 1.000000 13
 7 0 4.583333 1.000000 290
 7 1 14.583333 1.000000 315
 0 1 2.083333 1.000000 5
 1 0 8.750000 1.000000 60
 1 1 13.750000 1.000000 73
 0 0 12.083333 1.000000 28
 1 1 7.083333 1.000000 57
 395608.428528 6
 1 0 15.416667 1.000000 76
 1 0 6.250000 1.000000 54
 7 0 10.416667 1.000000 304
 0 1 6.250000 1.000000 15
 5 1 11.250000 1.000000 227
 0 0 10.416667 1.000000 24
 1235044.382846 4
 0 1 5.416667 1.000000 13
 0 1 7.916667 1.000000 19
 0 1 2.916667 1.000000 7
 3 1 0.416667 1.000000 121
 690344.651160 6
 1 1 7.083333 1.000000 57
 0 1 9.583333 1.000000 23
 0 0 14.583333 1.000000 34
 0 1 4.583333 1.000000 11
 0 1 13.750000 1.000000 33
 1 0 4.583333 1.000000 50
 792236.563262 7
 0 0 7.083333 1.000000 16
 0 1 0.416667 1.000000 1
 0 1 7.916667 1.000000 19
 1 1 12.916667 1.000000 71
 0 0 15.416667 1.000000 36
 1 0 10.416667 1.000000 64
 0 1 14.583333 1.000000 35
 634255.362672 5
 1 1 8.750000 1.000000 61
 0 0 8.750000 1.000000 20
 0 1 11.250000 1.000000 27
 0 1 15.416667 1.000000 37
 1 1 9.583333 1.000000 63
 1460335.588185 7
 3 0 8.750000 1.000000 140
 1 0 12.916667 1.000000 70
 0 1 6.250000 1.000000 15
 1 1 7.083333 1.000000 57
 9 0 14.583333 1.000000 394
 1 0 2.916667 1.000000 46
 0 1 5.416667 1.000000 13
 976196.425956 5
 0 0 8.750000 1.000000 20
 1 1 12.916667 1.000000 71
 1 0 6.250000 1.000000 54
 1 1 6.250000 1.000000 55
 1 0 2.083333 1.000000 44
 654784.290667 9
 1 1 5.416667 1.000000 53
 0 0 7.916667 1.000000 18
 1 0 3.750000 1.000000 48
 1 0 8.750000 1.000000 60
 0 1 5.416667 1.000000 13
 9 1 8.750000 1.000000 381
 3 0 2.916667 1.000000 126
 1 0 2.083333 1.000000 44
 3 1 13.750000 1.000000 153
 707465.350957 8
 1 0 9.583333 1.000000 62
 0 1 12.083333 1.000000 29
 1 0 6.250000 1.000000 54
 0 0 9.583333 1.000000 22
 2 1 7.083333 1.000000 97
 7 0 4.583333 1.000000 290
 0 1 13.750000 1.000000 33
 0 0 2.083333 1.000000 4
 170546.551780 6
 0 0 0.416667 1.000000 0
 1 1 6.250000 1.000000 55
 0 0 16.250000 1.000000 38
 1 0 3.750000 1.000000 48
 3 1 14.583333 1.000000 155
 0 1 12.916667 1.000000 31
 640174.681675 5
 0 0 0.416667 1.000000 0
 1 1 16.250000 1.000000 79
 0 1 0.416667 1.000000 1
 1 0 6.250000 1.000000 54
 0 0 8.750000 1.000000 20
 289576.504906 5
 2 0 14.583333 1.000000 114
 0 1 7.916667 1.000000 19
 0 1 10.416667 1.000000 25
 1 1 13.750000 1.000000 73
 7 0 15.416667 1.000000 316
 287733.921114 2
 0 1 3.750000 1.000000 9
 0 0 10.416667 1.000000 24
 1812488.878673 4
 1 1 15.416667 1.000000 77
 0 1 14.583333 1.000000 35
 3 1 16.250000 1.000000 159
 0 1 15.416667 1.000000 37
 1032934.533690 2
 1 0 3.750000 1.000000 48
 0 0 13.750000 1.000000 32
 1644670.414741 5
 0 1 14.583333 1.000000 35
 0 0 8.750000 1.000000 20
 0 0 7.916667 1.000000 18
 0 1 3.750000 1.000000 9
 0 1 7.083333 1.000000 17
 606765.018407 2
 0 0 14.583333 1.000000 34
 1 1 12.916667 1.000000 71
 1258916.608924 2
 0 0 9.583333 1.000000 22
 3 0 0.416667 1.000000 120
 335913.053926 3
 0 0 4.583333 1.000000 10
 1 0 7.916667 1.000000 58
 1 0 6.250000 1.000000 54
 1470108.570340 5
 1 0 12.916667 1.000000 70
 1 0 2.916667 1.000000 46
 1 1 15.416667 1.000000 77
 0 1 16.250000 1.000000 39
 3 0 12.083333 1.000000 148
 1823865.077283 3
 0 0 3.750000 1.000000 8
 1 0 10.416667 1.000000 64
 1 1 7.083333 1.000000 57
 1087967.851929 7
 0 0 4.583333 1.000000 10
 0 1 2.916667 1.000000 7
 0 1 15.416667 1.000000 37
 1 0 16.250000 1.000000 78
 0 1 13.750000 1.000000 33
 1 1 1.250000 1.000000 43
 0 1 5.416667 1.000000 13
 77738.728839 4
 1 0 5.416667 1.000000 52
 0 0 2.916667 1.000000 6
 0 1 6.250000 1.000000 15
 6 0 15.416667 1.000000 276
 1105697.940674 6
 1 1 0.416667 1.000000 41
 3 1 2.916667 1.000000 127
 0 1 7.083333 1.000000 17
 1 0 7.916667 1.000000 58
 1 1 6.250000 1.000000 55
 1 0 6.250000 1.000000 54
 1710808.078661 4
 1 1 7.916667 1.000000 59
 1 1 12.083333 1.000000 69
 0 1 1.250000 1.000000 3
 0 0 2.083333 1.000000 4
 170979.250973 3
 1 0 4.583333 1.000000 50
 0 1 2.916667 1.000000 7
 1 1 16.250000 1.000000 79
 1852322.972534 3
 1 0 11.250000 1.000000 66
 1 0 8.750000 1.000000 60
 0 1 12.083333 1.000000 29
 255067.678958 7
 1 0 14.583333 1.000000 74
 0 1 2.083333 1.000000 5
 2 1 12.083333 1.000000 109
 0 1 12.083333 1.000000 29
 1 0 3.750000 1.000000 48
 0 0 12.083333 1.000000 28
 0 1 5.416667 1.000000 13
 565440.633244 3
 0 0 4.583333 1.000000 10
 9 0 7.083333 1.000000 376
 0 0 1.250000 1.000000 2
 430209.432221 7
 0 0 8.750000 1.000000 20
 3 0 12.083333 1.000000 148
 1 1 6.250000 1.000000 55
 3 1 12.916667 1.000000 151
 3 0 16.250000 1.000000 158
 1 1 16.250000 1.000000 79
 1 1 14.583333 1.000000 75
 288808.168102 2
 1 0 4.583333 1.000000 50
 0 0 13.750000 1.000000 32
 837968.370783 6
 7 0 10.416667 1.000000 304
 1 1 9.583333 1.000000 63
 1 0 2.083333 1.000000 44
 1 0 7.916667 1.000000 58
 0 1 8.750000 1.000000 21
 0 0 4.583333 1.000000 10
 1111088.411599 6
 1 0 4.583333 1.000000 50
 2 0 11.250000 1.000000 106
 1 0 9.583333 1.000000 62
 1 1 2.083333 1.000000 45
 0 1 12.916667 1.000000 31
 0 0 6.250000 1.000000 14
 1327434.433739 6
 1 1 3.750000 1.000000 49
 0 0 8.750000 1.000000 20
 0 1 13.750000 1.000000 33
 1 1 1.250000 1.000000 43
 8 0 12.916667 1.000000 350
 1 1 12.916667 1.000000 71
 1561702.261009 8
 0 0 5.416667 1.000000 12
 1 0 2.916667 1.000000 46
 6 1 5.416667 1.000000 253
 0 1 13.750000 1.000000 33
 8 0 10.416667 1.000000 344
 0 1 4.583333 1.000000 11
 1 0 4.583333 1.000000 50
 7 0 13.750000 1.000000 312
 1802412.727160 6
 0 0 12.916667 1.000000 30
 0 1 11.250000 1.000000 27
 4 1 7.083333 1.000000 177
 0 0 13.750000 1.000000 32
 0 0 7.083333 1.000000 16
 3 1 13.750000 1.000000 153
 625188.416683 7
 1 1 15.416667 1.000000 77
 5 0 6.250000 1.000000 214
 1 0 7.083333 1.000000 56
 1 1 16.250000 1.000000 79
 3 0 5.416667 1.000000 132
 1 1 2.083333 1.000000 45
 1 1 11.250000 1.000000 67
 514371.928235 9
 1 0 15.416667 1.000000 76
 3 0 1.250000 1.000000 122
 1 0 13.750000 1.000000 72
 1 1 12.916667 1.000000 71
 1 1 11.250000 1.000000 67
 1 1 12.083333 1.000000 69
 5 1 1.250000 1.000000 203
 3 0 2.083333 1.000000 124
 1 1 8.750000 1.000000 61
 346723.346257 7
 0 1 0.416667 1.000000 1
 6 1 9.583333 1.000000 263
 0 0 8.750000 1.000000 20
 1 0 7.916667 1.000000 58
 1 0 4.583333 1.000000 50
 3 0 10.416667 1.000000 144
 1 1 3.750000 1.000000 49
 688055.852059 3
 0 0 7.916667 1.000000 18
 1 1 7.083333 1.000000 57
 0 0 2.916667 1.000000 6
 1216358.190149 2
 1 1 7.916667 1.000000 59
 6 1 3.750000 1.000000 249
 1555594.681090 4
 0 0 8.750000 1.000000 20
 1 1 5.416667 1.000000 53
 0 0 2.083333 1.000000 4
 2 0 13.750000 1.000000 112
 683847.705034 3
 1 1 8.750000 1.000000 61
 1 0 14.583333 1.000000 74
 3 1 8.750000 1.000000 141
 717689.954321 9
 0 1 12.916667 1.000000 31
 6 1 6.250000 1.000000 255
 5 1 8.750000 1.000000 221
 0 1 16.250000 1.000000 39
 9 1 7.916667 1.000000 379
 9 1 5.416667 1.000000 373
 1 1 11.250000 1.000000 67
 7 1 12.916667 1.000000 311
 1 0 4.583333 1.000000 50
 351554.110847 3
 1 0 11.250000 1.000000 66
 0 1 3.750000 1.000000 9
 0 0 8.750000 1.000000 20
 518538.089413 6
 9 0 11.250000 1.000000 386
 0 0 1.250000 1.000000 2
 0 1 0.416667 1.000000 1
 9 1 12.083333 1.000000 389
 1 0 11.250000 1.000000 66
 0 1 7.083333 1.000000 17
 842784.464696 5
 0 1 11.250000 1.000000 27
 1 1 14.583333 1.000000 75
 3 1 3.750000 1.000000 129
 4 1 10.416667 1.000000 185
 0 0 4.583333 1.000000 10
 278293.686974 9
 1 1 12.083333 1.000000 69
 0 1 12.083333 1.000000 29
 1 0 12.916667 1.000000 70
 5 1 8.750000 1.000000 221
 6 0 10.416667 1.000000 264
 1 0 16.250000 1.000000 78
 1 0 2.916667 1.000000 46
 1 1 11.250000 1.000000 67
 1 1 4.583333 1.000000 51
 283108.454739 4
 3 1 3.750000 1.000000 129
 0 1 14.583333 1.000000 35
 0 1 6.250000 1.000000 15
 1 0 7.916667 1.000000 58
 1166477.632954 7
 0 1 6.250000 1.000000 15
 0 1 16.250000 1.000000 39
 1 0 7.916667 1.000000 58
 0 0 10.416667 1.000000 24
 0 1 4.583333 1.000000 11
 0 0 9.583333 1.000000 22
 1 0 12.083333 1.000000 68
 1261613.951801 6
 0 0 8.750000 1.000000 20
 0 0 16.250000 1.000000 38
 1 1 12.916667 1.000000 71
 2 0 8.750000 1.000000 100
 2 1 1.250000 1.000000 83
 0 1 4.583333 1.000000 11
 576901.763704 4
 1 1 9.583333 1.000000 63
 8 1 2.916667 1.000000 327
 1 1 13.750000 1.000000 73
 0 0 2.083333 1.000000 4
 1230853.113397 9
 0 1 6.250000 1.000000 15
 9 1 12.916667 1.000000 391
 0 1 13.750000 1.000000 33
 1 0 9.583333 1.000000 62
 3 0 2.916667 1.000000 126
 0 1 10.416667 1.000000 25
 1 1 1.250000 1.000000 43
 0 0 12.083333 1.000000 28
 0 0 1.250000 1.000000 2
 969361.968455 6
 1 1 0.416667 1.000000 41
 2 1 11.250000 1.000000 107
 1 1 10.416667 1.000000 65
 0 0 11.250000 1.000000 26
 5 0 12.083333 1.000000 228
 0 0 9.583333 1.000000 22
 290345.468731 4
 1 1 12.916667 1.000000 71
 0 0 6.250000 1.000000 14
 0 1 7.083333 1.000000 17
 0 0 16.250000 1.000000 38
 455761.961982 7
 7 1 6.250000 1.000000 295
 1 0 10.416667 1.000000 64
 1 1 15.416667 1.000000 77
 1 1 10.416667 1.000000 65
 0 1 8.750000 1.000000 21
 0 0 12.083333 1.000000 28
 0 1 15.416667 1.000000 37
 735464.983310 3
 1 0 12.916667 1.000000 70
 1 0 15.416667 1.000000 76
 0 1 6.250000 1.000000 15
 1571358.208140 6
 1 0 12.916667 1.000000 70
 1 0 5.416667 1.000000 52
 0 1 6.250000 1.000000 15
 0 0 1.250000 1.000000 2
 0 0 3.750000 1.000000 8
 1 1 2.083333 1.000000 45
 512557.126001 5
 3 1 2.916667 1.000000 127
 1 1 12.083333 1.000000 69
 6 0 6.250000 1.000000 254
 0 0 2.916667 1.000000 6
 3 0 5.416667 1.000000 132
 1633795.551897 3
 0 0 12.083333 1.000000 28
 0 0 2.083333 1.000000 4
 1 0 11.250000 1.000000 66
 1577178.118107 8
 1 1 10.416667 1.000000 65
 1 0 11.250000 1.000000 66
 1 1 4.583333 1.000000 51
 1 0 5.416667 1.000000 52
 1 0 9.583333 1.000000 62
 0 1 2.083333 1.000000 5
 0 0 7.083333 1.000000 16
 0 1 11.250000 1.000000 27
 1629492.447055 4
 7 0 10.416667 1.000000 304
 1 0 4.583333 1.000000 50
 1 1 3.750000 1.000000 49
 0 0 10.416667 1.000000 24
 445398.124086 9
 0 0 15.416667 1.000000 36
 1 1 7.083333 1.000000 57
 1 0 12.916667 1.000000 70
 1 1 2.916667 1.000000 47
 1 1 4.583333 1.000000 51
 9 0 6.250000 1.000000 374
 1 0 7.916667 1.000000 58
 0 1 12.916667 1.000000 31
 1 0 9.583333 1.000000 62
 1565435.999541 4
 0 1 7.083333 1.000000 17
 0 1 13.750000 1.000000 33
 0 0 12.916667 1.000000 30
 1 1 4.583333 1.000000 51
 803987.177202 6
 2 1 2.083333 1.000000 85
 0 0 4.583333 1.000000 10
 2 1 14.583333 1.000000 115
 1 1 16.250000 1.000000 79
 0 1 12.083333 1.000000 29
 1 0 6.250000 1.000000 54
 193075.424243 3
 2 1 3.750000 1.000000 89
 1 0 1.250000 1.000000 42
 2 1 12.083333 1.000000 109
 1938897.057222 6
 2 0 12.916667 1.000000 110
 0 0 2.083333 1.000000 4
 1 0 2.083333 1.000000 44
 1 0 15.416667 1.000000 76
 1 1 12.083333 1.000000 69
 1 0 1.250000 1.000000 42
 744063.798331 2
 1 0 4.583333 1.000000 50
 1 1 3.750000 1.000000 49
 465365.505752 4
 6 0 9.583333 1.000000 262
 0 0 0.416667 1.000000 0
 4 1 12.083333 1.000000 189
 0 0 11.250000 1.000000 26
 673267.087207 6
 4 1 7.083333 1.000000 177
 1 1 8.750000 1.000000 61
 1 0 14.583333 1.000000 74
 0 1 1.250000 1.000000 3
 0 0 0.416667 1.000000 0
 0 0 10.416667 1.000000 24
 902255.290496 4
 0 0 2.916667 1.000000 6
 0 1 14.583333 1.000000 35
 1 0 2.916667 1.000000 46
 0 1 11.250000 1.000000 27
 84504.577147 8
 0 0 12.083333 1.000000 28
 0 1 5.416667 1.000000 13
 0 1 1.250000 1.000000 3
 1 1 9.583333 1.000000 63
 0 0 12.916667 1.000000 30
 0 1 15.416667 1.000000 37
 0 0 11.250000 1.000000 26
 0 1 14.583333 1.000000 35
 1551260.578349 7
 1 0 5.416667 1.000000 52
 0 1 5.416667 1.000000 13
 1 0 2.916667 1.000000 46
 0 0 10.416667 1.000000 24
 1 1 14.583333 1.000000 75
 3 0 12.083333 1.000000 148
 1 0 9.583333 1.000000 62
 692986.246558 2
 1 1 2.916667 1.000000 47
 3 1 2.916667 1.000000 127
 390149.695235 4
 1 0 4.583333 1.000000 50
 8 0 2.083333 1.000000 324
 1 0 0.416667 1.000000 40
 1 1 7.083333 1.000000 57
 1668886.452536 6
 1 1 15.416667 1.000000 77
 3 0 13.750000 1.000000 152
 0 0 8.750000 1.000000 20
 1 0 0.416667 1.000000 40
 0 1 3.750000 1.000000 9
 0 1 10.416667 1.000000 25
 552714.676630 7
 0 1 12.916667 1.000000 31
 0 0 0.416667 1.000000 0
 4 0 13.750000 1.000000 192
 2 1 15.416667 1.000000 117
 1 1 0.416667 1.000000 41
 1 0 12.083333 1.000000 68
 1 0 2.083333 1.000000 44