 Numero de pedidos 
 100
 duedate num_referencias // pasillo lado altura peso
 1357497.255838 2
 0 0 11.250000 1.000000 26
 7 0 14.583333 1.000000 314
 919724.116325 6
 4 1 15.416667 1.000000 197
 6 1 2.083333 1.000000 245
 6 1 0.416667 1.000000 241
 1 1 8.750000 1.000000 61
 8 0 13.750000 1.000000 352
 8 1 13.750000 1.000000 353
 1290279.944507 7
 1 1 16.250000 1.000000 79
 3 0 14.583333 1.000000 154
 8 1 3.750000 1.000000 329
 1 1 9.583333 1.000000 63
 7 1 8.750000 1.000000 301
 2 0 2.083333 1.000000 84
 0 1 3.750000 1.000000 9
 1724209.203145 3
 7 1 7.083333 1.000000 297
 9 0 1.250000 1.000000 362
 3 1 15.416667 1.000000 157
 946371.744530 2
 2 1 16.250000 1.000000 119
 1 0 16.250000 1.000000 78
 982539.772625 3
 8 0 5.416667 1.000000 332
 3 0 16.250000 1.000000 158
 0 0 11.250000 1.000000 26
 1204744.207731 4
 6 0 9.583333 1.000000 262
 0 0 11.250000 1.000000 26
 0 1 11.250000 1.000000 27
 1 0 15.416667 1.000000 76
 700083.346972 7
 2 0 11.250000 1.000000 106
 1 1 12.916667 1.000000 71
 0 0 11.250000 1.000000 26
 6 1 8.750000 1.000000 261
 4 1 9.583333 1.000000 183
 3 1 12.916667 1.000000 151
 5 0 0.416667 1.000000 200
 956748.417670 3
 2 0 4.583333 1.000000 90
 1 1 8.750000 1.000000 61
 7 1 8.750000 1.000000 301
 1751761.484794 2
 7 1 8.750000 1.000000 301
 5 0 12.083333 1.000000 228
 1965853.508024 4
 6 0 6.250000 1.000000 254
 2 0 7.916667 1.000000 98
 3 1 9.583333 1.000000 143
 3 0 7.083333 1.000000 136
 1456718.219322 3
 2 0 2.083333 1.000000 84
 7 1 8.750000 1.000000 301
 5 1 5.416667 1.000000 213
 405693.017918 4
 1 0 15.416667 1.000000 76
 8 1 7.916667 1.000000 339
 8 1 4.583333 1.000000 331
 1 1 9.583333 1.000000 63
 1773819.211653 8
 4 0 14.583333 1.000000 194
 2 0 2.083333 1.000000 84
 4 0 5.416667 1.000000 172
 7 1 14.583333 1.000000 315
 1 0 0.416667 1.000000 40
 2 0 7.916667 1.000000 98
 6 1 2.083333 1.000000 245
 8 1 13.750000 1.000000 353
 292763.616952 5
 1 1 6.250000 1.000000 55
 1 1 11.250000 1.000000 67
 0 0 0.416667 1.000000 0
 2 1 7.083333 1.000000 97
 2 1 12.916667 1.000000 111
 1596526.337674 5
 7 1 7.083333 1.000000 297
 6 1 2.083333 1.000000 245
 6 0 11.250000 1.000000 266
 7 1 8.750000 1.000000 301
 3 0 4.583333 1.000000 130
 1409558.716849 3
 4 0 16.250000 1.000000 198
 1 0 9.583333 1.000000 62
 7 0 2.916667 1.000000 286
 1042103.478947 9
 4 0 0.416667 1.000000 160
 1 0 8.750000 1.000000 60
 2 1 13.750000 1.000000 113
 6 1 8.750000 1.000000 261
 6 1 7.083333 1.000000 257
 0 1 15.416667 1.000000 37
 7 1 12.083333 1.000000 309
 4 1 12.083333 1.000000 189
 6 1 0.416667 1.000000 241
 899255.460957 2
 5 0 16.250000 1.000000 238
 8 0 1.250000 1.000000 322
 1048358.842623 2
 4 1 2.083333 1.000000 165
 5 0 11.250000 1.000000 226
 1231186.520379 7
 1 0 5.416667 1.000000 52
 7 0 7.916667 1.000000 298
 6 1 0.416667 1.000000 241
 0 1 11.250000 1.000000 27
 1 0 12.916667 1.000000 70
 6 0 8.750000 1.000000 260
 4 0 4.583333 1.000000 170
 229404.953005 5
 4 0 5.416667 1.000000 172
 3 1 7.083333 1.000000 137
 8 1 13.750000 1.000000 353
 2 0 15.416667 1.000000 116
 4 0 6.250000 1.000000 174
 1142046.816769 3
 5 0 12.083333 1.000000 228
 1 0 15.416667 1.000000 76
 5 0 16.250000 1.000000 238
 1576502.633531 2
 3 0 14.583333 1.000000 154
 8 0 13.750000 1.000000 352
 1915791.252198 6
 8 1 11.250000 1.000000 347
 7 0 0.416667 1.000000 280
 6 0 8.750000 1.000000 260
 2 1 6.250000 1.000000 95
 6 1 8.750000 1.000000 261
 9 1 6.250000 1.000000 375
 356539.013384 9
 2 1 2.083333 1.000000 85
 1 0 3.750000 1.000000 48
 3 0 12.916667 1.000000 150
 2 1 4.583333 1.000000 91
 3 1 4.583333 1.000000 131
 5 1 16.250000 1.000000 239
 1 1 12.916667 1.000000 71
 7 1 12.083333 1.000000 309
 1 0 8.750000 1.000000 60
 1063905.227400 4
 1 0 12.083333 1.000000 68
 2 1 16.250000 1.000000 119
 4 0 1.250000 1.000000 162
 0 1 2.083333 1.000000 5
 1942306.551329 9
 2 1 7.083333 1.000000 97
 7 1 14.583333 1.000000 315
 2 0 12.083333 1.000000 108
 2 1 16.250000 1.000000 119
 8 0 5.416667 1.000000 332
 6 1 7.083333 1.000000 257
 3 1 10.416667 1.000000 145
 1 1 4.583333 1.000000 51
 3 1 12.916667 1.000000 151
 1480991.395545 4
 4 0 16.250000 1.000000 198
 5 1 5.416667 1.000000 213
 4 1 2.083333 1.000000 165
 4 0 4.583333 1.000000 170
 1903352.949109 6
 8 0 13.750000 1.000000 352
 1 0 12.916667 1.000000 70
 3 0 4.583333 1.000000 130
 3 1 9.583333 1.000000 143
 0 0 15.416667 1.000000 36
 5 0 10.416667 1.000000 224
 1234343.778134 4
 2 0 9.583333 1.000000 102
 4 0 16.250000 1.000000 198
 8 1 13.750000 1.000000 353
 9 0 1.250000 1.000000 362
 360139.050148 5
 1 1 12.916667 1.000000 71
 1 1 5.416667 1.000000 53
 1 0 11.250000 1.000000 66
 8 1 4.583333 1.000000 331
 3 1 10.416667 1.000000 145
 1825318.831534 3
 5 1 8.750000 1.000000 221
 3 1 4.583333 1.000000 131
 3 1 12.916667 1.000000 151
 1281901.386791 2
 6 0 7.916667 1.000000 258
 7 1 6.250000 1.000000 295
 1827194.323497 4
 1 1 5.416667 1.000000 53
 1 0 5.416667 1.000000 52
 4 1 12.916667 1.000000 191
 4 0 8.750000 1.000000 180
 1181065.437636 3
 1 1 11.250000 1.000000 67
 8 0 5.416667 1.000000 332
 6 0 2.916667 1.000000 246
 821495.666980 7
 1 1 16.250000 1.000000 79
 8 1 5.416667 1.000000 333
 5 0 8.750000 1.000000 220
 5 1 16.250000 1.000000 239
 0 0 7.083333 1.000000 16
 1 1 8.750000 1.000000 61
 6 1 7.916667 1.000000 259
 162477.158011 4
 0 0 15.416667 1.000000 36
 9 1 6.250000 1.000000 375
 1 1 8.750000 1.000000 61
 7 0 10.416667 1.000000 304
 186014.615365 3
 6 1 0.416667 1.000000 241
 0 1 3.750000 1.000000 9
 3 1 4.583333 1.000000 131
 72955.410757 2
 8 1 3.750000 1.000000 329
 1 1 8.750000 1.000000 61
 1259372.283416 6
 8 1 1.250000 1.000000 323
 2 1 13.750000 1.000000 113
 8 1 13.750000 1.000000 353
 2 0 9.583333 1.000000 102
 2 0 2.083333 1.000000 84
 6 1 16.250000 1.000000 279
 1941513.563516 2
 1 0 3.750000 1.000000 48
 9 1 10.416667 1.000000 385
 651150.726011 5
 3 0 4.583333 1.000000 130
 7 0 2.083333 1.000000 284
 4 1 15.416667 1.000000 197
 1 1 4.583333 1.000000 51
 1 0 8.750000 1.000000 60
 1826382.765969 6
 6 1 7.083333 1.000000 257
 2 1 13.750000 1.000000 113
 1 0 5.416667 1.000000 52
 5 1 16.250000 1.000000 239
 9 0 13.750000 1.000000 392
 0 1 2.083333 1.000000 5
 1786263.148815 3
 9 1 6.250000 1.000000 375
 6 0 5.416667 1.000000 252
 1 1 9.583333 1.000000 63
 1341180.619421 3
 4 0 16.250000 1.000000 198
 2 0 4.583333 1.000000 90
 7 1 14.583333 1.000000 315
 824930.667293 6
 6 1 2.916667 1.000000 247
 2 1 2.083333 1.000000 85
 4 1 15.416667 1.000000 197
 3 1 7.083333 1.000000 137
 5 1 16.250000 1.000000 239
 2 0 9.583333 1.000000 102
 811258.555116 8
 8 1 1.250000 1.000000 323
 1 1 4.583333 1.000000 51
 6 1 2.083333 1.000000 245
 8 1 13.750000 1.000000 353
 6 0 7.916667 1.000000 258
 6 1 8.750000 1.000000 261
 3 1 6.250000 1.000000 135
 8 0 13.750000 1.000000 352
 519712.054841 6
 6 0 11.250000 1.000000 266
 4 1 2.083333 1.000000 165
 8 1 3.750000 1.000000 329
 2 1 13.750000 1.000000 113
 6 0 5.416667 1.000000 252
 0 1 15.416667 1.000000 37
 699537.506318 6
 4 1 2.083333 1.000000 165
 7 1 9.583333 1.000000 303
 1 1 11.250000 1.000000 67
 7 0 2.916667 1.000000 286
 5 0 0.416667 1.000000 200
 0 1 3.750000 1.000000 9
 1801876.143069 6
 3 1 12.916667 1.000000 151
 5 0 8.750000 1.000000 220
 8 1 3.750000 1.000000 329
 4 1 2.916667 1.000000 167
 1 1 9.583333 1.000000 63
 0 1 11.250000 1.000000 27
 1580560.944146 2
 8 1 13.750000 1.000000 353
 0 1 15.416667 1.000000 37
 1577261.804127 4
 4 0 6.250000 1.000000 174
 2 1 16.250000 1.000000 119
 1 1 8.750000 1.000000 61
 9 1 6.250000 1.000000 375
 1298904.411764 2
 7 1 8.750000 1.000000 301
 4 0 0.416667 1.000000 160
 620320.662344 2
 4 1 4.583333 1.000000 171
 6 1 2.083333 1.000000 245
 755473.073048 3
 3 0 4.583333 1.000000 130
 0 1 2.916667 1.000000 7
 2 0 2.083333 1.000000 84
 382105.748347 3
 0 0 0.416667 1.000000 0
 8 1 11.250000 1.000000 347
 4 0 4.583333 1.000000 170
 48665.976677 6
 7 1 6.250000 1.000000 295
 4 0 14.583333 1.000000 194
 1 1 1.250000 1.000000 43
 8 0 5.416667 1.000000 332
 1 0 12.916667 1.000000 70
 6 0 6.250000 1.000000 254
 1559776.771553 4
 6 1 7.083333 1.000000 257
 9 1 0.416667 1.000000 361
 3 0 14.583333 1.000000 154
 2 0 8.750000 1.000000 100
 648781.090327 2
 1 0 12.916667 1.000000 70
 2 0 2.083333 1.000000 84
 1916602.610758 4
 0 1 15.416667 1.000000 37
 6 1 7.083333 1.000000 257
 5 1 5.416667 1.000000 213
 6 0 14.583333 1.000000 274
 387875.184392 8
 2 0 2.083333 1.000000 84
 6 0 8.750000 1.000000 260
 6 1 2.083333 1.000000 245
 4 0 1.250000 1.000000 162
 8 1 11.250000 1.000000 347
 2 0 7.916667 1.000000 98
 3 1 4.583333 1.000000 131
 7 0 8.750000 1.000000 300
 572191.906707 2
 2 0 7.916667 1.000000 98
 7 1 1.250000 1.000000 283
 1802971.907781 6
 0 0 13.750000 1.000000 32
 6 1 7.083333 1.000000 257
 1 1 5.416667 1.000000 53
 2 0 2.083333 1.000000 84
 6 0 5.416667 1.000000 252
 5 1 0.416667 1.000000 201
 870431.232299 5
 5 0 15.416667 1.000000 236
 6 0 5.416667 1.000000 252
 9 1 16.250000 1.000000 399
 1 0 3.750000 1.000000 48
 5 0 8.750000 1.000000 220
 1921015.727427 9
 7 1 14.583333 1.000000 315
 8 0 13.750000 1.000000 352
 8 1 3.750000 1.000000 329
 8 0 0.416667 1.000000 320
 5 0 16.250000 1.000000 238
 6 1 2.083333 1.000000 245
 3 0 4.583333 1.000000 130
 0 1 2.083333 1.000000 5
 3 1 9.583333 1.000000 143
 1337951.098037 7
 8 0 16.250000 1.000000 358
 9 1 6.250000 1.000000 375
 4 0 1.250000 1.000000 162
 1 0 16.250000 1.000000 78
 1 1 11.250000 1.000000 67
 1 1 14.583333 1.000000 75
 3 1 7.083333 1.000000 137
 1407805.084422 9
 7 1 14.583333 1.000000 315
 1 1 9.583333 1.000000 63
 2 1 2.083333 1.000000 85
 3 0 14.583333 1.000000 154
 7 1 6.250000 1.000000 295
 2 0 2.083333 1.000000 84
 8 0 9.583333 1.000000 342
 4 0 4.583333 1.000000 170
 8 0 13.750000 1.000000 352
 1925610.005150 9
 7 1 6.250000 1.000000 295
 3 0 4.583333 1.000000 130
 1 0 12.083333 1.000000 68
 1 0 12.916667 1.000000 70
 7 1 14.583333 1.000000 315
 8 1 6.250000 1.000000 335
 2 0 1.250000 1.000000 82
 7 0 3.750000 1.000000 288
 6 0 11.250000 1.000000 266
 201741.344334 2
 3 0 16.250000 1.000000 158
 0 0 11.250000 1.000000 26
 1194201.813617 9
 9 1 6.250000 1.000000 375
 0 1 2.083333 1.000000 5
 4 0 13.750000 1.000000 192
 0 1 11.250000 1.000000 27
 7 1 8.750000 1.000000 301
 0 0 11.250000 1.000000 26
 3 0 1.250000 1.000000 122
 8 0 1.250000 1.000000 322
 6 0 8.750000 1.000000 260
 497680.857320 4
 4 0 14.583333 1.000000 194
 0 0 11.250000 1.000000 26
 4 1 5.416667 1.000000 173
 2 1 13.750000 1.000000 113
 1214047.793920 6
 8 1 13.750000 1.000000 353
 1 1 11.250000 1.000000 67
 1 1 4.583333 1.000000 51
 0 0 15.416667 1.000000 36
 8 0 13.750000 1.000000 352
 1 0 3.750000 1.000000 48
 845501.877761 5
 0 0 11.250000 1.000000 26
 4 1 2.083333 1.000000 165
 4 0 6.250000 1.000000 174
 3 1 9.583333 1.000000 143
 0 0 1.250000 1.000000 2
 1530566.482474 3
 2 0 9.583333 1.000000 102
 8 0 13.750000 1.000000 352
 1 1 4.583333 1.000000 51
 1447998.951230 6
 8 0 5.416667 1.000000 332
 3 1 7.083333 1.000000 137
 2 1 6.250000 1.000000 95
 5 0 8.750000 1.000000 220
 2 0 8.750000 1.000000 100
 2 1 7.083333 1.000000 97
 140488.939351 6
 2 0 9.583333 1.000000 102
 3 1 12.916667 1.000000 151
 5 1 16.250000 1.000000 239
 4 1 4.583333 1.000000 171
 1 0 3.750000 1.000000 48
 3 1 2.916667 1.000000 127
 924834.479897 7
 5 0 16.250000 1.000000 238
 5 1 5.416667 1.000000 213
 6 0 11.250000 1.000000 266
 1 1 12.916667 1.000000 71
 9 1 6.250000 1.000000 375
 0 0 16.250000 1.000000 38
 4 1 12.083333 1.000000 189
 752617.204894 5
 5 0 16.250000 1.000000 238
 4 1 15.416667 1.000000 197
 2 1 16.250000 1.000000 119
 2 1 13.750000 1.000000 113
 3 0 14.583333 1.000000 154
 794022.833702 7
 1 1 5.416667 1.000000 53
 3 1 9.583333 1.000000 143
 9 0 12.916667 1.000000 390
 4 0 4.583333 1.000000 170
 1 0 12.916667 1.000000 70
 2 0 9.583333 1.000000 102
 3 1 12.916667 1.000000 151
 1301704.675733 7
 5 1 7.916667 1.000000 219
 2 1 4.583333 1.000000 91
 6 0 11.250000 1.000000 266
 2 0 9.583333 1.000000 102
 9 0 5.416667 1.000000 372
 4 0 1.250000 1.000000 162
 1 0 3.750000 1.000000 48
 842136.166600 2
 3 1 5.416667 1.000000 133
 2 1 1.250000 1.000000 83
 792139.516283 4
 8 0 5.416667 1.000000 332
 2 0 2.083333 1.000000 84
 1 1 12.916667 1.000000 71
 0 1 2.083333 1.000000 5
 1784749.367454 6
 2 0 13.750000 1.000000 112
 4 0 6.250000 1.000000 174
 6 1 7.083333 1.000000 257
 0 0 11.250000 1.000000 26
 0 1 3.750000 1.000000 9
 2 0 4.583333 1.000000 90
 934021.844274 3
 1 0 5.416667 1.000000 52
 7 0 7.083333 1.000000 296
 9 1 6.250000 1.000000 375
 1112843.184896 3
 4 0 1.250000 1.000000 162
 6 1 7.083333 1.000000 257
 0 0 2.083333 1.000000 4
 1271508.858293 7
 0 1 8.750000 1.000000 21
 4 0 4.583333 1.000000 170
 0 0 15.416667 1.000000 36
 3 0 14.583333 1.000000 154
 4 0 1.250000 1.000000 162
 6 1 4.583333 1.000000 251
 7 0 2.916667 1.000000 286
 912039.590083 3
 7 1 1.250000 1.000000 283
 2 1 16.250000 1.000000 119
 0 1 11.250000 1.000000 27
 1066576.259987 7
 8 1 15.416667 1.000000 357
 1 1 8.750000 1.000000 61
 4 0 4.583333 1.000000 170
 0 1 5.416667 1.000000 13
 6 0 3.750000 1.000000 248
 4 0 0.416667 1.000000 160
 5 0 11.250000 1.000000 226
 537250.407123 9
 8 1 11.250000 1.000000 347
 2 1 8.750000 1.000000 101
 1 0 4.583333 1.000000 50
 5 1 5.416667 1.000000 213
 3 1 10.416667 1.000000 145
 1 0 12.916667 1.000000 70
 5 0 13.750000 1.000000 232
 6 1 14.583333 1.000000 275
 4 1 2.083333 1.000000 165
 247324.142348 9
 2 0 2.083333 1.000000 84
 6 1 7.083333 1.000000 257
 3 1 12.916667 1.000000 151
 1 1 16.250000 1.000000 79
 1 1 11.250000 1.000000 67
 0 0 11.250000 1.000000 26
 8 0 13.750000 1.000000 352
 1 0 5.416667 1.000000 52
 7 0 2.916667 1.000000 286
 1173379.851754 8
 8 1 11.250000 1.000000 347
 2 0 4.583333 1.000000 90
 3 1 7.083333 1.000000 137
 2 0 8.750000 1.000000 100
 2 0 7.916667 1.000000 98
 1 1 12.916667 1.000000 71
 1 1 8.750000 1.000000 61
 9 1 6.250000 1.000000 375
 1155662.795396 7
 8 1 0.416667 1.000000 321
 1 0 12.916667 1.000000 70
 5 1 5.416667 1.000000 213
 2 0 7.916667 1.000000 98
 6 0 8.750000 1.000000 260
 0 1 15.416667 1.000000 37
 0 0 15.416667 1.000000 36
 1929624.162265 8
 5 0 16.250000 1.000000 238
 5 1 5.416667 1.000000 213
 3 1 9.583333 1.000000 143
 0 1 2.916667 1.000000 7
 4 0 16.250000 1.000000 198
 8 1 11.250000 1.000000 347
 0 0 11.250000 1.000000 26
 6 1 8.750000 1.000000 261
 1032200.972434 6
 3 0 5.416667 1.000000 132
 8 1 3.750000 1.000000 329
 2 0 2.083333 1.000000 84
 2 0 15.416667 1.000000 116
 4 0 7.083333 1.000000 176
 8 1 11.250000 1.000000 347
 1906400.373013 2
 4 0 4.583333 1.000000 170
 1 0 12.916667 1.000000 70
 860524.583971 5
 3 0 4.583333 1.000000 130
 3 1 4.583333 1.000000 131
 0 1 15.416667 1.000000 37
 2 0 8.750000 1.000000 100
 6 0 7.916667 1.000000 258
 1127934.755854 9
 7 1 8.750000 1.000000 301
 5 0 16.250000 1.000000 238
 8 0 13.750000 1.000000 352
 4 0 16.250000 1.000000 198
 6 1 2.083333 1.000000 245
 9 0 8.750000 1.000000 380
 2 1 8.750000 1.000000 101
 1 1 7.083333 1.000000 57
 0 0 2.916667 1.000000 6
 455691.448904 2
 2 0 0.416667 1.000000 80
 1 1 9.583333 1.000000 63
 56449.708425 6
 2 1 10.416667 1.000000 105
 1 0 15.416667 1.000000 76
 2 0 9.583333 1.000000 102
 1 0 16.250000 1.000000 78
 2 0 4.583333 1.000000 90
 2 1 14.583333 1.000000 115