 Numero de pedidos 
 100
 duedate num_referencias // pasillo lado altura peso
 326776.357874 28
 8 0 42.500000 1.358785 272
 1 1 47.500000 1.920354 51
 1 0 47.500000 1.578099 50
 7 0 17.500000 1.456635 230
 7 1 2.500000 2.867811 225
 2 0 52.500000 2.127150 84
 4 0 77.500000 2.295797 158
 4 1 37.500000 2.168582 143
 11 0 42.500000 1.573453 368
 9 1 72.500000 2.630643 317
 4 0 27.500000 2.618245 138
 5 0 22.500000 1.479094 168
 3 1 27.500000 2.854602 107
 1 0 67.500000 1.607678 58
 7 0 72.500000 2.965285 252
 0 0 72.500000 2.704212 28
 2 0 42.500000 1.889388 80
 1 1 2.500000 2.436004 33
 8 0 77.500000 1.145446 286
 9 0 57.500000 2.663012 310
 11 0 7.500000 2.053984 354
 1 1 37.500000 2.888031 47
 3 0 52.500000 2.994126 116
 2 1 72.500000 2.085146 93
 1 1 7.500000 1.188047 35
 6 1 27.500000 1.633807 203
 6 0 57.500000 1.973655 214
 6 0 27.500000 2.483442 202
 1737687.775371 4
 1 1 2.500000 2.436004 33
 3 0 17.500000 1.604277 102
 6 0 27.500000 2.483442 202
 11 1 62.500000 2.523900 377
 1272043.564055 24
 6 1 22.500000 2.594240 201
 2 1 52.500000 1.907566 85
 5 0 27.500000 2.432166 170
 4 0 37.500000 2.986443 142
 9 1 57.500000 2.021975 311
 1 1 77.500000 1.448993 63
 11 1 62.500000 2.523900 377
 9 0 12.500000 2.405647 292
 5 1 27.500000 1.629522 171
 2 0 52.500000 2.127150 84
 3 1 72.500000 1.768148 125
 7 1 7.500000 1.875205 227
 3 0 37.500000 2.238548 110
 11 0 22.500000 2.311046 360
 4 1 52.500000 2.468682 149
 3 0 17.500000 1.604277 102
 1 0 32.500000 1.585477 44
 3 1 37.500000 2.420509 111
 7 1 32.500000 2.506176 237
 7 1 12.500000 2.179888 229
 10 0 12.500000 1.378306 324
 4 1 47.500000 2.672877 147
 5 0 22.500000 1.479094 168
 2 1 72.500000 2.085146 93
 535321.785293 28
 9 0 62.500000 2.097883 312
 9 1 57.500000 2.021975 311
 4 1 52.500000 2.468682 149
 5 1 7.500000 1.086645 163
 11 1 37.500000 2.053004 367
 1 1 42.500000 2.606126 49
 9 0 7.500000 2.911284 290
 0 0 62.500000 1.482964 24
 0 1 17.500000 2.139055 7
 10 1 57.500000 1.300973 343
 7 1 2.500000 2.867811 225
 5 1 37.500000 2.250921 175
 11 1 2.500000 1.160173 353
 10 0 27.500000 1.691276 330
 2 1 72.500000 2.085146 93
 1 1 27.500000 2.813688 43
 6 0 72.500000 2.037812 220
 9 0 37.500000 1.126627 302
 6 1 22.500000 2.594240 201
 3 1 72.500000 1.768148 125
 9 1 22.500000 2.152905 297
 3 0 77.500000 1.584288 126
 2 1 67.500000 1.198617 91
 5 1 27.500000 1.629522 171
 2 1 12.500000 2.350323 69
 4 1 37.500000 2.168582 143
 0 0 27.500000 2.408945 10
 4 1 57.500000 2.865789 151
 195822.247116 14
 3 1 27.500000 2.854602 107
 4 1 17.500000 1.540337 135
 3 1 62.500000 1.382581 121
 8 0 42.500000 1.358785 272
 6 1 22.500000 2.594240 201
 5 0 22.500000 1.479094 168
 11 1 47.500000 2.131725 371
 6 1 7.500000 1.602147 195
 8 1 2.500000 1.778050 257
 10 0 62.500000 1.584486 344
 3 0 37.500000 2.238548 110
 4 0 37.500000 2.986443 142
 3 1 72.500000 1.768148 125
 3 0 17.500000 1.604277 102
 333778.633724 7
 9 0 57.500000 2.663012 310
 0 1 17.500000 2.139055 7
 5 0 12.500000 1.851097 164
 7 0 47.500000 2.802498 242
 0 0 27.500000 2.408945 10
 4 1 47.500000 2.672877 147
 2 1 22.500000 1.402356 73
 112028.194662 6
 3 1 62.500000 1.382581 121
 1 0 57.500000 1.592509 54
 7 1 67.500000 2.935904 251
 7 1 2.500000 2.867811 225
 11 0 67.500000 2.440396 378
 4 1 37.500000 2.168582 143
 462224.470257 23
 10 1 22.500000 1.142834 329
 5 0 77.500000 2.698478 190
 11 0 7.500000 2.053984 354
 4 0 17.500000 2.660429 134
 3 1 27.500000 2.854602 107
 6 0 77.500000 2.144162 222
 1 1 37.500000 2.888031 47
 5 0 22.500000 1.479094 168
 5 0 47.500000 1.772501 178
 2 1 47.500000 1.590266 83
 2 0 72.500000 2.899576 92
 8 0 42.500000 1.358785 272
 10 1 62.500000 2.932173 345
 3 0 62.500000 1.297182 120
 9 0 42.500000 2.426231 304
 8 1 62.500000 1.674987 281
 11 1 77.500000 2.518059 383
 9 0 62.500000 2.097883 312
 7 1 32.500000 2.506176 237
 5 1 47.500000 1.156616 179
 1 0 32.500000 1.585477 44
 6 1 22.500000 2.594240 201
 1 1 47.500000 1.920354 51
 449720.045072 21
 3 1 22.500000 1.678875 105
 8 0 7.500000 2.034037 258
 3 0 37.500000 2.238548 110
 6 1 27.500000 1.633807 203
 8 0 42.500000 1.358785 272
 2 1 67.500000 1.198617 91
 7 1 57.500000 2.817365 247
 4 1 57.500000 2.865789 151
 2 0 37.500000 1.352159 78
 5 1 17.500000 1.280021 167
 2 1 77.500000 2.006691 95
 5 1 37.500000 2.250921 175
 5 0 12.500000 1.851097 164
 4 1 47.500000 2.672877 147
 4 1 52.500000 2.468682 149
 5 1 62.500000 1.077772 185
 8 1 22.500000 1.775159 265
 10 0 12.500000 1.378306 324
 3 0 47.500000 2.721486 114
 7 1 37.500000 2.421016 239
 4 0 37.500000 2.986443 142
 311975.098211 13
 4 1 57.500000 2.865789 151
 1 1 77.500000 1.448993 63
 4 0 77.500000 2.295797 158
 11 0 42.500000 1.573453 368
 1 0 57.500000 1.592509 54
 1 1 12.500000 2.202539 37
 1 1 42.500000 2.606126 49
 2 0 72.500000 2.899576 92
 9 1 27.500000 1.877745 299
 10 0 12.500000 1.378306 324
 6 0 27.500000 2.483442 202
 11 1 77.500000 2.518059 383
 2 0 52.500000 2.127150 84
 1909038.303024 7
 3 0 77.500000 1.584288 126
 10 1 62.500000 2.932173 345
 11 0 7.500000 2.053984 354
 4 1 27.500000 2.568391 139
 10 0 27.500000 1.691276 330
 3 0 17.500000 1.604277 102
 4 1 52.500000 2.468682 149
 1917153.637352 1
 9 1 27.500000 1.877745 299
 322263.428756 21
 2 1 72.500000 2.085146 93
 11 1 42.500000 2.136465 369
 6 1 7.500000 1.602147 195
 3 1 62.500000 1.382581 121
 1 1 77.500000 1.448993 63
 1 1 42.500000 2.606126 49
 5 1 47.500000 1.156616 179
 5 1 27.500000 1.629522 171
 9 0 37.500000 1.126627 302
 0 0 17.500000 1.863767 6
 4 1 37.500000 2.168582 143
 11 1 77.500000 2.518059 383
 1 0 32.500000 1.585477 44
 9 1 47.500000 2.593285 307
 9 1 27.500000 1.877745 299
 1 0 57.500000 1.592509 54
 2 0 52.500000 2.127150 84
 2 0 72.500000 2.899576 92
 5 1 7.500000 1.086645 163
 5 0 17.500000 2.698147 166
 8 1 22.500000 1.775159 265
 841489.641872 15
 3 0 37.500000 2.238548 110
 1 0 37.500000 1.878574 46
 11 0 42.500000 1.573453 368
 10 0 27.500000 1.691276 330
 9 1 72.500000 2.630643 317
 10 1 67.500000 1.978785 347
 8 0 7.500000 2.034037 258
 2 1 72.500000 2.085146 93
 3 0 77.500000 1.584288 126
 2 0 52.500000 2.127150 84
 8 1 77.500000 1.781983 287
 0 1 52.500000 2.176368 21
 5 0 22.500000 1.479094 168
 6 0 57.500000 1.973655 214
 3 1 62.500000 1.382581 121
 478713.175449 28
 8 1 22.500000 1.775159 265
 3 0 37.500000 2.238548 110
 2 1 77.500000 2.006691 95
 8 0 17.500000 1.569967 262
 5 1 47.500000 1.156616 179
 5 1 32.500000 1.597080 173
 8 0 57.500000 1.472520 278
 9 1 27.500000 1.877745 299
 5 1 7.500000 1.086645 163
 5 1 27.500000 1.629522 171
 8 1 17.500000 1.560419 263
 2 0 72.500000 2.899576 92
 11 0 42.500000 1.573453 368
 10 0 12.500000 1.378306 324
 6 0 57.500000 1.973655 214
 3 1 12.500000 1.553491 101
 7 1 47.500000 2.128052 243
 2 1 67.500000 1.198617 91
 7 0 17.500000 1.456635 230
 9 0 12.500000 2.405647 292
 7 1 12.500000 2.179888 229
 10 0 27.500000 1.691276 330
 1 0 27.500000 1.772143 42
 11 1 62.500000 2.523900 377
 0 0 57.500000 2.568877 22
 2 1 22.500000 1.402356 73
 9 1 62.500000 1.368464 313
 0 1 57.500000 1.113923 23
 1634514.681601 34
 3 1 62.500000 1.382581 121
 9 0 37.500000 1.126627 302
 2 1 72.500000 2.085146 93
 9 1 72.500000 2.630643 317
 3 0 17.500000 1.604277 102
 3 0 37.500000 2.238548 110
 5 0 77.500000 2.698478 190
 5 1 27.500000 1.629522 171
 11 1 62.500000 2.523900 377
 5 1 17.500000 1.280021 167
 9 0 62.500000 2.097883 312
 1 0 2.500000 1.905610 32
 0 0 57.500000 2.568877 22
 6 0 32.500000 1.900619 204
 2 1 67.500000 1.198617 91
 6 1 7.500000 1.602147 195
 3 0 77.500000 1.584288 126
 5 1 7.500000 1.086645 163
 10 1 57.500000 1.300973 343
 11 0 42.500000 1.573453 368
 5 0 42.500000 2.479439 176
 6 1 22.500000 2.594240 201
 6 0 57.500000 1.973655 214
 4 1 57.500000 2.865789 151
 3 0 27.500000 1.371763 106
 4 0 52.500000 2.821734 148
 1 1 77.500000 1.448993 63
 6 1 27.500000 1.633807 203
 10 1 62.500000 2.932173 345
 9 1 47.500000 2.593285 307
 1 0 57.500000 1.592509 54
 8 0 37.500000 2.302104 270
 1 1 42.500000 2.606126 49
 0 1 52.500000 2.176368 21
 1559456.165135 34
 4 0 32.500000 1.844158 140
 9 0 37.500000 1.126627 302
 6 0 37.500000 1.946076 206
 1 0 7.500000 2.373754 34
 5 0 77.500000 2.698478 190
 1 1 77.500000 1.448993 63
 1 1 42.500000 2.606126 49
 4 1 52.500000 2.468682 149
 7 1 57.500000 2.817365 247
 6 0 27.500000 2.483442 202
 5 0 17.500000 2.698147 166
 1 1 47.500000 1.920354 51
 9 1 72.500000 2.630643 317
 4 1 42.500000 1.913896 145
 5 1 7.500000 1.086645 163
 7 1 72.500000 1.484017 253
 7 1 12.500000 2.179888 229
 11 1 77.500000 2.518059 383
 9 0 72.500000 2.333869 316
 10 0 27.500000 1.691276 330
 9 0 62.500000 2.097883 312
 2 0 17.500000 2.060180 70
 2 0 57.500000 2.737859 86
 8 1 22.500000 1.775159 265
 8 1 72.500000 1.063025 285
 3 0 37.500000 2.238548 110
 2 1 72.500000 2.085146 93
 7 0 72.500000 2.965285 252
 9 1 47.500000 2.593285 307
 1 0 57.500000 1.592509 54
 1 0 37.500000 1.878574 46
 3 0 77.500000 1.584288 126
 2 1 7.500000 1.644687 67
 0 0 57.500000 2.568877 22
 1030996.373273 12
 2 0 57.500000 2.737859 86
 11 0 7.500000 2.053984 354
 1 0 57.500000 1.592509 54
 6 1 7.500000 1.602147 195
 6 1 52.500000 2.619945 213
 8 1 22.500000 1.775159 265
 1 0 37.500000 1.878574 46
 6 1 27.500000 1.633807 203
 9 1 57.500000 2.021975 311
 2 1 22.500000 1.402356 73
 8 1 2.500000 1.778050 257
 10 0 27.500000 1.691276 330
 218377.706417 28
 1 1 42.500000 2.606126 49
 4 1 57.500000 2.865789 151
 2 1 72.500000 2.085146 93
 9 1 72.500000 2.630643 317
 11 0 42.500000 1.573453 368
 7 1 32.500000 2.506176 237
 5 1 72.500000 1.017254 189
 5 1 17.500000 1.280021 167
 9 1 57.500000 2.021975 311
 10 1 62.500000 2.932173 345
 1 1 47.500000 1.920354 51
 9 0 37.500000 1.126627 302
 3 0 17.500000 1.604277 102
 5 0 22.500000 1.479094 168
 7 1 27.500000 1.722588 235
 0 1 17.500000 2.139055 7
 7 1 7.500000 1.875205 227
 11 1 77.500000 2.518059 383
 6 1 27.500000 1.633807 203
 5 0 77.500000 2.698478 190
 7 1 2.500000 2.867811 225
 6 1 7.500000 1.602147 195
 6 1 42.500000 1.343268 209
 4 1 22.500000 1.461535 137
 2 0 72.500000 2.899576 92
 9 1 62.500000 1.368464 313
 11 0 77.500000 2.068546 382
 5 0 47.500000 1.772501 178
 1036207.485719 21
 10 1 27.500000 1.032128 331
 5 0 77.500000 2.698478 190
 1 0 57.500000 1.592509 54
 1 1 77.500000 1.448993 63
 10 0 77.500000 1.734548 350
 1 1 37.500000 2.888031 47
 8 0 62.500000 1.048284 280
 1 1 47.500000 1.920354 51
 4 0 37.500000 2.986443 142
 2 0 57.500000 2.737859 86
 3 0 32.500000 1.643040 108
 5 1 47.500000 1.156616 179
 0 0 57.500000 2.568877 22
 1 1 42.500000 2.606126 49
 9 0 37.500000 1.126627 302
 4 0 22.500000 2.417811 136
 2 1 22.500000 1.402356 73
 11 1 62.500000 2.523900 377
 9 1 57.500000 2.021975 311
 3 1 12.500000 1.553491 101
 6 1 77.500000 1.101292 223
 1504067.631040 17
 1 0 47.500000 1.578099 50
 10 0 27.500000 1.691276 330
 7 1 17.500000 1.726431 231
 10 1 12.500000 2.027012 325
 2 1 67.500000 1.198617 91
 2 1 72.500000 2.085146 93
 6 1 7.500000 1.602147 195
 5 0 37.500000 1.785566 174
 10 0 12.500000 1.378306 324
 0 0 47.500000 1.687607 18
 6 0 57.500000 1.973655 214
 6 1 27.500000 1.633807 203
 1 0 37.500000 1.878574 46
 7 1 12.500000 2.179888 229
 1 0 32.500000 1.585477 44
 6 1 22.500000 2.594240 201
 3 0 27.500000 1.371763 106
 1190807.619947 14
 5 0 77.500000 2.698478 190
 7 0 72.500000 2.965285 252
 5 0 22.500000 1.479094 168
 7 1 32.500000 2.506176 237
 6 1 17.500000 2.546665 199
 9 1 17.500000 1.775901 295
 0 0 57.500000 2.568877 22
 8 1 32.500000 1.347324 269
 2 1 22.500000 1.402356 73
 0 0 27.500000 2.408945 10
 4 0 37.500000 2.986443 142
 11 1 62.500000 2.523900 377
 11 0 7.500000 2.053984 354
 1 1 47.500000 1.920354 51
 1915734.906902 7
 6 0 67.500000 2.945005 218
 9 1 57.500000 2.021975 311
 9 0 57.500000 2.663012 310
 5 0 22.500000 1.479094 168
 2 1 22.500000 1.402356 73
 8 1 57.500000 1.161476 279
 3 1 17.500000 1.715045 103
 1365251.017383 15
 0 1 67.500000 2.073176 27
 1 1 42.500000 2.606126 49
 6 1 7.500000 1.602147 195
 5 1 27.500000 1.629522 171
 1 1 37.500000 2.888031 47
 11 0 42.500000 1.573453 368
 2 0 72.500000 2.899576 92
 5 0 12.500000 1.851097 164
 1 0 42.500000 2.454714 48
 3 1 27.500000 2.854602 107
 8 1 77.500000 1.781983 287
 7 0 67.500000 2.083698 250
 9 0 37.500000 1.126627 302
 8 0 42.500000 1.358785 272
 5 1 47.500000 1.156616 179
 1522752.410883 1
 6 0 27.500000 2.483442 202
 1069385.340600 22
 6 1 67.500000 2.396843 219
 2 1 32.500000 1.802550 77
 9 1 72.500000 2.630643 317
 0 0 57.500000 2.568877 22
 1 0 62.500000 1.774582 56
 3 1 72.500000 1.768148 125
 3 1 62.500000 1.382581 121
 6 1 7.500000 1.602147 195
 7 1 2.500000 2.867811 225
 11 0 42.500000 1.573453 368
 4 1 72.500000 1.947577 157
 10 1 62.500000 2.932173 345
 1 0 37.500000 1.878574 46
 0 0 72.500000 2.704212 28
 11 1 62.500000 2.523900 377
 11 1 77.500000 2.518059 383
 6 0 27.500000 2.483442 202
 1 0 47.500000 1.578099 50
 7 1 32.500000 2.506176 237
 6 0 57.500000 1.973655 214
 10 0 47.500000 1.665604 338
 7 1 12.500000 2.179888 229
 82931.498831 35
 3 1 62.500000 1.382581 121
 3 0 17.500000 1.604277 102
 3 1 72.500000 1.768148 125
 1 1 37.500000 2.888031 47
 6 0 27.500000 2.483442 202
 1 0 37.500000 1.878574 46
 7 0 7.500000 2.726382 226
 1 1 42.500000 2.606126 49
 6 1 7.500000 1.602147 195
 0 0 2.500000 2.481455 0
 2 1 42.500000 1.709410 81
 5 1 37.500000 2.250921 175
 6 0 72.500000 2.037812 220
 4 1 52.500000 2.468682 149
 3 0 27.500000 1.371763 106
 5 0 12.500000 1.851097 164
 2 0 52.500000 2.127150 84
 7 1 2.500000 2.867811 225
 2 0 57.500000 2.737859 86
 7 1 12.500000 2.179888 229
 0 0 72.500000 2.704212 28
 4 1 57.500000 2.865789 151
 10 0 27.500000 1.691276 330
 9 1 47.500000 2.593285 307
 11 1 77.500000 2.518059 383
 10 1 62.500000 2.932173 345
 1 1 47.500000 1.920354 51
 0 0 27.500000 2.408945 10
 2 1 2.500000 2.157531 65
 9 0 77.500000 1.236261 318
 6 1 22.500000 2.594240 201
 4 1 47.500000 2.672877 147
 8 1 2.500000 1.778050 257
 5 1 47.500000 1.156616 179
 8 1 22.500000 1.775159 265
 1382128.371402 5
 5 0 62.500000 2.471337 184
 1 1 37.500000 2.888031 47
 11 0 7.500000 2.053984 354
 5 0 17.500000 2.698147 166
 2 1 57.500000 1.818461 87
 901673.732391 27
 4 0 37.500000 2.986443 142
 1 0 42.500000 2.454714 48
 4 1 37.500000 2.168582 143
 3 0 67.500000 2.009566 122
 11 1 2.500000 1.160173 353
 8 1 22.500000 1.775159 265
 10 0 12.500000 1.378306 324
 1 0 7.500000 2.373754 34
 0 0 57.500000 2.568877 22
 6 0 52.500000 2.255498 212
 8 1 2.500000 1.778050 257
 1 0 47.500000 1.578099 50
 11 0 42.500000 1.573453 368
 2 1 72.500000 2.085146 93
 7 0 57.500000 2.240460 246
 9 1 27.500000 1.877745 299
 8 0 62.500000 1.048284 280
 10 1 62.500000 2.932173 345
 0 0 72.500000 2.704212 28
 8 0 42.500000 1.358785 272
 1 0 37.500000 1.878574 46
 2 1 67.500000 1.198617 91
 3 0 77.500000 1.584288 126
 2 0 72.500000 2.899576 92
 9 0 57.500000 2.663012 310
 2 0 37.500000 1.352159 78
 0 1 57.500000 1.113923 23
 1714021.960997 30
 10 0 27.500000 1.691276 330
 4 1 37.500000 2.168582 143
 2 1 72.500000 2.085146 93
 11 1 2.500000 1.160173 353
 6 0 57.500000 1.973655 214
 2 0 37.500000 1.352159 78
 3 0 17.500000 1.604277 102
 0 0 27.500000 2.408945 10
 5 0 77.500000 2.698478 190
 11 1 57.500000 1.938570 375
 7 0 47.500000 2.802498 242
 9 1 42.500000 1.080197 305
 6 0 32.500000 1.900619 204
 8 1 67.500000 1.755907 283
 0 1 17.500000 2.139055 7
 9 1 27.500000 1.877745 299
 10 1 62.500000 2.932173 345
 4 0 37.500000 2.986443 142
 3 0 27.500000 1.371763 106
 6 1 7.500000 1.602147 195
 0 1 37.500000 2.197044 15
 2 0 72.500000 2.899576 92
 11 0 42.500000 1.573453 368
 4 1 67.500000 1.582415 155
 0 1 47.500000 1.749485 19
 3 1 72.500000 1.768148 125
 10 0 42.500000 2.212924 336
 11 1 72.500000 1.113509 381
 9 1 57.500000 2.021975 311
 2 0 2.500000 1.864367 64
 1744105.160862 26
 4 1 37.500000 2.168582 143
 0 0 47.500000 1.687607 18
 10 1 62.500000 2.932173 345
 1 1 47.500000 1.920354 51
 3 1 72.500000 1.768148 125
 6 0 27.500000 2.483442 202
 9 0 77.500000 1.236261 318
 4 0 52.500000 2.821734 148
 1 0 32.500000 1.585477 44
 3 0 77.500000 1.584288 126
 5 0 12.500000 1.851097 164
 9 0 62.500000 2.097883 312
 4 0 47.500000 2.656291 146
 5 0 37.500000 1.785566 174
 2 0 52.500000 2.127150 84
 7 1 2.500000 2.867811 225
 5 1 7.500000 1.086645 163
 8 1 62.500000 1.674987 281
 7 1 12.500000 2.179888 229
 4 1 12.500000 1.043964 133
 5 0 77.500000 2.698478 190
 5 1 27.500000 1.629522 171
 1 1 37.500000 2.888031 47
 2 0 22.500000 1.573370 72
 4 1 7.500000 2.174943 131
 0 0 52.500000 2.922209 20
 796750.926225 25
 11 1 2.500000 1.160173 353
 1 1 37.500000 2.888031 47
 11 0 52.500000 1.211608 372
 2 1 72.500000 2.085146 93
 1 1 47.500000 1.920354 51
 2 0 27.500000 1.346918 74
 4 0 17.500000 2.660429 134
 9 1 57.500000 2.021975 311
 5 0 12.500000 1.851097 164
 11 1 62.500000 2.523900 377
 4 1 37.500000 2.168582 143
 5 0 22.500000 1.479094 168
 5 0 2.500000 1.820885 160
 5 1 7.500000 1.086645 163
 0 1 47.500000 1.749485 19
 10 0 67.500000 2.646998 346
 10 1 62.500000 2.932173 345
 2 0 32.500000 2.276302 76
 3 0 27.500000 1.371763 106
 11 0 77.500000 2.068546 382
 4 1 17.500000 1.540337 135
 2 1 7.500000 1.644687 67
 11 0 7.500000 2.053984 354
 3 0 17.500000 1.604277 102
 2 0 57.500000 2.737859 86
 836349.235082 5
 1 0 32.500000 1.585477 44
 7 1 7.500000 1.875205 227
 6 0 57.500000 1.973655 214
 9 1 57.500000 2.021975 311
 2 0 72.500000 2.899576 92
 1350806.190200 25
 6 1 67.500000 2.396843 219
 2 0 57.500000 2.737859 86
 9 0 37.500000 1.126627 302
 1 0 47.500000 1.578099 50
 5 0 12.500000 1.851097 164
 7 0 42.500000 2.076093 240
 11 1 2.500000 1.160173 353
 10 0 27.500000 1.691276 330
 7 1 2.500000 2.867811 225
 7 1 12.500000 2.179888 229
 5 0 77.500000 2.698478 190
 8 0 42.500000 1.358785 272
 0 1 17.500000 2.139055 7
 8 0 67.500000 1.430169 282
 4 1 52.500000 2.468682 149
 9 0 67.500000 1.828560 314
 6 1 22.500000 2.594240 201
 9 1 47.500000 2.593285 307
 2 1 47.500000 1.590266 83
 3 0 17.500000 1.604277 102
 3 0 27.500000 1.371763 106
 5 1 7.500000 1.086645 163
 6 0 27.500000 2.483442 202
 11 0 42.500000 1.573453 368
 10 1 62.500000 2.932173 345
 1807371.703651 6
 1 1 67.500000 1.595580 59
 2 0 57.500000 2.737859 86
 5 0 12.500000 1.851097 164
 2 1 67.500000 1.198617 91
 4 1 37.500000 2.168582 143
 7 0 47.500000 2.802498 242
 264231.964901 8
 8 0 42.500000 1.358785 272
 1 1 42.500000 2.606126 49
 10 1 62.500000 2.932173 345
 5 0 77.500000 2.698478 190
 5 1 47.500000 1.156616 179
 7 1 12.500000 2.179888 229
 10 0 12.500000 1.378306 324
 7 1 2.500000 2.867811 225
 799225.076567 28
 11 0 42.500000 1.573453 368
 10 0 27.500000 1.691276 330
 7 1 32.500000 2.506176 237
 2 1 67.500000 1.198617 91
 3 0 37.500000 2.238548 110
 2 0 72.500000 2.899576 92
 10 0 52.500000 2.663273 340
 7 1 2.500000 2.867811 225
 10 1 62.500000 2.932173 345
 5 1 17.500000 1.280021 167
 9 0 72.500000 2.333869 316
 2 0 2.500000 1.864367 64
 5 1 7.500000 1.086645 163
 3 1 62.500000 1.382581 121
 2 0 17.500000 2.060180 70
 6 1 27.500000 1.633807 203
 9 1 27.500000 1.877745 299
 1 0 62.500000 1.774582 56
 6 0 57.500000 1.973655 214
 5 1 67.500000 1.034222 187
 1 1 77.500000 1.448993 63
 11 0 67.500000 2.440396 378
 0 0 27.500000 2.408945 10
 0 0 57.500000 2.568877 22
 9 1 72.500000 2.630643 317
 8 0 42.500000 1.358785 272
 5 0 12.500000 1.851097 164
 9 1 47.500000 2.593285 307
 70313.256788 13
 6 0 27.500000 2.483442 202
 1 1 77.500000 1.448993 63
 10 0 27.500000 1.691276 330
 6 0 47.500000 1.343053 210
 11 1 62.500000 2.523900 377
 1 1 42.500000 2.606126 49
 5 1 37.500000 2.250921 175
 0 1 17.500000 2.139055 7
 5 1 27.500000 1.629522 171
 3 0 77.500000 1.584288 126
 7 1 2.500000 2.867811 225
 9 0 37.500000 1.126627 302
 10 1 72.500000 2.549864 349
 679251.517951 33
 8 0 42.500000 1.358785 272
 10 0 12.500000 1.378306 324
 7 0 72.500000 2.965285 252
 9 1 47.500000 2.593285 307
 3 1 27.500000 2.854602 107
 1 0 37.500000 1.878574 46
 4 1 47.500000 2.672877 147
 1 1 47.500000 1.920354 51
 10 0 22.500000 1.040010 328
 5 1 47.500000 1.156616 179
 1 0 47.500000 1.578099 50
 10 1 22.500000 1.142834 329
 1 0 17.500000 2.602050 38
 1 0 32.500000 1.585477 44
 11 1 42.500000 2.136465 369
 3 0 27.500000 1.371763 106
 8 0 32.500000 1.437072 268
 6 1 7.500000 1.602147 195
 5 1 17.500000 1.280021 167
 3 0 17.500000 1.604277 102
 3 0 37.500000 2.238548 110
 7 1 2.500000 2.867811 225
 10 0 27.500000 1.691276 330
 9 0 37.500000 1.126627 302
 6 1 27.500000 1.633807 203
 0 1 42.500000 2.117655 17
 9 0 57.500000 2.663012 310
 3 1 72.500000 1.768148 125
 7 0 12.500000 2.978303 228
 4 1 57.500000 2.865789 151
 2 0 72.500000 2.899576 92
 6 0 27.500000 2.483442 202
 9 0 72.500000 2.333869 316
 1506876.228837 21
 5 0 12.500000 1.851097 164
 5 1 47.500000 1.156616 179
 5 1 37.500000 2.250921 175
 5 0 22.500000 1.479094 168
 4 0 67.500000 1.274404 154
 11 1 77.500000 2.518059 383
 5 0 17.500000 2.698147 166
 0 1 37.500000 2.197044 15
 0 1 17.500000 2.139055 7
 1 0 57.500000 1.592509 54
 8 0 27.500000 1.510934 266
 5 1 7.500000 1.086645 163
 9 0 57.500000 2.663012 310
 2 1 22.500000 1.402356 73
 10 0 27.500000 1.691276 330
 9 0 62.500000 2.097883 312
 1 0 37.500000 1.878574 46
 9 1 57.500000 2.021975 311
 4 1 47.500000 2.672877 147
 2 1 67.500000 1.198617 91
 0 0 27.500000 2.408945 10
 1552848.453295 17
 6 1 22.500000 2.594240 201
 0 1 17.500000 2.139055 7
 2 1 72.500000 2.085146 93
 8 1 7.500000 1.008865 259
 9 1 57.500000 2.021975 311
 4 1 52.500000 2.468682 149
 3 1 12.500000 1.553491 101
 11 0 72.500000 1.040277 380
 9 0 57.500000 2.663012 310
 11 0 42.500000 1.573453 368
 9 1 47.500000 2.593285 307
 4 0 37.500000 2.986443 142
 11 1 2.500000 1.160173 353
 11 1 77.500000 2.518059 383
 5 1 17.500000 1.280021 167
 4 1 57.500000 2.865789 151
 4 1 37.500000 2.168582 143
 1823736.352447 24
 9 1 72.500000 2.630643 317
 2 1 22.500000 1.402356 73
 5 0 12.500000 1.851097 164
 10 0 27.500000 1.691276 330
 6 0 77.500000 2.144162 222
 6 0 27.500000 2.483442 202
 9 1 47.500000 2.593285 307
 11 0 7.500000 2.053984 354
 11 0 42.500000 1.573453 368
 5 0 22.500000 1.479094 168
 6 1 7.500000 1.602147 195
 10 0 12.500000 1.378306 324
 10 0 52.500000 2.663273 340
 2 1 67.500000 1.198617 91
 3 0 32.500000 1.643040 108
 9 0 57.500000 2.663012 310
 9 1 27.500000 1.877745 299
 0 1 72.500000 1.186051 29
 1 1 27.500000 2.813688 43
 1 1 37.500000 2.888031 47
 5 1 37.500000 2.250921 175
 1 1 42.500000 2.606126 49
 0 0 27.500000 2.408945 10
 3 0 77.500000 1.584288 126
 1427902.145604 19
 7 0 57.500000 2.240460 246
 2 1 67.500000 1.198617 91
 2 0 57.500000 2.737859 86
 11 1 62.500000 2.523900 377
 11 1 2.500000 1.160173 353
 3 1 62.500000 1.382581 121
 4 1 57.500000 2.865789 151
 3 0 77.500000 1.584288 126
 4 1 52.500000 2.468682 149
 6 1 7.500000 1.602147 195
 1 1 42.500000 2.606126 49
 4 0 37.500000 2.986443 142
 3 0 27.500000 1.371763 106
 1 1 77.500000 1.448993 63
 3 1 72.500000 1.768148 125
 1 0 47.500000 1.578099 50
 8 1 22.500000 1.775159 265
 10 0 7.500000 1.927230 322
 6 1 22.500000 2.594240 201
 1847018.538735 10
 2 0 57.500000 2.737859 86
 5 1 47.500000 1.156616 179
 6 0 57.500000 1.973655 214
 6 1 27.500000 1.633807 203
 4 1 47.500000 2.672877 147
 5 0 17.500000 2.698147 166
 4 0 37.500000 2.986443 142
 5 1 67.500000 1.034222 187
 5 1 17.500000 1.280021 167
 3 0 37.500000 2.238548 110
 1956884.111910 7
 11 1 7.500000 1.688565 355
 9 1 22.500000 2.152905 297
 3 1 32.500000 1.880513 109
 9 1 72.500000 2.630643 317
 11 0 12.500000 1.188905 356
 4 1 57.500000 2.865789 151
 6 1 52.500000 2.619945 213
 295810.237683 10
 2 1 7.500000 1.644687 67
 11 1 2.500000 1.160173 353
 7 1 32.500000 2.506176 237
 6 0 27.500000 2.483442 202
 9 1 47.500000 2.593285 307
 5 0 12.500000 1.851097 164
 2 1 67.500000 1.198617 91
 7 1 2.500000 2.867811 225
 6 0 57.500000 1.973655 214
 11 1 62.500000 2.523900 377
 1706330.154178 21
 3 0 27.500000 1.371763 106
 3 1 72.500000 1.768148 125
 1 0 32.500000 1.585477 44
 2 1 7.500000 1.644687 67
 1 1 37.500000 2.888031 47
 8 1 47.500000 1.693548 275
 9 1 47.500000 2.593285 307
 9 0 37.500000 1.126627 302
 8 1 52.500000 2.611408 277
 3 1 62.500000 1.382581 121
 3 1 27.500000 2.854602 107
 10 0 47.500000 1.665604 338
 1 0 37.500000 1.878574 46
 10 0 27.500000 1.691276 330
 3 0 7.500000 1.887799 98
 4 1 37.500000 2.168582 143
 9 0 62.500000 2.097883 312
 5 1 7.500000 1.086645 163
 10 1 12.500000 2.027012 325
 7 1 17.500000 1.726431 231
 4 0 37.500000 2.986443 142
 977606.880990 28
 6 0 27.500000 2.483442 202
 4 0 17.500000 2.660429 134
 0 1 17.500000 2.139055 7
 5 0 77.500000 2.698478 190
 4 1 47.500000 2.672877 147
 3 0 77.500000 1.584288 126
 11 1 42.500000 2.136465 369
 11 0 32.500000 1.488554 364
 1 0 37.500000 1.878574 46
 9 1 27.500000 1.877745 299
 3 1 27.500000 2.854602 107
 11 0 37.500000 2.632103 366
 6 1 27.500000 1.633807 203
 8 0 42.500000 1.358785 272
 11 0 47.500000 1.926875 370
 11 1 62.500000 2.523900 377
 5 0 22.500000 1.479094 168
 1 1 77.500000 1.448993 63
 6 1 22.500000 2.594240 201
 1 0 2.500000 1.905610 32
 2 1 47.500000 1.590266 83
 1 0 47.500000 1.578099 50
 9 1 2.500000 1.828214 289
 11 0 42.500000 1.573453 368
 0 0 27.500000 2.408945 10
 10 0 52.500000 2.663273 340
 11 1 27.500000 1.113952 363
 1 1 42.500000 2.606126 49
 291671.517627 35
 10 0 27.500000 1.691276 330
 2 1 72.500000 2.085146 93
 10 0 32.500000 2.654712 332
 6 1 17.500000 2.546665 199
 9 0 62.500000 2.097883 312
 9 0 57.500000 2.663012 310
 2 0 57.500000 2.737859 86
 9 1 27.500000 1.877745 299
 4 0 22.500000 2.417811 136
 1 0 37.500000 1.878574 46
 11 0 32.500000 1.488554 364
 2 1 22.500000 1.402356 73
 7 1 2.500000 2.867811 225
 1 1 62.500000 1.015749 57
 10 0 62.500000 1.584486 344
 7 1 12.500000 2.179888 229
 3 0 37.500000 2.238548 110
 4 1 52.500000 2.468682 149
 4 1 57.500000 2.865789 151
 0 0 7.500000 1.679387 2
 3 0 77.500000 1.584288 126
 0 0 42.500000 2.321768 16
 6 1 27.500000 1.633807 203
 2 1 57.500000 1.818461 87
 0 0 27.500000 2.408945 10
 11 1 42.500000 2.136465 369
 5 0 17.500000 2.698147 166
 5 1 37.500000 2.250921 175
 7 0 17.500000 1.456635 230
 9 1 57.500000 2.021975 311
 9 1 47.500000 2.593285 307
 4 0 37.500000 2.986443 142
 0 1 37.500000 2.197044 15
 2 1 47.500000 1.590266 83
 5 0 77.500000 2.698478 190
 847940.128114 3
 1 1 47.500000 1.920354 51
 5 0 22.500000 1.479094 168
 4 0 22.500000 2.417811 136
 946107.210510 4
 9 1 47.500000 2.593285 307
 2 0 57.500000 2.737859 86
 5 0 77.500000 2.698478 190
 7 1 67.500000 2.935904 251
 1669637.688151 31
 5 1 42.500000 2.334644 177
 1 1 42.500000 2.606126 49
 6 0 57.500000 1.973655 214
 3 0 27.500000 1.371763 106
 6 1 2.500000 1.823219 193
 0 0 27.500000 2.408945 10
 0 0 57.500000 2.568877 22
 7 1 2.500000 2.867811 225
 11 0 67.500000 2.440396 378
 2 1 22.500000 1.402356 73
 1 1 72.500000 1.591364 61
 5 0 77.500000 2.698478 190
 10 1 72.500000 2.549864 349
 5 1 37.500000 2.250921 175
 9 1 57.500000 2.021975 311
 10 0 12.500000 1.378306 324
 11 1 32.500000 1.325740 365
 2 0 22.500000 1.573370 72
 10 0 52.500000 2.663273 340
 1 1 47.500000 1.920354 51
 11 1 62.500000 2.523900 377
 3 1 62.500000 1.382581 121
 6 0 27.500000 2.483442 202
 6 0 32.500000 1.900619 204
 4 1 52.500000 2.468682 149
 3 0 22.500000 1.679521 104
 1 0 57.500000 1.592509 54
 3 0 17.500000 1.604277 102
 2 0 27.500000 1.346918 74
 7 1 27.500000 1.722588 235
 5 1 17.500000 1.280021 167
 740348.807490 6
 4 0 37.500000 2.986443 142
 8 1 22.500000 1.775159 265
 0 0 27.500000 2.408945 10
 2 1 67.500000 1.198617 91
 11 1 62.500000 2.523900 377
 10 1 57.500000 1.300973 343
 1302495.303313 18
 1 0 57.500000 1.592509 54
 2 0 72.500000 2.899576 92
 4 0 37.500000 2.986443 142
 2 1 67.500000 1.198617 91
 3 1 62.500000 1.382581 121
 1 1 32.500000 1.901023 45
 3 0 77.500000 1.584288 126
 11 0 7.500000 2.053984 354
 7 1 32.500000 2.506176 237
 6 0 37.500000 1.946076 206
 4 1 37.500000 2.168582 143
 5 0 12.500000 1.851097 164
 4 0 17.500000 2.660429 134
 4 1 57.500000 2.865789 151
 11 1 77.500000 2.518059 383
 9 0 12.500000 2.405647 292
 0 0 57.500000 2.568877 22
 6 0 27.500000 2.483442 202
 1364805.365207 32
 2 0 72.500000 2.899576 92
 3 0 77.500000 1.584288 126
 8 0 57.500000 1.472520 278
 2 1 37.500000 2.671597 79
 3 1 72.500000 1.768148 125
 0 1 57.500000 1.113923 23
 5 1 27.500000 1.629522 171
 0 1 67.500000 2.073176 27
 8 0 42.500000 1.358785 272
 10 0 57.500000 1.918863 342
 5 1 47.500000 1.156616 179
 6 1 27.500000 1.633807 203
 11 0 42.500000 1.573453 368
 3 0 27.500000 1.371763 106
 5 0 12.500000 1.851097 164
 1 1 7.500000 1.188047 35
 11 1 77.500000 2.518059 383
 0 0 57.500000 2.568877 22
 5 1 12.500000 2.547993 165
 11 0 7.500000 2.053984 354
 4 0 37.500000 2.986443 142
 7 1 32.500000 2.506176 237
 5 0 77.500000 2.698478 190
 9 0 57.500000 2.663012 310
 2 1 67.500000 1.198617 91
 4 1 52.500000 2.468682 149
 6 0 27.500000 2.483442 202
 0 0 37.500000 2.517855 14
 6 1 7.500000 1.602147 195
 10 1 52.500000 1.782810 341
 4 1 47.500000 2.672877 147
 6 0 32.500000 1.900619 204
 733397.037505 8
 5 1 47.500000 1.156616 179
 6 1 7.500000 1.602147 195
 5 1 17.500000 1.280021 167
 5 1 37.500000 2.250921 175
 5 0 27.500000 2.432166 170
 10 1 62.500000 2.932173 345
 3 0 37.500000 2.238548 110
 3 1 27.500000 2.854602 107
 785056.541667 31
 3 1 62.500000 1.382581 121
 11 1 67.500000 2.646251 379
 6 0 27.500000 2.483442 202
 7 1 2.500000 2.867811 225
 0 1 17.500000 2.139055 7
 2 1 72.500000 2.085146 93
 1 1 77.500000 1.448993 63
 4 0 77.500000 2.295797 158
 5 0 47.500000 1.772501 178
 9 0 62.500000 2.097883 312
 0 0 22.500000 2.838324 8
 3 0 37.500000 2.238548 110
 2 1 22.500000 1.402356 73
 10 1 2.500000 2.316542 321
 9 0 37.500000 1.126627 302
 5 0 27.500000 2.432166 170
 3 0 47.500000 2.721486 114
 2 0 77.500000 1.102550 94
 6 1 7.500000 1.602147 195
 11 1 42.500000 2.136465 369
 7 0 57.500000 2.240460 246
 9 1 47.500000 2.593285 307
 5 1 27.500000 1.629522 171
 1 0 37.500000 1.878574 46
 7 1 47.500000 2.128052 243
 1 1 37.500000 2.888031 47
 5 0 77.500000 2.698478 190
 1 1 42.500000 2.606126 49
 4 1 47.500000 2.672877 147
 9 1 72.500000 2.630643 317
 3 1 27.500000 2.854602 107
 846430.944915 31
 2 1 7.500000 1.644687 67
 9 1 7.500000 2.498861 291
 5 1 27.500000 1.629522 171
 0 1 27.500000 1.337588 11
 6 1 7.500000 1.602147 195
 2 1 22.500000 1.402356 73
 0 0 57.500000 2.568877 22
 2 0 57.500000 2.737859 86
 1 1 42.500000 2.606126 49
 3 1 62.500000 1.382581 121
 5 0 77.500000 2.698478 190
 1 0 57.500000 1.592509 54
 2 1 72.500000 2.085146 93
 2 1 62.500000 1.549355 89
 9 0 12.500000 2.405647 292
 0 1 17.500000 2.139055 7
 5 0 12.500000 1.851097 164
 10 0 27.500000 1.691276 330
 11 0 32.500000 1.488554 364
 2 0 72.500000 2.899576 92
 7 1 32.500000 2.506176 237
 3 0 57.500000 1.391844 118
 6 0 57.500000 1.973655 214
 7 1 7.500000 1.875205 227
 11 0 7.500000 2.053984 354
 9 0 7.500000 2.911284 290
 9 1 72.500000 2.630643 317
 11 1 62.500000 2.523900 377
 3 1 72.500000 1.768148 125
 1 0 47.500000 1.578099 50
 1 1 47.500000 1.920354 51
 1886206.699296 6
 2 0 57.500000 2.737859 86
 5 1 7.500000 1.086645 163
 6 0 57.500000 1.973655 214
 9 0 62.500000 2.097883 312
 10 1 77.500000 2.718180 351
 9 0 67.500000 1.828560 314
 1329104.881216 8
 9 0 37.500000 1.126627 302
 5 0 77.500000 2.698478 190
 3 0 77.500000 1.584288 126
 5 1 12.500000 2.547993 165
 3 0 27.500000 1.371763 106
 5 1 47.500000 1.156616 179
 9 1 47.500000 2.593285 307
 3 1 12.500000 1.553491 101
 1428705.323669 3
 5 0 22.500000 1.479094 168
 3 1 62.500000 1.382581 121
 9 0 57.500000 2.663012 310
 1930892.260434 6
 1 1 77.500000 1.448993 63
 11 0 7.500000 2.053984 354
 1 0 32.500000 1.585477 44
 7 0 72.500000 2.965285 252
 11 1 77.500000 2.518059 383
 1 0 47.500000 1.578099 50
 1698151.228660 15
 1 1 37.500000 2.888031 47
 6 1 22.500000 2.594240 201
 3 1 62.500000 1.382581 121
 2 0 72.500000 2.899576 92
 4 1 52.500000 2.468682 149
 7 1 12.500000 2.179888 229
 11 1 77.500000 2.518059 383
 2 1 72.500000 2.085146 93
 9 1 77.500000 1.561001 319
 5 1 17.500000 1.280021 167
 0 1 47.500000 1.749485 19
 10 1 72.500000 2.549864 349
 8 1 22.500000 1.775159 265
 7 1 2.500000 2.867811 225
 2 1 37.500000 2.671597 79
 1075348.959135 23
 7 1 12.500000 2.179888 229
 11 0 42.500000 1.573453 368
 3 0 37.500000 2.238548 110
 11 1 77.500000 2.518059 383
 10 1 62.500000 2.932173 345
 8 1 37.500000 1.734091 271
 2 0 52.500000 2.127150 84
 1 1 47.500000 1.920354 51
 7 0 32.500000 2.392360 236
 9 1 47.500000 2.593285 307
 8 1 67.500000 1.755907 283
 1 0 67.500000 1.607678 58
 3 1 72.500000 1.768148 125
 0 1 17.500000 2.139055 7
 2 1 67.500000 1.198617 91
 8 0 7.500000 2.034037 258
 0 0 27.500000 2.408945 10
 5 1 37.500000 2.250921 175
 8 1 17.500000 1.560419 263
 9 0 57.500000 2.663012 310
 11 0 67.500000 2.440396 378
 11 1 62.500000 2.523900 377
 7 0 47.500000 2.802498 242
 1753433.701076 5
 1 1 77.500000 1.448993 63
 5 0 27.500000 2.432166 170
 6 1 27.500000 1.633807 203
 4 1 47.500000 2.672877 147
 5 0 22.500000 1.479094 168
 1676514.076738 25
 0 0 57.500000 2.568877 22
 2 1 72.500000 2.085146 93
 1 0 57.500000 1.592509 54
 4 1 47.500000 2.672877 147
 7 1 2.500000 2.867811 225
 11 0 22.500000 2.311046 360
 3 1 62.500000 1.382581 121
 1 1 37.500000 2.888031 47
 4 1 37.500000 2.168582 143
 10 0 27.500000 1.691276 330
 2 0 12.500000 1.743006 68
 6 0 57.500000 1.973655 214
 5 0 22.500000 1.479094 168
 4 1 57.500000 2.865789 151
 5 1 27.500000 1.629522 171
 8 0 42.500000 1.358785 272
 3 0 52.500000 2.994126 116
 11 1 62.500000 2.523900 377
 4 1 52.500000 2.468682 149
 4 0 37.500000 2.986443 142
 2 0 72.500000 2.899576 92
 5 0 77.500000 2.698478 190
 4 0 42.500000 1.929927 144
 6 1 22.500000 2.594240 201
 6 1 2.500000 1.823219 193
 1318550.861179 4
 11 1 22.500000 1.581631 361
 9 0 37.500000 1.126627 302
 9 1 57.500000 2.021975 311
 11 1 62.500000 2.523900 377
 190745.913419 21
 9 1 27.500000 1.877745 299
 4 1 52.500000 2.468682 149
 5 0 27.500000 2.432166 170
 1 1 42.500000 2.606126 49
 3 1 27.500000 2.854602 107
 2 0 27.500000 1.346918 74
 2 0 72.500000 2.899576 92
 0 1 47.500000 1.749485 19
 3 1 72.500000 1.768148 125
 9 0 37.500000 1.126627 302
 7 1 2.500000 2.867811 225
 5 0 22.500000 1.479094 168
 6 0 57.500000 1.973655 214
 4 1 57.500000 2.865789 151
 1 1 37.500000 2.888031 47
 5 1 17.500000 1.280021 167
 4 1 37.500000 2.168582 143
 3 0 7.500000 1.887799 98
 8 1 22.500000 1.775159 265
 6 1 17.500000 2.546665 199
 2 0 57.500000 2.737859 86
 1628845.972525 23
 1 0 32.500000 1.585477 44
 0 0 27.500000 2.408945 10
 9 1 72.500000 2.630643 317
 4 1 37.500000 2.168582 143
 9 0 37.500000 1.126627 302
 1 1 37.500000 2.888031 47
 10 1 27.500000 1.032128 331
 5 0 77.500000 2.698478 190
 8 0 37.500000 2.302104 270
 11 1 72.500000 1.113509 381
 2 0 72.500000 2.899576 92
 1 1 77.500000 1.448993 63
 7 1 2.500000 2.867811 225
 11 1 2.500000 1.160173 353
 10 1 72.500000 2.549864 349
 10 1 62.500000 2.932173 345
 11 0 52.500000 1.211608 372
 1 1 42.500000 2.606126 49
 2 1 47.500000 1.590266 83
 11 0 42.500000 1.573453 368
 8 1 52.500000 2.611408 277
 2 1 22.500000 1.402356 73
 5 1 7.500000 1.086645 163
 591745.345086 13
 1 0 57.500000 1.592509 54
 4 0 22.500000 2.417811 136
 6 1 52.500000 2.619945 213
 3 0 77.500000 1.584288 126
 11 1 2.500000 1.160173 353
 6 1 22.500000 2.594240 201
 9 1 57.500000 2.021975 311
 5 1 47.500000 1.156616 179
 4 0 37.500000 2.986443 142
 8 0 42.500000 1.358785 272
 2 0 57.500000 2.737859 86
 1 1 47.500000 1.920354 51
 4 1 57.500000 2.865789 151
 1857685.535037 8
 2 1 22.500000 1.402356 73
 8 0 17.500000 1.569967 262
 11 0 42.500000 1.573453 368
 10 0 12.500000 1.378306 324
 6 1 27.500000 1.633807 203
 0 0 27.500000 2.408945 10
 5 0 77.500000 2.698478 190
 1 0 77.500000 1.236972 62
 1513221.784231 23
 5 0 77.500000 2.698478 190
 5 0 22.500000 1.479094 168
 10 0 12.500000 1.378306 324
 9 0 72.500000 2.333869 316
 9 0 37.500000 1.126627 302
 2 1 32.500000 1.802550 77
 6 1 22.500000 2.594240 201
 6 1 7.500000 1.602147 195
 7 0 47.500000 2.802498 242
 8 1 2.500000 1.778050 257
 1 0 47.500000 1.578099 50
 5 1 37.500000 2.250921 175
 0 0 7.500000 1.679387 2
 3 1 62.500000 1.382581 121
 2 1 22.500000 1.402356 73
 3 0 27.500000 1.371763 106
 10 0 22.500000 1.040010 328
 7 1 57.500000 2.817365 247
 5 1 7.500000 1.086645 163
 2 1 72.500000 2.085146 93
 2 0 72.500000 2.899576 92
 5 1 27.500000 1.629522 171
 3 0 77.500000 1.584288 126
 772845.091025 31
 4 1 57.500000 2.865789 151
 2 1 22.500000 1.402356 73
 4 1 47.500000 2.672877 147
 9 0 62.500000 2.097883 312
 3 0 17.500000 1.604277 102
 4 1 37.500000 2.168582 143
 10 0 27.500000 1.691276 330
 7 1 12.500000 2.179888 229
 6 0 57.500000 1.973655 214
 5 1 47.500000 1.156616 179
 3 1 72.500000 1.768148 125
 11 0 42.500000 1.573453 368
 1 1 7.500000 1.188047 35
 9 1 72.500000 2.630643 317
 6 0 32.500000 1.900619 204
 11 1 62.500000 2.523900 377
 0 0 72.500000 2.704212 28
 3 1 27.500000 2.854602 107
 1 0 32.500000 1.585477 44
 7 1 2.500000 2.867811 225
 1 0 37.500000 1.878574 46
 7 1 32.500000 2.506176 237
 5 1 27.500000 1.629522 171
 6 1 67.500000 2.396843 219
 5 1 37.500000 2.250921 175
 7 0 47.500000 2.802498 242
 0 0 12.500000 2.944625 4
 9 0 37.500000 1.126627 302
 5 1 32.500000 1.597080 173
 6 1 22.500000 2.594240 201
 2 0 57.500000 2.737859 86
 1685660.087767 6
 6 0 7.500000 1.470034 194
 6 1 67.500000 2.396843 219
 5 0 12.500000 1.851097 164
 5 1 7.500000 1.086645 163
 2 1 22.500000 1.402356 73
 10 1 62.500000 2.932173 345
 1981316.602892 19
 7 0 27.500000 2.386141 234
 0 1 17.500000 2.139055 7
 10 1 62.500000 2.932173 345
 9 1 72.500000 2.630643 317
 1 0 57.500000 1.592509 54
 5 1 27.500000 1.629522 171
 7 1 72.500000 1.484017 253
 7 1 32.500000 2.506176 237
 0 0 27.500000 2.408945 10
 11 0 37.500000 2.632103 366
 1 0 37.500000 1.878574 46
 11 0 7.500000 2.053984 354
 7 1 2.500000 2.867811 225
 6 0 57.500000 1.973655 214
 3 1 32.500000 1.880513 109
 6 1 22.500000 2.594240 201
 9 1 57.500000 2.021975 311
 5 0 77.500000 2.698478 190
 9 0 67.500000 1.828560 314
 709730.391665 28
 2 0 72.500000 2.899576 92
 11 0 57.500000 2.777277 374
 5 0 77.500000 2.698478 190
 5 1 12.500000 2.547993 165
 4 1 52.500000 2.468682 149
 1 1 77.500000 1.448993 63
 1 1 12.500000 2.202539 37
 0 0 57.500000 2.568877 22
 3 0 12.500000 1.539575 100
 4 0 77.500000 2.295797 158
 5 1 47.500000 1.156616 179
 2 0 57.500000 2.737859 86
 2 0 17.500000 2.060180 70
 2 1 37.500000 2.671597 79
 5 0 22.500000 1.479094 168
 6 1 17.500000 2.546665 199
 5 1 67.500000 1.034222 187
 11 1 77.500000 2.518059 383
 10 0 12.500000 1.378306 324
 5 1 17.500000 1.280021 167
 11 1 67.500000 2.646251 379
 3 1 27.500000 2.854602 107
 2 1 67.500000 1.198617 91
 9 0 17.500000 2.259090 294
 1 0 32.500000 1.585477 44
 0 1 17.500000 2.139055 7
 9 1 47.500000 2.593285 307
 2 0 52.500000 2.127150 84
 1588505.141562 33
 5 1 17.500000 1.280021 167
 5 1 37.500000 2.250921 175
 3 0 77.500000 1.584288 126
 5 1 47.500000 1.156616 179
 4 1 37.500000 2.168582 143
 9 0 57.500000 2.663012 310
 2 0 72.500000 2.899576 92
 5 1 7.500000 1.086645 163
 8 0 42.500000 1.358785 272
 9 1 72.500000 2.630643 317
 6 0 57.500000 1.973655 214
 11 0 42.500000 1.573453 368
 6 1 67.500000 2.396843 219
 11 1 2.500000 1.160173 353
 4 1 57.500000 2.865789 151
 2 0 57.500000 2.737859 86
 3 1 32.500000 1.880513 109
 2 1 72.500000 2.085146 93
 4 1 62.500000 2.049070 153
 0 1 2.500000 1.717000 1
 11 1 77.500000 2.518059 383
 6 1 7.500000 1.602147 195
 10 0 12.500000 1.378306 324
 1 0 47.500000 1.578099 50
 3 1 72.500000 1.768148 125
 11 1 52.500000 1.546378 373
 2 1 67.500000 1.198617 91
 0 0 67.500000 2.865856 26
 4 0 37.500000 2.986443 142
 5 0 77.500000 2.698478 190
 7 0 47.500000 2.802498 242
 1 0 37.500000 1.878574 46
 1 1 47.500000 1.920354 51
 1440530.528613 16
 7 0 27.500000 2.386141 234
 3 0 37.500000 2.238548 110
 9 0 37.500000 1.126627 302
 0 0 77.500000 2.409381 30
 3 1 57.500000 1.206513 119
 3 0 77.500000 1.584288 126
 2 0 22.500000 1.573370 72
 5 0 12.500000 1.851097 164
 8 1 72.500000 1.063025 285
 0 0 27.500000 2.408945 10
 5 0 22.500000 1.479094 168
 1 1 22.500000 1.253222 41
 9 0 62.500000 2.097883 312
 3 0 7.500000 1.887799 98
 7 1 12.500000 2.179888 229
 8 0 27.500000 1.510934 266
 1601968.947277 20
 2 0 57.500000 2.737859 86
 9 1 57.500000 2.021975 311
 9 0 72.500000 2.333869 316
 2 1 22.500000 1.402356 73
 11 0 7.500000 2.053984 354
 5 1 17.500000 1.280021 167
 9 0 57.500000 2.663012 310
 7 1 12.500000 2.179888 229
 0 0 57.500000 2.568877 22
 3 0 37.500000 2.238548 110
 2 1 72.500000 2.085146 93
 10 1 62.500000 2.932173 345
 6 1 22.500000 2.594240 201
 11 0 37.500000 2.632103 366
 5 0 22.500000 1.479094 168
 11 0 67.500000 2.440396 378
 10 0 37.500000 1.424991 334
 3 1 72.500000 1.768148 125
 1 0 32.500000 1.585477 44
 2 1 67.500000 1.198617 91
 1472448.586296 31
 6 1 27.500000 1.633807 203
 9 1 27.500000 1.877745 299
 6 1 7.500000 1.602147 195
 8 1 22.500000 1.775159 265
 5 1 7.500000 1.086645 163
 7 1 2.500000 2.867811 225
 1 0 37.500000 1.878574 46
 11 1 72.500000 1.113509 381
 0 0 27.500000 2.408945 10
 8 0 42.500000 1.358785 272
 9 0 37.500000 1.126627 302
 2 0 72.500000 2.899576 92
 9 1 32.500000 1.071567 301
 0 1 17.500000 2.139055 7
 7 0 17.500000 1.456635 230
 3 0 77.500000 1.584288 126
 8 1 32.500000 1.347324 269
 11 0 7.500000 2.053984 354
 2 0 42.500000 1.889388 80
 1 0 77.500000 1.236972 62
 11 0 42.500000 1.573453 368
 5 0 12.500000 1.851097 164
 3 0 17.500000 1.604277 102
 3 1 27.500000 2.854602 107
 1 0 2.500000 1.905610 32
 5 1 47.500000 1.156616 179
 11 1 37.500000 2.053004 367
 3 0 37.500000 2.238548 110
 7 1 12.500000 2.179888 229
 4 0 32.500000 1.844158 140
 5 0 62.500000 2.471337 184
 173801.556553 9
 2 0 22.500000 1.573370 72
 7 1 12.500000 2.179888 229
 1 0 32.500000 1.585477 44
 9 0 27.500000 1.264121 298
 1 0 57.500000 1.592509 54
 11 1 77.500000 2.518059 383
 10 1 52.500000 1.782810 341
 9 1 57.500000 2.021975 311
 5 0 27.500000 2.432166 170
 1363802.445421 13
 5 0 32.500000 2.457534 172
 11 1 77.500000 2.518059 383
 6 0 57.500000 1.973655 214
 4 1 52.500000 2.468682 149
 10 0 27.500000 1.691276 330
 5 1 7.500000 1.086645 163
 4 1 47.500000 2.672877 147
 2 0 72.500000 2.899576 92
 6 0 72.500000 2.037812 220
 7 1 32.500000 2.506176 237
 0 0 7.500000 1.679387 2
 6 1 17.500000 2.546665 199
 1 0 32.500000 1.585477 44
 1077078.586741 22
 2 0 57.500000 2.737859 86
 5 1 12.500000 2.547993 165
 0 0 57.500000 2.568877 22
 2 1 22.500000 1.402356 73
 11 0 7.500000 2.053984 354
 1 1 52.500000 1.095886 53
 1 1 47.500000 1.920354 51
 1 0 57.500000 1.592509 54
 9 0 37.500000 1.126627 302
 9 1 27.500000 1.877745 299
 0 1 22.500000 2.105593 9
 1 0 62.500000 1.774582 56
 4 0 37.500000 2.986443 142
 11 1 62.500000 2.523900 377
 2 0 22.500000 1.573370 72
 11 0 12.500000 1.188905 356
 1 1 7.500000 1.188047 35
 9 1 72.500000 2.630643 317
 6 1 7.500000 1.602147 195
 1 0 47.500000 1.578099 50
 7 0 22.500000 2.964863 232
 8 0 72.500000 2.821567 284
 1702209.906179 34
 1 0 57.500000 1.592509 54
 9 0 12.500000 2.405647 292
 2 1 72.500000 2.085146 93
 1 1 37.500000 2.888031 47
 1 1 77.500000 1.448993 63
 3 1 72.500000 1.768148 125
 11 1 77.500000 2.518059 383
 11 0 42.500000 1.573453 368
 3 1 37.500000 2.420509 111
 11 0 22.500000 2.311046 360
 10 0 12.500000 1.378306 324
 11 1 62.500000 2.523900 377
 6 1 27.500000 1.633807 203
 4 1 57.500000 2.865789 151
 5 0 12.500000 1.851097 164
 10 0 17.500000 1.772210 326
 3 1 17.500000 1.715045 103
 8 1 2.500000 1.778050 257
 5 1 22.500000 1.089416 169
 5 1 37.500000 2.250921 175
 9 0 37.500000 1.126627 302
 11 0 7.500000 2.053984 354
 3 1 62.500000 1.382581 121
 2 0 72.500000 2.899576 92
 2 0 62.500000 2.161036 88
 7 1 32.500000 2.506176 237
 10 0 22.500000 1.040010 328
 9 0 57.500000 2.663012 310
 3 0 77.500000 1.584288 126
 8 1 22.500000 1.775159 265
 4 1 47.500000 2.672877 147
 0 1 17.500000 2.139055 7
 11 0 17.500000 2.229339 358
 2 1 32.500000 1.802550 77
 498073.544827 16
 7 1 2.500000 2.867811 225
 4 1 57.500000 2.865789 151
 7 1 12.500000 2.179888 229
 3 1 72.500000 1.768148 125
 11 1 62.500000 2.523900 377
 1 1 42.500000 2.606126 49
 9 0 7.500000 2.911284 290
 2 0 72.500000 2.899576 92
 8 0 52.500000 2.349489 276
 1 0 47.500000 1.578099 50
 4 1 37.500000 2.168582 143
 5 1 27.500000 1.629522 171
 8 0 42.500000 1.358785 272
 6 0 67.500000 2.945005 218
 5 1 47.500000 1.156616 179
 0 0 57.500000 2.568877 22
 1475411.044581 35
 9 1 47.500000 2.593285 307
 1 1 42.500000 2.606126 49
 0 1 2.500000 1.717000 1
 5 0 32.500000 2.457534 172
 5 0 22.500000 1.479094 168
 8 0 62.500000 1.048284 280
 10 0 12.500000 1.378306 324
 3 0 37.500000 2.238548 110
 1 1 37.500000 2.888031 47
 6 1 7.500000 1.602147 195
 0 1 37.500000 2.197044 15
 6 1 72.500000 1.857342 221
 9 0 57.500000 2.663012 310
 4 0 37.500000 2.986443 142
 4 1 52.500000 2.468682 149
 10 0 52.500000 2.663273 340
 7 1 32.500000 2.506176 237
 3 0 32.500000 1.643040 108
 11 1 77.500000 2.518059 383
 3 0 77.500000 1.584288 126
 8 0 42.500000 1.358785 272
 5 1 47.500000 1.156616 179
 10 0 27.500000 1.691276 330
 3 0 7.500000 1.887799 98
 11 1 2.500000 1.160173 353
 2 0 22.500000 1.573370 72
 4 1 57.500000 2.865789 151
 1 0 47.500000 1.578099 50
 5 1 17.500000 1.280021 167
 5 1 7.500000 1.086645 163
 11 0 42.500000 1.573453 368
 5 0 12.500000 1.851097 164
 2 1 32.500000 1.802550 77
 6 0 37.500000 1.946076 206
 3 1 27.500000 2.854602 107
 1275251.603311 23
 4 0 27.500000 2.618245 138
 11 1 2.500000 1.160173 353
 11 1 32.500000 1.325740 365
 7 0 67.500000 2.083698 250
 1 1 77.500000 1.448993 63
 11 0 52.500000 1.211608 372
 9 1 27.500000 1.877745 299
 5 1 47.500000 1.156616 179
 7 1 32.500000 2.506176 237
 0 0 22.500000 2.838324 8
 2 1 67.500000 1.198617 91
 4 1 37.500000 2.168582 143
 7 1 2.500000 2.867811 225
 6 0 52.500000 2.255498 212
 2 1 72.500000 2.085146 93
 4 1 57.500000 2.865789 151
 6 1 27.500000 1.633807 203
 7 0 47.500000 2.802498 242
 11 0 7.500000 2.053984 354
 2 0 37.500000 1.352159 78
 6 0 62.500000 2.331644 216
 2 0 72.500000 2.899576 92
 10 1 62.500000 2.932173 345
 1902805.097784 10
 2 0 27.500000 1.346918 74
 0 0 7.500000 1.679387 2
 8 1 22.500000 1.775159 265
 4 1 37.500000 2.168582 143
 4 1 47.500000 2.672877 147
 5 0 22.500000 1.479094 168
 2 0 72.500000 2.899576 92
 4 1 57.500000 2.865789 151
 5 0 12.500000 1.851097 164
 3 1 52.500000 1.679201 117
 555086.835919 20
 8 0 62.500000 1.048284 280
 1 1 47.500000 1.920354 51
 0 0 57.500000 2.568877 22
 2 1 22.500000 1.402356 73
 1 1 37.500000 2.888031 47
 5 0 77.500000 2.698478 190
 6 1 52.500000 2.619945 213
 1 0 32.500000 1.585477 44
 10 1 22.500000 1.142834 329
 8 0 42.500000 1.358785 272
 11 1 22.500000 1.581631 361
 4 1 47.500000 2.672877 147
 2 0 72.500000 2.899576 92
 5 0 22.500000 1.479094 168
 3 1 62.500000 1.382581 121
 11 0 42.500000 1.573453 368
 7 0 57.500000 2.240460 246
 5 1 47.500000 1.156616 179
 3 0 22.500000 1.679521 104
 10 0 22.500000 1.040010 328
 1352706.879877 31
 11 0 2.500000 2.104743 352
 10 0 47.500000 1.665604 338
 9 0 62.500000 2.097883 312
 0 0 57.500000 2.568877 22
 2 0 52.500000 2.127150 84
 7 1 12.500000 2.179888 229
 6 0 72.500000 2.037812 220
 9 1 47.500000 2.593285 307
 2 0 72.500000 2.899576 92
 3 1 62.500000 1.382581 121
 11 1 77.500000 2.518059 383
 3 1 27.500000 2.854602 107
 7 1 37.500000 2.421016 239
 1 1 42.500000 2.606126 49
 10 0 12.500000 1.378306 324
 2 1 37.500000 2.671597 79
 3 1 32.500000 1.880513 109
 1 0 2.500000 1.905610 32
 7 1 2.500000 2.867811 225
 4 0 62.500000 2.825252 152
 5 0 77.500000 2.698478 190
 3 0 17.500000 1.604277 102
 5 1 7.500000 1.086645 163
 9 1 27.500000 1.877745 299
 7 0 27.500000 2.386141 234
 9 0 72.500000 2.333869 316
 2 1 67.500000 1.198617 91
 1 0 57.500000 1.592509 54
 11 0 72.500000 1.040277 380
 8 0 42.500000 1.358785 272
 9 0 37.500000 1.126627 302
 717235.665301 17
 6 1 27.500000 1.633807 203
 1 1 67.500000 1.595580 59
 11 1 77.500000 2.518059 383
 9 1 72.500000 2.630643 317
 1 1 77.500000 1.448993 63
 8 1 37.500000 1.734091 271
 3 0 37.500000 2.238548 110
 3 1 27.500000 2.854602 107
 11 1 2.500000 1.160173 353
 6 1 7.500000 1.602147 195
 11 0 22.500000 2.311046 360
 4 1 27.500000 2.568391 139
 2 1 67.500000 1.198617 91
 9 1 27.500000 1.877745 299
 4 1 2.500000 2.319413 129
 2 1 17.500000 2.816104 71
 5 0 22.500000 1.479094 168
 67703.907857 11
 11 0 2.500000 2.104743 352
 7 1 2.500000 2.867811 225
 6 1 42.500000 1.343268 209
 5 1 47.500000 1.156616 179
 4 1 37.500000 2.168582 143
 3 0 77.500000 1.584288 126
 1 1 37.500000 2.888031 47
 7 1 12.500000 2.179888 229
 0 0 27.500000 2.408945 10
 6 0 27.500000 2.483442 202
 6 1 22.500000 2.594240 201
 1790060.442942 20
 9 0 57.500000 2.663012 310
 11 1 72.500000 1.113509 381
 4 1 47.500000 2.672877 147
 9 1 27.500000 1.877745 299
 6 0 27.500000 2.483442 202
 3 1 72.500000 1.768148 125
 1 1 37.500000 2.888031 47
 9 0 72.500000 2.333869 316
 3 0 77.500000 1.584288 126
 1 1 42.500000 2.606126 49
 11 0 42.500000 1.573453 368
 2 1 67.500000 1.198617 91
 7 1 2.500000 2.867811 225
 9 1 57.500000 2.021975 311
 3 1 62.500000 1.382581 121
 7 1 12.500000 2.179888 229
 1 0 32.500000 1.585477 44
 4 1 52.500000 2.468682 149
 4 1 2.500000 2.319413 129
 5 1 7.500000 1.086645 163
 1585154.674251 27
 5 1 27.500000 1.629522 171
 3 1 17.500000 1.715045 103
 3 1 32.500000 1.880513 109
 11 0 7.500000 2.053984 354
 11 1 62.500000 2.523900 377
 4 1 42.500000 1.913896 145
 7 0 47.500000 2.802498 242
 0 0 27.500000 2.408945 10
 1 0 47.500000 1.578099 50
 1 1 7.500000 1.188047 35
 4 0 37.500000 2.986443 142
 11 0 42.500000 1.573453 368
 2 1 22.500000 1.402356 73
 3 0 37.500000 2.238548 110
 1 1 37.500000 2.888031 47
 7 1 2.500000 2.867811 225
 6 1 27.500000 1.633807 203
 2 0 52.500000 2.127150 84
 9 0 72.500000 2.333869 316
 6 1 7.500000 1.602147 195
 11 1 77.500000 2.518059 383
 0 1 2.500000 1.717000 1
 8 1 47.500000 1.693548 275
 5 1 37.500000 2.250921 175
 10 0 47.500000 1.665604 338
 3 1 42.500000 2.986411 113
 3 0 22.500000 1.679521 104
 592613.194060 25
 9 0 37.500000 1.126627 302
 0 0 27.500000 2.408945 10
 10 0 27.500000 1.691276 330
 2 1 72.500000 2.085146 93
 1 0 37.500000 1.878574 46
 0 1 47.500000 1.749485 19
 3 0 77.500000 1.584288 126
 4 1 47.500000 2.672877 147
 1 1 47.500000 1.920354 51
 11 1 62.500000 2.523900 377
 2 0 27.500000 1.346918 74
 9 0 62.500000 2.097883 312
 11 0 42.500000 1.573453 368
 7 1 12.500000 2.179888 229
 1 1 37.500000 2.888031 47
 8 0 7.500000 2.034037 258
 6 0 57.500000 1.973655 214
 5 1 27.500000 1.629522 171
 11 1 2.500000 1.160173 353
 9 1 57.500000 2.021975 311
 5 0 22.500000 1.479094 168
 7 1 32.500000 2.506176 237
 11 0 7.500000 2.053984 354
 4 1 57.500000 2.865789 151
 6 1 27.500000 1.633807 203
 712745.998983 24
 1 0 57.500000 1.592509 54
 5 1 37.500000 2.250921 175
 9 0 57.500000 2.663012 310
 9 1 72.500000 2.630643 317
 7 1 32.500000 2.506176 237
 11 1 62.500000 2.523900 377
 3 0 37.500000 2.238548 110
 0 0 27.500000 2.408945 10
 7 1 22.500000 1.333982 233
 9 1 57.500000 2.021975 311
 3 0 17.500000 1.604277 102
 6 1 7.500000 1.602147 195
 5 0 77.500000 2.698478 190
 4 0 37.500000 2.986443 142
 4 1 37.500000 2.168582 143
 7 0 17.500000 1.456635 230
 2 1 22.500000 1.402356 73
 1 0 62.500000 1.774582 56
 10 0 12.500000 1.378306 324
 11 0 7.500000 2.053984 354
 3 0 27.500000 1.371763 106
 8 0 42.500000 1.358785 272
 4 1 47.500000 2.672877 147
 9 0 72.500000 2.333869 316
 416388.392680 28
 1 1 47.500000 1.920354 51
 10 1 62.500000 2.932173 345
 4 0 37.500000 2.986443 142
 1 0 37.500000 1.878574 46
 11 0 62.500000 1.880765 376
 0 0 57.500000 2.568877 22
 5 1 7.500000 1.086645 163
 1 0 57.500000 1.592509 54
 9 0 2.500000 1.080269 288
 2 1 72.500000 2.085146 93
 9 0 17.500000 2.259090 294
 7 0 72.500000 2.965285 252
 5 1 52.500000 1.463918 181
 1 1 77.500000 1.448993 63
 5 0 22.500000 1.479094 168
 5 0 27.500000 2.432166 170
 11 1 62.500000 2.523900 377
 3 0 27.500000 1.371763 106
 8 0 42.500000 1.358785 272
 9 1 57.500000 2.021975 311
 1 1 37.500000 2.888031 47
 6 0 57.500000 1.973655 214
 1 0 32.500000 1.585477 44
 3 1 32.500000 1.880513 109
 2 0 72.500000 2.899576 92
 7 1 12.500000 2.179888 229
 6 1 22.500000 2.594240 201
 2 0 52.500000 2.127150 84
 1142872.485492 19
 1 1 52.500000 1.095886 53
 2 1 27.500000 2.998804 75
 4 1 67.500000 1.582415 155
 1 0 37.500000 1.878574 46
 8 1 22.500000 1.775159 265
 11 0 57.500000 2.777277 374
 4 1 72.500000 1.947577 157
 3 0 77.500000 1.584288 126
 2 1 72.500000 2.085146 93
 4 1 47.500000 2.672877 147
 7 1 2.500000 2.867811 225
 11 1 62.500000 2.523900 377
 5 1 37.500000 2.250921 175
 9 1 27.500000 1.877745 299
 2 0 72.500000 2.899576 92
 1 1 42.500000 2.606126 49
 6 1 27.500000 1.633807 203
 11 1 77.500000 2.518059 383
 1 0 57.500000 1.592509 54
 394560.186078 5
 6 0 57.500000 1.973655 214
 6 0 27.500000 2.483442 202
 5 1 7.500000 1.086645 163
 1 1 47.500000 1.920354 51
 10 0 27.500000 1.691276 330
 1767898.049917 13
 7 1 12.500000 2.179888 229
 11 0 57.500000 2.777277 374
 10 1 57.500000 1.300973 343
 2 1 22.500000 1.402356 73
 5 1 27.500000 1.629522 171
 4 1 37.500000 2.168582 143
 9 1 57.500000 2.021975 311
 8 0 77.500000 1.145446 286
 4 0 37.500000 2.986443 142
 2 1 32.500000 1.802550 77
 11 0 7.500000 2.053984 354
 3 0 77.500000 1.584288 126
 1 0 57.500000 1.592509 54