Numero de pedidos
250
duedate num_referencias // pasillo lado altura peso
1344094.6 13
9 1 34.3925 1.0 277
8 1 62.4975 1.0 399
13 1 36.947500000000005 1.0 129
11 0 59.94250000000001 1.0 96
12 1 52.2775 1.0 41
11 1 31.837500000000006 1.0 75
13 0 19.0625 1.0 114
12 1 1.177500000000002 1.0 1
14 0 39.5025 1.0 230
12 0 16.507500000000007 1.0 12
11 1 13.9525 1.0 61
13 1 26.727500000000006 1.0 121
3 1 49.7225 1.0 889
282280.88 17
14 0 44.6125 1.0 234
11 0 13.9525 1.0 60
13 1 62.4975 1.0 149
11 0 29.2825 1.0 72
0 1 59.94250000000001 1.0 1197
12 1 26.727500000000006 1.0 21
19 1 21.617500000000007 1.0 717
12 1 19.0625 1.0 15
10 0 49.7225 1.0 188
10 0 42.057500000000005 1.0 182
12 0 3.7325000000000017 1.0 2
11 0 62.4975 1.0 98
10 0 16.507500000000007 1.0 162
12 1 62.4975 1.0 49
11 1 1.177500000000002 1.0 51
10 1 1.177500000000002 1.0 151
16 1 31.837500000000006 1.0 425
1588281.0 16
12 0 8.842500000000001 1.0 6
14 0 19.0625 1.0 214
12 0 24.1725 1.0 18
12 1 3.7325000000000017 1.0 3
12 0 47.167500000000004 1.0 36
8 1 62.4975 1.0 399
13 0 6.287500000000001 1.0 104
14 1 16.507500000000007 1.0 213
10 0 52.2775 1.0 190
14 1 3.7325000000000017 1.0 203
13 0 62.4975 1.0 148
13 0 21.617500000000007 1.0 116
13 0 11.3975 1.0 108
11 1 24.1725 1.0 69
11 0 26.727500000000006 1.0 70
13 0 16.507500000000007 1.0 112
1910923.8 15
14 0 57.3875 1.0 244
5 1 21.617500000000007 1.0 667
10 1 52.2775 1.0 191
13 1 47.167500000000004 1.0 137
10 0 54.83250000000001 1.0 192
23 1 19.0625 1.0 1115
12 1 54.83250000000001 1.0 43
22 0 1.177500000000002 1.0 1000
12 0 31.837500000000006 1.0 24
10 0 8.842500000000001 1.0 156
14 0 36.947500000000005 1.0 228
20 1 57.3875 1.0 845
11 1 24.1725 1.0 69
12 0 13.9525 1.0 10
10 0 42.057500000000005 1.0 182
1088744.0 8
13 1 59.94250000000001 1.0 147
10 1 39.5025 1.0 181
14 0 6.287500000000001 1.0 204
11 0 62.4975 1.0 98
13 1 19.0625 1.0 115
11 1 3.7325000000000017 1.0 53
10 1 3.7325000000000017 1.0 153
8 1 59.94250000000001 1.0 397
1779290.8 24
11 1 13.9525 1.0 61
10 1 11.3975 1.0 159
9 0 47.167500000000004 1.0 286
12 1 24.1725 1.0 19
11 1 11.3975 1.0 59
9 1 42.057500000000005 1.0 283
14 1 13.9525 1.0 211
10 0 1.177500000000002 1.0 150
11 1 59.94250000000001 1.0 97
11 1 62.4975 1.0 99
23 0 13.9525 1.0 1110
12 0 29.2825 1.0 22
10 1 47.167500000000004 1.0 187
10 0 31.837500000000006 1.0 174
10 1 42.057500000000005 1.0 183
12 0 1.177500000000002 1.0 0
14 1 36.947500000000005 1.0 229
12 0 57.3875 1.0 44
13 1 49.7225 1.0 139
9 0 52.2775 1.0 290
14 0 24.1725 1.0 218
12 0 13.9525 1.0 10
12 1 57.3875 1.0 45
12 0 52.2775 1.0 40
1305878.2 13
14 1 21.617500000000007 1.0 217
12 0 24.1725 1.0 18
14 0 13.9525 1.0 210
12 0 13.9525 1.0 10
13 0 42.057500000000005 1.0 132
10 0 49.7225 1.0 188
8 0 31.837500000000006 1.0 374
12 0 52.2775 1.0 40
13 1 29.2825 1.0 123
11 0 39.5025 1.0 80
13 1 59.94250000000001 1.0 147
16 1 6.287500000000001 1.0 405
11 1 42.057500000000005 1.0 83
1300312.6 23
13 1 36.947500000000005 1.0 129
12 1 39.5025 1.0 31
13 1 52.2775 1.0 141
12 0 26.727500000000006 1.0 20
13 0 24.1725 1.0 118
13 1 1.177500000000002 1.0 101
14 1 16.507500000000007 1.0 213
13 1 24.1725 1.0 119
12 0 52.2775 1.0 40
13 1 19.0625 1.0 115
11 1 47.167500000000004 1.0 87
10 0 36.947500000000005 1.0 178
14 0 8.842500000000001 1.0 206
10 1 6.287500000000001 1.0 155
14 1 3.7325000000000017 1.0 203
11 1 24.1725 1.0 69
14 1 11.3975 1.0 209
14 0 57.3875 1.0 244
12 0 39.5025 1.0 30
10 1 24.1725 1.0 169
0 0 34.3925 1.0 1176
13 0 29.2825 1.0 122
13 0 57.3875 1.0 144
1027950.6 8
0 1 13.9525 1.0 1161
10 1 39.5025 1.0 181
8 1 8.842500000000001 1.0 357
13 0 31.837500000000006 1.0 124
13 1 26.727500000000006 1.0 121
2 0 34.3925 1.0 976
14 1 36.947500000000005 1.0 229
10 1 29.2825 1.0 173
392262.0 18
13 0 11.3975 1.0 108
12 0 44.6125 1.0 34
0 1 21.617500000000007 1.0 1167
13 1 29.2825 1.0 123
10 1 49.7225 1.0 189
22 0 39.5025 1.0 1030
10 0 6.287500000000001 1.0 154
12 1 11.3975 1.0 9
15 1 6.287500000000001 1.0 305
12 0 59.94250000000001 1.0 46
14 0 54.83250000000001 1.0 242
13 0 54.83250000000001 1.0 142
17 1 24.1725 1.0 519
14 1 49.7225 1.0 239
12 1 52.2775 1.0 41
13 0 49.7225 1.0 138
2 1 16.507500000000007 1.0 963
15 0 26.727500000000006 1.0 320
1165293.2 17
12 0 31.837500000000006 1.0 24
11 0 36.947500000000005 1.0 78
13 0 54.83250000000001 1.0 142
9 1 34.3925 1.0 277
10 0 21.617500000000007 1.0 166
11 1 54.83250000000001 1.0 93
10 0 8.842500000000001 1.0 156
10 0 24.1725 1.0 168
24 0 31.837500000000006 1.0 1224
15 0 44.6125 1.0 334
11 0 34.3925 1.0 76
14 0 13.9525 1.0 210
10 0 44.6125 1.0 184
14 1 36.947500000000005 1.0 229
12 1 26.727500000000006 1.0 21
12 0 11.3975 1.0 8
12 0 52.2775 1.0 40
258944.58 12
10 1 31.837500000000006 1.0 175
7 0 19.0625 1.0 464
12 0 21.617500000000007 1.0 16
14 0 24.1725 1.0 218
12 0 59.94250000000001 1.0 46
14 0 59.94250000000001 1.0 246
12 0 42.057500000000005 1.0 32
13 0 39.5025 1.0 130
6 1 26.727500000000006 1.0 571
14 1 24.1725 1.0 219
14 1 11.3975 1.0 209
8 1 49.7225 1.0 389
1303399.4 13
11 1 62.4975 1.0 99
14 1 49.7225 1.0 239
7 0 21.617500000000007 1.0 466
6 1 16.507500000000007 1.0 563
14 1 57.3875 1.0 245
13 1 31.837500000000006 1.0 125
14 0 39.5025 1.0 230
12 1 21.617500000000007 1.0 17
11 0 24.1725 1.0 68
11 1 31.837500000000006 1.0 75
13 1 47.167500000000004 1.0 137
10 1 1.177500000000002 1.0 151
13 0 29.2825 1.0 122
784141.44 17
6 0 44.6125 1.0 584
14 0 47.167500000000004 1.0 236
15 0 26.727500000000006 1.0 320
10 0 16.507500000000007 1.0 162
11 1 3.7325000000000017 1.0 53
12 0 19.0625 1.0 14
11 1 49.7225 1.0 89
11 1 16.507500000000007 1.0 63
13 1 31.837500000000006 1.0 125
9 0 31.837500000000006 1.0 274
11 1 59.94250000000001 1.0 97
15 0 29.2825 1.0 322
11 1 11.3975 1.0 59
10 0 49.7225 1.0 188
12 1 31.837500000000006 1.0 25
10 0 11.3975 1.0 158
10 1 54.83250000000001 1.0 193
1162589.5 5
11 1 52.2775 1.0 91
14 0 26.727500000000006 1.0 220
2 0 24.1725 1.0 968
10 0 19.0625 1.0 164
14 0 24.1725 1.0 218
1314930.4 9
16 1 26.727500000000006 1.0 421
11 0 39.5025 1.0 80
14 1 3.7325000000000017 1.0 203
11 0 31.837500000000006 1.0 74
10 1 49.7225 1.0 189
11 0 6.287500000000001 1.0 54
15 0 31.837500000000006 1.0 324
2 0 19.0625 1.0 964
16 1 36.947500000000005 1.0 429
874608.25 15
11 1 29.2825 1.0 73
11 1 24.1725 1.0 69
9 1 6.287500000000001 1.0 255
16 0 13.9525 1.0 410
10 1 49.7225 1.0 189
7 1 6.287500000000001 1.0 455
13 1 21.617500000000007 1.0 117
13 0 1.177500000000002 1.0 100
13 0 24.1725 1.0 118
12 1 52.2775 1.0 41
18 0 54.83250000000001 1.0 642
14 0 44.6125 1.0 234
11 1 16.507500000000007 1.0 63
12 1 57.3875 1.0 45
14 0 42.057500000000005 1.0 232
1044447.5 20
11 0 42.057500000000005 1.0 82
10 1 57.3875 1.0 195
13 0 62.4975 1.0 148
10 0 11.3975 1.0 158
7 0 26.727500000000006 1.0 470
14 1 59.94250000000001 1.0 247
11 1 19.0625 1.0 65
14 1 54.83250000000001 1.0 243
12 0 52.2775 1.0 40
12 1 29.2825 1.0 23
10 1 39.5025 1.0 181
12 0 62.4975 1.0 48
10 0 36.947500000000005 1.0 178
10 0 16.507500000000007 1.0 162
11 1 57.3875 1.0 95
12 1 13.9525 1.0 11
13 1 1.177500000000002 1.0 101
12 0 59.94250000000001 1.0 46
11 0 36.947500000000005 1.0 78
14 1 19.0625 1.0 215
803865.94 7
12 0 1.177500000000002 1.0 0
14 0 26.727500000000006 1.0 220
6 1 8.842500000000001 1.0 557
11 1 26.727500000000006 1.0 71
12 1 1.177500000000002 1.0 1
10 1 21.617500000000007 1.0 167
14 1 42.057500000000005 1.0 233
1678617.2 8
10 1 13.9525 1.0 161
15 0 59.94250000000001 1.0 346
21 0 16.507500000000007 1.0 912
14 0 6.287500000000001 1.0 204
1 1 1.177500000000002 1.0 1051
15 0 36.947500000000005 1.0 328
14 0 29.2825 1.0 222
15 0 52.2775 1.0 340
537149.2 7
9 1 16.507500000000007 1.0 263
11 1 59.94250000000001 1.0 97
7 1 1.177500000000002 1.0 451
13 0 6.287500000000001 1.0 104
12 0 8.842500000000001 1.0 6
22 0 34.3925 1.0 1026
11 1 11.3975 1.0 59
476612.5 6
11 1 34.3925 1.0 77
13 1 29.2825 1.0 123
12 1 21.617500000000007 1.0 17
11 1 59.94250000000001 1.0 97
14 0 57.3875 1.0 244
10 0 3.7325000000000017 1.0 152
1160875.8 24
14 1 57.3875 1.0 245
10 1 62.4975 1.0 199
16 0 24.1725 1.0 418
14 1 42.057500000000005 1.0 233
10 0 24.1725 1.0 168
10 0 29.2825 1.0 172
10 0 62.4975 1.0 198
12 1 59.94250000000001 1.0 47
14 1 34.3925 1.0 227
11 0 26.727500000000006 1.0 70
7 0 8.842500000000001 1.0 456
11 1 1.177500000000002 1.0 51
14 0 44.6125 1.0 234
12 0 1.177500000000002 1.0 0
12 1 16.507500000000007 1.0 13
19 0 13.9525 1.0 710
12 1 8.842500000000001 1.0 7
12 0 57.3875 1.0 44
11 1 19.0625 1.0 65
11 1 52.2775 1.0 91
12 0 47.167500000000004 1.0 36
8 0 31.837500000000006 1.0 374
13 0 44.6125 1.0 134
13 1 39.5025 1.0 131
216885.8 15
11 0 13.9525 1.0 60
11 0 24.1725 1.0 68
12 0 11.3975 1.0 8
13 1 49.7225 1.0 139
21 0 59.94250000000001 1.0 946
11 0 39.5025 1.0 80
11 0 31.837500000000006 1.0 74
10 0 42.057500000000005 1.0 182
15 0 36.947500000000005 1.0 328
13 0 19.0625 1.0 114
24 0 57.3875 1.0 1244
9 1 16.507500000000007 1.0 263
13 0 59.94250000000001 1.0 146
10 1 19.0625 1.0 165
13 1 6.287500000000001 1.0 105
552181.0 20
14 1 13.9525 1.0 211
14 1 36.947500000000005 1.0 229
11 1 1.177500000000002 1.0 51
14 0 1.177500000000002 1.0 200
9 0 39.5025 1.0 280
11 0 34.3925 1.0 76
12 0 29.2825 1.0 22
11 1 42.057500000000005 1.0 83
11 0 57.3875 1.0 94
13 0 16.507500000000007 1.0 112
14 0 19.0625 1.0 214
11 1 11.3975 1.0 59
14 0 6.287500000000001 1.0 204
12 0 21.617500000000007 1.0 16
11 1 6.287500000000001 1.0 55
14 1 44.6125 1.0 235
12 1 19.0625 1.0 15
12 1 52.2775 1.0 41
12 0 52.2775 1.0 40
7 0 39.5025 1.0 480
1485558.1 24
16 0 49.7225 1.0 438
5 0 42.057500000000005 1.0 682
14 1 54.83250000000001 1.0 243
11 0 42.057500000000005 1.0 82
12 0 57.3875 1.0 44
12 0 36.947500000000005 1.0 28
11 0 21.617500000000007 1.0 66
10 0 34.3925 1.0 176
10 0 54.83250000000001 1.0 192
14 0 49.7225 1.0 238
12 1 1.177500000000002 1.0 1
1 1 24.1725 1.0 1069
13 0 31.837500000000006 1.0 124
15 0 3.7325000000000017 1.0 302
22 1 16.507500000000007 1.0 1013
10 1 52.2775 1.0 191
10 1 54.83250000000001 1.0 193
10 0 29.2825 1.0 172
10 1 16.507500000000007 1.0 163
11 1 8.842500000000001 1.0 57
2 1 24.1725 1.0 969
8 0 29.2825 1.0 372
10 1 62.4975 1.0 199
10 0 36.947500000000005 1.0 178
576382.6 18
12 0 57.3875 1.0 44
14 1 52.2775 1.0 241
11 1 49.7225 1.0 89
10 1 3.7325000000000017 1.0 153
13 1 11.3975 1.0 109
12 0 36.947500000000005 1.0 28
10 1 1.177500000000002 1.0 151
10 0 36.947500000000005 1.0 178
13 1 57.3875 1.0 145
10 0 1.177500000000002 1.0 150
10 0 13.9525 1.0 160
13 0 16.507500000000007 1.0 112
13 0 42.057500000000005 1.0 132
13 0 24.1725 1.0 118
24 0 34.3925 1.0 1226
10 1 54.83250000000001 1.0 193
12 1 21.617500000000007 1.0 17
11 1 8.842500000000001 1.0 57
1107098.6 14
12 0 36.947500000000005 1.0 28
10 1 16.507500000000007 1.0 163
14 0 26.727500000000006 1.0 220
14 1 1.177500000000002 1.0 201
10 1 19.0625 1.0 165
22 1 24.1725 1.0 1019
14 0 21.617500000000007 1.0 216
14 1 31.837500000000006 1.0 225
22 0 59.94250000000001 1.0 1046
16 1 26.727500000000006 1.0 421
10 1 49.7225 1.0 189
12 0 52.2775 1.0 40
11 0 19.0625 1.0 64
7 0 62.4975 1.0 498
926172.56 12
12 1 47.167500000000004 1.0 37
13 1 19.0625 1.0 115
10 0 3.7325000000000017 1.0 152
7 0 21.617500000000007 1.0 466
12 0 36.947500000000005 1.0 28
10 1 11.3975 1.0 159
0 1 62.4975 1.0 1199
14 0 49.7225 1.0 238
15 0 13.9525 1.0 310
14 0 3.7325000000000017 1.0 202
10 1 1.177500000000002 1.0 151
11 1 47.167500000000004 1.0 87
1062586.1 23
14 0 42.057500000000005 1.0 232
11 0 3.7325000000000017 1.0 52
12 1 29.2825 1.0 23
10 1 36.947500000000005 1.0 179
13 0 34.3925 1.0 126
14 1 21.617500000000007 1.0 217
10 0 21.617500000000007 1.0 166
17 0 52.2775 1.0 540
14 0 21.617500000000007 1.0 216
10 1 21.617500000000007 1.0 167
13 0 26.727500000000006 1.0 120
11 0 11.3975 1.0 58
12 0 19.0625 1.0 14
13 1 62.4975 1.0 149
10 0 24.1725 1.0 168
13 1 24.1725 1.0 119
12 0 34.3925 1.0 26
13 0 6.287500000000001 1.0 104
11 1 49.7225 1.0 89
14 0 3.7325000000000017 1.0 202
12 1 62.4975 1.0 49
14 0 13.9525 1.0 210
13 0 24.1725 1.0 118
1095387.6 18
10 0 47.167500000000004 1.0 186
12 0 47.167500000000004 1.0 36
11 1 26.727500000000006 1.0 71
13 0 52.2775 1.0 140
11 1 52.2775 1.0 91
8 0 16.507500000000007 1.0 362
12 1 34.3925 1.0 27
10 0 26.727500000000006 1.0 170
2 1 57.3875 1.0 995
11 0 34.3925 1.0 76
13 1 11.3975 1.0 109
11 1 8.842500000000001 1.0 57
8 1 47.167500000000004 1.0 387
12 0 42.057500000000005 1.0 32
10 1 42.057500000000005 1.0 183
15 0 44.6125 1.0 334
21 1 57.3875 1.0 945
14 0 34.3925 1.0 226
1469772.6 23
14 0 19.0625 1.0 214
10 1 42.057500000000005 1.0 183
18 0 36.947500000000005 1.0 628
6 0 62.4975 1.0 598
11 1 49.7225 1.0 89
13 0 49.7225 1.0 138
14 0 26.727500000000006 1.0 220
13 0 31.837500000000006 1.0 124
11 0 31.837500000000006 1.0 74
8 0 62.4975 1.0 398
14 1 24.1725 1.0 219
12 1 57.3875 1.0 45
12 1 34.3925 1.0 27
12 1 31.837500000000006 1.0 25
11 0 34.3925 1.0 76
14 1 13.9525 1.0 211
13 0 44.6125 1.0 134
10 0 39.5025 1.0 180
11 0 13.9525 1.0 60
24 1 59.94250000000001 1.0 1247
13 1 26.727500000000006 1.0 121
12 0 49.7225 1.0 38
14 1 49.7225 1.0 239
308912.78 11
14 0 42.057500000000005 1.0 232
7 1 52.2775 1.0 491
14 1 52.2775 1.0 241
14 1 8.842500000000001 1.0 207
7 0 24.1725 1.0 468
12 1 29.2825 1.0 23
3 1 36.947500000000005 1.0 879
11 1 57.3875 1.0 95
13 1 36.947500000000005 1.0 129
18 1 52.2775 1.0 641
10 0 44.6125 1.0 184
659506.56 23
24 1 11.3975 1.0 1209
13 1 39.5025 1.0 131
11 1 52.2775 1.0 91
11 1 11.3975 1.0 59
14 1 24.1725 1.0 219
11 0 34.3925 1.0 76
18 0 11.3975 1.0 608
14 1 31.837500000000006 1.0 225
20 1 31.837500000000006 1.0 825
14 1 57.3875 1.0 245
14 0 31.837500000000006 1.0 224
14 0 26.727500000000006 1.0 220
11 0 42.057500000000005 1.0 82
12 0 6.287500000000001 1.0 4
12 1 49.7225 1.0 39
13 1 49.7225 1.0 139
14 1 39.5025 1.0 231
12 1 3.7325000000000017 1.0 3
16 1 54.83250000000001 1.0 443
15 1 11.3975 1.0 309
13 1 6.287500000000001 1.0 105
10 0 6.287500000000001 1.0 154
10 1 34.3925 1.0 177
1876903.8 10
18 1 8.842500000000001 1.0 607
10 1 24.1725 1.0 169
11 1 1.177500000000002 1.0 51
12 0 49.7225 1.0 38
14 0 21.617500000000007 1.0 216
11 0 47.167500000000004 1.0 86
13 0 54.83250000000001 1.0 142
11 0 24.1725 1.0 68
12 1 52.2775 1.0 41
11 1 16.507500000000007 1.0 63
451445.9 14
12 1 19.0625 1.0 15
12 1 34.3925 1.0 27
14 1 1.177500000000002 1.0 201
11 0 11.3975 1.0 58
14 1 6.287500000000001 1.0 205
11 0 24.1725 1.0 68
10 1 24.1725 1.0 169
11 0 6.287500000000001 1.0 54
14 0 16.507500000000007 1.0 212
5 0 13.9525 1.0 660
12 1 6.287500000000001 1.0 5
10 0 8.842500000000001 1.0 156
11 1 42.057500000000005 1.0 83
13 1 39.5025 1.0 131
594895.06 7
14 0 31.837500000000006 1.0 224
12 0 39.5025 1.0 30
11 0 52.2775 1.0 90
14 0 8.842500000000001 1.0 206
13 1 26.727500000000006 1.0 121
13 0 39.5025 1.0 130
13 0 8.842500000000001 1.0 106
1262058.8 9
12 1 52.2775 1.0 41
0 0 34.3925 1.0 1176
10 1 54.83250000000001 1.0 193
14 1 19.0625 1.0 215
12 0 26.727500000000006 1.0 20
14 0 52.2775 1.0 240
11 0 42.057500000000005 1.0 82
3 1 21.617500000000007 1.0 867
10 1 49.7225 1.0 189
253272.27 8
11 0 26.727500000000006 1.0 70
17 0 52.2775 1.0 540
11 1 62.4975 1.0 99
19 0 49.7225 1.0 738
11 1 39.5025 1.0 81
20 0 11.3975 1.0 808
13 0 11.3975 1.0 108
10 1 26.727500000000006 1.0 171
1685760.9 21
0 1 19.0625 1.0 1165
11 0 47.167500000000004 1.0 86
14 0 13.9525 1.0 210
21 0 44.6125 1.0 934
16 1 52.2775 1.0 441
10 1 42.057500000000005 1.0 183
13 1 59.94250000000001 1.0 147
10 0 59.94250000000001 1.0 196
12 1 54.83250000000001 1.0 43
11 0 1.177500000000002 1.0 50
0 1 47.167500000000004 1.0 1187
12 1 34.3925 1.0 27
10 0 16.507500000000007 1.0 162
11 1 11.3975 1.0 59
13 1 62.4975 1.0 149
12 0 49.7225 1.0 38
14 1 29.2825 1.0 223
14 1 16.507500000000007 1.0 213
12 1 1.177500000000002 1.0 1
15 1 11.3975 1.0 309
10 1 1.177500000000002 1.0 151
139417.8 12
16 1 49.7225 1.0 439
13 1 13.9525 1.0 111
13 0 39.5025 1.0 130
14 1 29.2825 1.0 223
13 1 49.7225 1.0 139
10 0 49.7225 1.0 188
13 0 3.7325000000000017 1.0 102
11 1 21.617500000000007 1.0 67
10 0 11.3975 1.0 158
13 1 26.727500000000006 1.0 121
14 0 52.2775 1.0 240
11 1 29.2825 1.0 73
1573733.0 15
12 1 13.9525 1.0 11
11 0 39.5025 1.0 80
18 1 24.1725 1.0 619
10 1 42.057500000000005 1.0 183
13 0 16.507500000000007 1.0 112
14 1 29.2825 1.0 223
11 1 3.7325000000000017 1.0 53
20 0 8.842500000000001 1.0 806
10 1 49.7225 1.0 189
23 0 19.0625 1.0 1114
0 1 6.287500000000001 1.0 1155
12 0 39.5025 1.0 30
12 0 44.6125 1.0 34
12 0 6.287500000000001 1.0 4
11 0 29.2825 1.0 72
742079.7 20
13 0 59.94250000000001 1.0 146
1 1 16.507500000000007 1.0 1063
20 0 54.83250000000001 1.0 842
10 1 1.177500000000002 1.0 151
11 0 52.2775 1.0 90
14 1 29.2825 1.0 223
10 1 49.7225 1.0 189
7 1 13.9525 1.0 461
14 0 16.507500000000007 1.0 212
10 0 31.837500000000006 1.0 174
14 0 13.9525 1.0 210
14 1 16.507500000000007 1.0 213
13 0 57.3875 1.0 144
14 0 3.7325000000000017 1.0 202
12 1 57.3875 1.0 45
14 1 49.7225 1.0 239
12 1 21.617500000000007 1.0 17
12 0 11.3975 1.0 8
14 0 44.6125 1.0 234
16 0 16.507500000000007 1.0 412
727796.5 11
13 0 3.7325000000000017 1.0 102
12 0 29.2825 1.0 22
14 1 3.7325000000000017 1.0 203
13 1 19.0625 1.0 115
19 1 8.842500000000001 1.0 707
12 0 1.177500000000002 1.0 0
12 1 49.7225 1.0 39
4 0 42.057500000000005 1.0 782
20 1 31.837500000000006 1.0 825
14 1 47.167500000000004 1.0 237
11 1 26.727500000000006 1.0 71
549516.1 22
17 1 19.0625 1.0 515
13 0 54.83250000000001 1.0 142
11 0 57.3875 1.0 94
14 1 26.727500000000006 1.0 221
11 1 3.7325000000000017 1.0 53
13 1 21.617500000000007 1.0 117
6 1 11.3975 1.0 559
11 0 47.167500000000004 1.0 86
9 0 42.057500000000005 1.0 282
12 0 31.837500000000006 1.0 24
10 1 3.7325000000000017 1.0 153
12 1 26.727500000000006 1.0 21
13 1 62.4975 1.0 149
11 1 62.4975 1.0 99
10 0 24.1725 1.0 168
13 0 29.2825 1.0 122
12 0 54.83250000000001 1.0 42
14 1 31.837500000000006 1.0 225
10 0 36.947500000000005 1.0 178
17 1 39.5025 1.0 531
10 1 8.842500000000001 1.0 157
13 1 29.2825 1.0 123
596104.4 7
12 1 26.727500000000006 1.0 21
9 0 54.83250000000001 1.0 292
12 0 13.9525 1.0 10
11 1 26.727500000000006 1.0 71
12 1 47.167500000000004 1.0 37
11 1 16.507500000000007 1.0 63
12 1 44.6125 1.0 35
1399399.4 16
12 0 31.837500000000006 1.0 24
10 0 39.5025 1.0 180
14 1 6.287500000000001 1.0 205
10 0 26.727500000000006 1.0 170
5 0 59.94250000000001 1.0 696
4 0 21.617500000000007 1.0 766
12 0 26.727500000000006 1.0 20
13 1 42.057500000000005 1.0 133
11 0 47.167500000000004 1.0 86
11 1 49.7225 1.0 89
14 1 44.6125 1.0 235
13 0 6.287500000000001 1.0 104
11 1 34.3925 1.0 77
12 0 11.3975 1.0 8
16 0 24.1725 1.0 418
11 0 52.2775 1.0 90
1645746.5 21
13 0 21.617500000000007 1.0 116
9 1 26.727500000000006 1.0 271
14 1 54.83250000000001 1.0 243
16 1 47.167500000000004 1.0 437
12 0 11.3975 1.0 8
14 1 39.5025 1.0 231
11 0 21.617500000000007 1.0 66
12 0 29.2825 1.0 22
12 0 6.287500000000001 1.0 4
24 0 42.057500000000005 1.0 1232
0 1 49.7225 1.0 1189
10 0 31.837500000000006 1.0 174
12 0 34.3925 1.0 26
2 0 1.177500000000002 1.0 950
8 1 59.94250000000001 1.0 397
14 0 54.83250000000001 1.0 242
3 1 49.7225 1.0 889
12 0 57.3875 1.0 44
11 0 39.5025 1.0 80
11 0 29.2825 1.0 72
11 1 39.5025 1.0 81
1218614.9 10
13 1 16.507500000000007 1.0 113
13 0 11.3975 1.0 108
14 0 21.617500000000007 1.0 216
11 0 13.9525 1.0 60
13 1 42.057500000000005 1.0 133
12 1 49.7225 1.0 39
12 0 54.83250000000001 1.0 42
11 0 11.3975 1.0 58
13 1 21.617500000000007 1.0 117
12 1 42.057500000000005 1.0 33
1808202.8 17
17 0 19.0625 1.0 514
10 0 13.9525 1.0 160
14 1 36.947500000000005 1.0 229
12 1 1.177500000000002 1.0 1
14 0 3.7325000000000017 1.0 202
14 1 8.842500000000001 1.0 207
11 1 21.617500000000007 1.0 67
14 0 13.9525 1.0 210
11 1 8.842500000000001 1.0 57
12 1 59.94250000000001 1.0 47
10 1 52.2775 1.0 191
13 0 16.507500000000007 1.0 112
11 1 3.7325000000000017 1.0 53
16 1 31.837500000000006 1.0 425
7 0 47.167500000000004 1.0 486
23 1 6.287500000000001 1.0 1105
14 0 39.5025 1.0 230
256527.86 11
14 1 8.842500000000001 1.0 207
11 0 39.5025 1.0 80
11 1 44.6125 1.0 85
0 0 57.3875 1.0 1194
17 1 47.167500000000004 1.0 537
14 0 59.94250000000001 1.0 246
10 0 49.7225 1.0 188
12 1 13.9525 1.0 11
1 0 57.3875 1.0 1094
10 1 11.3975 1.0 159
8 1 6.287500000000001 1.0 355
397274.47 19
10 0 21.617500000000007 1.0 166
10 1 42.057500000000005 1.0 183
14 0 26.727500000000006 1.0 220
12 0 11.3975 1.0 8
11 1 3.7325000000000017 1.0 53
14 0 39.5025 1.0 230
12 1 13.9525 1.0 11
14 1 49.7225 1.0 239
11 0 19.0625 1.0 64
10 1 57.3875 1.0 195
12 0 8.842500000000001 1.0 6
12 1 39.5025 1.0 31
12 0 3.7325000000000017 1.0 2
14 1 31.837500000000006 1.0 225
11 0 16.507500000000007 1.0 62
10 0 11.3975 1.0 158
12 1 59.94250000000001 1.0 47
13 1 49.7225 1.0 139
11 1 8.842500000000001 1.0 57
1491370.9 17
15 0 13.9525 1.0 310
12 0 62.4975 1.0 48
12 0 13.9525 1.0 10
12 0 54.83250000000001 1.0 42
13 1 44.6125 1.0 135
8 0 52.2775 1.0 390
11 1 11.3975 1.0 59
13 0 29.2825 1.0 122
13 0 59.94250000000001 1.0 146
12 0 52.2775 1.0 40
10 1 21.617500000000007 1.0 167
15 0 44.6125 1.0 334
13 1 31.837500000000006 1.0 125
12 0 21.617500000000007 1.0 16
10 0 34.3925 1.0 176
10 0 1.177500000000002 1.0 150
10 1 3.7325000000000017 1.0 153
1905572.4 15
13 1 16.507500000000007 1.0 113
17 1 59.94250000000001 1.0 547
12 0 57.3875 1.0 44
17 0 13.9525 1.0 510
10 0 26.727500000000006 1.0 170
10 1 47.167500000000004 1.0 187
13 0 52.2775 1.0 140
12 1 36.947500000000005 1.0 29
12 1 44.6125 1.0 35
11 1 49.7225 1.0 89
12 1 26.727500000000006 1.0 21
10 0 44.6125 1.0 184
11 1 13.9525 1.0 61
10 1 8.842500000000001 1.0 157
24 0 34.3925 1.0 1226
499014.25 10
14 1 13.9525 1.0 211
11 1 57.3875 1.0 95
11 1 54.83250000000001 1.0 93
11 0 39.5025 1.0 80
14 0 6.287500000000001 1.0 204
24 0 13.9525 1.0 1210
13 1 21.617500000000007 1.0 117
7 0 54.83250000000001 1.0 492
10 1 16.507500000000007 1.0 163
12 1 44.6125 1.0 35
801030.1 5
11 0 29.2825 1.0 72
12 1 3.7325000000000017 1.0 3
10 1 39.5025 1.0 181
13 1 29.2825 1.0 123
11 0 54.83250000000001 1.0 92
1244331.0 21
10 0 36.947500000000005 1.0 178
2 1 59.94250000000001 1.0 997
13 0 59.94250000000001 1.0 146
10 1 57.3875 1.0 195
3 0 13.9525 1.0 860
9 1 49.7225 1.0 289
12 0 52.2775 1.0 40
0 1 19.0625 1.0 1165
11 0 39.5025 1.0 80
15 0 31.837500000000006 1.0 324
12 1 8.842500000000001 1.0 7
14 1 52.2775 1.0 241
10 0 6.287500000000001 1.0 154
2 1 34.3925 1.0 977
10 1 29.2825 1.0 173
10 1 6.287500000000001 1.0 155
10 0 57.3875 1.0 194
13 0 36.947500000000005 1.0 128
13 0 47.167500000000004 1.0 136
14 1 26.727500000000006 1.0 221
12 0 39.5025 1.0 30
585967.94 7
12 1 26.727500000000006 1.0 21
12 1 57.3875 1.0 45
10 0 52.2775 1.0 190
14 0 39.5025 1.0 230
11 0 59.94250000000001 1.0 96
10 1 42.057500000000005 1.0 183
10 1 29.2825 1.0 173
1060766.4 18
13 0 42.057500000000005 1.0 132
7 0 62.4975 1.0 498
12 0 52.2775 1.0 40
20 0 49.7225 1.0 838
10 0 36.947500000000005 1.0 178
11 1 52.2775 1.0 91
12 1 39.5025 1.0 31
5 1 39.5025 1.0 681
14 0 54.83250000000001 1.0 242
12 1 1.177500000000002 1.0 1
14 0 19.0625 1.0 214
10 0 52.2775 1.0 190
13 0 39.5025 1.0 130
11 1 59.94250000000001 1.0 97
12 1 19.0625 1.0 15
15 0 1.177500000000002 1.0 300
15 0 42.057500000000005 1.0 332
7 1 59.94250000000001 1.0 497
649675.8 6
18 1 21.617500000000007 1.0 617
10 1 6.287500000000001 1.0 155
12 1 11.3975 1.0 9
11 0 26.727500000000006 1.0 70
13 0 49.7225 1.0 138
14 0 6.287500000000001 1.0 204
818709.4 24
14 0 57.3875 1.0 244
10 1 8.842500000000001 1.0 157
12 1 8.842500000000001 1.0 7
10 1 42.057500000000005 1.0 183
14 0 36.947500000000005 1.0 228
21 1 8.842500000000001 1.0 907
10 1 62.4975 1.0 199
7 0 26.727500000000006 1.0 470
13 0 59.94250000000001 1.0 146
14 0 13.9525 1.0 210
10 0 13.9525 1.0 160
10 0 52.2775 1.0 190
14 1 34.3925 1.0 227
14 1 8.842500000000001 1.0 207
0 1 52.2775 1.0 1191
14 0 34.3925 1.0 226
9 0 24.1725 1.0 268
13 0 44.6125 1.0 134
12 0 6.287500000000001 1.0 4
14 0 8.842500000000001 1.0 206
3 1 21.617500000000007 1.0 867
21 0 21.617500000000007 1.0 916
10 0 54.83250000000001 1.0 192
2 1 42.057500000000005 1.0 983
1336179.1 13
14 0 36.947500000000005 1.0 228
10 0 29.2825 1.0 172
11 1 54.83250000000001 1.0 93
16 1 29.2825 1.0 423
12 0 49.7225 1.0 38
12 0 6.287500000000001 1.0 4
20 1 13.9525 1.0 811
12 0 44.6125 1.0 34
16 0 62.4975 1.0 448
12 1 3.7325000000000017 1.0 3
2 0 59.94250000000001 1.0 996
11 1 6.287500000000001 1.0 55
14 1 29.2825 1.0 223
1080092.6 19
12 0 57.3875 1.0 44
13 0 49.7225 1.0 138
11 1 3.7325000000000017 1.0 53
9 0 29.2825 1.0 272
14 1 62.4975 1.0 249
13 1 36.947500000000005 1.0 129
7 1 31.837500000000006 1.0 475
11 0 62.4975 1.0 98
18 0 36.947500000000005 1.0 628
21 0 1.177500000000002 1.0 900
5 0 31.837500000000006 1.0 674
8 0 52.2775 1.0 390
11 1 57.3875 1.0 95
14 1 26.727500000000006 1.0 221
10 0 3.7325000000000017 1.0 152
13 0 29.2825 1.0 122
16 1 21.617500000000007 1.0 417
12 1 57.3875 1.0 45
12 1 36.947500000000005 1.0 29
720831.44 20
14 1 26.727500000000006 1.0 221
11 0 26.727500000000006 1.0 70
21 0 42.057500000000005 1.0 932
12 1 26.727500000000006 1.0 21
10 1 34.3925 1.0 177
13 0 42.057500000000005 1.0 132
12 1 3.7325000000000017 1.0 3
10 1 29.2825 1.0 173
1 1 13.9525 1.0 1061
15 0 42.057500000000005 1.0 332
13 1 6.287500000000001 1.0 105
13 1 57.3875 1.0 145
13 0 54.83250000000001 1.0 142
14 0 36.947500000000005 1.0 228
13 0 36.947500000000005 1.0 128
11 1 39.5025 1.0 81
13 1 31.837500000000006 1.0 125
14 0 54.83250000000001 1.0 242
11 1 54.83250000000001 1.0 93
10 1 36.947500000000005 1.0 179
1824319.5 7
14 0 42.057500000000005 1.0 232
0 1 31.837500000000006 1.0 1175
13 1 16.507500000000007 1.0 113
13 1 34.3925 1.0 127
13 1 13.9525 1.0 111
24 1 36.947500000000005 1.0 1229
11 0 11.3975 1.0 58
846993.3 15
10 0 1.177500000000002 1.0 150
13 0 24.1725 1.0 118
14 0 29.2825 1.0 222
10 1 52.2775 1.0 191
15 0 54.83250000000001 1.0 342
14 0 54.83250000000001 1.0 242
14 0 34.3925 1.0 226
12 0 3.7325000000000017 1.0 2
13 1 6.287500000000001 1.0 105
11 1 34.3925 1.0 77
13 1 26.727500000000006 1.0 121
10 0 21.617500000000007 1.0 166
12 0 6.287500000000001 1.0 4
13 0 44.6125 1.0 134
13 0 49.7225 1.0 138
1489093.4 24
11 1 29.2825 1.0 73
12 0 36.947500000000005 1.0 28
13 1 49.7225 1.0 139
14 1 21.617500000000007 1.0 217
5 0 34.3925 1.0 676
12 1 39.5025 1.0 31
14 1 19.0625 1.0 215
11 0 34.3925 1.0 76
11 0 42.057500000000005 1.0 82
13 1 13.9525 1.0 111
10 1 29.2825 1.0 173
10 0 31.837500000000006 1.0 174
13 0 57.3875 1.0 144
12 0 29.2825 1.0 22
6 1 29.2825 1.0 573
20 1 49.7225 1.0 839
11 0 44.6125 1.0 84
11 0 36.947500000000005 1.0 78
15 1 39.5025 1.0 331
16 1 16.507500000000007 1.0 413
11 1 49.7225 1.0 89
10 1 62.4975 1.0 199
12 1 31.837500000000006 1.0 25
5 0 44.6125 1.0 684
1389248.4 24
14 0 1.177500000000002 1.0 200
15 1 19.0625 1.0 315
14 1 62.4975 1.0 249
23 0 47.167500000000004 1.0 1136
14 0 49.7225 1.0 238
11 0 49.7225 1.0 88
10 1 54.83250000000001 1.0 193
14 1 49.7225 1.0 239
15 1 57.3875 1.0 345
10 0 62.4975 1.0 198
14 0 57.3875 1.0 244
14 0 31.837500000000006 1.0 224
10 0 59.94250000000001 1.0 196
13 1 39.5025 1.0 131
14 1 13.9525 1.0 211
12 0 8.842500000000001 1.0 6
13 0 1.177500000000002 1.0 100
21 1 26.727500000000006 1.0 921
11 1 6.287500000000001 1.0 55
12 1 42.057500000000005 1.0 33
14 1 47.167500000000004 1.0 237
10 0 52.2775 1.0 190
8 1 62.4975 1.0 399
11 1 59.94250000000001 1.0 97
1460871.2 21
16 1 13.9525 1.0 411
14 1 1.177500000000002 1.0 201
14 0 6.287500000000001 1.0 204
10 0 59.94250000000001 1.0 196
12 0 24.1725 1.0 18
11 0 36.947500000000005 1.0 78
13 0 59.94250000000001 1.0 146
11 1 26.727500000000006 1.0 71
12 0 29.2825 1.0 22
8 1 21.617500000000007 1.0 367
8 0 52.2775 1.0 390
11 0 49.7225 1.0 88
10 0 24.1725 1.0 168
12 0 62.4975 1.0 48
14 1 52.2775 1.0 241
11 0 3.7325000000000017 1.0 52
11 0 16.507500000000007 1.0 62
10 0 44.6125 1.0 184
14 1 44.6125 1.0 235
14 0 13.9525 1.0 210
22 0 8.842500000000001 1.0 1006
1085126.2 24
1 0 39.5025 1.0 1080
10 0 29.2825 1.0 172
11 1 52.2775 1.0 91
14 1 11.3975 1.0 209
16 1 39.5025 1.0 431
18 1 26.727500000000006 1.0 621
13 0 16.507500000000007 1.0 112
12 1 57.3875 1.0 45
10 0 3.7325000000000017 1.0 152
14 0 57.3875 1.0 244
13 0 57.3875 1.0 144
13 1 16.507500000000007 1.0 113
12 0 31.837500000000006 1.0 24
12 1 39.5025 1.0 31
14 1 36.947500000000005 1.0 229
16 0 6.287500000000001 1.0 404
12 1 1.177500000000002 1.0 1
11 0 16.507500000000007 1.0 62
12 1 54.83250000000001 1.0 43
11 1 26.727500000000006 1.0 71
10 1 39.5025 1.0 181
8 1 39.5025 1.0 381
12 0 16.507500000000007 1.0 12
14 0 8.842500000000001 1.0 206
984694.2 24
11 1 19.0625 1.0 65
11 1 54.83250000000001 1.0 93
11 1 42.057500000000005 1.0 83
12 1 54.83250000000001 1.0 43
13 1 62.4975 1.0 149
14 1 54.83250000000001 1.0 243
14 1 57.3875 1.0 245
13 1 8.842500000000001 1.0 107
13 0 29.2825 1.0 122
14 0 8.842500000000001 1.0 206
14 0 62.4975 1.0 248
13 1 49.7225 1.0 139
15 1 39.5025 1.0 331
13 0 21.617500000000007 1.0 116
13 0 8.842500000000001 1.0 106
13 0 44.6125 1.0 134
7 0 34.3925 1.0 476
12 0 57.3875 1.0 44
13 0 16.507500000000007 1.0 112
22 1 34.3925 1.0 1027
14 0 19.0625 1.0 214
14 0 21.617500000000007 1.0 216
12 1 34.3925 1.0 27
11 0 31.837500000000006 1.0 74
123078.85 20
10 1 52.2775 1.0 191
10 1 1.177500000000002 1.0 151
14 1 6.287500000000001 1.0 205
11 1 36.947500000000005 1.0 79
15 1 49.7225 1.0 339
14 1 21.617500000000007 1.0 217
20 0 29.2825 1.0 822
14 1 3.7325000000000017 1.0 203
10 0 36.947500000000005 1.0 178
12 0 16.507500000000007 1.0 12
12 1 34.3925 1.0 27
10 1 3.7325000000000017 1.0 153
13 1 29.2825 1.0 123
17 1 44.6125 1.0 535
10 1 44.6125 1.0 185
13 0 11.3975 1.0 108
10 1 6.287500000000001 1.0 155
12 0 29.2825 1.0 22
20 1 24.1725 1.0 819
10 0 3.7325000000000017 1.0 152
1387568.6 13
13 0 16.507500000000007 1.0 112
11 1 11.3975 1.0 59
11 1 19.0625 1.0 65
17 1 6.287500000000001 1.0 505
13 1 3.7325000000000017 1.0 103
9 0 62.4975 1.0 298
19 1 6.287500000000001 1.0 705
9 1 8.842500000000001 1.0 257
12 1 62.4975 1.0 49
12 1 21.617500000000007 1.0 17
12 1 13.9525 1.0 11
13 0 29.2825 1.0 122
12 0 3.7325000000000017 1.0 2
1583070.4 13
12 1 11.3975 1.0 9
14 0 13.9525 1.0 210
4 0 42.057500000000005 1.0 782
13 0 62.4975 1.0 148
14 1 39.5025 1.0 231
11 1 36.947500000000005 1.0 79
11 1 52.2775 1.0 91
10 0 26.727500000000006 1.0 170
14 1 31.837500000000006 1.0 225
13 0 8.842500000000001 1.0 106
11 0 42.057500000000005 1.0 82
10 1 16.507500000000007 1.0 163
13 1 31.837500000000006 1.0 125
1874452.1 21
2 1 8.842500000000001 1.0 957
11 0 57.3875 1.0 94
3 0 3.7325000000000017 1.0 852
13 1 52.2775 1.0 141
13 0 49.7225 1.0 138
3 0 42.057500000000005 1.0 882
13 0 52.2775 1.0 140
11 0 11.3975 1.0 58
11 0 39.5025 1.0 80
11 0 49.7225 1.0 88
13 1 26.727500000000006 1.0 121
10 1 13.9525 1.0 161
12 0 26.727500000000006 1.0 20
11 1 8.842500000000001 1.0 57
18 1 13.9525 1.0 611
16 0 31.837500000000006 1.0 424
17 0 57.3875 1.0 544
11 1 49.7225 1.0 89
10 1 31.837500000000006 1.0 175
10 1 26.727500000000006 1.0 171
10 1 44.6125 1.0 185
672318.9 13
10 1 62.4975 1.0 199
12 1 36.947500000000005 1.0 29
7 1 52.2775 1.0 491
10 0 44.6125 1.0 184
10 0 26.727500000000006 1.0 170
13 1 47.167500000000004 1.0 137
14 0 21.617500000000007 1.0 216
10 1 39.5025 1.0 181
13 1 11.3975 1.0 109
17 1 13.9525 1.0 511
14 0 39.5025 1.0 230
11 0 24.1725 1.0 68
12 0 24.1725 1.0 18
1878466.1 7
11 0 57.3875 1.0 94
12 0 42.057500000000005 1.0 32
14 1 3.7325000000000017 1.0 203
10 0 21.617500000000007 1.0 166
11 0 13.9525 1.0 60
13 1 49.7225 1.0 139
13 0 16.507500000000007 1.0 112
648282.56 21
10 0 49.7225 1.0 188
10 0 21.617500000000007 1.0 166
11 0 16.507500000000007 1.0 62
13 0 1.177500000000002 1.0 100
10 0 6.287500000000001 1.0 154
11 1 11.3975 1.0 59
15 0 24.1725 1.0 318
12 1 16.507500000000007 1.0 13
10 1 16.507500000000007 1.0 163
13 1 24.1725 1.0 119
13 1 8.842500000000001 1.0 107
12 1 49.7225 1.0 39
11 1 62.4975 1.0 99
7 1 31.837500000000006 1.0 475
9 1 8.842500000000001 1.0 257
11 1 21.617500000000007 1.0 67
12 0 39.5025 1.0 30
12 0 52.2775 1.0 40
11 0 49.7225 1.0 88
12 1 34.3925 1.0 27
13 1 47.167500000000004 1.0 137
540335.0 5
13 1 59.94250000000001 1.0 147
12 0 62.4975 1.0 48
11 1 52.2775 1.0 91
4 1 19.0625 1.0 765
12 1 39.5025 1.0 31
1693804.9 12
13 1 44.6125 1.0 135
12 1 42.057500000000005 1.0 33
14 1 6.287500000000001 1.0 205
10 1 16.507500000000007 1.0 163
10 0 36.947500000000005 1.0 178
10 1 34.3925 1.0 177
10 1 11.3975 1.0 159
12 1 52.2775 1.0 41
12 1 57.3875 1.0 45
15 0 3.7325000000000017 1.0 302
13 1 24.1725 1.0 119
7 0 3.7325000000000017 1.0 452
364989.88 12
11 1 39.5025 1.0 81
18 1 42.057500000000005 1.0 633
10 0 21.617500000000007 1.0 166
14 1 21.617500000000007 1.0 217
22 1 44.6125 1.0 1035
12 1 26.727500000000006 1.0 21
17 0 59.94250000000001 1.0 546
14 0 49.7225 1.0 238
15 1 44.6125 1.0 335
10 0 59.94250000000001 1.0 196
11 0 21.617500000000007 1.0 66
11 1 59.94250000000001 1.0 97
1480527.4 20
21 0 16.507500000000007 1.0 912
21 0 31.837500000000006 1.0 924
7 0 13.9525 1.0 460
11 0 57.3875 1.0 94
8 1 8.842500000000001 1.0 357
13 1 42.057500000000005 1.0 133
5 0 34.3925 1.0 676
9 1 47.167500000000004 1.0 287
13 1 29.2825 1.0 123
22 1 62.4975 1.0 1049
14 1 8.842500000000001 1.0 207
8 1 39.5025 1.0 381
3 0 52.2775 1.0 890
13 0 6.287500000000001 1.0 104
14 0 39.5025 1.0 230
12 1 6.287500000000001 1.0 5
16 0 1.177500000000002 1.0 400
17 0 59.94250000000001 1.0 546
21 0 36.947500000000005 1.0 928
11 1 6.287500000000001 1.0 55
1089336.4 15
10 1 52.2775 1.0 191
13 1 42.057500000000005 1.0 133
11 0 59.94250000000001 1.0 96
12 1 11.3975 1.0 9
14 1 47.167500000000004 1.0 237
14 0 19.0625 1.0 214
13 1 62.4975 1.0 149
14 0 13.9525 1.0 210
14 0 54.83250000000001 1.0 242
13 1 26.727500000000006 1.0 121
12 0 31.837500000000006 1.0 24
16 0 42.057500000000005 1.0 432
8 0 44.6125 1.0 384
7 0 1.177500000000002 1.0 450
20 1 21.617500000000007 1.0 817
1665887.8 6
14 0 42.057500000000005 1.0 232
12 0 6.287500000000001 1.0 4
11 1 6.287500000000001 1.0 55
11 1 3.7325000000000017 1.0 53
11 1 19.0625 1.0 65
8 0 44.6125 1.0 384
1312893.6 24
10 1 24.1725 1.0 169
12 1 39.5025 1.0 31
13 0 57.3875 1.0 144
8 1 11.3975 1.0 359
11 1 8.842500000000001 1.0 57
13 0 54.83250000000001 1.0 142
11 1 13.9525 1.0 61
14 0 36.947500000000005 1.0 228
7 0 8.842500000000001 1.0 456
11 0 57.3875 1.0 94
15 1 13.9525 1.0 311
10 0 11.3975 1.0 158
12 0 6.287500000000001 1.0 4
14 0 19.0625 1.0 214
13 1 24.1725 1.0 119
12 0 24.1725 1.0 18
12 0 19.0625 1.0 14
24 1 13.9525 1.0 1211
15 0 57.3875 1.0 344
13 1 6.287500000000001 1.0 105
12 1 3.7325000000000017 1.0 3
11 0 13.9525 1.0 60
12 1 62.4975 1.0 49
13 0 29.2825 1.0 122
683969.8 6
6 0 54.83250000000001 1.0 592
0 1 8.842500000000001 1.0 1157
14 0 13.9525 1.0 210
12 0 29.2825 1.0 22
9 0 57.3875 1.0 294
10 1 42.057500000000005 1.0 183
140107.94 5
23 1 29.2825 1.0 1123
13 1 29.2825 1.0 123
7 1 54.83250000000001 1.0 493
13 0 62.4975 1.0 148
11 0 29.2825 1.0 72
919454.9 13
10 0 36.947500000000005 1.0 178
14 0 44.6125 1.0 234
10 0 21.617500000000007 1.0 166
13 1 16.507500000000007 1.0 113
23 0 19.0625 1.0 1114
16 0 62.4975 1.0 448
10 1 52.2775 1.0 191
12 0 1.177500000000002 1.0 0
11 0 42.057500000000005 1.0 82
14 0 16.507500000000007 1.0 212
7 1 47.167500000000004 1.0 487
14 0 24.1725 1.0 218
22 1 34.3925 1.0 1027
1825874.0 11
12 1 24.1725 1.0 19
11 0 13.9525 1.0 60
14 0 16.507500000000007 1.0 212
7 0 21.617500000000007 1.0 466
10 1 24.1725 1.0 169
14 0 3.7325000000000017 1.0 202
13 0 24.1725 1.0 118
11 0 39.5025 1.0 80
9 0 57.3875 1.0 294
12 0 47.167500000000004 1.0 36
14 1 11.3975 1.0 209
590610.9 22
12 0 6.287500000000001 1.0 4
8 1 59.94250000000001 1.0 397
11 1 26.727500000000006 1.0 71
24 0 11.3975 1.0 1208
13 1 59.94250000000001 1.0 147
12 0 16.507500000000007 1.0 12
11 1 34.3925 1.0 77
14 0 24.1725 1.0 218
14 1 36.947500000000005 1.0 229
12 0 1.177500000000002 1.0 0
10 1 59.94250000000001 1.0 197
9 1 3.7325000000000017 1.0 253
10 1 31.837500000000006 1.0 175
10 0 8.842500000000001 1.0 156
24 1 39.5025 1.0 1231
11 0 8.842500000000001 1.0 56
22 1 54.83250000000001 1.0 1043
11 0 11.3975 1.0 58
11 0 39.5025 1.0 80
11 0 13.9525 1.0 60
12 1 49.7225 1.0 39
10 0 26.727500000000006 1.0 170
108956.88 14
16 0 62.4975 1.0 448
20 0 44.6125 1.0 834
13 0 44.6125 1.0 134
10 0 29.2825 1.0 172
13 1 57.3875 1.0 145
14 1 21.617500000000007 1.0 217
11 0 52.2775 1.0 90
10 0 39.5025 1.0 180
14 1 34.3925 1.0 227
14 1 29.2825 1.0 223
10 1 39.5025 1.0 181
14 1 8.842500000000001 1.0 207
11 0 42.057500000000005 1.0 82
14 0 44.6125 1.0 234
317270.44 11
11 0 3.7325000000000017 1.0 52
14 1 1.177500000000002 1.0 201
14 1 19.0625 1.0 215
11 0 16.507500000000007 1.0 62
11 1 39.5025 1.0 81
0 0 34.3925 1.0 1176
11 0 34.3925 1.0 76
16 1 54.83250000000001 1.0 443
15 0 11.3975 1.0 308
10 1 39.5025 1.0 181
14 1 52.2775 1.0 241
1476297.8 16
10 1 29.2825 1.0 173
11 0 44.6125 1.0 84
13 0 52.2775 1.0 140
11 1 39.5025 1.0 81
11 1 52.2775 1.0 91
11 0 59.94250000000001 1.0 96
13 0 54.83250000000001 1.0 142
13 1 19.0625 1.0 115
10 1 24.1725 1.0 169
7 0 42.057500000000005 1.0 482
11 1 57.3875 1.0 95
14 1 16.507500000000007 1.0 213
12 0 62.4975 1.0 48
14 0 49.7225 1.0 238
7 0 11.3975 1.0 458
14 1 36.947500000000005 1.0 229
320146.28 10
10 1 6.287500000000001 1.0 155
12 1 3.7325000000000017 1.0 3
13 1 24.1725 1.0 119
12 1 47.167500000000004 1.0 37
12 0 31.837500000000006 1.0 24
11 0 24.1725 1.0 68
11 1 31.837500000000006 1.0 75
21 1 3.7325000000000017 1.0 903
11 0 44.6125 1.0 84
13 1 44.6125 1.0 135
1876770.8 10
10 1 42.057500000000005 1.0 183
10 1 62.4975 1.0 199
5 0 31.837500000000006 1.0 674
11 0 52.2775 1.0 90
10 0 16.507500000000007 1.0 162
13 0 16.507500000000007 1.0 112
13 0 11.3975 1.0 108
12 1 6.287500000000001 1.0 5
13 1 39.5025 1.0 131
5 0 11.3975 1.0 658
87461.75 11
12 0 21.617500000000007 1.0 16
9 0 21.617500000000007 1.0 266
11 0 47.167500000000004 1.0 86
13 0 44.6125 1.0 134
10 1 6.287500000000001 1.0 155
13 0 52.2775 1.0 140
10 0 6.287500000000001 1.0 154
11 0 52.2775 1.0 90
14 1 8.842500000000001 1.0 207
11 0 6.287500000000001 1.0 54
13 1 54.83250000000001 1.0 143
180205.34 24
14 0 21.617500000000007 1.0 216
10 0 16.507500000000007 1.0 162
10 1 1.177500000000002 1.0 151
11 1 19.0625 1.0 65
2 0 13.9525 1.0 960
13 0 24.1725 1.0 118
17 0 24.1725 1.0 518
14 0 3.7325000000000017 1.0 202
10 1 59.94250000000001 1.0 197
12 0 49.7225 1.0 38
12 1 19.0625 1.0 15
12 1 21.617500000000007 1.0 17
13 0 8.842500000000001 1.0 106
11 0 36.947500000000005 1.0 78
14 0 54.83250000000001 1.0 242
12 1 26.727500000000006 1.0 21
14 1 47.167500000000004 1.0 237
10 1 29.2825 1.0 173
10 0 62.4975 1.0 198
4 0 29.2825 1.0 772
11 1 3.7325000000000017 1.0 53
10 1 54.83250000000001 1.0 193
10 0 8.842500000000001 1.0 156
13 1 54.83250000000001 1.0 143
1472060.5 10
24 1 36.947500000000005 1.0 1229
6 1 34.3925 1.0 577
13 1 36.947500000000005 1.0 129
13 1 47.167500000000004 1.0 137
11 0 57.3875 1.0 94
13 1 13.9525 1.0 111
6 0 26.727500000000006 1.0 570
11 1 8.842500000000001 1.0 57
11 1 47.167500000000004 1.0 87
14 1 52.2775 1.0 241
125927.79 23
13 0 62.4975 1.0 148
11 1 59.94250000000001 1.0 97
11 1 21.617500000000007 1.0 67
13 0 1.177500000000002 1.0 100
12 0 42.057500000000005 1.0 32
12 0 62.4975 1.0 48
12 1 44.6125 1.0 35
11 0 54.83250000000001 1.0 92
0 0 26.727500000000006 1.0 1170
12 1 36.947500000000005 1.0 29
13 1 21.617500000000007 1.0 117
2 1 34.3925 1.0 977
12 1 6.287500000000001 1.0 5
14 0 36.947500000000005 1.0 228
14 1 24.1725 1.0 219
22 0 24.1725 1.0 1018
17 1 59.94250000000001 1.0 547
14 1 44.6125 1.0 235
14 0 57.3875 1.0 244
11 0 21.617500000000007 1.0 66
10 1 21.617500000000007 1.0 167
14 0 19.0625 1.0 214
6 1 42.057500000000005 1.0 583
1278156.2 21
10 0 8.842500000000001 1.0 156
10 1 11.3975 1.0 159
12 1 8.842500000000001 1.0 7
13 0 11.3975 1.0 108
14 1 59.94250000000001 1.0 247
11 1 57.3875 1.0 95
24 0 47.167500000000004 1.0 1236
14 0 47.167500000000004 1.0 236
11 0 1.177500000000002 1.0 50
13 1 31.837500000000006 1.0 125
10 1 1.177500000000002 1.0 151
11 1 24.1725 1.0 69
10 1 6.287500000000001 1.0 155
12 0 57.3875 1.0 44
21 0 8.842500000000001 1.0 906
13 0 13.9525 1.0 110
11 1 34.3925 1.0 77
14 1 29.2825 1.0 223
14 0 1.177500000000002 1.0 200
12 1 6.287500000000001 1.0 5
22 0 16.507500000000007 1.0 1012
1663026.1 8
11 1 21.617500000000007 1.0 67
13 0 16.507500000000007 1.0 112
12 0 8.842500000000001 1.0 6
21 1 11.3975 1.0 909
10 1 39.5025 1.0 181
15 0 42.057500000000005 1.0 332
14 0 13.9525 1.0 210
19 1 44.6125 1.0 735
584293.3 13
13 1 16.507500000000007 1.0 113
14 1 13.9525 1.0 211
12 0 11.3975 1.0 8
13 1 62.4975 1.0 149
14 1 62.4975 1.0 249
8 1 13.9525 1.0 361
11 1 44.6125 1.0 85
11 1 36.947500000000005 1.0 79
13 1 52.2775 1.0 141
10 1 21.617500000000007 1.0 167
17 1 1.177500000000002 1.0 501
11 0 52.2775 1.0 90
8 1 21.617500000000007 1.0 367
788185.8 11
13 1 16.507500000000007 1.0 113
14 1 29.2825 1.0 223
14 0 54.83250000000001 1.0 242
13 1 36.947500000000005 1.0 129
11 1 52.2775 1.0 91
16 0 3.7325000000000017 1.0 402
13 1 59.94250000000001 1.0 147
12 0 39.5025 1.0 30
11 1 21.617500000000007 1.0 67
14 1 6.287500000000001 1.0 205
11 0 26.727500000000006 1.0 70
872914.44 18
12 1 24.1725 1.0 19
12 1 57.3875 1.0 45
11 1 57.3875 1.0 95
12 1 19.0625 1.0 15
3 0 39.5025 1.0 880
14 0 3.7325000000000017 1.0 202
3 1 16.507500000000007 1.0 863
13 0 21.617500000000007 1.0 116
11 0 39.5025 1.0 80
10 0 44.6125 1.0 184
2 1 52.2775 1.0 991
6 0 47.167500000000004 1.0 586
8 0 1.177500000000002 1.0 350
13 0 3.7325000000000017 1.0 102
11 0 19.0625 1.0 64
13 0 19.0625 1.0 114
11 1 11.3975 1.0 59
5 0 11.3975 1.0 658
1488642.9 9
11 1 1.177500000000002 1.0 51
13 0 31.837500000000006 1.0 124
12 1 47.167500000000004 1.0 37
13 1 6.287500000000001 1.0 105
2 0 26.727500000000006 1.0 970
11 0 8.842500000000001 1.0 56
12 1 52.2775 1.0 41
10 0 26.727500000000006 1.0 170
11 0 29.2825 1.0 72
1442184.0 7
14 0 57.3875 1.0 244
12 0 54.83250000000001 1.0 42
0 1 24.1725 1.0 1169
14 0 24.1725 1.0 218
5 0 31.837500000000006 1.0 674
13 0 21.617500000000007 1.0 116
3 1 62.4975 1.0 899
1626161.2 19
14 0 8.842500000000001 1.0 206
10 0 26.727500000000006 1.0 170
12 1 29.2825 1.0 23
12 0 54.83250000000001 1.0 42
13 1 34.3925 1.0 127
12 1 31.837500000000006 1.0 25
14 1 36.947500000000005 1.0 229
13 0 39.5025 1.0 130
10 0 52.2775 1.0 190
10 1 39.5025 1.0 181
10 0 62.4975 1.0 198
12 1 11.3975 1.0 9
21 1 57.3875 1.0 945
11 1 6.287500000000001 1.0 55
13 1 13.9525 1.0 111
10 1 57.3875 1.0 195
12 0 26.727500000000006 1.0 20
9 0 57.3875 1.0 294
9 1 47.167500000000004 1.0 287
1502438.0 11
1 0 52.2775 1.0 1090
18 1 6.287500000000001 1.0 605
2 1 42.057500000000005 1.0 983
11 0 6.287500000000001 1.0 54
14 0 34.3925 1.0 226
8 1 34.3925 1.0 377
10 0 6.287500000000001 1.0 154
18 1 19.0625 1.0 615
13 0 13.9525 1.0 110
14 1 44.6125 1.0 235
5 1 11.3975 1.0 659
247147.73 13
11 0 34.3925 1.0 76
13 1 13.9525 1.0 111
13 1 24.1725 1.0 119
14 1 11.3975 1.0 209
10 1 16.507500000000007 1.0 163
12 1 13.9525 1.0 11
11 1 19.0625 1.0 65
11 1 54.83250000000001 1.0 93
8 0 11.3975 1.0 358
12 1 62.4975 1.0 49
14 1 21.617500000000007 1.0 217
14 0 6.287500000000001 1.0 204
14 1 39.5025 1.0 231
208756.98 10
13 1 1.177500000000002 1.0 101
13 0 21.617500000000007 1.0 116
3 1 34.3925 1.0 877
5 1 52.2775 1.0 691
11 1 29.2825 1.0 73
4 0 39.5025 1.0 780
7 1 24.1725 1.0 469
9 1 13.9525 1.0 261
14 0 62.4975 1.0 248
12 0 16.507500000000007 1.0 12
295520.66 6
14 0 8.842500000000001 1.0 206
12 0 44.6125 1.0 34
14 1 62.4975 1.0 249
12 0 19.0625 1.0 14
11 1 13.9525 1.0 61
12 0 26.727500000000006 1.0 20
1512978.5 6
10 0 49.7225 1.0 188
14 0 13.9525 1.0 210
13 0 8.842500000000001 1.0 106
12 1 59.94250000000001 1.0 47
11 0 24.1725 1.0 68
16 0 34.3925 1.0 426
456722.25 20
13 0 52.2775 1.0 140
12 0 8.842500000000001 1.0 6
13 0 44.6125 1.0 134
13 0 42.057500000000005 1.0 132
10 1 44.6125 1.0 185
10 0 6.287500000000001 1.0 154
12 0 34.3925 1.0 26
10 1 1.177500000000002 1.0 151
10 0 47.167500000000004 1.0 186
13 1 57.3875 1.0 145
13 1 8.842500000000001 1.0 107
10 1 47.167500000000004 1.0 187
7 1 8.842500000000001 1.0 457
13 0 47.167500000000004 1.0 136
10 0 62.4975 1.0 198
2 0 21.617500000000007 1.0 966
12 0 6.287500000000001 1.0 4
13 1 26.727500000000006 1.0 121
14 0 42.057500000000005 1.0 232
13 0 29.2825 1.0 122
910260.7 12
12 1 62.4975 1.0 49
13 1 34.3925 1.0 127
14 1 44.6125 1.0 235
13 1 39.5025 1.0 131
13 0 3.7325000000000017 1.0 102
12 0 21.617500000000007 1.0 16
12 1 8.842500000000001 1.0 7
14 1 49.7225 1.0 239
11 1 29.2825 1.0 73
12 0 54.83250000000001 1.0 42
14 1 8.842500000000001 1.0 207
11 0 1.177500000000002 1.0 50
317649.8 14
12 1 1.177500000000002 1.0 1
13 1 52.2775 1.0 141
10 0 57.3875 1.0 194
14 1 6.287500000000001 1.0 205
12 0 31.837500000000006 1.0 24
13 0 47.167500000000004 1.0 136
13 1 47.167500000000004 1.0 137
8 0 62.4975 1.0 398
13 0 39.5025 1.0 130
11 0 44.6125 1.0 84
14 0 34.3925 1.0 226
14 0 29.2825 1.0 222
11 1 3.7325000000000017 1.0 53
12 0 54.83250000000001 1.0 42
1004551.5 21
1 1 57.3875 1.0 1095
11 0 42.057500000000005 1.0 82
7 1 1.177500000000002 1.0 451
10 1 59.94250000000001 1.0 197
13 0 52.2775 1.0 140
10 0 6.287500000000001 1.0 154
14 1 42.057500000000005 1.0 233
14 1 11.3975 1.0 209
12 1 1.177500000000002 1.0 1
10 1 26.727500000000006 1.0 171
11 0 1.177500000000002 1.0 50
14 1 13.9525 1.0 211
10 0 16.507500000000007 1.0 162
12 1 49.7225 1.0 39
14 0 47.167500000000004 1.0 236
10 1 24.1725 1.0 169
15 0 36.947500000000005 1.0 328
22 0 42.057500000000005 1.0 1032
13 1 16.507500000000007 1.0 113
11 1 3.7325000000000017 1.0 53
10 1 44.6125 1.0 185
605302.9 5
11 1 54.83250000000001 1.0 93
13 1 11.3975 1.0 109
10 1 34.3925 1.0 177
12 0 3.7325000000000017 1.0 2
12 0 57.3875 1.0 44
256893.61 14
10 0 39.5025 1.0 180
12 0 59.94250000000001 1.0 46
12 0 36.947500000000005 1.0 28
14 1 36.947500000000005 1.0 229
12 0 6.287500000000001 1.0 4
14 1 21.617500000000007 1.0 217
14 0 3.7325000000000017 1.0 202
14 1 24.1725 1.0 219
22 1 34.3925 1.0 1027
11 0 44.6125 1.0 84
12 1 13.9525 1.0 11
17 0 44.6125 1.0 534
12 0 57.3875 1.0 44
12 0 8.842500000000001 1.0 6
409631.94 22
13 1 47.167500000000004 1.0 137
4 0 34.3925 1.0 776
12 0 49.7225 1.0 38
23 0 19.0625 1.0 1114
12 1 59.94250000000001 1.0 47
3 0 34.3925 1.0 876
10 1 34.3925 1.0 177
13 0 44.6125 1.0 134
12 1 19.0625 1.0 15
23 1 19.0625 1.0 1115
13 0 13.9525 1.0 110
10 1 16.507500000000007 1.0 163
7 1 24.1725 1.0 469
12 0 62.4975 1.0 48
13 1 34.3925 1.0 127
10 0 49.7225 1.0 188
10 0 52.2775 1.0 190
23 1 44.6125 1.0 1135
14 0 19.0625 1.0 214
13 1 21.617500000000007 1.0 117
12 1 21.617500000000007 1.0 17
13 1 62.4975 1.0 149
332453.4 16
10 0 39.5025 1.0 180
21 0 6.287500000000001 1.0 904
12 0 1.177500000000002 1.0 0
15 1 21.617500000000007 1.0 317
7 1 19.0625 1.0 465
10 0 6.287500000000001 1.0 154
12 1 47.167500000000004 1.0 37
12 0 26.727500000000006 1.0 20
13 0 52.2775 1.0 140
11 1 1.177500000000002 1.0 51
14 0 59.94250000000001 1.0 246
10 1 34.3925 1.0 177
12 1 62.4975 1.0 49
13 0 1.177500000000002 1.0 100
11 0 11.3975 1.0 58
13 0 11.3975 1.0 108
525297.3 20
12 0 42.057500000000005 1.0 32
10 0 54.83250000000001 1.0 192
19 0 26.727500000000006 1.0 720
14 0 31.837500000000006 1.0 224
8 0 29.2825 1.0 372
12 0 39.5025 1.0 30
14 1 3.7325000000000017 1.0 203
14 0 52.2775 1.0 240
12 1 6.287500000000001 1.0 5
10 1 57.3875 1.0 195
10 1 11.3975 1.0 159
13 0 16.507500000000007 1.0 112
14 0 44.6125 1.0 234
7 0 24.1725 1.0 468
11 1 47.167500000000004 1.0 87
11 0 34.3925 1.0 76
13 0 1.177500000000002 1.0 100
10 1 16.507500000000007 1.0 163
14 1 8.842500000000001 1.0 207
0 0 49.7225 1.0 1188
66101.08 13
13 0 26.727500000000006 1.0 120
14 0 54.83250000000001 1.0 242
11 0 26.727500000000006 1.0 70
14 1 29.2825 1.0 223
11 0 19.0625 1.0 64
13 0 54.83250000000001 1.0 142
8 0 52.2775 1.0 390
15 0 29.2825 1.0 322
11 0 42.057500000000005 1.0 82
11 0 57.3875 1.0 94
13 0 47.167500000000004 1.0 136
10 0 1.177500000000002 1.0 150
13 0 11.3975 1.0 108
1878045.1 21
10 0 16.507500000000007 1.0 162
18 1 36.947500000000005 1.0 629
12 1 59.94250000000001 1.0 47
10 1 6.287500000000001 1.0 155
14 1 6.287500000000001 1.0 205
14 0 16.507500000000007 1.0 212
1 1 57.3875 1.0 1095
13 0 34.3925 1.0 126
12 0 62.4975 1.0 48
11 0 8.842500000000001 1.0 56
14 1 47.167500000000004 1.0 237
12 0 6.287500000000001 1.0 4
13 1 8.842500000000001 1.0 107
10 0 3.7325000000000017 1.0 152
16 1 39.5025 1.0 431
12 1 42.057500000000005 1.0 33
6 1 21.617500000000007 1.0 567
10 1 59.94250000000001 1.0 197
14 0 29.2825 1.0 222
13 0 44.6125 1.0 134
23 0 11.3975 1.0 1108
1642921.2 9
7 0 6.287500000000001 1.0 454
7 1 34.3925 1.0 477
12 1 1.177500000000002 1.0 1
14 1 3.7325000000000017 1.0 203
14 0 13.9525 1.0 210
7 0 24.1725 1.0 468
14 1 47.167500000000004 1.0 237
13 0 62.4975 1.0 148
13 0 44.6125 1.0 134
678635.9 6
13 1 39.5025 1.0 131
11 1 36.947500000000005 1.0 79
10 1 54.83250000000001 1.0 193
12 0 39.5025 1.0 30
12 0 3.7325000000000017 1.0 2
5 1 44.6125 1.0 685
1509165.4 11
13 1 1.177500000000002 1.0 101
11 1 6.287500000000001 1.0 55
13 0 44.6125 1.0 134
11 1 54.83250000000001 1.0 93
13 0 13.9525 1.0 110
7 0 57.3875 1.0 494
12 1 16.507500000000007 1.0 13
14 1 8.842500000000001 1.0 207
10 0 29.2825 1.0 172
14 0 6.287500000000001 1.0 204
14 0 52.2775 1.0 240
427141.75 6
12 0 1.177500000000002 1.0 0
8 1 62.4975 1.0 399
13 0 29.2825 1.0 122
14 0 24.1725 1.0 218
14 1 11.3975 1.0 209
14 0 57.3875 1.0 244
79786.586 19
4 0 57.3875 1.0 794
11 1 62.4975 1.0 99
13 0 8.842500000000001 1.0 106
13 0 26.727500000000006 1.0 120
12 1 3.7325000000000017 1.0 3
14 0 26.727500000000006 1.0 220
11 1 8.842500000000001 1.0 57
14 1 49.7225 1.0 239
10 0 3.7325000000000017 1.0 152
3 1 16.507500000000007 1.0 863
12 1 6.287500000000001 1.0 5
11 1 26.727500000000006 1.0 71
13 0 11.3975 1.0 108
15 0 49.7225 1.0 338
10 1 42.057500000000005 1.0 183
2 0 54.83250000000001 1.0 992
2 0 36.947500000000005 1.0 978
12 0 49.7225 1.0 38
6 1 24.1725 1.0 569
830992.06 8
9 1 42.057500000000005 1.0 283
13 0 39.5025 1.0 130
14 0 21.617500000000007 1.0 216
14 1 21.617500000000007 1.0 217
13 0 1.177500000000002 1.0 100
12 1 52.2775 1.0 41
11 0 11.3975 1.0 58
2 1 44.6125 1.0 985
856840.4 20
20 0 31.837500000000006 1.0 824
14 1 21.617500000000007 1.0 217
12 1 49.7225 1.0 39
10 1 6.287500000000001 1.0 155
11 1 36.947500000000005 1.0 79
13 1 31.837500000000006 1.0 125
14 1 6.287500000000001 1.0 205
6 0 42.057500000000005 1.0 582
13 0 19.0625 1.0 114
8 0 47.167500000000004 1.0 386
13 0 1.177500000000002 1.0 100
13 1 44.6125 1.0 135
14 0 42.057500000000005 1.0 232
11 1 47.167500000000004 1.0 87
22 1 31.837500000000006 1.0 1025
13 0 24.1725 1.0 118
14 0 26.727500000000006 1.0 220
10 0 11.3975 1.0 158
15 1 19.0625 1.0 315
6 0 52.2775 1.0 590
1979373.6 13
12 1 29.2825 1.0 23
10 0 31.837500000000006 1.0 174
13 0 26.727500000000006 1.0 120
10 0 39.5025 1.0 180
12 0 1.177500000000002 1.0 0
11 1 24.1725 1.0 69
7 0 6.287500000000001 1.0 454
2 0 59.94250000000001 1.0 996
11 1 39.5025 1.0 81
22 0 31.837500000000006 1.0 1024
11 0 57.3875 1.0 94
11 1 3.7325000000000017 1.0 53
13 0 3.7325000000000017 1.0 102
436331.88 7
14 1 62.4975 1.0 249
11 0 59.94250000000001 1.0 96
10 0 1.177500000000002 1.0 150
14 0 24.1725 1.0 218
12 0 24.1725 1.0 18
7 1 49.7225 1.0 489
12 1 29.2825 1.0 23
1642206.9 15
14 1 36.947500000000005 1.0 229
3 1 44.6125 1.0 885
7 1 34.3925 1.0 477
14 1 16.507500000000007 1.0 213
14 1 21.617500000000007 1.0 217
11 0 26.727500000000006 1.0 70
11 1 59.94250000000001 1.0 97
11 0 62.4975 1.0 98
10 1 52.2775 1.0 191
3 0 16.507500000000007 1.0 862
11 1 26.727500000000006 1.0 71
11 0 24.1725 1.0 68
13 1 19.0625 1.0 115
12 0 39.5025 1.0 30
15 0 26.727500000000006 1.0 320
1211253.8 23
11 0 21.617500000000007 1.0 66
11 1 59.94250000000001 1.0 97
12 0 29.2825 1.0 22
10 0 49.7225 1.0 188
14 0 39.5025 1.0 230
13 0 8.842500000000001 1.0 106
0 0 49.7225 1.0 1188
13 1 31.837500000000006 1.0 125
13 1 42.057500000000005 1.0 133
9 1 1.177500000000002 1.0 251
12 0 6.287500000000001 1.0 4
14 1 26.727500000000006 1.0 221
10 0 47.167500000000004 1.0 186
14 0 62.4975 1.0 248
14 0 21.617500000000007 1.0 216
14 1 36.947500000000005 1.0 229
10 1 26.727500000000006 1.0 171
12 1 42.057500000000005 1.0 33
11 0 1.177500000000002 1.0 50
13 0 42.057500000000005 1.0 132
14 1 47.167500000000004 1.0 237
10 0 54.83250000000001 1.0 192
12 0 57.3875 1.0 44
227190.88 15
3 1 52.2775 1.0 891
2 1 3.7325000000000017 1.0 953
12 0 42.057500000000005 1.0 32
7 0 11.3975 1.0 458
14 0 47.167500000000004 1.0 236
20 0 47.167500000000004 1.0 836
10 0 44.6125 1.0 184
12 0 34.3925 1.0 26
12 1 44.6125 1.0 35
8 1 19.0625 1.0 365
12 1 39.5025 1.0 31
1 0 8.842500000000001 1.0 1056
14 1 62.4975 1.0 249
8 0 49.7225 1.0 388
13 1 34.3925 1.0 127
1408348.9 8
12 1 19.0625 1.0 15
11 0 3.7325000000000017 1.0 52
12 1 1.177500000000002 1.0 1
13 1 47.167500000000004 1.0 137
14 1 29.2825 1.0 223
13 1 26.727500000000006 1.0 121
11 0 6.287500000000001 1.0 54
12 0 62.4975 1.0 48
335670.88 16
11 1 1.177500000000002 1.0 51
14 1 39.5025 1.0 231
12 1 62.4975 1.0 49
11 0 44.6125 1.0 84
12 1 52.2775 1.0 41
13 1 52.2775 1.0 141
11 1 44.6125 1.0 85
11 1 49.7225 1.0 89
13 1 16.507500000000007 1.0 113
11 0 49.7225 1.0 88
10 1 62.4975 1.0 199
12 1 44.6125 1.0 35
13 1 1.177500000000002 1.0 101
13 1 8.842500000000001 1.0 107
22 1 24.1725 1.0 1019
8 1 6.287500000000001 1.0 355
593049.4 12
14 0 62.4975 1.0 248
14 1 24.1725 1.0 219
12 1 13.9525 1.0 11
0 1 39.5025 1.0 1181
12 0 59.94250000000001 1.0 46
6 1 59.94250000000001 1.0 597
10 0 62.4975 1.0 198
11 0 1.177500000000002 1.0 50
13 0 54.83250000000001 1.0 142
13 1 8.842500000000001 1.0 107
16 0 24.1725 1.0 418
14 1 8.842500000000001 1.0 207
894621.7 12
14 0 26.727500000000006 1.0 220
11 0 11.3975 1.0 58
23 0 8.842500000000001 1.0 1106
13 0 59.94250000000001 1.0 146
14 1 47.167500000000004 1.0 237
11 1 26.727500000000006 1.0 71
13 1 13.9525 1.0 111
3 0 44.6125 1.0 884
7 0 3.7325000000000017 1.0 452
12 0 24.1725 1.0 18
12 0 36.947500000000005 1.0 28
4 0 47.167500000000004 1.0 786
467147.3 12
12 1 24.1725 1.0 19
20 1 13.9525 1.0 811
9 1 26.727500000000006 1.0 271
15 1 19.0625 1.0 315
12 1 54.83250000000001 1.0 43
10 0 44.6125 1.0 184
13 0 21.617500000000007 1.0 116
14 1 54.83250000000001 1.0 243
10 0 36.947500000000005 1.0 178
12 0 57.3875 1.0 44
14 0 31.837500000000006 1.0 224
11 0 19.0625 1.0 64
291799.06 20
10 0 8.842500000000001 1.0 156
13 0 54.83250000000001 1.0 142
13 0 31.837500000000006 1.0 124
10 1 29.2825 1.0 173
10 0 11.3975 1.0 158
15 0 31.837500000000006 1.0 324
10 0 54.83250000000001 1.0 192
21 1 16.507500000000007 1.0 913
12 1 3.7325000000000017 1.0 3
12 1 11.3975 1.0 9
11 0 57.3875 1.0 94
11 1 31.837500000000006 1.0 75
13 1 42.057500000000005 1.0 133
14 0 11.3975 1.0 208
14 0 42.057500000000005 1.0 232
12 1 26.727500000000006 1.0 21
10 0 19.0625 1.0 164
10 1 21.617500000000007 1.0 167
14 1 52.2775 1.0 241
11 0 59.94250000000001 1.0 96
1488188.9 8
10 1 21.617500000000007 1.0 167
10 0 24.1725 1.0 168
12 0 54.83250000000001 1.0 42
14 1 44.6125 1.0 235
10 1 19.0625 1.0 165
16 0 21.617500000000007 1.0 416
13 0 16.507500000000007 1.0 112
14 0 24.1725 1.0 218
96422.17 9
7 1 16.507500000000007 1.0 463
9 1 44.6125 1.0 285
12 1 1.177500000000002 1.0 1
17 0 31.837500000000006 1.0 524
10 0 34.3925 1.0 176
8 1 34.3925 1.0 377
12 0 62.4975 1.0 48
10 1 44.6125 1.0 185
18 0 29.2825 1.0 622
1824484.9 21
11 0 47.167500000000004 1.0 86
12 0 57.3875 1.0 44
15 0 59.94250000000001 1.0 346
13 0 52.2775 1.0 140
15 0 13.9525 1.0 310
22 1 11.3975 1.0 1009
13 1 39.5025 1.0 131
0 1 13.9525 1.0 1161
14 1 29.2825 1.0 223
10 0 19.0625 1.0 164
16 0 3.7325000000000017 1.0 402
14 1 13.9525 1.0 211
10 1 62.4975 1.0 199
14 1 52.2775 1.0 241
14 1 16.507500000000007 1.0 213
8 1 1.177500000000002 1.0 351
9 0 21.617500000000007 1.0 266
10 1 1.177500000000002 1.0 151
17 0 13.9525 1.0 510
11 0 59.94250000000001 1.0 96
12 0 6.287500000000001 1.0 4
928970.1 24
14 0 44.6125 1.0 234
15 0 34.3925 1.0 326
11 0 47.167500000000004 1.0 86
13 0 6.287500000000001 1.0 104
13 1 36.947500000000005 1.0 129
14 1 36.947500000000005 1.0 229
9 0 11.3975 1.0 258
8 1 54.83250000000001 1.0 393
2 1 1.177500000000002 1.0 951
14 0 31.837500000000006 1.0 224
11 0 31.837500000000006 1.0 74
13 1 24.1725 1.0 119
12 1 62.4975 1.0 49
12 1 21.617500000000007 1.0 17
18 0 1.177500000000002 1.0 600
14 0 42.057500000000005 1.0 232
11 1 59.94250000000001 1.0 97
13 1 29.2825 1.0 123
12 0 16.507500000000007 1.0 12
12 0 11.3975 1.0 8
22 0 1.177500000000002 1.0 1000
10 1 49.7225 1.0 189
10 0 11.3975 1.0 158
10 0 49.7225 1.0 188
1057609.0 23
13 1 26.727500000000006 1.0 121
13 0 49.7225 1.0 138
12 0 19.0625 1.0 14
14 0 24.1725 1.0 218
14 0 49.7225 1.0 238
14 1 47.167500000000004 1.0 237
15 1 29.2825 1.0 323
12 0 26.727500000000006 1.0 20
17 1 36.947500000000005 1.0 529
10 1 13.9525 1.0 161
11 1 29.2825 1.0 73
12 1 34.3925 1.0 27
11 0 26.727500000000006 1.0 70
11 0 24.1725 1.0 68
14 1 54.83250000000001 1.0 243
11 1 21.617500000000007 1.0 67
10 1 24.1725 1.0 169
10 0 39.5025 1.0 180
16 0 6.287500000000001 1.0 404
10 1 8.842500000000001 1.0 157
12 1 54.83250000000001 1.0 43
12 1 62.4975 1.0 49
14 1 44.6125 1.0 235
1509671.1 24
13 1 54.83250000000001 1.0 143
11 1 59.94250000000001 1.0 97
0 1 13.9525 1.0 1161
7 0 31.837500000000006 1.0 474
11 1 62.4975 1.0 99
9 1 52.2775 1.0 291
11 1 42.057500000000005 1.0 83
13 1 21.617500000000007 1.0 117
11 0 21.617500000000007 1.0 66
12 0 26.727500000000006 1.0 20
13 0 21.617500000000007 1.0 116
13 0 1.177500000000002 1.0 100
13 1 52.2775 1.0 141
11 1 24.1725 1.0 69
9 0 3.7325000000000017 1.0 252
14 0 47.167500000000004 1.0 236
14 0 6.287500000000001 1.0 204
10 0 11.3975 1.0 158
24 1 42.057500000000005 1.0 1233
12 1 59.94250000000001 1.0 47
20 0 54.83250000000001 1.0 842
11 0 19.0625 1.0 64
13 1 47.167500000000004 1.0 137
4 1 29.2825 1.0 773
134520.97 13
11 1 21.617500000000007 1.0 67
12 1 39.5025 1.0 31
13 0 42.057500000000005 1.0 132
7 1 49.7225 1.0 489
11 0 1.177500000000002 1.0 50
12 0 62.4975 1.0 48
10 1 36.947500000000005 1.0 179
10 0 26.727500000000006 1.0 170
9 1 19.0625 1.0 265
8 0 39.5025 1.0 380
13 0 1.177500000000002 1.0 100
24 0 39.5025 1.0 1230
12 0 44.6125 1.0 34
1392499.6 15
12 0 6.287500000000001 1.0 4
15 0 49.7225 1.0 338
11 1 1.177500000000002 1.0 51
7 1 52.2775 1.0 491
20 1 57.3875 1.0 845
16 1 8.842500000000001 1.0 407
23 1 21.617500000000007 1.0 1117
14 1 31.837500000000006 1.0 225
13 1 8.842500000000001 1.0 107
10 1 21.617500000000007 1.0 167
12 0 39.5025 1.0 30
12 1 26.727500000000006 1.0 21
8 0 49.7225 1.0 388
13 1 59.94250000000001 1.0 147
15 0 21.617500000000007 1.0 316
602235.1 18
14 1 34.3925 1.0 227
9 1 21.617500000000007 1.0 267
14 1 13.9525 1.0 211
0 1 21.617500000000007 1.0 1167
12 1 57.3875 1.0 45
14 0 29.2825 1.0 222
14 0 8.842500000000001 1.0 206
11 1 31.837500000000006 1.0 75
21 1 11.3975 1.0 909
13 1 16.507500000000007 1.0 113
10 0 52.2775 1.0 190
13 1 24.1725 1.0 119
19 1 36.947500000000005 1.0 729
12 1 36.947500000000005 1.0 29
11 0 19.0625 1.0 64
14 1 26.727500000000006 1.0 221
13 0 26.727500000000006 1.0 120
10 1 11.3975 1.0 159
1240560.9 8
14 1 47.167500000000004 1.0 237
10 0 42.057500000000005 1.0 182
14 0 24.1725 1.0 218
10 0 57.3875 1.0 194
15 1 16.507500000000007 1.0 313
11 0 13.9525 1.0 60
8 0 11.3975 1.0 358
14 1 13.9525 1.0 211
1905269.1 21
14 0 29.2825 1.0 222
12 1 1.177500000000002 1.0 1
11 0 3.7325000000000017 1.0 52
13 0 6.287500000000001 1.0 104
11 1 31.837500000000006 1.0 75
12 0 8.842500000000001 1.0 6
17 1 54.83250000000001 1.0 543
7 1 3.7325000000000017 1.0 453
13 1 36.947500000000005 1.0 129
10 1 19.0625 1.0 165
10 0 34.3925 1.0 176
12 0 39.5025 1.0 30
12 0 24.1725 1.0 18
14 0 13.9525 1.0 210
10 0 57.3875 1.0 194
14 1 21.617500000000007 1.0 217
10 1 13.9525 1.0 161
13 0 16.507500000000007 1.0 112
8 0 29.2825 1.0 372
12 1 8.842500000000001 1.0 7
13 0 29.2825 1.0 122
1454564.9 18
14 0 11.3975 1.0 208
12 1 42.057500000000005 1.0 33
11 0 13.9525 1.0 60
13 0 47.167500000000004 1.0 136
11 1 52.2775 1.0 91
10 1 29.2825 1.0 173
14 1 54.83250000000001 1.0 243
10 0 1.177500000000002 1.0 150
13 0 59.94250000000001 1.0 146
1 0 24.1725 1.0 1068
12 1 49.7225 1.0 39
20 1 1.177500000000002 1.0 801
22 0 52.2775 1.0 1040
11 0 42.057500000000005 1.0 82
10 1 26.727500000000006 1.0 171
9 1 62.4975 1.0 299
11 1 1.177500000000002 1.0 51
10 1 62.4975 1.0 199
1901823.8 22
12 1 54.83250000000001 1.0 43
14 1 16.507500000000007 1.0 213
10 1 62.4975 1.0 199
14 0 62.4975 1.0 248
12 1 49.7225 1.0 39
13 1 49.7225 1.0 139
10 0 31.837500000000006 1.0 174
14 1 1.177500000000002 1.0 201
13 1 19.0625 1.0 115
11 1 3.7325000000000017 1.0 53
13 0 57.3875 1.0 144
12 1 26.727500000000006 1.0 21
12 0 21.617500000000007 1.0 16
13 1 11.3975 1.0 109
11 0 54.83250000000001 1.0 92
13 0 47.167500000000004 1.0 136
12 0 6.287500000000001 1.0 4
12 1 3.7325000000000017 1.0 3
11 0 59.94250000000001 1.0 96
12 1 57.3875 1.0 45
14 1 11.3975 1.0 209
11 0 62.4975 1.0 98
1212882.6 7
11 0 21.617500000000007 1.0 66
10 0 1.177500000000002 1.0 150
11 1 34.3925 1.0 77
12 1 21.617500000000007 1.0 17
13 1 49.7225 1.0 139
13 0 26.727500000000006 1.0 120
12 1 16.507500000000007 1.0 13
1651408.2 14
13 0 59.94250000000001 1.0 146
10 0 57.3875 1.0 194
10 0 29.2825 1.0 172
13 0 44.6125 1.0 134
2 1 24.1725 1.0 969
13 0 3.7325000000000017 1.0 102
11 1 57.3875 1.0 95
11 1 6.287500000000001 1.0 55
2 1 6.287500000000001 1.0 955
6 1 31.837500000000006 1.0 575
13 0 11.3975 1.0 108
12 1 31.837500000000006 1.0 25
12 1 54.83250000000001 1.0 43
11 0 47.167500000000004 1.0 86
795841.06 21
8 0 62.4975 1.0 398
9 0 1.177500000000002 1.0 250
9 0 44.6125 1.0 284
12 0 19.0625 1.0 14
10 0 8.842500000000001 1.0 156
10 0 29.2825 1.0 172
13 1 59.94250000000001 1.0 147
13 0 29.2825 1.0 122
13 1 24.1725 1.0 119
13 0 13.9525 1.0 110
8 1 62.4975 1.0 399
14 0 34.3925 1.0 226
10 0 34.3925 1.0 176
10 1 44.6125 1.0 185
14 0 42.057500000000005 1.0 232
14 1 19.0625 1.0 215
11 0 39.5025 1.0 80
1 1 49.7225 1.0 1089
8 0 24.1725 1.0 368
13 0 1.177500000000002 1.0 100
11 1 24.1725 1.0 69
692676.9 11
10 0 49.7225 1.0 188
11 0 36.947500000000005 1.0 78
12 1 26.727500000000006 1.0 21
11 0 47.167500000000004 1.0 86
13 1 36.947500000000005 1.0 129
10 0 6.287500000000001 1.0 154
14 1 24.1725 1.0 219
14 1 1.177500000000002 1.0 201
24 1 42.057500000000005 1.0 1233
13 1 29.2825 1.0 123
14 1 57.3875 1.0 245
1378803.8 19
11 0 52.2775 1.0 90
10 1 42.057500000000005 1.0 183
10 1 21.617500000000007 1.0 167
7 1 8.842500000000001 1.0 457
10 0 21.617500000000007 1.0 166
12 0 42.057500000000005 1.0 32
12 0 52.2775 1.0 40
13 1 26.727500000000006 1.0 121
10 0 3.7325000000000017 1.0 152
8 1 42.057500000000005 1.0 383
9 1 39.5025 1.0 281
9 1 44.6125 1.0 285
10 0 62.4975 1.0 198
11 0 24.1725 1.0 68
11 0 57.3875 1.0 94
24 1 19.0625 1.0 1215
8 0 47.167500000000004 1.0 386
11 0 42.057500000000005 1.0 82
22 1 3.7325000000000017 1.0 1003
1484904.8 9
13 0 21.617500000000007 1.0 116
13 0 44.6125 1.0 134
10 1 57.3875 1.0 195
10 1 16.507500000000007 1.0 163
11 1 49.7225 1.0 89
11 1 16.507500000000007 1.0 63
12 0 47.167500000000004 1.0 36
12 1 19.0625 1.0 15
14 0 21.617500000000007 1.0 216
916591.0 6
8 0 47.167500000000004 1.0 386
13 0 29.2825 1.0 122
14 0 54.83250000000001 1.0 242
1 1 44.6125 1.0 1085
16 0 49.7225 1.0 438
9 1 31.837500000000006 1.0 275
1141232.1 20
11 1 8.842500000000001 1.0 57
8 1 19.0625 1.0 365
14 1 16.507500000000007 1.0 213
12 0 36.947500000000005 1.0 28
12 0 62.4975 1.0 48
12 0 24.1725 1.0 18
9 1 44.6125 1.0 285
13 1 49.7225 1.0 139
14 0 39.5025 1.0 230
15 0 42.057500000000005 1.0 332
12 0 29.2825 1.0 22
10 0 11.3975 1.0 158
10 0 36.947500000000005 1.0 178
2 1 47.167500000000004 1.0 987
14 1 62.4975 1.0 249
12 1 39.5025 1.0 31
3 0 57.3875 1.0 894
13 0 26.727500000000006 1.0 120
11 0 44.6125 1.0 84
10 0 6.287500000000001 1.0 154
1370488.0 6
8 1 19.0625 1.0 365
12 0 39.5025 1.0 30
1 0 57.3875 1.0 1094
10 0 52.2775 1.0 190
10 1 19.0625 1.0 165
19 1 6.287500000000001 1.0 705
260670.56 23
11 1 36.947500000000005 1.0 79
14 0 3.7325000000000017 1.0 202
12 0 1.177500000000002 1.0 0
10 1 26.727500000000006 1.0 171
10 0 19.0625 1.0 164
11 1 44.6125 1.0 85
10 1 1.177500000000002 1.0 151
14 1 59.94250000000001 1.0 247
12 1 57.3875 1.0 45
22 0 54.83250000000001 1.0 1042
14 1 6.287500000000001 1.0 205
12 1 21.617500000000007 1.0 17
11 1 8.842500000000001 1.0 57
14 0 39.5025 1.0 230
12 0 8.842500000000001 1.0 6
13 0 59.94250000000001 1.0 146
6 0 16.507500000000007 1.0 562
12 0 6.287500000000001 1.0 4
13 0 13.9525 1.0 110
12 1 62.4975 1.0 49
10 0 3.7325000000000017 1.0 152
16 0 31.837500000000006 1.0 424
11 1 39.5025 1.0 81
800615.0 10
7 1 59.94250000000001 1.0 497
16 0 42.057500000000005 1.0 432
10 0 31.837500000000006 1.0 174
11 0 13.9525 1.0 60
10 0 11.3975 1.0 158
10 0 6.287500000000001 1.0 154
10 0 29.2825 1.0 172
13 1 29.2825 1.0 123
7 0 1.177500000000002 1.0 450
7 0 31.837500000000006 1.0 474
801346.44 10
10 0 49.7225 1.0 188
10 1 59.94250000000001 1.0 197
11 0 3.7325000000000017 1.0 52
21 0 3.7325000000000017 1.0 902
12 1 31.837500000000006 1.0 25
10 1 1.177500000000002 1.0 151
13 0 54.83250000000001 1.0 142
14 0 21.617500000000007 1.0 216
11 1 52.2775 1.0 91
12 0 1.177500000000002 1.0 0
723548.9 15
14 0 49.7225 1.0 238
15 0 59.94250000000001 1.0 346
13 0 59.94250000000001 1.0 146
14 1 29.2825 1.0 223
14 1 59.94250000000001 1.0 247
20 0 49.7225 1.0 838
12 0 26.727500000000006 1.0 20
10 1 13.9525 1.0 161
13 0 57.3875 1.0 144
15 0 8.842500000000001 1.0 306
15 0 42.057500000000005 1.0 332
10 1 49.7225 1.0 189
13 0 24.1725 1.0 118
12 1 8.842500000000001 1.0 7
12 0 52.2775 1.0 40
1014079.75 13
10 0 59.94250000000001 1.0 196
11 1 19.0625 1.0 65
13 1 6.287500000000001 1.0 105
13 1 44.6125 1.0 135
13 1 59.94250000000001 1.0 147
11 1 44.6125 1.0 85
10 1 31.837500000000006 1.0 175
10 0 1.177500000000002 1.0 150
11 0 11.3975 1.0 58
10 0 36.947500000000005 1.0 178
14 1 54.83250000000001 1.0 243
10 1 34.3925 1.0 177
14 1 52.2775 1.0 241
700249.75 19
7 0 39.5025 1.0 480
14 0 1.177500000000002 1.0 200
7 1 36.947500000000005 1.0 479
12 1 36.947500000000005 1.0 29
14 0 36.947500000000005 1.0 228
13 1 1.177500000000002 1.0 101
11 1 8.842500000000001 1.0 57
14 1 29.2825 1.0 223
10 1 62.4975 1.0 199
13 1 11.3975 1.0 109
13 1 57.3875 1.0 145
4 1 16.507500000000007 1.0 763
12 0 16.507500000000007 1.0 12
14 1 57.3875 1.0 245
16 1 42.057500000000005 1.0 433
11 0 19.0625 1.0 64
11 0 47.167500000000004 1.0 86
13 0 42.057500000000005 1.0 132
11 1 39.5025 1.0 81
949824.6 17
14 0 19.0625 1.0 214
11 0 34.3925 1.0 76
14 0 39.5025 1.0 230
11 0 3.7325000000000017 1.0 52
10 0 8.842500000000001 1.0 156
2 0 39.5025 1.0 980
12 1 47.167500000000004 1.0 37
12 1 21.617500000000007 1.0 17
15 1 57.3875 1.0 345
12 0 54.83250000000001 1.0 42
5 1 47.167500000000004 1.0 687
16 1 19.0625 1.0 415
10 0 3.7325000000000017 1.0 152
10 1 6.287500000000001 1.0 155
12 1 11.3975 1.0 9
10 1 24.1725 1.0 169
14 0 54.83250000000001 1.0 242
207870.08 19
13 0 13.9525 1.0 110
12 0 44.6125 1.0 34
12 0 24.1725 1.0 18
12 1 16.507500000000007 1.0 13
11 1 26.727500000000006 1.0 71
11 1 57.3875 1.0 95
13 0 19.0625 1.0 114
14 0 13.9525 1.0 210
12 1 34.3925 1.0 27
10 1 59.94250000000001 1.0 197
7 0 57.3875 1.0 494
14 0 62.4975 1.0 248
14 1 21.617500000000007 1.0 217
12 0 13.9525 1.0 10
12 1 49.7225 1.0 39
14 0 54.83250000000001 1.0 242
12 0 42.057500000000005 1.0 32
14 1 62.4975 1.0 249
12 1 26.727500000000006 1.0 21
700602.06 14
12 1 26.727500000000006 1.0 21
14 1 21.617500000000007 1.0 217
14 1 29.2825 1.0 223
12 1 11.3975 1.0 9
11 1 29.2825 1.0 73
13 0 54.83250000000001 1.0 142
10 0 13.9525 1.0 160
12 0 39.5025 1.0 30
10 1 6.287500000000001 1.0 155
14 0 24.1725 1.0 218
14 1 24.1725 1.0 219
13 0 34.3925 1.0 126
7 0 42.057500000000005 1.0 482
10 0 34.3925 1.0 176
343847.22 18
2 1 19.0625 1.0 965
24 0 19.0625 1.0 1214
10 0 39.5025 1.0 180
11 1 59.94250000000001 1.0 97
12 1 42.057500000000005 1.0 33
10 1 44.6125 1.0 185
12 0 49.7225 1.0 38
15 1 39.5025 1.0 331
11 0 3.7325000000000017 1.0 52
14 0 16.507500000000007 1.0 212
13 0 26.727500000000006 1.0 120
20 0 47.167500000000004 1.0 836
9 1 54.83250000000001 1.0 293
11 1 54.83250000000001 1.0 93
11 0 1.177500000000002 1.0 50
12 1 54.83250000000001 1.0 43
10 1 34.3925 1.0 177
12 0 19.0625 1.0 14
774946.25 14
12 0 26.727500000000006 1.0 20
14 1 57.3875 1.0 245
11 0 34.3925 1.0 76
10 1 44.6125 1.0 185
11 1 57.3875 1.0 95
5 0 26.727500000000006 1.0 670
12 1 29.2825 1.0 23
16 1 3.7325000000000017 1.0 403
10 1 54.83250000000001 1.0 193
14 0 11.3975 1.0 208
11 1 62.4975 1.0 99
7 1 19.0625 1.0 465
13 0 31.837500000000006 1.0 124
12 1 19.0625 1.0 15
209170.52 8
11 0 29.2825 1.0 72
3 0 6.287500000000001 1.0 854
12 0 19.0625 1.0 14
12 0 36.947500000000005 1.0 28
12 1 62.4975 1.0 49
24 0 13.9525 1.0 1210
10 1 59.94250000000001 1.0 197
10 1 57.3875 1.0 195
1603238.6 17
8 0 8.842500000000001 1.0 356
13 1 39.5025 1.0 131
14 1 16.507500000000007 1.0 213
10 1 62.4975 1.0 199
13 1 31.837500000000006 1.0 125
12 1 6.287500000000001 1.0 5
24 0 16.507500000000007 1.0 1212
11 0 47.167500000000004 1.0 86
10 1 39.5025 1.0 181
12 1 39.5025 1.0 31
10 0 62.4975 1.0 198
19 1 1.177500000000002 1.0 701
10 1 1.177500000000002 1.0 151
14 0 59.94250000000001 1.0 246
10 0 16.507500000000007 1.0 162
8 0 57.3875 1.0 394
13 0 21.617500000000007 1.0 116
1584268.4 20
13 0 39.5025 1.0 130
21 0 3.7325000000000017 1.0 902
13 0 47.167500000000004 1.0 136
13 1 57.3875 1.0 145
12 1 44.6125 1.0 35
11 1 34.3925 1.0 77
14 0 34.3925 1.0 226
16 0 3.7325000000000017 1.0 402
17 1 8.842500000000001 1.0 507
10 1 19.0625 1.0 165
8 0 8.842500000000001 1.0 356
13 1 6.287500000000001 1.0 105
15 1 16.507500000000007 1.0 313
13 1 44.6125 1.0 135
12 0 59.94250000000001 1.0 46
8 0 16.507500000000007 1.0 362
14 0 29.2825 1.0 222
13 0 24.1725 1.0 118
11 1 54.83250000000001 1.0 93
10 0 24.1725 1.0 168
268519.7 7
10 0 44.6125 1.0 184
12 0 39.5025 1.0 30
10 1 16.507500000000007 1.0 163
13 1 26.727500000000006 1.0 121
13 0 29.2825 1.0 122
13 0 16.507500000000007 1.0 112
11 1 49.7225 1.0 89
403360.7 16
16 0 11.3975 1.0 408
15 1 1.177500000000002 1.0 301
11 1 1.177500000000002 1.0 51
0 1 49.7225 1.0 1189
11 1 52.2775 1.0 91
14 1 57.3875 1.0 245
10 0 26.727500000000006 1.0 170
13 0 6.287500000000001 1.0 104
10 0 57.3875 1.0 194
13 0 29.2825 1.0 122
8 1 44.6125 1.0 385
18 0 57.3875 1.0 644
14 0 34.3925 1.0 226
14 0 52.2775 1.0 240
21 0 49.7225 1.0 938
14 1 34.3925 1.0 227
1093936.1 21
2 0 31.837500000000006 1.0 974
14 1 11.3975 1.0 209
10 1 16.507500000000007 1.0 163
14 1 49.7225 1.0 239
10 0 42.057500000000005 1.0 182
11 0 59.94250000000001 1.0 96
8 0 34.3925 1.0 376
16 1 36.947500000000005 1.0 429
12 1 13.9525 1.0 11
8 0 42.057500000000005 1.0 382
14 0 11.3975 1.0 208
11 0 57.3875 1.0 94
12 1 44.6125 1.0 35
10 0 31.837500000000006 1.0 174
11 1 52.2775 1.0 91
14 1 19.0625 1.0 215
10 1 39.5025 1.0 181
10 0 34.3925 1.0 176
12 1 24.1725 1.0 19
18 1 36.947500000000005 1.0 629
12 1 36.947500000000005 1.0 29
1489694.8 15
11 0 34.3925 1.0 76
11 0 54.83250000000001 1.0 92
12 0 13.9525 1.0 10
11 1 21.617500000000007 1.0 67
13 0 24.1725 1.0 118
12 1 29.2825 1.0 23
12 1 21.617500000000007 1.0 17
13 0 1.177500000000002 1.0 100
11 0 26.727500000000006 1.0 70
10 1 54.83250000000001 1.0 193
20 1 57.3875 1.0 845
13 0 57.3875 1.0 144
14 0 26.727500000000006 1.0 220
14 1 6.287500000000001 1.0 205
9 1 52.2775 1.0 291
742750.3 7
11 0 26.727500000000006 1.0 70
13 0 6.287500000000001 1.0 104
11 0 6.287500000000001 1.0 54
17 1 52.2775 1.0 541
14 0 59.94250000000001 1.0 246
11 0 44.6125 1.0 84
16 1 13.9525 1.0 411
1594391.9 6
11 1 6.287500000000001 1.0 55
12 0 34.3925 1.0 26
13 1 6.287500000000001 1.0 105
13 1 1.177500000000002 1.0 101
2 1 42.057500000000005 1.0 983
12 1 21.617500000000007 1.0 17
262634.47 23
13 1 3.7325000000000017 1.0 103
7 0 47.167500000000004 1.0 486
11 0 19.0625 1.0 64
11 1 62.4975 1.0 99
13 0 49.7225 1.0 138
11 0 44.6125 1.0 84
12 0 34.3925 1.0 26
11 1 39.5025 1.0 81
13 0 24.1725 1.0 118
13 1 24.1725 1.0 119
12 0 57.3875 1.0 44
10 0 11.3975 1.0 158
10 1 57.3875 1.0 195
12 1 24.1725 1.0 19
13 0 8.842500000000001 1.0 106
13 1 54.83250000000001 1.0 143
8 1 54.83250000000001 1.0 393
12 1 26.727500000000006 1.0 21
14 1 26.727500000000006 1.0 221
14 1 16.507500000000007 1.0 213
10 0 26.727500000000006 1.0 170
14 0 49.7225 1.0 238
9 0 42.057500000000005 1.0 282
623207.4 6
13 1 54.83250000000001 1.0 143
12 0 24.1725 1.0 18
13 1 3.7325000000000017 1.0 103
23 1 24.1725 1.0 1119
10 0 39.5025 1.0 180
13 0 19.0625 1.0 114
1951407.4 5
12 0 19.0625 1.0 14
13 0 54.83250000000001 1.0 142
14 0 16.507500000000007 1.0 212
10 1 13.9525 1.0 161
11 1 39.5025 1.0 81
1808104.5 11
13 0 21.617500000000007 1.0 116
12 1 39.5025 1.0 31
11 1 49.7225 1.0 89
11 0 13.9525 1.0 60
14 1 26.727500000000006 1.0 221
15 1 16.507500000000007 1.0 313
12 0 57.3875 1.0 44
19 1 6.287500000000001 1.0 705
11 1 8.842500000000001 1.0 57
12 0 62.4975 1.0 48
13 0 62.4975 1.0 148
1874642.4 14
13 1 49.7225 1.0 139
9 1 16.507500000000007 1.0 263
14 0 19.0625 1.0 214
9 0 47.167500000000004 1.0 286
13 0 31.837500000000006 1.0 124
11 0 49.7225 1.0 88
11 0 59.94250000000001 1.0 96
4 1 8.842500000000001 1.0 757
16 1 39.5025 1.0 431
11 1 47.167500000000004 1.0 87
14 0 52.2775 1.0 240
13 1 8.842500000000001 1.0 107
15 1 44.6125 1.0 335
24 1 59.94250000000001 1.0 1247
112385.16 6
14 0 13.9525 1.0 210
10 0 42.057500000000005 1.0 182
15 0 39.5025 1.0 330
13 1 42.057500000000005 1.0 133
10 1 8.842500000000001 1.0 157
16 0 31.837500000000006 1.0 424
1147650.8 19
11 0 21.617500000000007 1.0 66
14 1 24.1725 1.0 219
11 0 54.83250000000001 1.0 92
10 0 6.287500000000001 1.0 154
11 1 19.0625 1.0 65
13 1 31.837500000000006 1.0 125
12 0 31.837500000000006 1.0 24
10 0 62.4975 1.0 198
12 0 16.507500000000007 1.0 12
14 0 36.947500000000005 1.0 228
14 1 31.837500000000006 1.0 225
12 0 62.4975 1.0 48
11 0 8.842500000000001 1.0 56
18 0 42.057500000000005 1.0 632
8 0 52.2775 1.0 390
10 1 11.3975 1.0 159
11 1 39.5025 1.0 81
7 0 6.287500000000001 1.0 454
14 0 52.2775 1.0 240
992926.56 7
10 0 26.727500000000006 1.0 170
10 1 47.167500000000004 1.0 187
14 0 59.94250000000001 1.0 246
11 1 62.4975 1.0 99
14 0 26.727500000000006 1.0 220
14 0 57.3875 1.0 244
10 1 1.177500000000002 1.0 151
1234130.0 11
12 1 59.94250000000001 1.0 47
11 1 1.177500000000002 1.0 51
14 0 44.6125 1.0 234
15 1 16.507500000000007 1.0 313
12 0 6.287500000000001 1.0 4
13 0 47.167500000000004 1.0 136
14 1 47.167500000000004 1.0 237
2 1 26.727500000000006 1.0 971
12 0 54.83250000000001 1.0 42
12 0 19.0625 1.0 14
12 1 13.9525 1.0 11
1404965.9 18
10 1 1.177500000000002 1.0 151
8 0 26.727500000000006 1.0 370
10 1 13.9525 1.0 161
14 1 11.3975 1.0 209
17 1 59.94250000000001 1.0 547
8 1 29.2825 1.0 373
13 1 21.617500000000007 1.0 117
14 1 62.4975 1.0 249
12 0 29.2825 1.0 22
11 1 47.167500000000004 1.0 87
12 1 8.842500000000001 1.0 7
11 0 39.5025 1.0 80
11 0 31.837500000000006 1.0 74
11 0 24.1725 1.0 68
10 0 36.947500000000005 1.0 178
16 1 21.617500000000007 1.0 417
12 1 29.2825 1.0 23
20 1 13.9525 1.0 811
1788681.0 16
13 1 62.4975 1.0 149
22 0 52.2775 1.0 1040
13 0 47.167500000000004 1.0 136
13 0 11.3975 1.0 108
11 1 59.94250000000001 1.0 97
10 1 29.2825 1.0 173
7 1 36.947500000000005 1.0 479
12 1 6.287500000000001 1.0 5
12 1 16.507500000000007 1.0 13
13 1 19.0625 1.0 115
12 1 36.947500000000005 1.0 29
11 1 24.1725 1.0 69
1 0 44.6125 1.0 1084
12 1 34.3925 1.0 27
11 1 1.177500000000002 1.0 51
22 0 57.3875 1.0 1044
1065163.0 23
13 0 59.94250000000001 1.0 146
14 1 36.947500000000005 1.0 229
13 1 59.94250000000001 1.0 147
12 0 62.4975 1.0 48
10 0 49.7225 1.0 188
11 0 57.3875 1.0 94
11 0 47.167500000000004 1.0 86
12 1 57.3875 1.0 45
12 0 29.2825 1.0 22
24 0 11.3975 1.0 1208
23 0 44.6125 1.0 1134
11 0 39.5025 1.0 80
7 1 8.842500000000001 1.0 457
12 1 16.507500000000007 1.0 13
12 0 54.83250000000001 1.0 42
11 1 44.6125 1.0 85
9 0 1.177500000000002 1.0 250
14 1 29.2825 1.0 223
12 0 44.6125 1.0 34
14 0 47.167500000000004 1.0 236
11 1 54.83250000000001 1.0 93
12 0 57.3875 1.0 44
22 1 47.167500000000004 1.0 1037
1614576.5 20
12 0 47.167500000000004 1.0 36
12 1 62.4975 1.0 49
10 1 42.057500000000005 1.0 183
12 1 59.94250000000001 1.0 47
11 0 49.7225 1.0 88
13 1 47.167500000000004 1.0 137
11 0 19.0625 1.0 64
12 1 21.617500000000007 1.0 17
11 1 42.057500000000005 1.0 83
1 0 59.94250000000001 1.0 1096
11 0 62.4975 1.0 98
10 0 1.177500000000002 1.0 150
12 0 21.617500000000007 1.0 16
11 0 3.7325000000000017 1.0 52
12 1 6.287500000000001 1.0 5
16 0 42.057500000000005 1.0 432
12 0 49.7225 1.0 38
14 0 16.507500000000007 1.0 212
2 0 52.2775 1.0 990
10 1 52.2775 1.0 191
1367602.0 24
23 0 11.3975 1.0 1108
16 1 26.727500000000006 1.0 421
12 1 13.9525 1.0 11
13 0 13.9525 1.0 110
11 1 1.177500000000002 1.0 51
13 1 29.2825 1.0 123
10 0 19.0625 1.0 164
10 0 49.7225 1.0 188
13 1 49.7225 1.0 139
13 1 13.9525 1.0 111
12 1 24.1725 1.0 19
14 1 24.1725 1.0 219
5 1 21.617500000000007 1.0 667
14 0 54.83250000000001 1.0 242
8 1 49.7225 1.0 389
10 1 21.617500000000007 1.0 167
10 0 44.6125 1.0 184
16 1 11.3975 1.0 409
22 1 39.5025 1.0 1031
9 0 6.287500000000001 1.0 254
7 0 8.842500000000001 1.0 456
11 1 11.3975 1.0 59
7 0 31.837500000000006 1.0 474
13 1 6.287500000000001 1.0 105
1270963.1 8
10 0 6.287500000000001 1.0 154
12 1 47.167500000000004 1.0 37
13 0 52.2775 1.0 140
14 1 34.3925 1.0 227
10 1 44.6125 1.0 185
13 1 49.7225 1.0 139
11 1 26.727500000000006 1.0 71
11 1 13.9525 1.0 61
514754.94 15
14 1 31.837500000000006 1.0 225
14 0 16.507500000000007 1.0 212
2 1 29.2825 1.0 973
14 0 3.7325000000000017 1.0 202
9 0 36.947500000000005 1.0 278
13 0 21.617500000000007 1.0 116
4 1 39.5025 1.0 781
11 1 34.3925 1.0 77
10 0 26.727500000000006 1.0 170
11 1 3.7325000000000017 1.0 53
7 1 39.5025 1.0 481
18 1 3.7325000000000017 1.0 603
16 1 31.837500000000006 1.0 425
1 0 62.4975 1.0 1098
17 0 19.0625 1.0 514
276814.2 5
12 0 3.7325000000000017 1.0 2
14 1 47.167500000000004 1.0 237
13 1 44.6125 1.0 135
12 0 42.057500000000005 1.0 32
13 0 16.507500000000007 1.0 112
661619.0 18
13 1 26.727500000000006 1.0 121
12 0 57.3875 1.0 44
11 0 24.1725 1.0 68
11 0 29.2825 1.0 72
11 1 57.3875 1.0 95
13 0 47.167500000000004 1.0 136
12 0 31.837500000000006 1.0 24
13 0 21.617500000000007 1.0 116
11 1 13.9525 1.0 61
11 1 24.1725 1.0 69
14 0 39.5025 1.0 230
11 1 62.4975 1.0 99
14 0 54.83250000000001 1.0 242
12 0 47.167500000000004 1.0 36
10 0 21.617500000000007 1.0 166
14 1 8.842500000000001 1.0 207
20 1 31.837500000000006 1.0 825
23 1 62.4975 1.0 1149
121701.66 12
12 0 39.5025 1.0 30
13 0 1.177500000000002 1.0 100
14 1 29.2825 1.0 223
11 0 54.83250000000001 1.0 92
16 1 49.7225 1.0 439
10 1 62.4975 1.0 199
18 1 44.6125 1.0 635
12 0 44.6125 1.0 34
12 1 26.727500000000006 1.0 21
12 0 54.83250000000001 1.0 42
13 0 49.7225 1.0 138
13 1 13.9525 1.0 111
99899.76 16
12 1 26.727500000000006 1.0 21
7 1 13.9525 1.0 461
14 0 8.842500000000001 1.0 206
8 0 31.837500000000006 1.0 374
13 0 54.83250000000001 1.0 142
11 0 52.2775 1.0 90
13 1 36.947500000000005 1.0 129
12 0 34.3925 1.0 26
13 1 19.0625 1.0 115
14 0 6.287500000000001 1.0 204
10 0 26.727500000000006 1.0 170
14 1 29.2825 1.0 223
13 1 42.057500000000005 1.0 133
13 1 8.842500000000001 1.0 107
13 0 24.1725 1.0 118
13 0 1.177500000000002 1.0 100
308457.66 17
12 1 34.3925 1.0 27
11 0 59.94250000000001 1.0 96
22 0 24.1725 1.0 1018
10 1 31.837500000000006 1.0 175
12 1 24.1725 1.0 19
9 1 3.7325000000000017 1.0 253
10 0 62.4975 1.0 198
14 0 54.83250000000001 1.0 242
10 1 39.5025 1.0 181
15 0 21.617500000000007 1.0 316
11 0 36.947500000000005 1.0 78
10 0 34.3925 1.0 176
11 1 13.9525 1.0 61
11 1 59.94250000000001 1.0 97
2 0 52.2775 1.0 990
14 0 16.507500000000007 1.0 212
12 1 62.4975 1.0 49
1893601.1 5
11 1 11.3975 1.0 59
11 1 34.3925 1.0 77
19 1 29.2825 1.0 723
11 0 49.7225 1.0 88
14 0 3.7325000000000017 1.0 202
784233.8 17
13 1 42.057500000000005 1.0 133
12 1 39.5025 1.0 31
8 0 3.7325000000000017 1.0 352
14 0 3.7325000000000017 1.0 202
11 1 31.837500000000006 1.0 75
12 0 24.1725 1.0 18
12 1 6.287500000000001 1.0 5
12 0 16.507500000000007 1.0 12
10 1 19.0625 1.0 165
11 0 36.947500000000005 1.0 78
14 0 31.837500000000006 1.0 224
10 1 24.1725 1.0 169
11 1 11.3975 1.0 59
10 1 49.7225 1.0 189
21 1 26.727500000000006 1.0 921
6 1 59.94250000000001 1.0 597
8 1 21.617500000000007 1.0 367
941571.4 21
11 0 47.167500000000004 1.0 86
9 1 59.94250000000001 1.0 297
14 1 1.177500000000002 1.0 201
11 1 29.2825 1.0 73
10 1 24.1725 1.0 169
13 0 3.7325000000000017 1.0 102
14 1 54.83250000000001 1.0 243
11 0 36.947500000000005 1.0 78
10 1 39.5025 1.0 181
11 1 26.727500000000006 1.0 71
10 1 62.4975 1.0 199
8 0 42.057500000000005 1.0 382
13 1 13.9525 1.0 111
21 1 36.947500000000005 1.0 929
10 1 21.617500000000007 1.0 167
13 0 49.7225 1.0 138
12 0 13.9525 1.0 10
14 1 44.6125 1.0 235
16 1 6.287500000000001 1.0 405
14 0 44.6125 1.0 234
11 0 34.3925 1.0 76
1923806.1 24
12 1 21.617500000000007 1.0 17
11 0 24.1725 1.0 68
10 0 21.617500000000007 1.0 166
12 1 24.1725 1.0 19
10 1 47.167500000000004 1.0 187
13 0 21.617500000000007 1.0 116
10 0 16.507500000000007 1.0 162
12 1 52.2775 1.0 41
7 0 24.1725 1.0 468
10 0 31.837500000000006 1.0 174
7 1 1.177500000000002 1.0 451
13 1 6.287500000000001 1.0 105
11 0 13.9525 1.0 60
10 1 6.287500000000001 1.0 155
11 0 42.057500000000005 1.0 82
10 0 49.7225 1.0 188
9 0 57.3875 1.0 294
8 0 24.1725 1.0 368
10 0 47.167500000000004 1.0 186
13 1 34.3925 1.0 127
12 0 54.83250000000001 1.0 42
14 0 26.727500000000006 1.0 220
13 1 39.5025 1.0 131
11 1 13.9525 1.0 61
1085454.9 17
12 1 59.94250000000001 1.0 47
14 0 6.287500000000001 1.0 204
10 0 13.9525 1.0 160
14 0 52.2775 1.0 240
11 0 59.94250000000001 1.0 96
14 0 62.4975 1.0 248
11 0 6.287500000000001 1.0 54
23 0 62.4975 1.0 1148
11 0 21.617500000000007 1.0 66
15 0 59.94250000000001 1.0 346
15 0 11.3975 1.0 308
14 1 36.947500000000005 1.0 229
11 1 24.1725 1.0 69
10 0 1.177500000000002 1.0 150
11 0 19.0625 1.0 64
8 0 11.3975 1.0 358
23 1 34.3925 1.0 1127
1959917.5 20
14 1 13.9525 1.0 211
12 0 39.5025 1.0 30
12 0 31.837500000000006 1.0 24
10 0 36.947500000000005 1.0 178
12 0 52.2775 1.0 40
11 1 24.1725 1.0 69
21 0 34.3925 1.0 926
22 0 57.3875 1.0 1044
12 1 49.7225 1.0 39
8 0 62.4975 1.0 398
10 0 52.2775 1.0 190
21 0 29.2825 1.0 922
11 0 11.3975 1.0 58
7 0 39.5025 1.0 480
14 1 62.4975 1.0 249
12 0 59.94250000000001 1.0 46
10 0 21.617500000000007 1.0 166
13 1 11.3975 1.0 109
13 1 21.617500000000007 1.0 117
13 0 19.0625 1.0 114
393157.72 10
10 0 54.83250000000001 1.0 192
12 1 34.3925 1.0 27
10 1 54.83250000000001 1.0 193
11 0 3.7325000000000017 1.0 52
0 0 49.7225 1.0 1188
13 1 31.837500000000006 1.0 125
14 1 29.2825 1.0 223
9 1 1.177500000000002 1.0 251
12 1 62.4975 1.0 49
11 0 49.7225 1.0 88
1630961.9 11
13 1 16.507500000000007 1.0 113
11 0 19.0625 1.0 64
12 0 26.727500000000006 1.0 20
11 0 13.9525 1.0 60
10 1 39.5025 1.0 181
13 1 21.617500000000007 1.0 117
14 0 19.0625 1.0 214
24 1 54.83250000000001 1.0 1243
11 1 47.167500000000004 1.0 87
9 0 36.947500000000005 1.0 278
12 0 3.7325000000000017 1.0 2
79939.21 14
9 1 42.057500000000005 1.0 283
14 0 21.617500000000007 1.0 216
7 0 1.177500000000002 1.0 450
11 1 36.947500000000005 1.0 79
11 1 1.177500000000002 1.0 51
8 1 44.6125 1.0 385
12 0 8.842500000000001 1.0 6
11 1 11.3975 1.0 59
14 0 57.3875 1.0 244
10 0 13.9525 1.0 160
4 0 11.3975 1.0 758
11 0 29.2825 1.0 72
10 0 8.842500000000001 1.0 156
13 1 39.5025 1.0 131
1885785.8 14
10 0 31.837500000000006 1.0 174
23 1 1.177500000000002 1.0 1101
12 0 19.0625 1.0 14
11 1 31.837500000000006 1.0 75
10 1 31.837500000000006 1.0 175
11 1 13.9525 1.0 61
12 0 16.507500000000007 1.0 12
13 1 29.2825 1.0 123
12 1 62.4975 1.0 49
12 1 49.7225 1.0 39
16 1 59.94250000000001 1.0 447
10 0 26.727500000000006 1.0 170
16 1 36.947500000000005 1.0 429
6 1 24.1725 1.0 569
1301684.0 17
13 1 31.837500000000006 1.0 125
13 1 59.94250000000001 1.0 147
11 1 54.83250000000001 1.0 93
14 0 34.3925 1.0 226
10 1 24.1725 1.0 169
12 0 54.83250000000001 1.0 42
11 0 6.287500000000001 1.0 54
14 1 19.0625 1.0 215
13 0 3.7325000000000017 1.0 102
14 0 31.837500000000006 1.0 224
11 1 13.9525 1.0 61
11 1 3.7325000000000017 1.0 53
22 0 31.837500000000006 1.0 1024
14 1 31.837500000000006 1.0 225
13 1 16.507500000000007 1.0 113
11 0 47.167500000000004 1.0 86
10 0 21.617500000000007 1.0 166
1330403.6 23
13 1 52.2775 1.0 141
13 1 29.2825 1.0 123
12 1 19.0625 1.0 15
9 1 3.7325000000000017 1.0 253
6 0 8.842500000000001 1.0 556
11 0 31.837500000000006 1.0 74
12 1 3.7325000000000017 1.0 3
12 0 57.3875 1.0 44
10 0 47.167500000000004 1.0 186
13 0 42.057500000000005 1.0 132
13 1 44.6125 1.0 135
14 0 29.2825 1.0 222
14 1 39.5025 1.0 231
10 0 54.83250000000001 1.0 192
8 0 26.727500000000006 1.0 370
15 0 39.5025 1.0 330
12 1 59.94250000000001 1.0 47
12 0 39.5025 1.0 30
13 1 57.3875 1.0 145
12 0 24.1725 1.0 18
14 0 49.7225 1.0 238
10 0 19.0625 1.0 164
12 0 47.167500000000004 1.0 36
105372.19 9
18 1 29.2825 1.0 623
11 1 21.617500000000007 1.0 67
12 0 6.287500000000001 1.0 4
10 0 29.2825 1.0 172
9 0 54.83250000000001 1.0 292
11 0 8.842500000000001 1.0 56
11 0 59.94250000000001 1.0 96
10 0 34.3925 1.0 176
11 1 6.287500000000001 1.0 55
1552471.4 16
18 1 16.507500000000007 1.0 613
13 1 13.9525 1.0 111
0 1 3.7325000000000017 1.0 1153
13 1 39.5025 1.0 131
10 1 34.3925 1.0 177
13 1 29.2825 1.0 123
10 1 26.727500000000006 1.0 171
12 1 13.9525 1.0 11
7 1 59.94250000000001 1.0 497
13 1 26.727500000000006 1.0 121
12 1 42.057500000000005 1.0 33
14 1 34.3925 1.0 227
13 0 34.3925 1.0 126
14 0 21.617500000000007 1.0 216
11 1 13.9525 1.0 61
11 1 21.617500000000007 1.0 67
1058835.2 13
13 1 31.837500000000006 1.0 125
11 0 3.7325000000000017 1.0 52
11 1 36.947500000000005 1.0 79
8 0 1.177500000000002 1.0 350
10 1 44.6125 1.0 185
13 0 59.94250000000001 1.0 146
14 0 26.727500000000006 1.0 220
13 1 8.842500000000001 1.0 107
12 0 6.287500000000001 1.0 4
11 0 8.842500000000001 1.0 56
14 1 8.842500000000001 1.0 207
10 0 19.0625 1.0 164
11 1 19.0625 1.0 65
924470.8 15
16 0 62.4975 1.0 448
10 0 26.727500000000006 1.0 170
16 1 11.3975 1.0 409
14 1 19.0625 1.0 215
13 1 47.167500000000004 1.0 137
11 0 13.9525 1.0 60
11 1 16.507500000000007 1.0 63
19 0 11.3975 1.0 708
12 1 47.167500000000004 1.0 37
12 1 21.617500000000007 1.0 17
12 0 47.167500000000004 1.0 36
13 1 52.2775 1.0 141
10 0 34.3925 1.0 176
13 0 59.94250000000001 1.0 146
10 0 52.2775 1.0 190
711628.94 11
15 0 6.287500000000001 1.0 304
10 0 8.842500000000001 1.0 156
11 1 44.6125 1.0 85
12 0 44.6125 1.0 34
10 1 47.167500000000004 1.0 187
17 1 16.507500000000007 1.0 513
11 1 26.727500000000006 1.0 71
14 1 47.167500000000004 1.0 237
14 0 52.2775 1.0 240
13 0 44.6125 1.0 134
14 0 36.947500000000005 1.0 228
995970.06 9
12 0 49.7225 1.0 38
13 1 16.507500000000007 1.0 113
10 0 3.7325000000000017 1.0 152
10 0 24.1725 1.0 168
19 1 8.842500000000001 1.0 707
13 1 62.4975 1.0 149
13 1 59.94250000000001 1.0 147
12 0 13.9525 1.0 10
9 0 26.727500000000006 1.0 270
122671.484 13
10 1 31.837500000000006 1.0 175
0 1 19.0625 1.0 1165
10 0 29.2825 1.0 172
10 0 36.947500000000005 1.0 178
10 0 3.7325000000000017 1.0 152
11 0 11.3975 1.0 58
13 0 19.0625 1.0 114
15 0 44.6125 1.0 334
14 0 26.727500000000006 1.0 220
5 1 52.2775 1.0 691
13 1 54.83250000000001 1.0 143
11 1 11.3975 1.0 59
10 1 16.507500000000007 1.0 163
1391672.1 23
14 0 34.3925 1.0 226
13 1 57.3875 1.0 145
12 1 59.94250000000001 1.0 47
13 0 1.177500000000002 1.0 100
14 0 54.83250000000001 1.0 242
14 1 31.837500000000006 1.0 225
13 1 8.842500000000001 1.0 107
24 0 19.0625 1.0 1214
9 0 13.9525 1.0 260
10 1 54.83250000000001 1.0 193
12 0 11.3975 1.0 8
12 1 57.3875 1.0 45
12 0 29.2825 1.0 22
12 1 31.837500000000006 1.0 25
13 1 36.947500000000005 1.0 129
12 1 47.167500000000004 1.0 37
13 1 44.6125 1.0 135
11 0 6.287500000000001 1.0 54
9 0 24.1725 1.0 268
11 1 62.4975 1.0 99
12 0 57.3875 1.0 44
21 1 54.83250000000001 1.0 943
14 0 1.177500000000002 1.0 200
806751.3 16
13 1 6.287500000000001 1.0 105
17 1 62.4975 1.0 549
6 1 21.617500000000007 1.0 567
7 0 19.0625 1.0 464
10 0 6.287500000000001 1.0 154
12 0 59.94250000000001 1.0 46
14 0 34.3925 1.0 226
14 0 26.727500000000006 1.0 220
13 0 36.947500000000005 1.0 128
10 0 57.3875 1.0 194
13 1 1.177500000000002 1.0 101
15 0 19.0625 1.0 314
13 1 42.057500000000005 1.0 133
11 0 34.3925 1.0 76
24 0 57.3875 1.0 1244
10 1 24.1725 1.0 169
667649.9 22
14 1 39.5025 1.0 231
10 0 11.3975 1.0 158
14 0 24.1725 1.0 218
12 1 47.167500000000004 1.0 37
13 0 34.3925 1.0 126
10 1 13.9525 1.0 161
13 1 19.0625 1.0 115
14 0 36.947500000000005 1.0 228
12 1 26.727500000000006 1.0 21
14 0 31.837500000000006 1.0 224
15 0 36.947500000000005 1.0 328
12 0 57.3875 1.0 44
10 1 49.7225 1.0 189
12 1 54.83250000000001 1.0 43
11 1 21.617500000000007 1.0 67
14 0 62.4975 1.0 248
11 1 49.7225 1.0 89
12 1 62.4975 1.0 49
12 0 47.167500000000004 1.0 36
14 0 19.0625 1.0 214
1 1 24.1725 1.0 1069
13 1 44.6125 1.0 135
1982872.1 6
14 0 24.1725 1.0 218
11 1 47.167500000000004 1.0 87
11 0 57.3875 1.0 94
7 1 52.2775 1.0 491
10 1 13.9525 1.0 161
11 1 11.3975 1.0 59
681181.5 7
13 0 3.7325000000000017 1.0 102
6 1 6.287500000000001 1.0 555
13 1 42.057500000000005 1.0 133
10 0 24.1725 1.0 168
14 1 26.727500000000006 1.0 221
10 0 11.3975 1.0 158
13 1 3.7325000000000017 1.0 103
510078.34 7
8 1 29.2825 1.0 373
13 1 8.842500000000001 1.0 107
12 0 47.167500000000004 1.0 36
13 1 49.7225 1.0 139
13 1 57.3875 1.0 145
11 0 31.837500000000006 1.0 74
11 1 31.837500000000006 1.0 75
1518477.9 23
11 1 24.1725 1.0 69
10 1 62.4975 1.0 199
10 1 31.837500000000006 1.0 175
11 0 8.842500000000001 1.0 56
14 1 54.83250000000001 1.0 243
23 1 49.7225 1.0 1139
10 1 34.3925 1.0 177
10 1 52.2775 1.0 191
12 1 44.6125 1.0 35
11 0 49.7225 1.0 88
10 0 49.7225 1.0 188
10 1 49.7225 1.0 189
7 0 57.3875 1.0 494
10 1 19.0625 1.0 165
8 0 52.2775 1.0 390
14 1 21.617500000000007 1.0 217
14 1 19.0625 1.0 215
10 1 21.617500000000007 1.0 167
10 1 29.2825 1.0 173
14 1 24.1725 1.0 219
18 0 19.0625 1.0 614
11 1 47.167500000000004 1.0 87
14 0 31.837500000000006 1.0 224
1639138.6 23
12 1 6.287500000000001 1.0 5
12 0 42.057500000000005 1.0 32
13 0 39.5025 1.0 130
10 0 21.617500000000007 1.0 166
12 1 1.177500000000002 1.0 1
11 1 34.3925 1.0 77
11 1 24.1725 1.0 69
9 0 1.177500000000002 1.0 250
14 0 36.947500000000005 1.0 228
13 1 13.9525 1.0 111
15 1 26.727500000000006 1.0 321
13 1 54.83250000000001 1.0 143
7 0 31.837500000000006 1.0 474
11 1 42.057500000000005 1.0 83
10 1 3.7325000000000017 1.0 153
13 1 36.947500000000005 1.0 129
14 1 39.5025 1.0 231
2 0 3.7325000000000017 1.0 952
7 0 26.727500000000006 1.0 470
11 0 54.83250000000001 1.0 92
10 1 34.3925 1.0 177
10 1 16.507500000000007 1.0 163
10 1 6.287500000000001 1.0 155
529521.6 17
9 1 6.287500000000001 1.0 255
12 0 26.727500000000006 1.0 20
11 1 11.3975 1.0 59
10 0 54.83250000000001 1.0 192
14 1 49.7225 1.0 239
13 0 31.837500000000006 1.0 124
17 0 42.057500000000005 1.0 532
12 0 6.287500000000001 1.0 4
11 1 34.3925 1.0 77
12 0 13.9525 1.0 10
18 1 52.2775 1.0 641
12 1 42.057500000000005 1.0 33
13 1 57.3875 1.0 145
13 1 29.2825 1.0 123
14 0 19.0625 1.0 214
12 0 42.057500000000005 1.0 32
11 1 29.2825 1.0 73
378640.47 17
4 1 11.3975 1.0 759
12 0 24.1725 1.0 18
24 1 21.617500000000007 1.0 1217
9 0 21.617500000000007 1.0 266
11 1 36.947500000000005 1.0 79
11 0 11.3975 1.0 58
12 0 3.7325000000000017 1.0 2
13 1 24.1725 1.0 119
12 1 62.4975 1.0 49
13 0 6.287500000000001 1.0 104
2 1 6.287500000000001 1.0 955
22 1 16.507500000000007 1.0 1013
10 1 29.2825 1.0 173
14 0 16.507500000000007 1.0 212
14 0 62.4975 1.0 248
10 1 36.947500000000005 1.0 179
14 0 36.947500000000005 1.0 228
1302658.0 21
16 0 42.057500000000005 1.0 432
14 1 19.0625 1.0 215
11 1 34.3925 1.0 77
13 0 31.837500000000006 1.0 124
18 1 26.727500000000006 1.0 621
13 1 3.7325000000000017 1.0 103
11 1 44.6125 1.0 85
18 0 1.177500000000002 1.0 600
13 1 52.2775 1.0 141
8 0 29.2825 1.0 372
16 1 31.837500000000006 1.0 425
11 0 34.3925 1.0 76
11 1 3.7325000000000017 1.0 53
13 1 21.617500000000007 1.0 117
14 1 13.9525 1.0 211
11 1 57.3875 1.0 95
13 1 16.507500000000007 1.0 113
14 0 34.3925 1.0 226
16 0 29.2825 1.0 422
20 0 19.0625 1.0 814
10 1 44.6125 1.0 185
1940642.8 10
11 0 6.287500000000001 1.0 54
12 0 52.2775 1.0 40
16 1 19.0625 1.0 415
13 0 59.94250000000001 1.0 146
10 1 21.617500000000007 1.0 167
13 0 16.507500000000007 1.0 112
9 0 1.177500000000002 1.0 250
14 0 21.617500000000007 1.0 216
11 1 49.7225 1.0 89
11 0 11.3975 1.0 58
1180706.4 5
13 1 13.9525 1.0 111
13 0 29.2825 1.0 122
10 0 62.4975 1.0 198
13 1 39.5025 1.0 131
11 1 6.287500000000001 1.0 55
1972464.1 16
14 0 57.3875 1.0 244
10 1 57.3875 1.0 195
11 1 31.837500000000006 1.0 75
13 1 31.837500000000006 1.0 125
15 0 52.2775 1.0 340
15 1 16.507500000000007 1.0 313
10 0 57.3875 1.0 194
10 0 24.1725 1.0 168
14 0 16.507500000000007 1.0 212
10 1 44.6125 1.0 185
13 0 11.3975 1.0 108
12 0 47.167500000000004 1.0 36
14 1 36.947500000000005 1.0 229
14 1 34.3925 1.0 227
11 0 59.94250000000001 1.0 96
13 0 3.7325000000000017 1.0 102
148658.89 22
13 0 1.177500000000002 1.0 100
13 1 16.507500000000007 1.0 113
12 0 21.617500000000007 1.0 16
16 0 8.842500000000001 1.0 406
13 0 24.1725 1.0 118
16 0 26.727500000000006 1.0 420
11 0 6.287500000000001 1.0 54
21 1 3.7325000000000017 1.0 903
23 1 34.3925 1.0 1127
10 1 8.842500000000001 1.0 157
13 1 36.947500000000005 1.0 129
12 0 42.057500000000005 1.0 32
10 0 57.3875 1.0 194
4 1 59.94250000000001 1.0 797
14 0 16.507500000000007 1.0 212
11 1 49.7225 1.0 89
13 1 62.4975 1.0 149
11 0 11.3975 1.0 58
0 0 8.842500000000001 1.0 1156
11 1 21.617500000000007 1.0 67
13 1 8.842500000000001 1.0 107
13 1 19.0625 1.0 115
279207.7 19
13 0 24.1725 1.0 118
11 1 47.167500000000004 1.0 87
13 1 3.7325000000000017 1.0 103
10 1 21.617500000000007 1.0 167
24 1 3.7325000000000017 1.0 1203
10 1 6.287500000000001 1.0 155
11 1 19.0625 1.0 65
14 1 54.83250000000001 1.0 243
11 0 19.0625 1.0 64
14 0 19.0625 1.0 214
12 0 11.3975 1.0 8
13 1 19.0625 1.0 115
13 0 36.947500000000005 1.0 128
23 1 59.94250000000001 1.0 1147
7 1 31.837500000000006 1.0 475
10 1 49.7225 1.0 189
12 1 3.7325000000000017 1.0 3
14 0 34.3925 1.0 226
7 0 24.1725 1.0 468
372584.75 9
12 0 47.167500000000004 1.0 36
12 1 3.7325000000000017 1.0 3
10 1 39.5025 1.0 181
11 0 26.727500000000006 1.0 70
12 0 36.947500000000005 1.0 28
12 1 44.6125 1.0 35
16 0 29.2825 1.0 422
13 1 11.3975 1.0 109
14 1 49.7225 1.0 239
344277.72 23
12 0 1.177500000000002 1.0 0
13 1 16.507500000000007 1.0 113
10 1 19.0625 1.0 165
12 0 47.167500000000004 1.0 36
19 0 3.7325000000000017 1.0 702
13 1 31.837500000000006 1.0 125
4 0 54.83250000000001 1.0 792
11 1 19.0625 1.0 65
16 1 31.837500000000006 1.0 425
0 1 16.507500000000007 1.0 1163
11 0 11.3975 1.0 58
14 0 24.1725 1.0 218
11 1 8.842500000000001 1.0 57
0 0 21.617500000000007 1.0 1166
13 1 52.2775 1.0 141
13 0 21.617500000000007 1.0 116
11 0 13.9525 1.0 60
6 0 57.3875 1.0 594
10 0 1.177500000000002 1.0 150
11 0 19.0625 1.0 64
4 1 11.3975 1.0 759
13 0 47.167500000000004 1.0 136
11 0 62.4975 1.0 98
1717384.4 8
22 0 49.7225 1.0 1038
12 0 44.6125 1.0 34
13 1 3.7325000000000017 1.0 103
13 1 36.947500000000005 1.0 129
12 0 34.3925 1.0 26
13 0 31.837500000000006 1.0 124
18 0 19.0625 1.0 614
8 1 6.287500000000001 1.0 355
555944.25 16
14 1 1.177500000000002 1.0 201
14 1 13.9525 1.0 211
6 1 42.057500000000005 1.0 583
10 1 6.287500000000001 1.0 155
10 1 62.4975 1.0 199
14 1 44.6125 1.0 235
12 0 52.2775 1.0 40
11 1 57.3875 1.0 95
11 0 57.3875 1.0 94
7 1 36.947500000000005 1.0 479
11 0 39.5025 1.0 80
14 0 6.287500000000001 1.0 204
11 1 36.947500000000005 1.0 79
8 1 13.9525 1.0 361
13 1 1.177500000000002 1.0 101
9 1 24.1725 1.0 269
96172.81 9
14 0 39.5025 1.0 230
13 0 13.9525 1.0 110
9 0 11.3975 1.0 258
13 1 24.1725 1.0 119
12 0 34.3925 1.0 26
2 1 19.0625 1.0 965
10 1 59.94250000000001 1.0 197
13 0 47.167500000000004 1.0 136
13 1 6.287500000000001 1.0 105
706037.56 18
13 0 54.83250000000001 1.0 142
8 1 16.507500000000007 1.0 363
10 0 57.3875 1.0 194
13 0 3.7325000000000017 1.0 102
14 0 24.1725 1.0 218
12 0 42.057500000000005 1.0 32
11 0 24.1725 1.0 68
13 1 44.6125 1.0 135
13 1 21.617500000000007 1.0 117
14 0 39.5025 1.0 230
12 1 19.0625 1.0 15
13 0 52.2775 1.0 140
14 1 1.177500000000002 1.0 201
13 1 1.177500000000002 1.0 101
14 1 47.167500000000004 1.0 237
12 1 11.3975 1.0 9
11 0 8.842500000000001 1.0 56
19 0 1.177500000000002 1.0 700
417031.97 10
14 0 1.177500000000002 1.0 200
10 0 19.0625 1.0 164
13 0 31.837500000000006 1.0 124
13 0 19.0625 1.0 114
11 1 31.837500000000006 1.0 75
13 0 42.057500000000005 1.0 132
12 1 19.0625 1.0 15
10 0 13.9525 1.0 160
12 0 36.947500000000005 1.0 28
12 0 16.507500000000007 1.0 12
943427.44 5
12 0 52.2775 1.0 40
12 1 59.94250000000001 1.0 47
15 0 49.7225 1.0 338
5 1 31.837500000000006 1.0 675
10 1 1.177500000000002 1.0 151
905676.94 22
11 0 24.1725 1.0 68
7 0 39.5025 1.0 480
10 1 11.3975 1.0 159
9 0 13.9525 1.0 260
13 1 3.7325000000000017 1.0 103
10 1 39.5025 1.0 181
16 0 19.0625 1.0 414
6 1 62.4975 1.0 599
12 1 19.0625 1.0 15
13 1 42.057500000000005 1.0 133
16 0 16.507500000000007 1.0 412
14 0 13.9525 1.0 210
12 0 52.2775 1.0 40
12 1 11.3975 1.0 9
13 0 1.177500000000002 1.0 100
12 1 3.7325000000000017 1.0 3
14 1 24.1725 1.0 219
12 1 6.287500000000001 1.0 5
11 0 8.842500000000001 1.0 56
10 1 8.842500000000001 1.0 157
16 0 31.837500000000006 1.0 424
11 0 36.947500000000005 1.0 78
1348166.9 8
12 0 59.94250000000001 1.0 46
12 1 19.0625 1.0 15
7 1 42.057500000000005 1.0 483
10 1 36.947500000000005 1.0 179
11 0 19.0625 1.0 64
13 0 54.83250000000001 1.0 142
9 0 21.617500000000007 1.0 266
18 1 24.1725 1.0 619
870298.7 15
12 0 29.2825 1.0 22
0 0 52.2775 1.0 1190
11 0 31.837500000000006 1.0 74
10 1 19.0625 1.0 165
14 1 57.3875 1.0 245
13 0 26.727500000000006 1.0 120
13 0 6.287500000000001 1.0 104
12 0 3.7325000000000017 1.0 2
10 1 3.7325000000000017 1.0 153
12 1 31.837500000000006 1.0 25
12 1 36.947500000000005 1.0 29
1 1 57.3875 1.0 1095
14 0 52.2775 1.0 240
10 0 36.947500000000005 1.0 178
13 1 29.2825 1.0 123
