 Numero de pasillos e items
 25 1250
 Colocacion  mesa 
 1
 Localizacion pedidos 
 0
 largo y ancho de las estanterias
 66.125000 2.250000
 ancho de los pasillos
 2.250000
 Capacidad de cada trabajador
 150.000000
 Tiempo de picking
 0.000000
 Tiempo de giro (fuera y dentro)
 20.000000 0.000000
 pasillo, distancia al origen: derecho, izquierdo,lado al que esta
 0 54.000000 54.000000 -1
 1 49.500000 49.500000 -1
 2 45.000000 45.000000 -1
 3 40.500000 40.500000 -1
 4 36.000000 36.000000 -1
 5 31.500000 31.500000 -1
 6 27.000000 27.000000 -1
 7 22.500000 22.500000 -1
 8 18.000000 18.000000 -1
 9 13.500000 13.500000 -1
 10 9.000000 9.000000 -1
 11 4.500000 4.500000 -1
 12 0.000000 0.000000 0
 13 4.500000 4.500000 1
 14 9.000000 9.000000 1
 15 13.500000 13.500000 1
 16 18.000000 18.000000 1
 17 22.500000 22.500000 1
 18 27.000000 27.000000 1
 19 31.500000 31.500000 1
 20 36.000000 36.000000 1
 21 40.500000 40.500000 1
 22 45.000000 45.000000 1
 23 49.500000 49.500000 1
 24 54.000000 54.000000 1
 9999