1560
id location
266 1
273 2
893 3
900 4
1204 5
1211 6
1515 7
1522 8
577 9
584 10
269 11
271 12
268 13
267 14
270 15
272 16
896 17
898 18
895 19
894 20
897 21
899 22
1207 23
1209 24
1206 25
1205 26
1208 27
1210 28
1518 29
1520 30
1517 31
1516 32
1519 33
1521 34
580 35
582 36
579 37
578 38
581 39
583 40
317 41
315 42
318 43
316 44
944 45
942 46
945 47
943 48
1255 49
1253 50
1256 51
1254 52
628 53
626 54
629 55
627 56
6 57
4 58
7 59
5 60
322 61
313 62
314 63
949 64
940 65
941 66
1260 67
1251 68
1252 69
633 70
624 71
625 72
11 73
2 74
3 75
912 76
1534 77
596 78
1223 79
285 80
923 81
916 82
915 83
917 84
1545 85
1538 86
1537 87
1539 88
607 89
600 90
599 91
601 92
1234 93
1227 94
1226 95
1228 96
296 97
289 98
288 99
290 100
321 101
312 102
320 103
319 104
948 105
939 106
947 107
946 108
1259 109
1250 110
1258 111
1257 112
632 113
623 114
631 115
630 116
10 117
1 118
9 119
8 120
1308 121
1305 122
1306 123
1307 124
1309 125
370 126
367 127
368 128
369 129
371 130
59 131
56 132
57 133
58 134
60 135
997 136
994 137
995 138
996 139
998 140
681 141
678 142
679 143
680 144
682 145
591 146
907 147
280 148
1529 149
1218 150
592 151
589 152
588 153
590 154
908 155
905 156
904 157
906 158
281 159
278 160
277 161
279 162
1530 163
1527 164
1526 165
1528 166
1219 167
1216 168
1215 169
1217 170
585 171
587 172
593 173
586 174
901 175
903 176
909 177
902 178
274 179
276 180
282 181
275 182
1523 183
1525 184
1531 185
1524 186
1212 187
1214 188
1220 189
1213 190
921 191
919 192
910 193
918 194
1543 195
1541 196
1532 197
1540 198
605 199
603 200
594 201
602 202
1232 203
1230 204
1221 205
1229 206
294 207
292 208
283 209
291 210
920 211
1542 212
604 213
1231 214
293 215
929 216
925 217
927 218
1551 219
1547 220
1549 221
613 222
609 223
611 224
1240 225
1236 226
1238 227
302 228
298 229
300 230
913 231
914 232
1535 233
1536 234
597 235
598 236
1224 237
1225 238
286 239
287 240
932 241
931 242
933 243
1554 244
1553 245
1555 246
616 247
615 248
617 249
1243 250
1242 251
1244 252
305 253
304 254
306 255
930 256
938 257
924 258
1552 259
1560 260
1546 261
614 262
622 263
608 264
1241 265
1249 266
1235 267
303 268
311 269
297 270
911 271
934 272
936 273
1533 274
1556 275
1558 276
595 277
618 278
620 279
1222 280
1245 281
1247 282
284 283
307 284
309 285
928 286
937 287
922 288
926 289
935 290
1550 291
1559 292
1544 293
1548 294
1557 295
612 296
621 297
606 298
610 299
619 300
1239 301
1248 302
1233 303
1237 304
1246 305
301 306
310 307
295 308
299 309
308 310
324 311
326 312
323 313
325 314
13 315
15 316
12 317
14 318
1262 319
1264 320
1261 321
1263 322
635 323
637 324
634 325
636 326
951 327
953 328
950 329
952 330
344 331
33 332
655 333
971 334
1282 335
345 336
34 337
656 338
972 339
1283 340
346 341
35 342
657 343
973 344
1284 345
347 346
36 347
658 348
974 349
1285 350
343 351
32 352
654 353
970 354
1281 355
338 356
336 357
340 358
330 359
334 360
335 361
348 362
337 363
332 364
27 365
25 366
29 367
19 368
23 369
24 370
37 371
26 372
21 373
649 374
647 375
651 376
641 377
645 378
646 379
659 380
648 381
643 382
965 383
963 384
967 385
957 386
961 387
962 388
975 389
964 390
959 391
1276 392
1274 393
1278 394
1268 395
1272 396
1273 397
1286 398
1275 399
1270 400
342 401
341 402
31 403
30 404
653 405
652 406
969 407
968 408
1280 409
1279 410
327 411
339 412
329 413
333 414
331 415
328 416
16 417
28 418
18 419
22 420
20 421
17 422
638 423
650 424
640 425
644 426
642 427
639 428
954 429
966 430
956 431
960 432
958 433
955 434
1265 435
1277 436
1267 437
1271 438
1269 439
1266 440
660 441
661 442
976 443
977 444
38 445
39 446
349 447
350 448
1287 449
1288 450
1301 451
1299 452
1300 453
1295 454
1298 455
1303 456
1296 457
1302 458
1297 459
363 460
361 461
362 462
357 463
360 464
365 465
358 466
364 467
359 468
52 469
50 470
51 471
46 472
49 473
54 474
47 475
53 476
48 477
990 478
988 479
989 480
984 481
987 482
992 483
985 484
991 485
986 486
674 487
672 488
673 489
668 490
671 491
676 492
669 493
675 494
670 495
1304 496
1292 497
366 498
354 499
55 500
43 501
993 502
981 503
677 504
665 505
1293 506
1294 507
355 508
356 509
44 510
45 511
982 512
983 513
666 514
667 515
1311 516
1310 517
373 518
372 519
62 520
61 521
1000 522
999 523
684 524
683 525
1003 526
1004 527
1002 528
687 529
688 530
686 531
1314 532
1315 533
1313 534
376 535
377 536
375 537
65 538
66 539
64 540
1010 541
1014 542
1012 543
1011 544
694 545
698 546
696 547
695 548
1321 549
1325 550
1323 551
1322 552
383 553
387 554
385 555
384 556
72 557
76 558
74 559
73 560
1009 561
693 562
1320 563
382 564
71 565
1001 566
1006 567
1005 568
685 569
690 570
689 571
1312 572
1317 573
1316 574
374 575
379 576
378 577
63 578
68 579
67 580
1008 581
1007 582
1013 583
692 584
691 585
697 586
1319 587
1318 588
1324 589
381 590
380 591
386 592
70 593
69 594
75 595
81 596
78 597
80 598
77 599
79 600
1330 601
1327 602
1329 603
1326 604
1328 605
703 606
700 607
702 608
699 609
701 610
1019 611
1016 612
1018 613
1015 614
1017 615
392 616
389 617
391 618
388 619
390 620
410 621
1348 622
99 623
721 624
1037 625
396 626
1334 627
85 628
707 629
1023 630
405 631
399 632
393 633
401 634
1343 635
1337 636
1331 637
1339 638
94 639
88 640
82 641
90 642
716 643
710 644
704 645
712 646
1032 647
1026 648
1020 649
1028 650
414 651
415 652
420 653
1352 654
1353 655
1358 656
103 657
104 658
109 659
725 660
726 661
731 662
1041 663
1042 664
1047 665
411 666
423 667
413 668
394 669
1349 670
1361 671
1351 672
1332 673
100 674
112 675
102 676
83 677
722 678
734 679
724 680
705 681
1038 682
1050 683
1040 684
1021 685
409 686
408 687
407 688
1347 689
1346 690
1345 691
98 692
97 693
96 694
720 695
719 696
718 697
1036 698
1035 699
1034 700
395 701
421 702
422 703
1333 704
1359 705
1360 706
84 707
110 708
111 709
706 710
732 711
733 712
1022 713
1048 714
1049 715
403 716
404 717
402 718
398 719
1341 720
1342 721
1340 722
1336 723
92 724
93 725
91 726
87 727
714 728
715 729
713 730
709 731
1030 732
1031 733
1029 734
1025 735
400 736
412 737
397 738
1338 739
1350 740
1335 741
89 742
101 743
86 744
711 745
723 746
708 747
1027 748
1039 749
1024 750
417 751
406 752
416 753
418 754
419 755
1355 756
1344 757
1354 758
1356 759
1357 760
106 761
95 762
105 763
107 764
108 765
728 766
717 767
727 768
729 769
730 770
1044 771
1033 772
1043 773
1045 774
1046 775
786 776
787 777
1102 778
1103 779
1413 780
1414 781
475 782
476 783
164 784
165 785
830 786
822 787
832 788
819 789
831 790
821 791
815 792
818 793
826 794
834 795
824 796
823 797
820 798
835 799
1457 800
1449 801
1459 802
1446 803
1458 804
1448 805
1442 806
1445 807
1453 808
1461 809
1451 810
1450 811
1447 812
1462 813
208 814
200 815
210 816
197 817
209 818
199 819
193 820
196 821
204 822
212 823
202 824
201 825
198 826
213 827
519 828
511 829
521 830
508 831
520 832
510 833
504 834
507 835
515 836
523 837
513 838
512 839
509 840
524 841
1146 842
1138 843
1148 844
1135 845
1147 846
1137 847
1131 848
1134 849
1142 850
1150 851
1140 852
1139 853
1136 854
1151 855
816 856
1443 857
194 858
505 859
1132 860
817 861
828 862
827 863
836 864
833 865
1444 866
1455 867
1454 868
1463 869
1460 870
195 871
206 872
205 873
214 874
211 875
506 876
517 877
516 878
525 879
522 880
1133 881
1144 882
1143 883
1152 884
1149 885
795 886
811 887
798 888
825 889
808 890
794 891
812 892
804 893
813 894
806 895
801 896
803 897
810 898
797 899
800 900
807 901
799 902
805 903
802 904
814 905
793 906
829 907
796 908
809 909
1422 910
1438 911
1425 912
1452 913
1435 914
1421 915
1439 916
1431 917
1440 918
1433 919
1428 920
1430 921
1437 922
1424 923
1427 924
1434 925
1426 926
1432 927
1429 928
1441 929
1420 930
1456 931
1423 932
1436 933
173 934
189 935
176 936
203 937
186 938
172 939
190 940
182 941
191 942
184 943
179 944
181 945
188 946
175 947
178 948
185 949
177 950
183 951
180 952
192 953
171 954
207 955
174 956
187 957
484 958
500 959
487 960
514 961
497 962
483 963
501 964
493 965
502 966
495 967
490 968
492 969
499 970
486 971
489 972
496 973
488 974
494 975
491 976
503 977
482 978
518 979
485 980
498 981
1111 982
1127 983
1114 984
1141 985
1124 986
1110 987
1128 988
1120 989
1129 990
1122 991
1117 992
1119 993
1126 994
1113 995
1116 996
1123 997
1115 998
1121 999
1118 1000
1130 1001
1109 1002
1145 1003
1112 1004
1125 1005
1464 1006
837 1007
1153 1008
526 1009
215 1010
1465 1011
838 1012
1154 1013
527 1014
216 1015
218 1016
219 1017
220 1018
240 1019
225 1020
529 1021
530 1022
531 1023
551 1024
536 1025
1467 1026
1468 1027
1469 1028
1489 1029
1474 1030
1156 1031
1157 1032
1158 1033
1178 1034
1163 1035
840 1036
841 1037
842 1038
862 1039
847 1040
222 1041
242 1042
224 1043
223 1044
227 1045
226 1046
217 1047
221 1048
533 1049
553 1050
535 1051
534 1052
538 1053
537 1054
528 1055
532 1056
1471 1057
1491 1058
1473 1059
1472 1060
1476 1061
1475 1062
1466 1063
1470 1064
1160 1065
1180 1066
1162 1067
1161 1068
1165 1069
1164 1070
1155 1071
1159 1072
844 1073
864 1074
846 1075
845 1076
849 1077
848 1078
839 1079
843 1080
228 1081
241 1082
539 1083
552 1084
1477 1085
1490 1086
1166 1087
1179 1088
850 1089
863 1090
233 1091
235 1092
236 1093
232 1094
544 1095
546 1096
547 1097
543 1098
1482 1099
1484 1100
1485 1101
1481 1102
1171 1103
1173 1104
1174 1105
1170 1106
855 1107
857 1108
858 1109
854 1110
239 1111
252 1112
237 1113
550 1114
563 1115
548 1116
1488 1117
1501 1118
1486 1119
1177 1120
1190 1121
1175 1122
861 1123
874 1124
859 1125
244 1126
243 1127
251 1128
248 1129
250 1130
247 1131
249 1132
246 1133
245 1134
555 1135
554 1136
562 1137
559 1138
561 1139
558 1140
560 1141
557 1142
556 1143
1493 1144
1492 1145
1500 1146
1497 1147
1499 1148
1496 1149
1498 1150
1495 1151
1494 1152
1182 1153
1181 1154
1189 1155
1186 1156
1188 1157
1185 1158
1187 1159
1184 1160
1183 1161
866 1162
865 1163
873 1164
870 1165
872 1166
869 1167
871 1168
868 1169
867 1170
238 1171
549 1172
1487 1173
1176 1174
860 1175
229 1176
231 1177
230 1178
540 1179
542 1180
541 1181
1478 1182
1480 1183
1479 1184
1167 1185
1169 1186
1168 1187
851 1188
853 1189
852 1190
234 1191
545 1192
1483 1193
1172 1194
856 1195
566 1196
565 1197
567 1198
564 1199
571 1200
255 1201
254 1202
256 1203
253 1204
260 1205
1504 1206
1503 1207
1505 1208
1502 1209
1509 1210
1193 1211
1192 1212
1194 1213
1191 1214
1198 1215
877 1216
876 1217
878 1218
875 1219
882 1220
568 1221
257 1222
1506 1223
1195 1224
879 1225
570 1226
569 1227
259 1228
258 1229
1508 1230
1507 1231
1197 1232
1196 1233
881 1234
880 1235
1200 1236
1199 1237
1201 1238
889 1239
888 1240
890 1241
1511 1242
1510 1243
1512 1244
262 1245
261 1246
263 1247
884 1248
883 1249
885 1250
573 1251
572 1252
574 1253
1203 1254
1202 1255
892 1256
891 1257
1514 1258
1513 1259
265 1260
264 1261
887 1262
886 1263
576 1264
575 1265
351 1266
40 1267
662 1268
978 1269
1289 1270
663 1271
352 1272
1290 1273
979 1274
41 1275
664 1276
353 1277
1291 1278
980 1279
42 1280
1051 1281
735 1282
113 1283
1362 1284
424 1285
1068 1286
1069 1287
752 1288
753 1289
130 1290
131 1291
1379 1292
1380 1293
441 1294
442 1295
1059 1296
1056 1297
1057 1298
743 1299
740 1300
741 1301
121 1302
118 1303
119 1304
1370 1305
1367 1306
1368 1307
432 1308
429 1309
430 1310
1058 1311
742 1312
120 1313
1369 1314
431 1315
1067 1316
1066 1317
751 1318
750 1319
129 1320
128 1321
1378 1322
1377 1323
440 1324
439 1325
1065 1326
1064 1327
749 1328
748 1329
127 1330
126 1331
1376 1332
1375 1333
438 1334
437 1335
1055 1336
1052 1337
1054 1338
1053 1339
739 1340
736 1341
738 1342
737 1343
117 1344
114 1345
116 1346
115 1347
1366 1348
1363 1349
1365 1350
1364 1351
428 1352
425 1353
427 1354
426 1355
1063 1356
747 1357
125 1358
1374 1359
436 1360
1061 1361
1060 1362
745 1363
744 1364
123 1365
122 1366
1372 1367
1371 1368
434 1369
433 1370
1062 1371
746 1372
124 1373
1373 1374
435 1375
782 1376
160 1377
1098 1378
471 1379
1409 1380
779 1381
157 1382
1095 1383
468 1384
1406 1385
765 1386
766 1387
764 1388
143 1389
144 1390
142 1391
1081 1392
1082 1393
1080 1394
454 1395
455 1396
453 1397
1392 1398
1393 1399
1391 1400
776 1401
154 1402
1092 1403
465 1404
1403 1405
768 1406
760 1407
758 1408
769 1409
146 1410
138 1411
136 1412
147 1413
1084 1414
1076 1415
1074 1416
1085 1417
457 1418
449 1419
447 1420
458 1421
1395 1422
1387 1423
1385 1424
1396 1425
759 1426
767 1427
754 1428
763 1429
137 1430
145 1431
132 1432
141 1433
1075 1434
1083 1435
1070 1436
1079 1437
448 1438
456 1439
443 1440
452 1441
1386 1442
1394 1443
1381 1444
1390 1445
783 1446
785 1447
161 1448
163 1449
1099 1450
1101 1451
472 1452
474 1453
1410 1454
1412 1455
778 1456
780 1457
156 1458
158 1459
1094 1460
1096 1461
467 1462
469 1463
1405 1464
1407 1465
781 1466
159 1467
1097 1468
470 1469
1408 1470
777 1471
155 1472
1093 1473
466 1474
1404 1475
784 1476
162 1477
1100 1478
473 1479
1411 1480
762 1481
761 1482
140 1483
139 1484
1078 1485
1077 1486
451 1487
450 1488
1389 1489
1388 1490
770 1491
772 1492
775 1493
771 1494
774 1495
773 1496
148 1497
150 1498
153 1499
149 1500
152 1501
151 1502
1086 1503
1088 1504
1091 1505
1087 1506
1090 1507
1089 1508
459 1509
461 1510
464 1511
460 1512
463 1513
462 1514
1397 1515
1399 1516
1402 1517
1398 1518
1401 1519
1400 1520
755 1521
757 1522
756 1523
133 1524
135 1525
134 1526
1071 1527
1073 1528
1072 1529
444 1530
446 1531
445 1532
1382 1533
1384 1534
1383 1535
478 1536
789 1537
1416 1538
1105 1539
167 1540
479 1541
790 1542
1417 1543
1106 1544
168 1545
481 1546
792 1547
1419 1548
1108 1549
170 1550
480 1551
791 1552
1418 1553
1107 1554
169 1555
477 1556
788 1557
1415 1558
1104 1559
166 1560
