INPUT_PARAMETERS
numAisles 16
numExtraCrossAisles 0
numShelves 3
minimumProductsRequired 1560
aisleWidth 3
rackDepth 1
locationWidth 1
crossAisleWidth 3
sourceToFirstCrossAisle 1

DATA
numLocationsPerAisleSide 17
totalLocations 1632
totalVertices 305
numProductVertices 272
numArtificialVertices 32
crossAislesPositions 0 16

all_locations_X_aislePos_Y_aisleSide_Z_shelf
0
1 0 0 0
2 0 0 1
3 0 0 2
4 1 0 0
5 1 0 1
6 1 0 2
7 2 0 0
8 2 0 1
9 2 0 2
10 3 0 0
11 3 0 1
12 3 0 2
13 4 0 0
14 4 0 1
15 4 0 2
16 5 0 0
17 5 0 1
18 5 0 2
19 6 0 0
20 6 0 1
21 6 0 2
22 7 0 0
23 7 0 1
24 7 0 2
25 8 0 0
26 8 0 1
27 8 0 2
28 9 0 0
29 9 0 1
30 9 0 2
31 10 0 0
32 10 0 1
33 10 0 2
34 11 0 0
35 11 0 1
36 11 0 2
37 12 0 0
38 12 0 1
39 12 0 2
40 13 0 0
41 13 0 1
42 13 0 2
43 14 0 0
44 14 0 1
45 14 0 2
46 15 0 0
47 15 0 1
48 15 0 2
49 16 0 0
50 16 0 1
51 16 0 2
52 0 1 0
53 0 1 1
54 0 1 2
55 1 1 0
56 1 1 1
57 1 1 2
58 2 1 0
59 2 1 1
60 2 1 2
61 3 1 0
62 3 1 1
63 3 1 2
64 4 1 0
65 4 1 1
66 4 1 2
67 5 1 0
68 5 1 1
69 5 1 2
70 6 1 0
71 6 1 1
72 6 1 2
73 7 1 0
74 7 1 1
75 7 1 2
76 8 1 0
77 8 1 1
78 8 1 2
79 9 1 0
80 9 1 1
81 9 1 2
82 10 1 0
83 10 1 1
84 10 1 2
85 11 1 0
86 11 1 1
87 11 1 2
88 12 1 0
89 12 1 1
90 12 1 2
91 13 1 0
92 13 1 1
93 13 1 2
94 14 1 0
95 14 1 1
96 14 1 2
97 15 1 0
98 15 1 1
99 15 1 2
100 16 1 0
101 16 1 1
102 16 1 2
103 0 2 0
104 0 2 1
105 0 2 2
106 1 2 0
107 1 2 1
108 1 2 2
109 2 2 0
110 2 2 1
111 2 2 2
112 3 2 0
113 3 2 1
114 3 2 2
115 4 2 0
116 4 2 1
117 4 2 2
118 5 2 0
119 5 2 1
120 5 2 2
121 6 2 0
122 6 2 1
123 6 2 2
124 7 2 0
125 7 2 1
126 7 2 2
127 8 2 0
128 8 2 1
129 8 2 2
130 9 2 0
131 9 2 1
132 9 2 2
133 10 2 0
134 10 2 1
135 10 2 2
136 11 2 0
137 11 2 1
138 11 2 2
139 12 2 0
140 12 2 1
141 12 2 2
142 13 2 0
143 13 2 1
144 13 2 2
145 14 2 0
146 14 2 1
147 14 2 2
148 15 2 0
149 15 2 1
150 15 2 2
151 16 2 0
152 16 2 1
153 16 2 2
154 0 3 0
155 0 3 1
156 0 3 2
157 1 3 0
158 1 3 1
159 1 3 2
160 2 3 0
161 2 3 1
162 2 3 2
163 3 3 0
164 3 3 1
165 3 3 2
166 4 3 0
167 4 3 1
168 4 3 2
169 5 3 0
170 5 3 1
171 5 3 2
172 6 3 0
173 6 3 1
174 6 3 2
175 7 3 0
176 7 3 1
177 7 3 2
178 8 3 0
179 8 3 1
180 8 3 2
181 9 3 0
182 9 3 1
183 9 3 2
184 10 3 0
185 10 3 1
186 10 3 2
187 11 3 0
188 11 3 1
189 11 3 2
190 12 3 0
191 12 3 1
192 12 3 2
193 13 3 0
194 13 3 1
195 13 3 2
196 14 3 0
197 14 3 1
198 14 3 2
199 15 3 0
200 15 3 1
201 15 3 2
202 16 3 0
203 16 3 1
204 16 3 2
205 0 4 0
206 0 4 1
207 0 4 2
208 1 4 0
209 1 4 1
210 1 4 2
211 2 4 0
212 2 4 1
213 2 4 2
214 3 4 0
215 3 4 1
216 3 4 2
217 4 4 0
218 4 4 1
219 4 4 2
220 5 4 0
221 5 4 1
222 5 4 2
223 6 4 0
224 6 4 1
225 6 4 2
226 7 4 0
227 7 4 1
228 7 4 2
229 8 4 0
230 8 4 1
231 8 4 2
232 9 4 0
233 9 4 1
234 9 4 2
235 10 4 0
236 10 4 1
237 10 4 2
238 11 4 0
239 11 4 1
240 11 4 2
241 12 4 0
242 12 4 1
243 12 4 2
244 13 4 0
245 13 4 1
246 13 4 2
247 14 4 0
248 14 4 1
249 14 4 2
250 15 4 0
251 15 4 1
252 15 4 2
253 16 4 0
254 16 4 1
255 16 4 2
256 0 5 0
257 0 5 1
258 0 5 2
259 1 5 0
260 1 5 1
261 1 5 2
262 2 5 0
263 2 5 1
264 2 5 2
265 3 5 0
266 3 5 1
267 3 5 2
268 4 5 0
269 4 5 1
270 4 5 2
271 5 5 0
272 5 5 1
273 5 5 2
274 6 5 0
275 6 5 1
276 6 5 2
277 7 5 0
278 7 5 1
279 7 5 2
280 8 5 0
281 8 5 1
282 8 5 2
283 9 5 0
284 9 5 1
285 9 5 2
286 10 5 0
287 10 5 1
288 10 5 2
289 11 5 0
290 11 5 1
291 11 5 2
292 12 5 0
293 12 5 1
294 12 5 2
295 13 5 0
296 13 5 1
297 13 5 2
298 14 5 0
299 14 5 1
300 14 5 2
301 15 5 0
302 15 5 1
303 15 5 2
304 16 5 0
305 16 5 1
306 16 5 2
307 0 6 0
308 0 6 1
309 0 6 2
310 1 6 0
311 1 6 1
312 1 6 2
313 2 6 0
314 2 6 1
315 2 6 2
316 3 6 0
317 3 6 1
318 3 6 2
319 4 6 0
320 4 6 1
321 4 6 2
322 5 6 0
323 5 6 1
324 5 6 2
325 6 6 0
326 6 6 1
327 6 6 2
328 7 6 0
329 7 6 1
330 7 6 2
331 8 6 0
332 8 6 1
333 8 6 2
334 9 6 0
335 9 6 1
336 9 6 2
337 10 6 0
338 10 6 1
339 10 6 2
340 11 6 0
341 11 6 1
342 11 6 2
343 12 6 0
344 12 6 1
345 12 6 2
346 13 6 0
347 13 6 1
348 13 6 2
349 14 6 0
350 14 6 1
351 14 6 2
352 15 6 0
353 15 6 1
354 15 6 2
355 16 6 0
356 16 6 1
357 16 6 2
358 0 7 0
359 0 7 1
360 0 7 2
361 1 7 0
362 1 7 1
363 1 7 2
364 2 7 0
365 2 7 1
366 2 7 2
367 3 7 0
368 3 7 1
369 3 7 2
370 4 7 0
371 4 7 1
372 4 7 2
373 5 7 0
374 5 7 1
375 5 7 2
376 6 7 0
377 6 7 1
378 6 7 2
379 7 7 0
380 7 7 1
381 7 7 2
382 8 7 0
383 8 7 1
384 8 7 2
385 9 7 0
386 9 7 1
387 9 7 2
388 10 7 0
389 10 7 1
390 10 7 2
391 11 7 0
392 11 7 1
393 11 7 2
394 12 7 0
395 12 7 1
396 12 7 2
397 13 7 0
398 13 7 1
399 13 7 2
400 14 7 0
401 14 7 1
402 14 7 2
403 15 7 0
404 15 7 1
405 15 7 2
406 16 7 0
407 16 7 1
408 16 7 2
409 0 8 0
410 0 8 1
411 0 8 2
412 1 8 0
413 1 8 1
414 1 8 2
415 2 8 0
416 2 8 1
417 2 8 2
418 3 8 0
419 3 8 1
420 3 8 2
421 4 8 0
422 4 8 1
423 4 8 2
424 5 8 0
425 5 8 1
426 5 8 2
427 6 8 0
428 6 8 1
429 6 8 2
430 7 8 0
431 7 8 1
432 7 8 2
433 8 8 0
434 8 8 1
435 8 8 2
436 9 8 0
437 9 8 1
438 9 8 2
439 10 8 0
440 10 8 1
441 10 8 2
442 11 8 0
443 11 8 1
444 11 8 2
445 12 8 0
446 12 8 1
447 12 8 2
448 13 8 0
449 13 8 1
450 13 8 2
451 14 8 0
452 14 8 1
453 14 8 2
454 15 8 0
455 15 8 1
456 15 8 2
457 16 8 0
458 16 8 1
459 16 8 2
460 0 9 0
461 0 9 1
462 0 9 2
463 1 9 0
464 1 9 1
465 1 9 2
466 2 9 0
467 2 9 1
468 2 9 2
469 3 9 0
470 3 9 1
471 3 9 2
472 4 9 0
473 4 9 1
474 4 9 2
475 5 9 0
476 5 9 1
477 5 9 2
478 6 9 0
479 6 9 1
480 6 9 2
481 7 9 0
482 7 9 1
483 7 9 2
484 8 9 0
485 8 9 1
486 8 9 2
487 9 9 0
488 9 9 1
489 9 9 2
490 10 9 0
491 10 9 1
492 10 9 2
493 11 9 0
494 11 9 1
495 11 9 2
496 12 9 0
497 12 9 1
498 12 9 2
499 13 9 0
500 13 9 1
501 13 9 2
502 14 9 0
503 14 9 1
504 14 9 2
505 15 9 0
506 15 9 1
507 15 9 2
508 16 9 0
509 16 9 1
510 16 9 2
511 0 10 0
512 0 10 1
513 0 10 2
514 1 10 0
515 1 10 1
516 1 10 2
517 2 10 0
518 2 10 1
519 2 10 2
520 3 10 0
521 3 10 1
522 3 10 2
523 4 10 0
524 4 10 1
525 4 10 2
526 5 10 0
527 5 10 1
528 5 10 2
529 6 10 0
530 6 10 1
531 6 10 2
532 7 10 0
533 7 10 1
534 7 10 2
535 8 10 0
536 8 10 1
537 8 10 2
538 9 10 0
539 9 10 1
540 9 10 2
541 10 10 0
542 10 10 1
543 10 10 2
544 11 10 0
545 11 10 1
546 11 10 2
547 12 10 0
548 12 10 1
549 12 10 2
550 13 10 0
551 13 10 1
552 13 10 2
553 14 10 0
554 14 10 1
555 14 10 2
556 15 10 0
557 15 10 1
558 15 10 2
559 16 10 0
560 16 10 1
561 16 10 2
562 0 11 0
563 0 11 1
564 0 11 2
565 1 11 0
566 1 11 1
567 1 11 2
568 2 11 0
569 2 11 1
570 2 11 2
571 3 11 0
572 3 11 1
573 3 11 2
574 4 11 0
575 4 11 1
576 4 11 2
577 5 11 0
578 5 11 1
579 5 11 2
580 6 11 0
581 6 11 1
582 6 11 2
583 7 11 0
584 7 11 1
585 7 11 2
586 8 11 0
587 8 11 1
588 8 11 2
589 9 11 0
590 9 11 1
591 9 11 2
592 10 11 0
593 10 11 1
594 10 11 2
595 11 11 0
596 11 11 1
597 11 11 2
598 12 11 0
599 12 11 1
600 12 11 2
601 13 11 0
602 13 11 1
603 13 11 2
604 14 11 0
605 14 11 1
606 14 11 2
607 15 11 0
608 15 11 1
609 15 11 2
610 16 11 0
611 16 11 1
612 16 11 2
613 0 12 0
614 0 12 1
615 0 12 2
616 1 12 0
617 1 12 1
618 1 12 2
619 2 12 0
620 2 12 1
621 2 12 2
622 3 12 0
623 3 12 1
624 3 12 2
625 4 12 0
626 4 12 1
627 4 12 2
628 5 12 0
629 5 12 1
630 5 12 2
631 6 12 0
632 6 12 1
633 6 12 2
634 7 12 0
635 7 12 1
636 7 12 2
637 8 12 0
638 8 12 1
639 8 12 2
640 9 12 0
641 9 12 1
642 9 12 2
643 10 12 0
644 10 12 1
645 10 12 2
646 11 12 0
647 11 12 1
648 11 12 2
649 12 12 0
650 12 12 1
651 12 12 2
652 13 12 0
653 13 12 1
654 13 12 2
655 14 12 0
656 14 12 1
657 14 12 2
658 15 12 0
659 15 12 1
660 15 12 2
661 16 12 0
662 16 12 1
663 16 12 2
664 0 13 0
665 0 13 1
666 0 13 2
667 1 13 0
668 1 13 1
669 1 13 2
670 2 13 0
671 2 13 1
672 2 13 2
673 3 13 0
674 3 13 1
675 3 13 2
676 4 13 0
677 4 13 1
678 4 13 2
679 5 13 0
680 5 13 1
681 5 13 2
682 6 13 0
683 6 13 1
684 6 13 2
685 7 13 0
686 7 13 1
687 7 13 2
688 8 13 0
689 8 13 1
690 8 13 2
691 9 13 0
692 9 13 1
693 9 13 2
694 10 13 0
695 10 13 1
696 10 13 2
697 11 13 0
698 11 13 1
699 11 13 2
700 12 13 0
701 12 13 1
702 12 13 2
703 13 13 0
704 13 13 1
705 13 13 2
706 14 13 0
707 14 13 1
708 14 13 2
709 15 13 0
710 15 13 1
711 15 13 2
712 16 13 0
713 16 13 1
714 16 13 2
715 0 14 0
716 0 14 1
717 0 14 2
718 1 14 0
719 1 14 1
720 1 14 2
721 2 14 0
722 2 14 1
723 2 14 2
724 3 14 0
725 3 14 1
726 3 14 2
727 4 14 0
728 4 14 1
729 4 14 2
730 5 14 0
731 5 14 1
732 5 14 2
733 6 14 0
734 6 14 1
735 6 14 2
736 7 14 0
737 7 14 1
738 7 14 2
739 8 14 0
740 8 14 1
741 8 14 2
742 9 14 0
743 9 14 1
744 9 14 2
745 10 14 0
746 10 14 1
747 10 14 2
748 11 14 0
749 11 14 1
750 11 14 2
751 12 14 0
752 12 14 1
753 12 14 2
754 13 14 0
755 13 14 1
756 13 14 2
757 14 14 0
758 14 14 1
759 14 14 2
760 15 14 0
761 15 14 1
762 15 14 2
763 16 14 0
764 16 14 1
765 16 14 2
766 0 15 0
767 0 15 1
768 0 15 2
769 1 15 0
770 1 15 1
771 1 15 2
772 2 15 0
773 2 15 1
774 2 15 2
775 3 15 0
776 3 15 1
777 3 15 2
778 4 15 0
779 4 15 1
780 4 15 2
781 5 15 0
782 5 15 1
783 5 15 2
784 6 15 0
785 6 15 1
786 6 15 2
787 7 15 0
788 7 15 1
789 7 15 2
790 8 15 0
791 8 15 1
792 8 15 2
793 9 15 0
794 9 15 1
795 9 15 2
796 10 15 0
797 10 15 1
798 10 15 2
799 11 15 0
800 11 15 1
801 11 15 2
802 12 15 0
803 12 15 1
804 12 15 2
805 13 15 0
806 13 15 1
807 13 15 2
808 14 15 0
809 14 15 1
810 14 15 2
811 15 15 0
812 15 15 1
813 15 15 2
814 16 15 0
815 16 15 1
816 16 15 2
817 0 16 0
818 0 16 1
819 0 16 2
820 1 16 0
821 1 16 1
822 1 16 2
823 2 16 0
824 2 16 1
825 2 16 2
826 3 16 0
827 3 16 1
828 3 16 2
829 4 16 0
830 4 16 1
831 4 16 2
832 5 16 0
833 5 16 1
834 5 16 2
835 6 16 0
836 6 16 1
837 6 16 2
838 7 16 0
839 7 16 1
840 7 16 2
841 8 16 0
842 8 16 1
843 8 16 2
844 9 16 0
845 9 16 1
846 9 16 2
847 10 16 0
848 10 16 1
849 10 16 2
850 11 16 0
851 11 16 1
852 11 16 2
853 12 16 0
854 12 16 1
855 12 16 2
856 13 16 0
857 13 16 1
858 13 16 2
859 14 16 0
860 14 16 1
861 14 16 2
862 15 16 0
863 15 16 1
864 15 16 2
865 16 16 0
866 16 16 1
867 16 16 2
868 0 17 0
869 0 17 1
870 0 17 2
871 1 17 0
872 1 17 1
873 1 17 2
874 2 17 0
875 2 17 1
876 2 17 2
877 3 17 0
878 3 17 1
879 3 17 2
880 4 17 0
881 4 17 1
882 4 17 2
883 5 17 0
884 5 17 1
885 5 17 2
886 6 17 0
887 6 17 1
888 6 17 2
889 7 17 0
890 7 17 1
891 7 17 2
892 8 17 0
893 8 17 1
894 8 17 2
895 9 17 0
896 9 17 1
897 9 17 2
898 10 17 0
899 10 17 1
900 10 17 2
901 11 17 0
902 11 17 1
903 11 17 2
904 12 17 0
905 12 17 1
906 12 17 2
907 13 17 0
908 13 17 1
909 13 17 2
910 14 17 0
911 14 17 1
912 14 17 2
913 15 17 0
914 15 17 1
915 15 17 2
916 16 17 0
917 16 17 1
918 16 17 2
919 0 18 0
920 0 18 1
921 0 18 2
922 1 18 0
923 1 18 1
924 1 18 2
925 2 18 0
926 2 18 1
927 2 18 2
928 3 18 0
929 3 18 1
930 3 18 2
931 4 18 0
932 4 18 1
933 4 18 2
934 5 18 0
935 5 18 1
936 5 18 2
937 6 18 0
938 6 18 1
939 6 18 2
940 7 18 0
941 7 18 1
942 7 18 2
943 8 18 0
944 8 18 1
945 8 18 2
946 9 18 0
947 9 18 1
948 9 18 2
949 10 18 0
950 10 18 1
951 10 18 2
952 11 18 0
953 11 18 1
954 11 18 2
955 12 18 0
956 12 18 1
957 12 18 2
958 13 18 0
959 13 18 1
960 13 18 2
961 14 18 0
962 14 18 1
963 14 18 2
964 15 18 0
965 15 18 1
966 15 18 2
967 16 18 0
968 16 18 1
969 16 18 2
970 0 19 0
971 0 19 1
972 0 19 2
973 1 19 0
974 1 19 1
975 1 19 2
976 2 19 0
977 2 19 1
978 2 19 2
979 3 19 0
980 3 19 1
981 3 19 2
982 4 19 0
983 4 19 1
984 4 19 2
985 5 19 0
986 5 19 1
987 5 19 2
988 6 19 0
989 6 19 1
990 6 19 2
991 7 19 0
992 7 19 1
993 7 19 2
994 8 19 0
995 8 19 1
996 8 19 2
997 9 19 0
998 9 19 1
999 9 19 2
1000 10 19 0
1001 10 19 1
1002 10 19 2
1003 11 19 0
1004 11 19 1
1005 11 19 2
1006 12 19 0
1007 12 19 1
1008 12 19 2
1009 13 19 0
1010 13 19 1
1011 13 19 2
1012 14 19 0
1013 14 19 1
1014 14 19 2
1015 15 19 0
1016 15 19 1
1017 15 19 2
1018 16 19 0
1019 16 19 1
1020 16 19 2
1021 0 20 0
1022 0 20 1
1023 0 20 2
1024 1 20 0
1025 1 20 1
1026 1 20 2
1027 2 20 0
1028 2 20 1
1029 2 20 2
1030 3 20 0
1031 3 20 1
1032 3 20 2
1033 4 20 0
1034 4 20 1
1035 4 20 2
1036 5 20 0
1037 5 20 1
1038 5 20 2
1039 6 20 0
1040 6 20 1
1041 6 20 2
1042 7 20 0
1043 7 20 1
1044 7 20 2
1045 8 20 0
1046 8 20 1
1047 8 20 2
1048 9 20 0
1049 9 20 1
1050 9 20 2
1051 10 20 0
1052 10 20 1
1053 10 20 2
1054 11 20 0
1055 11 20 1
1056 11 20 2
1057 12 20 0
1058 12 20 1
1059 12 20 2
1060 13 20 0
1061 13 20 1
1062 13 20 2
1063 14 20 0
1064 14 20 1
1065 14 20 2
1066 15 20 0
1067 15 20 1
1068 15 20 2
1069 16 20 0
1070 16 20 1
1071 16 20 2
1072 0 21 0
1073 0 21 1
1074 0 21 2
1075 1 21 0
1076 1 21 1
1077 1 21 2
1078 2 21 0
1079 2 21 1
1080 2 21 2
1081 3 21 0
1082 3 21 1
1083 3 21 2
1084 4 21 0
1085 4 21 1
1086 4 21 2
1087 5 21 0
1088 5 21 1
1089 5 21 2
1090 6 21 0
1091 6 21 1
1092 6 21 2
1093 7 21 0
1094 7 21 1
1095 7 21 2
1096 8 21 0
1097 8 21 1
1098 8 21 2
1099 9 21 0
1100 9 21 1
1101 9 21 2
1102 10 21 0
1103 10 21 1
1104 10 21 2
1105 11 21 0
1106 11 21 1
1107 11 21 2
1108 12 21 0
1109 12 21 1
1110 12 21 2
1111 13 21 0
1112 13 21 1
1113 13 21 2
1114 14 21 0
1115 14 21 1
1116 14 21 2
1117 15 21 0
1118 15 21 1
1119 15 21 2
1120 16 21 0
1121 16 21 1
1122 16 21 2
1123 0 22 0
1124 0 22 1
1125 0 22 2
1126 1 22 0
1127 1 22 1
1128 1 22 2
1129 2 22 0
1130 2 22 1
1131 2 22 2
1132 3 22 0
1133 3 22 1
1134 3 22 2
1135 4 22 0
1136 4 22 1
1137 4 22 2
1138 5 22 0
1139 5 22 1
1140 5 22 2
1141 6 22 0
1142 6 22 1
1143 6 22 2
1144 7 22 0
1145 7 22 1
1146 7 22 2
1147 8 22 0
1148 8 22 1
1149 8 22 2
1150 9 22 0
1151 9 22 1
1152 9 22 2
1153 10 22 0
1154 10 22 1
1155 10 22 2
1156 11 22 0
1157 11 22 1
1158 11 22 2
1159 12 22 0
1160 12 22 1
1161 12 22 2
1162 13 22 0
1163 13 22 1
1164 13 22 2
1165 14 22 0
1166 14 22 1
1167 14 22 2
1168 15 22 0
1169 15 22 1
1170 15 22 2
1171 16 22 0
1172 16 22 1
1173 16 22 2
1174 0 23 0
1175 0 23 1
1176 0 23 2
1177 1 23 0
1178 1 23 1
1179 1 23 2
1180 2 23 0
1181 2 23 1
1182 2 23 2
1183 3 23 0
1184 3 23 1
1185 3 23 2
1186 4 23 0
1187 4 23 1
1188 4 23 2
1189 5 23 0
1190 5 23 1
1191 5 23 2
1192 6 23 0
1193 6 23 1
1194 6 23 2
1195 7 23 0
1196 7 23 1
1197 7 23 2
1198 8 23 0
1199 8 23 1
1200 8 23 2
1201 9 23 0
1202 9 23 1
1203 9 23 2
1204 10 23 0
1205 10 23 1
1206 10 23 2
1207 11 23 0
1208 11 23 1
1209 11 23 2
1210 12 23 0
1211 12 23 1
1212 12 23 2
1213 13 23 0
1214 13 23 1
1215 13 23 2
1216 14 23 0
1217 14 23 1
1218 14 23 2
1219 15 23 0
1220 15 23 1
1221 15 23 2
1222 16 23 0
1223 16 23 1
1224 16 23 2
1225 0 24 0
1226 0 24 1
1227 0 24 2
1228 1 24 0
1229 1 24 1
1230 1 24 2
1231 2 24 0
1232 2 24 1
1233 2 24 2
1234 3 24 0
1235 3 24 1
1236 3 24 2
1237 4 24 0
1238 4 24 1
1239 4 24 2
1240 5 24 0
1241 5 24 1
1242 5 24 2
1243 6 24 0
1244 6 24 1
1245 6 24 2
1246 7 24 0
1247 7 24 1
1248 7 24 2
1249 8 24 0
1250 8 24 1
1251 8 24 2
1252 9 24 0
1253 9 24 1
1254 9 24 2
1255 10 24 0
1256 10 24 1
1257 10 24 2
1258 11 24 0
1259 11 24 1
1260 11 24 2
1261 12 24 0
1262 12 24 1
1263 12 24 2
1264 13 24 0
1265 13 24 1
1266 13 24 2
1267 14 24 0
1268 14 24 1
1269 14 24 2
1270 15 24 0
1271 15 24 1
1272 15 24 2
1273 16 24 0
1274 16 24 1
1275 16 24 2
1276 0 25 0
1277 0 25 1
1278 0 25 2
1279 1 25 0
1280 1 25 1
1281 1 25 2
1282 2 25 0
1283 2 25 1
1284 2 25 2
1285 3 25 0
1286 3 25 1
1287 3 25 2
1288 4 25 0
1289 4 25 1
1290 4 25 2
1291 5 25 0
1292 5 25 1
1293 5 25 2
1294 6 25 0
1295 6 25 1
1296 6 25 2
1297 7 25 0
1298 7 25 1
1299 7 25 2
1300 8 25 0
1301 8 25 1
1302 8 25 2
1303 9 25 0
1304 9 25 1
1305 9 25 2
1306 10 25 0
1307 10 25 1
1308 10 25 2
1309 11 25 0
1310 11 25 1
1311 11 25 2
1312 12 25 0
1313 12 25 1
1314 12 25 2
1315 13 25 0
1316 13 25 1
1317 13 25 2
1318 14 25 0
1319 14 25 1
1320 14 25 2
1321 15 25 0
1322 15 25 1
1323 15 25 2
1324 16 25 0
1325 16 25 1
1326 16 25 2
1327 0 26 0
1328 0 26 1
1329 0 26 2
1330 1 26 0
1331 1 26 1
1332 1 26 2
1333 2 26 0
1334 2 26 1
1335 2 26 2
1336 3 26 0
1337 3 26 1
1338 3 26 2
1339 4 26 0
1340 4 26 1
1341 4 26 2
1342 5 26 0
1343 5 26 1
1344 5 26 2
1345 6 26 0
1346 6 26 1
1347 6 26 2
1348 7 26 0
1349 7 26 1
1350 7 26 2
1351 8 26 0
1352 8 26 1
1353 8 26 2
1354 9 26 0
1355 9 26 1
1356 9 26 2
1357 10 26 0
1358 10 26 1
1359 10 26 2
1360 11 26 0
1361 11 26 1
1362 11 26 2
1363 12 26 0
1364 12 26 1
1365 12 26 2
1366 13 26 0
1367 13 26 1
1368 13 26 2
1369 14 26 0
1370 14 26 1
1371 14 26 2
1372 15 26 0
1373 15 26 1
1374 15 26 2
1375 16 26 0
1376 16 26 1
1377 16 26 2
1378 0 27 0
1379 0 27 1
1380 0 27 2
1381 1 27 0
1382 1 27 1
1383 1 27 2
1384 2 27 0
1385 2 27 1
1386 2 27 2
1387 3 27 0
1388 3 27 1
1389 3 27 2
1390 4 27 0
1391 4 27 1
1392 4 27 2
1393 5 27 0
1394 5 27 1
1395 5 27 2
1396 6 27 0
1397 6 27 1
1398 6 27 2
1399 7 27 0
1400 7 27 1
1401 7 27 2
1402 8 27 0
1403 8 27 1
1404 8 27 2
1405 9 27 0
1406 9 27 1
1407 9 27 2
1408 10 27 0
1409 10 27 1
1410 10 27 2
1411 11 27 0
1412 11 27 1
1413 11 27 2
1414 12 27 0
1415 12 27 1
1416 12 27 2
1417 13 27 0
1418 13 27 1
1419 13 27 2
1420 14 27 0
1421 14 27 1
1422 14 27 2
1423 15 27 0
1424 15 27 1
1425 15 27 2
1426 16 27 0
1427 16 27 1
1428 16 27 2
1429 0 28 0
1430 0 28 1
1431 0 28 2
1432 1 28 0
1433 1 28 1
1434 1 28 2
1435 2 28 0
1436 2 28 1
1437 2 28 2
1438 3 28 0
1439 3 28 1
1440 3 28 2
1441 4 28 0
1442 4 28 1
1443 4 28 2
1444 5 28 0
1445 5 28 1
1446 5 28 2
1447 6 28 0
1448 6 28 1
1449 6 28 2
1450 7 28 0
1451 7 28 1
1452 7 28 2
1453 8 28 0
1454 8 28 1
1455 8 28 2
1456 9 28 0
1457 9 28 1
1458 9 28 2
1459 10 28 0
1460 10 28 1
1461 10 28 2
1462 11 28 0
1463 11 28 1
1464 11 28 2
1465 12 28 0
1466 12 28 1
1467 12 28 2
1468 13 28 0
1469 13 28 1
1470 13 28 2
1471 14 28 0
1472 14 28 1
1473 14 28 2
1474 15 28 0
1475 15 28 1
1476 15 28 2
1477 16 28 0
1478 16 28 1
1479 16 28 2
1480 0 29 0
1481 0 29 1
1482 0 29 2
1483 1 29 0
1484 1 29 1
1485 1 29 2
1486 2 29 0
1487 2 29 1
1488 2 29 2
1489 3 29 0
1490 3 29 1
1491 3 29 2
1492 4 29 0
1493 4 29 1
1494 4 29 2
1495 5 29 0
1496 5 29 1
1497 5 29 2
1498 6 29 0
1499 6 29 1
1500 6 29 2
1501 7 29 0
1502 7 29 1
1503 7 29 2
1504 8 29 0
1505 8 29 1
1506 8 29 2
1507 9 29 0
1508 9 29 1
1509 9 29 2
1510 10 29 0
1511 10 29 1
1512 10 29 2
1513 11 29 0
1514 11 29 1
1515 11 29 2
1516 12 29 0
1517 12 29 1
1518 12 29 2
1519 13 29 0
1520 13 29 1
1521 13 29 2
1522 14 29 0
1523 14 29 1
1524 14 29 2
1525 15 29 0
1526 15 29 1
1527 15 29 2
1528 16 29 0
1529 16 29 1
1530 16 29 2
1531 0 30 0
1532 0 30 1
1533 0 30 2
1534 1 30 0
1535 1 30 1
1536 1 30 2
1537 2 30 0
1538 2 30 1
1539 2 30 2
1540 3 30 0
1541 3 30 1
1542 3 30 2
1543 4 30 0
1544 4 30 1
1545 4 30 2
1546 5 30 0
1547 5 30 1
1548 5 30 2
1549 6 30 0
1550 6 30 1
1551 6 30 2
1552 7 30 0
1553 7 30 1
1554 7 30 2
1555 8 30 0
1556 8 30 1
1557 8 30 2
1558 9 30 0
1559 9 30 1
1560 9 30 2
1561 10 30 0
1562 10 30 1
1563 10 30 2
1564 11 30 0
1565 11 30 1
1566 11 30 2
1567 12 30 0
1568 12 30 1
1569 12 30 2
1570 13 30 0
1571 13 30 1
1572 13 30 2
1573 14 30 0
1574 14 30 1
1575 14 30 2
1576 15 30 0
1577 15 30 1
1578 15 30 2
1579 16 30 0
1580 16 30 1
1581 16 30 2
1582 0 31 0
1583 0 31 1
1584 0 31 2
1585 1 31 0
1586 1 31 1
1587 1 31 2
1588 2 31 0
1589 2 31 1
1590 2 31 2
1591 3 31 0
1592 3 31 1
1593 3 31 2
1594 4 31 0
1595 4 31 1
1596 4 31 2
1597 5 31 0
1598 5 31 1
1599 5 31 2
1600 6 31 0
1601 6 31 1
1602 6 31 2
1603 7 31 0
1604 7 31 1
1605 7 31 2
1606 8 31 0
1607 8 31 1
1608 8 31 2
1609 9 31 0
1610 9 31 1
1611 9 31 2
1612 10 31 0
1613 10 31 1
1614 10 31 2
1615 11 31 0
1616 11 31 1
1617 11 31 2
1618 12 31 0
1619 12 31 1
1620 12 31 2
1621 13 31 0
1622 13 31 1
1623 13 31 2
1624 14 31 0
1625 14 31 1
1626 14 31 2
1627 15 31 0
1628 15 31 1
1629 15 31 2
1630 16 31 0
1631 16 31 1
1632 16 31 2


position_product_vertices_X_aislePos_Y_aisle
1 0 0
2 1 0
3 2 0
4 3 0
5 4 0
6 5 0
7 6 0
8 7 0
9 8 0
10 9 0
11 10 0
12 11 0
13 12 0
14 13 0
15 14 0
16 15 0
17 16 0
18 0 1
19 1 1
20 2 1
21 3 1
22 4 1
23 5 1
24 6 1
25 7 1
26 8 1
27 9 1
28 10 1
29 11 1
30 12 1
31 13 1
32 14 1
33 15 1
34 16 1
35 0 2
36 1 2
37 2 2
38 3 2
39 4 2
40 5 2
41 6 2
42 7 2
43 8 2
44 9 2
45 10 2
46 11 2
47 12 2
48 13 2
49 14 2
50 15 2
51 16 2
52 0 3
53 1 3
54 2 3
55 3 3
56 4 3
57 5 3
58 6 3
59 7 3
60 8 3
61 9 3
62 10 3
63 11 3
64 12 3
65 13 3
66 14 3
67 15 3
68 16 3
69 0 4
70 1 4
71 2 4
72 3 4
73 4 4
74 5 4
75 6 4
76 7 4
77 8 4
78 9 4
79 10 4
80 11 4
81 12 4
82 13 4
83 14 4
84 15 4
85 16 4
86 0 5
87 1 5
88 2 5
89 3 5
90 4 5
91 5 5
92 6 5
93 7 5
94 8 5
95 9 5
96 10 5
97 11 5
98 12 5
99 13 5
100 14 5
101 15 5
102 16 5
103 0 6
104 1 6
105 2 6
106 3 6
107 4 6
108 5 6
109 6 6
110 7 6
111 8 6
112 9 6
113 10 6
114 11 6
115 12 6
116 13 6
117 14 6
118 15 6
119 16 6
120 0 7
121 1 7
122 2 7
123 3 7
124 4 7
125 5 7
126 6 7
127 7 7
128 8 7
129 9 7
130 10 7
131 11 7
132 12 7
133 13 7
134 14 7
135 15 7
136 16 7
137 0 8
138 1 8
139 2 8
140 3 8
141 4 8
142 5 8
143 6 8
144 7 8
145 8 8
146 9 8
147 10 8
148 11 8
149 12 8
150 13 8
151 14 8
152 15 8
153 16 8
154 0 9
155 1 9
156 2 9
157 3 9
158 4 9
159 5 9
160 6 9
161 7 9
162 8 9
163 9 9
164 10 9
165 11 9
166 12 9
167 13 9
168 14 9
169 15 9
170 16 9
171 0 10
172 1 10
173 2 10
174 3 10
175 4 10
176 5 10
177 6 10
178 7 10
179 8 10
180 9 10
181 10 10
182 11 10
183 12 10
184 13 10
185 14 10
186 15 10
187 16 10
188 0 11
189 1 11
190 2 11
191 3 11
192 4 11
193 5 11
194 6 11
195 7 11
196 8 11
197 9 11
198 10 11
199 11 11
200 12 11
201 13 11
202 14 11
203 15 11
204 16 11
205 0 12
206 1 12
207 2 12
208 3 12
209 4 12
210 5 12
211 6 12
212 7 12
213 8 12
214 9 12
215 10 12
216 11 12
217 12 12
218 13 12
219 14 12
220 15 12
221 16 12
222 0 13
223 1 13
224 2 13
225 3 13
226 4 13
227 5 13
228 6 13
229 7 13
230 8 13
231 9 13
232 10 13
233 11 13
234 12 13
235 13 13
236 14 13
237 15 13
238 16 13
239 0 14
240 1 14
241 2 14
242 3 14
243 4 14
244 5 14
245 6 14
246 7 14
247 8 14
248 9 14
249 10 14
250 11 14
251 12 14
252 13 14
253 14 14
254 15 14
255 16 14
256 0 15
257 1 15
258 2 15
259 3 15
260 4 15
261 5 15
262 6 15
263 7 15
264 8 15
265 9 15
266 10 15
267 11 15
268 12 15
269 13 15
270 14 15
271 15 15
272 16 15


position_artificial_vertices_aisle_block
273 0 0
274 0 1
275 0 2
276 0 3
277 0 4
278 0 5
279 0 6
280 0 7
281 0 8
282 0 9
283 0 10
284 0 11
285 0 12
286 0 13
287 0 14
288 0 15
289 1 0
290 1 1
291 1 2
292 1 3
293 1 4
294 1 5
295 1 6
296 1 7
297 1 8
298 1 9
299 1 10
300 1 11
301 1 12
302 1 13
303 1 14
304 1 15


vertices_pick_which_locations
0 source
1 6 1 2 3 52 53 54
2 6 4 5 6 55 56 57
3 6 7 8 9 58 59 60
4 6 10 11 12 61 62 63
5 6 13 14 15 64 65 66
6 6 16 17 18 67 68 69
7 6 19 20 21 70 71 72
8 6 22 23 24 73 74 75
9 6 25 26 27 76 77 78
10 6 28 29 30 79 80 81
11 6 31 32 33 82 83 84
12 6 34 35 36 85 86 87
13 6 37 38 39 88 89 90
14 6 40 41 42 91 92 93
15 6 43 44 45 94 95 96
16 6 46 47 48 97 98 99
17 6 49 50 51 100 101 102
18 6 103 104 105 154 155 156
19 6 106 107 108 157 158 159
20 6 109 110 111 160 161 162
21 6 112 113 114 163 164 165
22 6 115 116 117 166 167 168
23 6 118 119 120 169 170 171
24 6 121 122 123 172 173 174
25 6 124 125 126 175 176 177
26 6 127 128 129 178 179 180
27 6 130 131 132 181 182 183
28 6 133 134 135 184 185 186
29 6 136 137 138 187 188 189
30 6 139 140 141 190 191 192
31 6 142 143 144 193 194 195
32 6 145 146 147 196 197 198
33 6 148 149 150 199 200 201
34 6 151 152 153 202 203 204
35 6 205 206 207 256 257 258
36 6 208 209 210 259 260 261
37 6 211 212 213 262 263 264
38 6 214 215 216 265 266 267
39 6 217 218 219 268 269 270
40 6 220 221 222 271 272 273
41 6 223 224 225 274 275 276
42 6 226 227 228 277 278 279
43 6 229 230 231 280 281 282
44 6 232 233 234 283 284 285
45 6 235 236 237 286 287 288
46 6 238 239 240 289 290 291
47 6 241 242 243 292 293 294
48 6 244 245 246 295 296 297
49 6 247 248 249 298 299 300
50 6 250 251 252 301 302 303
51 6 253 254 255 304 305 306
52 6 307 308 309 358 359 360
53 6 310 311 312 361 362 363
54 6 313 314 315 364 365 366
55 6 316 317 318 367 368 369
56 6 319 320 321 370 371 372
57 6 322 323 324 373 374 375
58 6 325 326 327 376 377 378
59 6 328 329 330 379 380 381
60 6 331 332 333 382 383 384
61 6 334 335 336 385 386 387
62 6 337 338 339 388 389 390
63 6 340 341 342 391 392 393
64 6 343 344 345 394 395 396
65 6 346 347 348 397 398 399
66 6 349 350 351 400 401 402
67 6 352 353 354 403 404 405
68 6 355 356 357 406 407 408
69 6 409 410 411 460 461 462
70 6 412 413 414 463 464 465
71 6 415 416 417 466 467 468
72 6 418 419 420 469 470 471
73 6 421 422 423 472 473 474
74 6 424 425 426 475 476 477
75 6 427 428 429 478 479 480
76 6 430 431 432 481 482 483
77 6 433 434 435 484 485 486
78 6 436 437 438 487 488 489
79 6 439 440 441 490 491 492
80 6 442 443 444 493 494 495
81 6 445 446 447 496 497 498
82 6 448 449 450 499 500 501
83 6 451 452 453 502 503 504
84 6 454 455 456 505 506 507
85 6 457 458 459 508 509 510
86 6 511 512 513 562 563 564
87 6 514 515 516 565 566 567
88 6 517 518 519 568 569 570
89 6 520 521 522 571 572 573
90 6 523 524 525 574 575 576
91 6 526 527 528 577 578 579
92 6 529 530 531 580 581 582
93 6 532 533 534 583 584 585
94 6 535 536 537 586 587 588
95 6 538 539 540 589 590 591
96 6 541 542 543 592 593 594
97 6 544 545 546 595 596 597
98 6 547 548 549 598 599 600
99 6 550 551 552 601 602 603
100 6 553 554 555 604 605 606
101 6 556 557 558 607 608 609
102 6 559 560 561 610 611 612
103 6 613 614 615 664 665 666
104 6 616 617 618 667 668 669
105 6 619 620 621 670 671 672
106 6 622 623 624 673 674 675
107 6 625 626 627 676 677 678
108 6 628 629 630 679 680 681
109 6 631 632 633 682 683 684
110 6 634 635 636 685 686 687
111 6 637 638 639 688 689 690
112 6 640 641 642 691 692 693
113 6 643 644 645 694 695 696
114 6 646 647 648 697 698 699
115 6 649 650 651 700 701 702
116 6 652 653 654 703 704 705
117 6 655 656 657 706 707 708
118 6 658 659 660 709 710 711
119 6 661 662 663 712 713 714
120 6 715 716 717 766 767 768
121 6 718 719 720 769 770 771
122 6 721 722 723 772 773 774
123 6 724 725 726 775 776 777
124 6 727 728 729 778 779 780
125 6 730 731 732 781 782 783
126 6 733 734 735 784 785 786
127 6 736 737 738 787 788 789
128 6 739 740 741 790 791 792
129 6 742 743 744 793 794 795
130 6 745 746 747 796 797 798
131 6 748 749 750 799 800 801
132 6 751 752 753 802 803 804
133 6 754 755 756 805 806 807
134 6 757 758 759 808 809 810
135 6 760 761 762 811 812 813
136 6 763 764 765 814 815 816
137 6 817 818 819 868 869 870
138 6 820 821 822 871 872 873
139 6 823 824 825 874 875 876
140 6 826 827 828 877 878 879
141 6 829 830 831 880 881 882
142 6 832 833 834 883 884 885
143 6 835 836 837 886 887 888
144 6 838 839 840 889 890 891
145 6 841 842 843 892 893 894
146 6 844 845 846 895 896 897
147 6 847 848 849 898 899 900
148 6 850 851 852 901 902 903
149 6 853 854 855 904 905 906
150 6 856 857 858 907 908 909
151 6 859 860 861 910 911 912
152 6 862 863 864 913 914 915
153 6 865 866 867 916 917 918
154 6 919 920 921 970 971 972
155 6 922 923 924 973 974 975
156 6 925 926 927 976 977 978
157 6 928 929 930 979 980 981
158 6 931 932 933 982 983 984
159 6 934 935 936 985 986 987
160 6 937 938 939 988 989 990
161 6 940 941 942 991 992 993
162 6 943 944 945 994 995 996
163 6 946 947 948 997 998 999
164 6 949 950 951 1000 1001 1002
165 6 952 953 954 1003 1004 1005
166 6 955 956 957 1006 1007 1008
167 6 958 959 960 1009 1010 1011
168 6 961 962 963 1012 1013 1014
169 6 964 965 966 1015 1016 1017
170 6 967 968 969 1018 1019 1020
171 6 1021 1022 1023 1072 1073 1074
172 6 1024 1025 1026 1075 1076 1077
173 6 1027 1028 1029 1078 1079 1080
174 6 1030 1031 1032 1081 1082 1083
175 6 1033 1034 1035 1084 1085 1086
176 6 1036 1037 1038 1087 1088 1089
177 6 1039 1040 1041 1090 1091 1092
178 6 1042 1043 1044 1093 1094 1095
179 6 1045 1046 1047 1096 1097 1098
180 6 1048 1049 1050 1099 1100 1101
181 6 1051 1052 1053 1102 1103 1104
182 6 1054 1055 1056 1105 1106 1107
183 6 1057 1058 1059 1108 1109 1110
184 6 1060 1061 1062 1111 1112 1113
185 6 1063 1064 1065 1114 1115 1116
186 6 1066 1067 1068 1117 1118 1119
187 6 1069 1070 1071 1120 1121 1122
188 6 1123 1124 1125 1174 1175 1176
189 6 1126 1127 1128 1177 1178 1179
190 6 1129 1130 1131 1180 1181 1182
191 6 1132 1133 1134 1183 1184 1185
192 6 1135 1136 1137 1186 1187 1188
193 6 1138 1139 1140 1189 1190 1191
194 6 1141 1142 1143 1192 1193 1194
195 6 1144 1145 1146 1195 1196 1197
196 6 1147 1148 1149 1198 1199 1200
197 6 1150 1151 1152 1201 1202 1203
198 6 1153 1154 1155 1204 1205 1206
199 6 1156 1157 1158 1207 1208 1209
200 6 1159 1160 1161 1210 1211 1212
201 6 1162 1163 1164 1213 1214 1215
202 6 1165 1166 1167 1216 1217 1218
203 6 1168 1169 1170 1219 1220 1221
204 6 1171 1172 1173 1222 1223 1224
205 6 1225 1226 1227 1276 1277 1278
206 6 1228 1229 1230 1279 1280 1281
207 6 1231 1232 1233 1282 1283 1284
208 6 1234 1235 1236 1285 1286 1287
209 6 1237 1238 1239 1288 1289 1290
210 6 1240 1241 1242 1291 1292 1293
211 6 1243 1244 1245 1294 1295 1296
212 6 1246 1247 1248 1297 1298 1299
213 6 1249 1250 1251 1300 1301 1302
214 6 1252 1253 1254 1303 1304 1305
215 6 1255 1256 1257 1306 1307 1308
216 6 1258 1259 1260 1309 1310 1311
217 6 1261 1262 1263 1312 1313 1314
218 6 1264 1265 1266 1315 1316 1317
219 6 1267 1268 1269 1318 1319 1320
220 6 1270 1271 1272 1321 1322 1323
221 6 1273 1274 1275 1324 1325 1326
222 6 1327 1328 1329 1378 1379 1380
223 6 1330 1331 1332 1381 1382 1383
224 6 1333 1334 1335 1384 1385 1386
225 6 1336 1337 1338 1387 1388 1389
226 6 1339 1340 1341 1390 1391 1392
227 6 1342 1343 1344 1393 1394 1395
228 6 1345 1346 1347 1396 1397 1398
229 6 1348 1349 1350 1399 1400 1401
230 6 1351 1352 1353 1402 1403 1404
231 6 1354 1355 1356 1405 1406 1407
232 6 1357 1358 1359 1408 1409 1410
233 6 1360 1361 1362 1411 1412 1413
234 6 1363 1364 1365 1414 1415 1416
235 6 1366 1367 1368 1417 1418 1419
236 6 1369 1370 1371 1420 1421 1422
237 6 1372 1373 1374 1423 1424 1425
238 6 1375 1376 1377 1426 1427 1428
239 6 1429 1430 1431 1480 1481 1482
240 6 1432 1433 1434 1483 1484 1485
241 6 1435 1436 1437 1486 1487 1488
242 6 1438 1439 1440 1489 1490 1491
243 6 1441 1442 1443 1492 1493 1494
244 6 1444 1445 1446 1495 1496 1497
245 6 1447 1448 1449 1498 1499 1500
246 6 1450 1451 1452 1501 1502 1503
247 6 1453 1454 1455 1504 1505 1506
248 6 1456 1457 1458 1507 1508 1509
249 6 1459 1460 1461 1510 1511 1512
250 6 1462 1463 1464 1513 1514 1515
251 6 1465 1466 1467 1516 1517 1518
252 6 1468 1469 1470 1519 1520 1521
253 6 1471 1472 1473 1522 1523 1524
254 6 1474 1475 1476 1525 1526 1527
255 6 1477 1478 1479 1528 1529 1530
256 6 1531 1532 1533 1582 1583 1584
257 6 1534 1535 1536 1585 1586 1587
258 6 1537 1538 1539 1588 1589 1590
259 6 1540 1541 1542 1591 1592 1593
260 6 1543 1544 1545 1594 1595 1596
261 6 1546 1547 1548 1597 1598 1599
262 6 1549 1550 1551 1600 1601 1602
263 6 1552 1553 1554 1603 1604 1605
264 6 1555 1556 1557 1606 1607 1608
265 6 1558 1559 1560 1609 1610 1611
266 6 1561 1562 1563 1612 1613 1614
267 6 1564 1565 1566 1615 1616 1617
268 6 1567 1568 1569 1618 1619 1620
269 6 1570 1571 1572 1621 1622 1623
270 6 1573 1574 1575 1624 1625 1626
271 6 1576 1577 1578 1627 1628 1629
272 6 1579 1580 1581 1630 1631 1632
273 artificial
274 artificial
275 artificial
276 artificial
277 artificial
278 artificial
279 artificial
280 artificial
281 artificial
282 artificial
283 artificial
284 artificial
285 artificial
286 artificial
287 artificial
288 artificial
289 artificial
290 artificial
291 artificial
292 artificial
293 artificial
294 artificial
295 artificial
296 artificial
297 artificial
298 artificial
299 artificial
300 artificial
301 artificial
302 artificial
303 artificial
304 artificial


arcs_distances
0 16 273 2.50 274 5.59 275 10.31 276 15.21 277 20.16 278 25.12 279 30.10 280 35.09 281 40.08 282 45.07 283 50.06 284 55.06 285 60.05 286 65.05 287 70.04 288 75.04
1 2 2 1.00 273 2.00
2 2 3 1.00 1 1.00
3 2 4 1.00 2 1.00
4 2 5 1.00 3 1.00
5 2 6 1.00 4 1.00
6 2 7 1.00 5 1.00
7 2 8 1.00 6 1.00
8 2 9 1.00 7 1.00
9 2 10 1.00 8 1.00
10 2 11 1.00 9 1.00
11 2 12 1.00 10 1.00
12 2 13 1.00 11 1.00
13 2 14 1.00 12 1.00
14 2 15 1.00 13 1.00
15 2 16 1.00 14 1.00
16 2 17 1.00 15 1.00
17 2 16 1.00 289 2.00
18 2 19 1.00 274 2.00
19 2 20 1.00 18 1.00
20 2 21 1.00 19 1.00
21 2 22 1.00 20 1.00
22 2 23 1.00 21 1.00
23 2 24 1.00 22 1.00
24 2 25 1.00 23 1.00
25 2 26 1.00 24 1.00
26 2 27 1.00 25 1.00
27 2 28 1.00 26 1.00
28 2 29 1.00 27 1.00
29 2 30 1.00 28 1.00
30 2 31 1.00 29 1.00
31 2 32 1.00 30 1.00
32 2 33 1.00 31 1.00
33 2 34 1.00 32 1.00
34 2 33 1.00 290 2.00
35 2 36 1.00 275 2.00
36 2 37 1.00 35 1.00
37 2 38 1.00 36 1.00
38 2 39 1.00 37 1.00
39 2 40 1.00 38 1.00
40 2 41 1.00 39 1.00
41 2 42 1.00 40 1.00
42 2 43 1.00 41 1.00
43 2 44 1.00 42 1.00
44 2 45 1.00 43 1.00
45 2 46 1.00 44 1.00
46 2 47 1.00 45 1.00
47 2 48 1.00 46 1.00
48 2 49 1.00 47 1.00
49 2 50 1.00 48 1.00
50 2 51 1.00 49 1.00
51 2 50 1.00 291 2.00
52 2 53 1.00 276 2.00
53 2 54 1.00 52 1.00
54 2 55 1.00 53 1.00
55 2 56 1.00 54 1.00
56 2 57 1.00 55 1.00
57 2 58 1.00 56 1.00
58 2 59 1.00 57 1.00
59 2 60 1.00 58 1.00
60 2 61 1.00 59 1.00
61 2 62 1.00 60 1.00
62 2 63 1.00 61 1.00
63 2 64 1.00 62 1.00
64 2 65 1.00 63 1.00
65 2 66 1.00 64 1.00
66 2 67 1.00 65 1.00
67 2 68 1.00 66 1.00
68 2 67 1.00 292 2.00
69 2 70 1.00 277 2.00
70 2 71 1.00 69 1.00
71 2 72 1.00 70 1.00
72 2 73 1.00 71 1.00
73 2 74 1.00 72 1.00
74 2 75 1.00 73 1.00
75 2 76 1.00 74 1.00
76 2 77 1.00 75 1.00
77 2 78 1.00 76 1.00
78 2 79 1.00 77 1.00
79 2 80 1.00 78 1.00
80 2 81 1.00 79 1.00
81 2 82 1.00 80 1.00
82 2 83 1.00 81 1.00
83 2 84 1.00 82 1.00
84 2 85 1.00 83 1.00
85 2 84 1.00 293 2.00
86 2 87 1.00 278 2.00
87 2 88 1.00 86 1.00
88 2 89 1.00 87 1.00
89 2 90 1.00 88 1.00
90 2 91 1.00 89 1.00
91 2 92 1.00 90 1.00
92 2 93 1.00 91 1.00
93 2 94 1.00 92 1.00
94 2 95 1.00 93 1.00
95 2 96 1.00 94 1.00
96 2 97 1.00 95 1.00
97 2 98 1.00 96 1.00
98 2 99 1.00 97 1.00
99 2 100 1.00 98 1.00
100 2 101 1.00 99 1.00
101 2 102 1.00 100 1.00
102 2 101 1.00 294 2.00
103 2 104 1.00 279 2.00
104 2 105 1.00 103 1.00
105 2 106 1.00 104 1.00
106 2 107 1.00 105 1.00
107 2 108 1.00 106 1.00
108 2 109 1.00 107 1.00
109 2 110 1.00 108 1.00
110 2 111 1.00 109 1.00
111 2 112 1.00 110 1.00
112 2 113 1.00 111 1.00
113 2 114 1.00 112 1.00
114 2 115 1.00 113 1.00
115 2 116 1.00 114 1.00
116 2 117 1.00 115 1.00
117 2 118 1.00 116 1.00
118 2 119 1.00 117 1.00
119 2 118 1.00 295 2.00
120 2 121 1.00 280 2.00
121 2 122 1.00 120 1.00
122 2 123 1.00 121 1.00
123 2 124 1.00 122 1.00
124 2 125 1.00 123 1.00
125 2 126 1.00 124 1.00
126 2 127 1.00 125 1.00
127 2 128 1.00 126 1.00
128 2 129 1.00 127 1.00
129 2 130 1.00 128 1.00
130 2 131 1.00 129 1.00
131 2 132 1.00 130 1.00
132 2 133 1.00 131 1.00
133 2 134 1.00 132 1.00
134 2 135 1.00 133 1.00
135 2 136 1.00 134 1.00
136 2 135 1.00 296 2.00
137 2 138 1.00 281 2.00
138 2 139 1.00 137 1.00
139 2 140 1.00 138 1.00
140 2 141 1.00 139 1.00
141 2 142 1.00 140 1.00
142 2 143 1.00 141 1.00
143 2 144 1.00 142 1.00
144 2 145 1.00 143 1.00
145 2 146 1.00 144 1.00
146 2 147 1.00 145 1.00
147 2 148 1.00 146 1.00
148 2 149 1.00 147 1.00
149 2 150 1.00 148 1.00
150 2 151 1.00 149 1.00
151 2 152 1.00 150 1.00
152 2 153 1.00 151 1.00
153 2 152 1.00 297 2.00
154 2 155 1.00 282 2.00
155 2 156 1.00 154 1.00
156 2 157 1.00 155 1.00
157 2 158 1.00 156 1.00
158 2 159 1.00 157 1.00
159 2 160 1.00 158 1.00
160 2 161 1.00 159 1.00
161 2 162 1.00 160 1.00
162 2 163 1.00 161 1.00
163 2 164 1.00 162 1.00
164 2 165 1.00 163 1.00
165 2 166 1.00 164 1.00
166 2 167 1.00 165 1.00
167 2 168 1.00 166 1.00
168 2 169 1.00 167 1.00
169 2 170 1.00 168 1.00
170 2 169 1.00 298 2.00
171 2 172 1.00 283 2.00
172 2 173 1.00 171 1.00
173 2 174 1.00 172 1.00
174 2 175 1.00 173 1.00
175 2 176 1.00 174 1.00
176 2 177 1.00 175 1.00
177 2 178 1.00 176 1.00
178 2 179 1.00 177 1.00
179 2 180 1.00 178 1.00
180 2 181 1.00 179 1.00
181 2 182 1.00 180 1.00
182 2 183 1.00 181 1.00
183 2 184 1.00 182 1.00
184 2 185 1.00 183 1.00
185 2 186 1.00 184 1.00
186 2 187 1.00 185 1.00
187 2 186 1.00 299 2.00
188 2 189 1.00 284 2.00
189 2 190 1.00 188 1.00
190 2 191 1.00 189 1.00
191 2 192 1.00 190 1.00
192 2 193 1.00 191 1.00
193 2 194 1.00 192 1.00
194 2 195 1.00 193 1.00
195 2 196 1.00 194 1.00
196 2 197 1.00 195 1.00
197 2 198 1.00 196 1.00
198 2 199 1.00 197 1.00
199 2 200 1.00 198 1.00
200 2 201 1.00 199 1.00
201 2 202 1.00 200 1.00
202 2 203 1.00 201 1.00
203 2 204 1.00 202 1.00
204 2 203 1.00 300 2.00
205 2 206 1.00 285 2.00
206 2 207 1.00 205 1.00
207 2 208 1.00 206 1.00
208 2 209 1.00 207 1.00
209 2 210 1.00 208 1.00
210 2 211 1.00 209 1.00
211 2 212 1.00 210 1.00
212 2 213 1.00 211 1.00
213 2 214 1.00 212 1.00
214 2 215 1.00 213 1.00
215 2 216 1.00 214 1.00
216 2 217 1.00 215 1.00
217 2 218 1.00 216 1.00
218 2 219 1.00 217 1.00
219 2 220 1.00 218 1.00
220 2 221 1.00 219 1.00
221 2 220 1.00 301 2.00
222 2 223 1.00 286 2.00
223 2 224 1.00 222 1.00
224 2 225 1.00 223 1.00
225 2 226 1.00 224 1.00
226 2 227 1.00 225 1.00
227 2 228 1.00 226 1.00
228 2 229 1.00 227 1.00
229 2 230 1.00 228 1.00
230 2 231 1.00 229 1.00
231 2 232 1.00 230 1.00
232 2 233 1.00 231 1.00
233 2 234 1.00 232 1.00
234 2 235 1.00 233 1.00
235 2 236 1.00 234 1.00
236 2 237 1.00 235 1.00
237 2 238 1.00 236 1.00
238 2 237 1.00 302 2.00
239 2 240 1.00 287 2.00
240 2 241 1.00 239 1.00
241 2 242 1.00 240 1.00
242 2 243 1.00 241 1.00
243 2 244 1.00 242 1.00
244 2 245 1.00 243 1.00
245 2 246 1.00 244 1.00
246 2 247 1.00 245 1.00
247 2 248 1.00 246 1.00
248 2 249 1.00 247 1.00
249 2 250 1.00 248 1.00
250 2 251 1.00 249 1.00
251 2 252 1.00 250 1.00
252 2 253 1.00 251 1.00
253 2 254 1.00 252 1.00
254 2 255 1.00 253 1.00
255 2 254 1.00 303 2.00
256 2 257 1.00 288 2.00
257 2 258 1.00 256 1.00
258 2 259 1.00 257 1.00
259 2 260 1.00 258 1.00
260 2 261 1.00 259 1.00
261 2 262 1.00 260 1.00
262 2 263 1.00 261 1.00
263 2 264 1.00 262 1.00
264 2 265 1.00 263 1.00
265 2 266 1.00 264 1.00
266 2 267 1.00 265 1.00
267 2 268 1.00 266 1.00
268 2 269 1.00 267 1.00
269 2 270 1.00 268 1.00
270 2 271 1.00 269 1.00
271 2 272 1.00 270 1.00
272 2 271 1.00 304 2.00
273 3 0 2.50 274 5.00 1 2.00
274 4 0 5.59 273 5.00 275 5.00 18 2.00
275 4 0 10.31 274 5.00 276 5.00 35 2.00
276 4 0 15.21 275 5.00 277 5.00 52 2.00
277 4 0 20.16 276 5.00 278 5.00 69 2.00
278 4 0 25.12 277 5.00 279 5.00 86 2.00
279 4 0 30.10 278 5.00 280 5.00 103 2.00
280 4 0 35.09 279 5.00 281 5.00 120 2.00
281 4 0 40.08 280 5.00 282 5.00 137 2.00
282 4 0 45.07 281 5.00 283 5.00 154 2.00
283 4 0 50.06 282 5.00 284 5.00 171 2.00
284 4 0 55.06 283 5.00 285 5.00 188 2.00
285 4 0 60.05 284 5.00 286 5.00 205 2.00
286 4 0 65.05 285 5.00 287 5.00 222 2.00
287 4 0 70.04 286 5.00 288 5.00 239 2.00
288 3 0 75.04 287 5.00 256 2.00
289 2 290 5.00 17 2.00
290 3 289 5.00 291 5.00 34 2.00
291 3 290 5.00 292 5.00 51 2.00
292 3 291 5.00 293 5.00 68 2.00
293 3 292 5.00 294 5.00 85 2.00
294 3 293 5.00 295 5.00 102 2.00
295 3 294 5.00 296 5.00 119 2.00
296 3 295 5.00 297 5.00 136 2.00
297 3 296 5.00 298 5.00 153 2.00
298 3 297 5.00 299 5.00 170 2.00
299 3 298 5.00 300 5.00 187 2.00
300 3 299 5.00 301 5.00 204 2.00
301 3 300 5.00 302 5.00 221 2.00
302 3 301 5.00 303 5.00 238 2.00
303 3 302 5.00 304 5.00 255 2.00
304 2 303 5.00 272 2.00
