 Numero de pedidos 
 200
 duedate num_referencias // pasillo lado altura peso
 1159453.457873 3
 3 0 1.250000 1.000000 122
 5 1 15.416667 1.000000 37
 4 0 10.416667 1.000000 64
 696603.666533 4
 5 0 0.416667 1.000000 0
 4 0 16.250000 1.000000 78
 5 1 4.583333 1.000000 11
 4 0 10.416667 1.000000 64
 1678240.729868 5
 5 0 12.916667 1.000000 30
 4 0 6.250000 1.000000 54
 4 1 2.083333 1.000000 45
 6 0 2.916667 1.000000 86
 4 0 4.583333 1.000000 50
 1891290.011467 9
 5 0 1.250000 1.000000 2
 4 1 12.083333 1.000000 69
 5 0 4.583333 1.000000 10
 5 1 1.250000 1.000000 3
 4 1 2.083333 1.000000 45
 0 1 12.916667 1.000000 391
 4 0 7.083333 1.000000 56
 1 1 11.250000 1.000000 307
 1 1 8.750000 1.000000 301
 1480376.702007 8
 7 1 16.250000 1.000000 199
 4 1 10.416667 1.000000 65
 5 1 1.250000 1.000000 3
 4 0 10.416667 1.000000 64
 4 1 14.583333 1.000000 75
 4 1 1.250000 1.000000 43
 5 0 3.750000 1.000000 8
 5 1 13.750000 1.000000 33
 633249.199164 3
 5 1 4.583333 1.000000 11
 4 0 1.250000 1.000000 42
 4 1 2.083333 1.000000 45
 852830.978228 2
 5 0 2.916667 1.000000 6
 4 1 0.416667 1.000000 41
 1809914.832828 2
 5 0 3.750000 1.000000 8
 5 1 12.916667 1.000000 31
 1911768.398914 2
 0 1 2.083333 1.000000 365
 5 1 16.250000 1.000000 39
 913670.346231 5
 5 0 0.416667 1.000000 0
 5 0 12.916667 1.000000 30
 4 0 5.416667 1.000000 52
 4 1 0.416667 1.000000 41
 4 0 14.583333 1.000000 74
 315531.013420 7
 5 0 9.583333 1.000000 22
 5 0 11.250000 1.000000 26
 6 0 16.250000 1.000000 118
 4 1 11.250000 1.000000 67
 5 1 11.250000 1.000000 27
 4 0 0.416667 1.000000 40
 4 1 1.250000 1.000000 43
 1102933.249950 7
 5 0 7.916667 1.000000 18
 8 0 12.916667 1.000000 270
 4 0 15.416667 1.000000 76
 4 0 7.083333 1.000000 56
 5 1 7.916667 1.000000 19
 4 1 12.083333 1.000000 69
 4 1 7.083333 1.000000 57
 1129980.683778 7
 3 0 5.416667 1.000000 132
 5 0 5.416667 1.000000 12
 5 1 2.083333 1.000000 5
 4 1 0.416667 1.000000 41
 4 0 2.083333 1.000000 44
 4 1 2.916667 1.000000 47
 5 0 7.083333 1.000000 16
 815494.830522 6
 6 1 3.750000 1.000000 89
 4 1 7.083333 1.000000 57
 7 1 8.750000 1.000000 181
 4 1 0.416667 1.000000 41
 4 0 12.083333 1.000000 68
 5 0 7.916667 1.000000 18
 750042.147781 8
 4 0 0.416667 1.000000 40
 4 0 8.750000 1.000000 60
 5 1 16.250000 1.000000 39
 6 0 3.750000 1.000000 88
 4 1 10.416667 1.000000 65
 5 1 2.083333 1.000000 5
 4 1 2.083333 1.000000 45
 4 1 15.416667 1.000000 77
 214872.944176 6
 4 1 0.416667 1.000000 41
 6 1 6.250000 1.000000 95
 4 1 15.416667 1.000000 77
 5 1 13.750000 1.000000 33
 5 0 5.416667 1.000000 12
 5 1 14.583333 1.000000 35
 209386.111707 6
 5 1 8.750000 1.000000 21
 6 0 1.250000 1.000000 82
 4 0 15.416667 1.000000 76
 5 1 9.583333 1.000000 23
 4 1 7.083333 1.000000 57
 4 1 16.250000 1.000000 79
 1321616.396625 5
 3 0 8.750000 1.000000 140
 5 1 10.416667 1.000000 25
 9 0 2.083333 1.000000 324
 5 0 13.750000 1.000000 32
 4 0 8.750000 1.000000 60
 279227.828718 8
 6 0 13.750000 1.000000 112
 5 1 0.416667 1.000000 1
 4 1 12.916667 1.000000 71
 0 0 10.416667 1.000000 384
 4 0 9.583333 1.000000 62
 5 1 6.250000 1.000000 15
 4 1 7.083333 1.000000 57
 3 0 13.750000 1.000000 152
 1324948.740529 5
 5 0 2.916667 1.000000 6
 5 0 8.750000 1.000000 20
 4 1 7.916667 1.000000 59
 4 1 10.416667 1.000000 65
 4 0 15.416667 1.000000 76
 1233261.211921 5
 5 1 2.083333 1.000000 5
 5 1 0.416667 1.000000 1
 4 1 2.083333 1.000000 45
 6 1 4.583333 1.000000 91
 5 0 7.083333 1.000000 16
 1399459.265116 3
 4 1 8.750000 1.000000 61
 3 1 6.250000 1.000000 135
 1 0 6.250000 1.000000 294
 579098.088434 4
 4 0 3.750000 1.000000 48
 6 1 12.083333 1.000000 109
 5 1 8.750000 1.000000 21
 5 0 9.583333 1.000000 22
 1965689.941927 8
 4 0 11.250000 1.000000 66
 3 1 7.083333 1.000000 137
 5 0 2.083333 1.000000 4
 4 0 14.583333 1.000000 74
 4 1 4.583333 1.000000 51
 6 0 4.583333 1.000000 90
 1 0 2.083333 1.000000 284
 9 0 5.416667 1.000000 332
 1162544.341629 8
 0 0 9.583333 1.000000 382
 4 1 4.583333 1.000000 51
 4 1 7.083333 1.000000 57
 5 1 5.416667 1.000000 13
 5 1 2.083333 1.000000 5
 5 0 5.416667 1.000000 12
 4 0 6.250000 1.000000 54
 1 1 4.583333 1.000000 291
 1175106.178138 8
 5 0 2.083333 1.000000 4
 6 0 7.083333 1.000000 96
 5 0 15.416667 1.000000 36
 3 0 14.583333 1.000000 154
 5 0 10.416667 1.000000 24
 6 1 3.750000 1.000000 89
 5 1 2.916667 1.000000 7
 5 1 5.416667 1.000000 13
 1550966.761387 6
 4 0 0.416667 1.000000 40
 4 1 7.916667 1.000000 59
 3 0 2.916667 1.000000 126
 5 0 16.250000 1.000000 38
 3 1 7.083333 1.000000 137
 2 1 7.083333 1.000000 217
 873630.382807 6
 4 0 2.083333 1.000000 44
 4 0 14.583333 1.000000 74
 5 0 6.250000 1.000000 14
 4 1 12.083333 1.000000 69
 5 1 2.083333 1.000000 5
 5 1 15.416667 1.000000 37
 1237322.336378 5
 4 0 12.916667 1.000000 70
 5 0 7.916667 1.000000 18
 5 0 2.083333 1.000000 4
 1 0 4.583333 1.000000 290
 3 1 13.750000 1.000000 153
 141691.473993 2
 6 0 9.583333 1.000000 102
 4 0 3.750000 1.000000 48
 1557442.658002 2
 5 1 12.083333 1.000000 29
 4 0 14.583333 1.000000 74
 1622401.417895 2
 4 0 6.250000 1.000000 54
 4 1 0.416667 1.000000 41
 1817958.189202 2
 4 0 6.250000 1.000000 54
 2 0 0.416667 1.000000 200
 1366288.974661 9
 4 0 3.750000 1.000000 48
 4 0 8.750000 1.000000 60
 4 0 13.750000 1.000000 72
 5 0 15.416667 1.000000 36
 2 1 5.416667 1.000000 213
 4 1 14.583333 1.000000 75
 4 1 10.416667 1.000000 65
 4 1 1.250000 1.000000 43
 4 0 5.416667 1.000000 52
 403202.956544 9
 4 0 8.750000 1.000000 60
 4 1 6.250000 1.000000 55
 4 1 11.250000 1.000000 67
 5 1 1.250000 1.000000 3
 4 1 2.083333 1.000000 45
 4 0 6.250000 1.000000 54
 7 1 7.083333 1.000000 177
 0 1 7.083333 1.000000 377
 3 1 2.083333 1.000000 125
 387264.218306 5
 4 0 9.583333 1.000000 62
 4 0 13.750000 1.000000 72
 5 0 4.583333 1.000000 10
 4 1 2.083333 1.000000 45
 4 0 15.416667 1.000000 76
 1654728.639077 8
 5 1 4.583333 1.000000 11
 6 0 12.083333 1.000000 108
 3 0 12.916667 1.000000 150
 5 1 10.416667 1.000000 25
 4 0 6.250000 1.000000 54
 1 1 16.250000 1.000000 319
 5 1 3.750000 1.000000 9
 5 0 1.250000 1.000000 2
 1670651.107594 4
 5 1 12.916667 1.000000 31
 7 0 4.583333 1.000000 170
 5 0 4.583333 1.000000 10
 5 0 16.250000 1.000000 38
 809668.264263 8
 4 0 12.083333 1.000000 68
 5 0 4.583333 1.000000 10
 5 0 8.750000 1.000000 20
 5 1 14.583333 1.000000 35
 1 0 5.416667 1.000000 292
 5 1 0.416667 1.000000 1
 4 1 6.250000 1.000000 55
 4 1 7.916667 1.000000 59
 995132.527629 9
 5 0 2.916667 1.000000 6
 4 1 10.416667 1.000000 65
 5 1 6.250000 1.000000 15
 3 1 3.750000 1.000000 129
 5 0 4.583333 1.000000 10
 3 0 0.416667 1.000000 120
 4 0 0.416667 1.000000 40
 5 1 9.583333 1.000000 23
 5 1 13.750000 1.000000 33
 1529862.621264 4
 5 1 16.250000 1.000000 39
 4 0 14.583333 1.000000 74
 5 1 9.583333 1.000000 23
 5 0 7.083333 1.000000 16
 477210.284377 6
 5 1 4.583333 1.000000 11
 6 1 7.916667 1.000000 99
 5 1 7.916667 1.000000 19
 8 1 3.750000 1.000000 249
 6 0 13.750000 1.000000 112
 4 1 3.750000 1.000000 49
 264776.630003 2
 4 1 8.750000 1.000000 61
 3 0 3.750000 1.000000 128
 1089581.939508 5
 5 0 4.583333 1.000000 10
 4 1 14.583333 1.000000 75
 3 0 13.750000 1.000000 152
 4 0 2.083333 1.000000 44
 5 0 12.916667 1.000000 30
 748428.759327 3
 4 0 1.250000 1.000000 42
 5 1 6.250000 1.000000 15
 5 1 7.916667 1.000000 19
 1029756.520311 8
 5 1 12.916667 1.000000 31
 4 0 10.416667 1.000000 64
 4 0 11.250000 1.000000 66
 4 0 2.083333 1.000000 44
 1 1 9.583333 1.000000 303
 5 0 9.583333 1.000000 22
 4 0 7.916667 1.000000 58
 4 0 8.750000 1.000000 60
 924289.596660 3
 4 0 1.250000 1.000000 42
 5 1 13.750000 1.000000 33
 5 1 5.416667 1.000000 13
 1564698.864168 8
 4 1 8.750000 1.000000 61
 5 1 15.416667 1.000000 37
 5 1 2.916667 1.000000 7
 5 0 11.250000 1.000000 26
 6 1 3.750000 1.000000 89
 5 0 7.916667 1.000000 18
 5 0 9.583333 1.000000 22
 7 1 12.083333 1.000000 189
 865839.532942 4
 6 0 9.583333 1.000000 102
 5 0 3.750000 1.000000 8
 5 0 1.250000 1.000000 2
 9 1 2.083333 1.000000 325
 301958.429842 6
 4 0 9.583333 1.000000 62
 5 0 7.083333 1.000000 16
 4 1 8.750000 1.000000 61
 5 0 8.750000 1.000000 20
 4 1 11.250000 1.000000 67
 5 1 10.416667 1.000000 25
 937334.828981 4
 4 0 9.583333 1.000000 62
 4 0 14.583333 1.000000 74
 4 0 0.416667 1.000000 40
 7 0 10.416667 1.000000 184
 1972748.930889 7
 5 1 7.916667 1.000000 19
 4 1 2.083333 1.000000 45
 4 0 7.916667 1.000000 58
 5 0 15.416667 1.000000 36
 8 0 9.583333 1.000000 262
 5 1 6.250000 1.000000 15
 5 1 13.750000 1.000000 33
 507240.855446 4
 5 1 9.583333 1.000000 23
 4 0 12.083333 1.000000 68
 5 1 10.416667 1.000000 25
 5 0 16.250000 1.000000 38
 1545006.104552 6
 5 1 8.750000 1.000000 21
 5 1 9.583333 1.000000 23
 5 0 2.083333 1.000000 4
 5 0 3.750000 1.000000 8
 3 1 13.750000 1.000000 153
 5 0 1.250000 1.000000 2
 849768.328727 5
 4 0 5.416667 1.000000 52
 4 0 12.083333 1.000000 68
 4 1 3.750000 1.000000 49
 3 1 14.583333 1.000000 155
 4 0 2.916667 1.000000 46
 1569505.690564 8
 5 0 14.583333 1.000000 34
 4 0 10.416667 1.000000 64
 5 1 7.083333 1.000000 17
 5 0 10.416667 1.000000 24
 5 0 7.083333 1.000000 16
 4 0 6.250000 1.000000 54
 4 0 0.416667 1.000000 40
 5 0 15.416667 1.000000 36
 749031.229126 6
 4 1 13.750000 1.000000 73
 5 1 11.250000 1.000000 27
 4 0 2.083333 1.000000 44
 5 1 5.416667 1.000000 13
 4 0 6.250000 1.000000 54
 5 0 2.916667 1.000000 6
 956090.931462 9
 4 0 0.416667 1.000000 40
 3 1 14.583333 1.000000 155
 5 0 2.916667 1.000000 6
 4 1 15.416667 1.000000 77
 4 1 12.916667 1.000000 71
 5 1 0.416667 1.000000 1
 5 0 14.583333 1.000000 34
 6 0 7.083333 1.000000 96
 4 0 12.083333 1.000000 68
 1891417.369084 5
 5 0 5.416667 1.000000 12
 5 0 2.916667 1.000000 6
 5 1 11.250000 1.000000 27
 5 1 2.083333 1.000000 5
 4 1 15.416667 1.000000 77
 1054973.396945 9
 5 0 7.916667 1.000000 18
 5 0 12.916667 1.000000 30
 4 1 3.750000 1.000000 49
 4 1 6.250000 1.000000 55
 5 1 16.250000 1.000000 39
 4 0 10.416667 1.000000 64
 3 1 1.250000 1.000000 123
 3 0 0.416667 1.000000 120
 4 0 3.750000 1.000000 48
 710490.051466 5
 4 1 15.416667 1.000000 77
 4 1 6.250000 1.000000 55
 4 1 5.416667 1.000000 53
 6 1 14.583333 1.000000 115
 5 0 7.916667 1.000000 18
 1959957.012814 5
 5 1 4.583333 1.000000 11
 3 0 9.583333 1.000000 142
 4 1 2.916667 1.000000 47
 4 0 1.250000 1.000000 42
 1 0 12.083333 1.000000 308
 1383794.771071 7
 3 1 6.250000 1.000000 135
 4 1 8.750000 1.000000 61
 4 1 6.250000 1.000000 55
 4 1 4.583333 1.000000 51
 4 1 10.416667 1.000000 65
 5 1 6.250000 1.000000 15
 4 1 7.083333 1.000000 57
 43299.581764 2
 5 0 7.916667 1.000000 18
 4 1 6.250000 1.000000 55
 1620364.736496 4
 4 1 3.750000 1.000000 49
 5 1 10.416667 1.000000 25
 0 1 7.083333 1.000000 377
 5 1 7.916667 1.000000 19
 692444.897281 7
 5 0 12.083333 1.000000 28
 5 0 8.750000 1.000000 20
 1 1 14.583333 1.000000 315
 4 0 12.083333 1.000000 68
 5 1 2.916667 1.000000 7
 3 1 12.083333 1.000000 149
 6 1 13.750000 1.000000 113
 1818290.107575 7
 5 0 4.583333 1.000000 10
 6 0 12.916667 1.000000 110
 4 0 2.083333 1.000000 44
 3 0 10.416667 1.000000 144
 4 0 3.750000 1.000000 48
 5 0 7.916667 1.000000 18
 5 1 0.416667 1.000000 1
 1531592.334663 8
 4 0 1.250000 1.000000 42
 5 1 14.583333 1.000000 35
 5 1 7.083333 1.000000 17
 4 0 4.583333 1.000000 50
 3 0 12.916667 1.000000 150
 4 0 11.250000 1.000000 66
 5 1 7.916667 1.000000 19
 5 1 12.083333 1.000000 29
 1140508.576976 5
 3 1 13.750000 1.000000 153
 9 1 11.250000 1.000000 347
 1 1 2.083333 1.000000 285
 5 1 12.916667 1.000000 31
 6 0 11.250000 1.000000 106
 1268036.403669 8
 4 1 5.416667 1.000000 53
 5 1 9.583333 1.000000 23
 4 1 15.416667 1.000000 77
 5 0 7.916667 1.000000 18
 6 1 2.083333 1.000000 85
 4 0 11.250000 1.000000 66
 4 1 2.916667 1.000000 47
 5 0 2.916667 1.000000 6
 427482.611997 5
 5 0 4.583333 1.000000 10
 4 0 0.416667 1.000000 40
 5 0 7.083333 1.000000 16
 4 1 15.416667 1.000000 77
 5 1 7.916667 1.000000 19
 1466969.885038 7
 4 0 3.750000 1.000000 48
 6 0 0.416667 1.000000 80
 4 0 2.083333 1.000000 44
 5 1 7.916667 1.000000 19
 4 1 12.083333 1.000000 69
 8 0 1.250000 1.000000 242
 4 0 11.250000 1.000000 66
 1031534.793708 4
 4 0 6.250000 1.000000 54
 4 1 2.916667 1.000000 47
 0 1 4.583333 1.000000 371
 4 0 10.416667 1.000000 64
 544903.477293 5
 5 0 10.416667 1.000000 24
 9 0 12.916667 1.000000 350
 3 1 2.083333 1.000000 125
 4 0 2.916667 1.000000 46
 5 1 14.583333 1.000000 35
 1549285.852587 6
 5 1 13.750000 1.000000 33
 5 1 4.583333 1.000000 11
 5 0 12.916667 1.000000 30
 0 1 10.416667 1.000000 385
 5 0 2.916667 1.000000 6
 3 0 12.916667 1.000000 150
 1621817.034083 3
 6 1 4.583333 1.000000 91
 2 0 5.416667 1.000000 212
 4 0 16.250000 1.000000 78
 1015131.074216 2
 4 1 16.250000 1.000000 79
 4 0 4.583333 1.000000 50
 1596749.024576 7
 1 1 8.750000 1.000000 301
 5 1 2.083333 1.000000 5
 7 0 13.750000 1.000000 192
 4 1 13.750000 1.000000 73
 5 0 10.416667 1.000000 24
 4 0 7.083333 1.000000 56
 4 0 2.916667 1.000000 46
 707591.527546 2
 6 1 1.250000 1.000000 83
 3 0 12.916667 1.000000 150
 1293743.446494 6
 2 0 9.583333 1.000000 222
 4 1 7.083333 1.000000 57
 5 1 14.583333 1.000000 35
 4 1 2.916667 1.000000 47
 5 0 1.250000 1.000000 2
 4 1 12.083333 1.000000 69
 1710604.944448 8
 7 1 12.916667 1.000000 191
 4 0 4.583333 1.000000 50
 5 1 5.416667 1.000000 13
 0 0 12.916667 1.000000 390
 4 1 4.583333 1.000000 51
 0 0 8.750000 1.000000 380
 5 1 0.416667 1.000000 1
 4 0 0.416667 1.000000 40
 743655.806735 5
 5 0 12.083333 1.000000 28
 5 0 7.083333 1.000000 16
 4 0 5.416667 1.000000 52
 5 1 0.416667 1.000000 1
 5 1 8.750000 1.000000 21
 937764.349253 8
 5 1 5.416667 1.000000 13
 4 1 13.750000 1.000000 73
 4 0 14.583333 1.000000 74
 5 1 13.750000 1.000000 33
 8 0 12.916667 1.000000 270
 6 0 8.750000 1.000000 100
 5 1 12.083333 1.000000 29
 5 0 1.250000 1.000000 2
 938509.660558 4
 5 0 1.250000 1.000000 2
 4 1 12.916667 1.000000 71
 9 0 7.083333 1.000000 336
 5 0 4.583333 1.000000 10
 1495049.430325 7
 5 0 12.916667 1.000000 30
 5 1 12.083333 1.000000 29
 5 1 8.750000 1.000000 21
 9 1 10.416667 1.000000 345
 4 1 10.416667 1.000000 65
 9 0 8.750000 1.000000 340
 5 0 6.250000 1.000000 14
 578414.694433 2
 6 1 13.750000 1.000000 113
 1 0 2.083333 1.000000 284
 475303.531659 9
 5 1 15.416667 1.000000 37
 4 0 6.250000 1.000000 54
 5 1 3.750000 1.000000 9
 5 1 1.250000 1.000000 3
 4 0 7.083333 1.000000 56
 6 0 7.083333 1.000000 96
 4 1 7.083333 1.000000 57
 4 0 11.250000 1.000000 66
 5 1 5.416667 1.000000 13
 1736080.463648 7
 9 1 14.583333 1.000000 355
 5 1 7.916667 1.000000 19
 5 0 14.583333 1.000000 34
 4 1 15.416667 1.000000 77
 4 0 4.583333 1.000000 50
 5 1 0.416667 1.000000 1
 5 0 12.083333 1.000000 28
 1652970.316304 9
 4 0 1.250000 1.000000 42
 5 0 14.583333 1.000000 34
 9 0 11.250000 1.000000 346
 4 1 11.250000 1.000000 67
 4 1 10.416667 1.000000 65
 2 0 13.750000 1.000000 232
 4 0 12.083333 1.000000 68
 6 1 14.583333 1.000000 115
 7 1 12.916667 1.000000 191
 647678.829044 3
 5 0 7.916667 1.000000 18
 5 1 5.416667 1.000000 13
 5 1 1.250000 1.000000 3
 106219.356612 8
 4 1 0.416667 1.000000 41
 8 1 16.250000 1.000000 279
 5 0 2.083333 1.000000 4
 4 1 9.583333 1.000000 63
 4 0 5.416667 1.000000 52
 4 0 1.250000 1.000000 42
 4 0 2.083333 1.000000 44
 4 0 12.083333 1.000000 68
 687708.760112 8
 4 1 9.583333 1.000000 63
 5 1 14.583333 1.000000 35
 5 0 6.250000 1.000000 14
 1 0 12.083333 1.000000 308
 4 0 6.250000 1.000000 54
 4 1 14.583333 1.000000 75
 5 0 14.583333 1.000000 34
 7 0 6.250000 1.000000 174
 1412228.185075 2
 5 1 7.916667 1.000000 19
 5 0 2.916667 1.000000 6
 703740.335062 8
 6 1 9.583333 1.000000 103
 5 0 4.583333 1.000000 10
 5 1 4.583333 1.000000 11
 5 0 7.916667 1.000000 18
 5 0 2.083333 1.000000 4
 5 1 2.083333 1.000000 5
 5 0 14.583333 1.000000 34
 4 1 4.583333 1.000000 51
 1377989.018847 6
 5 0 15.416667 1.000000 36
 4 1 7.916667 1.000000 59
 5 0 5.416667 1.000000 12
 4 0 14.583333 1.000000 74
 4 0 12.916667 1.000000 70
 5 1 16.250000 1.000000 39
 1698136.827228 4
 5 0 11.250000 1.000000 26
 4 0 7.083333 1.000000 56
 6 1 0.416667 1.000000 81
 4 0 2.083333 1.000000 44
 1987221.101535 6
 5 1 13.750000 1.000000 33
 7 0 3.750000 1.000000 168
 4 1 7.083333 1.000000 57
 4 0 15.416667 1.000000 76
 4 0 1.250000 1.000000 42
 3 0 6.250000 1.000000 134
 1674187.725668 5
 4 0 8.750000 1.000000 60
 5 1 3.750000 1.000000 9
 4 0 9.583333 1.000000 62
 4 0 3.750000 1.000000 48
 5 0 13.750000 1.000000 32
 1760791.977700 3
 5 1 12.083333 1.000000 29
 5 1 7.083333 1.000000 17
 4 0 2.916667 1.000000 46
 1698070.629378 8
 5 1 8.750000 1.000000 21
 5 0 6.250000 1.000000 14
 4 1 1.250000 1.000000 43
 1 0 16.250000 1.000000 318
 5 1 6.250000 1.000000 15
 3 1 6.250000 1.000000 135
 4 1 3.750000 1.000000 49
 5 0 12.083333 1.000000 28
 1133104.014794 9
 4 1 6.250000 1.000000 55
 4 0 16.250000 1.000000 78
 4 0 0.416667 1.000000 40
 5 0 7.916667 1.000000 18
 4 1 14.583333 1.000000 75
 0 0 16.250000 1.000000 398
 5 1 7.083333 1.000000 17
 4 1 2.083333 1.000000 45
 3 0 3.750000 1.000000 128
 1881813.646425 4
 5 1 0.416667 1.000000 1
 5 0 16.250000 1.000000 38
 4 1 11.250000 1.000000 67
 9 0 5.416667 1.000000 332
 1545614.599970 6
 4 1 2.916667 1.000000 47
 4 1 5.416667 1.000000 53
 3 0 14.583333 1.000000 154
 4 0 12.916667 1.000000 70
 5 1 4.583333 1.000000 11
 5 0 7.916667 1.000000 18
 1584558.289398 7
 5 1 3.750000 1.000000 9
 4 0 12.916667 1.000000 70
 5 0 13.750000 1.000000 32
 8 0 15.416667 1.000000 276
 5 0 16.250000 1.000000 38
 9 0 7.916667 1.000000 338
 5 0 12.083333 1.000000 28
 592648.541868 6
 5 0 14.583333 1.000000 34
 4 0 14.583333 1.000000 74
 5 1 10.416667 1.000000 25
 5 1 2.083333 1.000000 5
 5 0 0.416667 1.000000 0
 5 0 5.416667 1.000000 12
 1353660.112486 9
 5 1 0.416667 1.000000 1
 5 1 2.083333 1.000000 5
 4 1 3.750000 1.000000 49
 5 0 14.583333 1.000000 34
 3 0 15.416667 1.000000 156
 4 0 4.583333 1.000000 50
 5 0 11.250000 1.000000 26
 4 1 10.416667 1.000000 65
 5 1 8.750000 1.000000 21
 535868.548684 7
 0 0 3.750000 1.000000 368
 4 1 4.583333 1.000000 51
 5 1 7.916667 1.000000 19
 5 0 7.083333 1.000000 16
 4 0 5.416667 1.000000 52
 4 0 7.083333 1.000000 56
 6 0 14.583333 1.000000 114
 1280713.994690 2
 5 0 12.083333 1.000000 28
 4 1 5.416667 1.000000 53
 1867734.588602 2
 4 1 0.416667 1.000000 41
 3 1 3.750000 1.000000 129
 1221385.158851 8
 4 0 11.250000 1.000000 66
 4 0 9.583333 1.000000 62
 4 1 6.250000 1.000000 55
 5 1 1.250000 1.000000 3
 4 1 15.416667 1.000000 77
 6 0 6.250000 1.000000 94
 4 0 7.083333 1.000000 56
 5 0 13.750000 1.000000 32
 1271206.635400 5
 1 1 5.416667 1.000000 293
 4 0 13.750000 1.000000 72
 4 1 6.250000 1.000000 55
 4 0 14.583333 1.000000 74
 4 1 5.416667 1.000000 53
 185147.281152 6
 5 1 1.250000 1.000000 3
 5 1 12.916667 1.000000 31
 5 0 16.250000 1.000000 38
 5 0 12.083333 1.000000 28
 5 1 10.416667 1.000000 25
 4 1 14.583333 1.000000 75
 1585027.471792 7
 5 0 2.916667 1.000000 6
 5 0 11.250000 1.000000 26
 5 1 11.250000 1.000000 27
 5 1 8.750000 1.000000 21
 5 0 6.250000 1.000000 14
 5 1 14.583333 1.000000 35
 4 0 7.083333 1.000000 56
 1726407.508425 6
 4 1 2.083333 1.000000 45
 3 0 3.750000 1.000000 128
 4 0 2.916667 1.000000 46
 0 0 9.583333 1.000000 382
 5 0 16.250000 1.000000 38
 6 0 12.083333 1.000000 108
 577729.103573 9
 4 0 7.083333 1.000000 56
 5 0 0.416667 1.000000 0
 5 0 1.250000 1.000000 2
 5 0 4.583333 1.000000 10
 5 0 15.416667 1.000000 36
 5 0 10.416667 1.000000 24
 4 1 8.750000 1.000000 61
 5 1 6.250000 1.000000 15
 4 1 3.750000 1.000000 49
 1706463.242614 2
 4 1 15.416667 1.000000 77
 9 1 12.083333 1.000000 349
 406716.207772 9
 5 1 12.083333 1.000000 29
 5 0 0.416667 1.000000 0
 5 0 10.416667 1.000000 24
 5 0 2.916667 1.000000 6
 3 0 2.083333 1.000000 124
 5 0 2.083333 1.000000 4
 4 0 7.916667 1.000000 58
 4 1 6.250000 1.000000 55
 4 0 3.750000 1.000000 48
 102701.930712 6
 0 1 4.583333 1.000000 371
 8 1 14.583333 1.000000 275
 3 0 14.583333 1.000000 154
 5 0 3.750000 1.000000 8
 5 0 7.083333 1.000000 16
 5 0 0.416667 1.000000 0
 1650738.832695 7
 5 1 4.583333 1.000000 11
 5 1 1.250000 1.000000 3
 4 0 12.083333 1.000000 68
 5 1 8.750000 1.000000 21
 4 1 7.916667 1.000000 59
 4 0 3.750000 1.000000 48
 5 1 2.916667 1.000000 7
 1679439.292457 2
 5 0 14.583333 1.000000 34
 5 1 9.583333 1.000000 23
 1637088.351416 3
 4 1 0.416667 1.000000 41
 3 1 2.083333 1.000000 125
 5 1 3.750000 1.000000 9
 301227.618540 2
 5 0 12.083333 1.000000 28
 5 1 5.416667 1.000000 13
 1832841.910959 2
 5 1 16.250000 1.000000 39
 4 1 4.583333 1.000000 51
 95689.567745 6
 5 1 5.416667 1.000000 13
 5 0 10.416667 1.000000 24
 4 1 7.916667 1.000000 59
 4 1 0.416667 1.000000 41
 9 1 15.416667 1.000000 357
 1 1 12.083333 1.000000 309
 1795354.679187 6
 4 1 12.083333 1.000000 69
 5 1 16.250000 1.000000 39
 4 0 1.250000 1.000000 42
 5 0 3.750000 1.000000 8
 5 1 1.250000 1.000000 3
 4 0 2.083333 1.000000 44
 526792.671050 3
 7 0 9.583333 1.000000 182
 5 1 0.416667 1.000000 1
 5 1 5.416667 1.000000 13
 1846312.587450 3
 5 1 12.083333 1.000000 29
 4 1 8.750000 1.000000 61
 5 1 13.750000 1.000000 33
 551887.143269 3
 4 0 2.083333 1.000000 44
 1 0 10.416667 1.000000 304
 4 1 7.083333 1.000000 57
 1774845.803126 5
 4 0 12.083333 1.000000 68
 4 1 14.583333 1.000000 75
 4 0 10.416667 1.000000 64
 5 1 12.083333 1.000000 29
 5 0 4.583333 1.000000 10
 1054665.698788 4
 5 1 1.250000 1.000000 3
 5 1 4.583333 1.000000 11
 4 1 7.083333 1.000000 57
 4 1 2.916667 1.000000 47
 1757023.243661 8
 4 0 12.916667 1.000000 70
 5 1 12.916667 1.000000 31
 4 1 4.583333 1.000000 51
 5 0 3.750000 1.000000 8
 4 1 1.250000 1.000000 43
 1 0 9.583333 1.000000 302
 9 1 7.083333 1.000000 337
 4 0 2.916667 1.000000 46
 1611811.063426 5
 5 0 9.583333 1.000000 22
 5 1 2.916667 1.000000 7
 4 0 2.916667 1.000000 46
 1 0 9.583333 1.000000 302
 3 1 14.583333 1.000000 155
 1522080.659234 4
 5 0 14.583333 1.000000 34
 4 1 7.083333 1.000000 57
 5 0 13.750000 1.000000 32
 4 1 13.750000 1.000000 73
 1335209.016621 8
 4 1 13.750000 1.000000 73
 6 1 0.416667 1.000000 81
 5 1 1.250000 1.000000 3
 4 0 3.750000 1.000000 48
 5 1 6.250000 1.000000 15
 5 0 9.583333 1.000000 22
 5 1 15.416667 1.000000 37
 8 0 12.916667 1.000000 270
 1716989.939267 5
 4 1 10.416667 1.000000 65
 5 1 7.083333 1.000000 17
 4 1 7.083333 1.000000 57
 4 0 6.250000 1.000000 54
 5 1 14.583333 1.000000 35
 1945018.879764 3
 4 1 7.916667 1.000000 59
 4 1 14.583333 1.000000 75
 9 1 11.250000 1.000000 347
 1171109.409710 6
 4 0 15.416667 1.000000 76
 4 0 8.750000 1.000000 60
 4 1 13.750000 1.000000 73
 8 0 2.916667 1.000000 246
 5 1 5.416667 1.000000 13
 4 0 16.250000 1.000000 78
 834068.952349 4
 3 0 2.083333 1.000000 124
 5 1 0.416667 1.000000 1
 5 1 8.750000 1.000000 21
 4 0 2.916667 1.000000 46
 557966.098300 3
 4 1 15.416667 1.000000 77
 4 0 3.750000 1.000000 48
 5 1 13.750000 1.000000 33
 110897.738371 6
 5 0 0.416667 1.000000 0
 5 0 5.416667 1.000000 12
 5 1 3.750000 1.000000 9
 5 1 15.416667 1.000000 37
 2 1 4.583333 1.000000 211
 4 0 8.750000 1.000000 60
 1659752.631476 9
 3 0 7.083333 1.000000 136
 5 0 2.916667 1.000000 6
 4 1 16.250000 1.000000 79
 5 0 1.250000 1.000000 2
 5 1 3.750000 1.000000 9
 5 0 12.083333 1.000000 28
 4 1 12.916667 1.000000 71
 4 1 7.916667 1.000000 59
 5 0 11.250000 1.000000 26
 1494597.877569 5
 6 0 11.250000 1.000000 106
 5 1 5.416667 1.000000 13
 4 1 15.416667 1.000000 77
 4 1 5.416667 1.000000 53
 4 0 1.250000 1.000000 42
 981130.643739 3
 6 1 4.583333 1.000000 91
 8 0 2.083333 1.000000 244
 4 1 4.583333 1.000000 51
 1811693.077931 3
 5 0 3.750000 1.000000 8
 5 1 15.416667 1.000000 37
 5 1 2.083333 1.000000 5
 1380146.271968 4
 5 0 8.750000 1.000000 20
 4 1 10.416667 1.000000 65
 5 1 12.916667 1.000000 31
 5 1 13.750000 1.000000 33
 470675.318982 8
 7 0 9.583333 1.000000 182
 4 0 8.750000 1.000000 60
 4 1 3.750000 1.000000 49
 4 0 15.416667 1.000000 76
 4 1 10.416667 1.000000 65
 4 0 6.250000 1.000000 54
 4 1 7.083333 1.000000 57
 5 1 11.250000 1.000000 27
 1487548.353266 2
 5 0 1.250000 1.000000 2
 4 0 7.083333 1.000000 56
 1728285.697404 7
 4 0 8.750000 1.000000 60
 4 0 12.916667 1.000000 70
 4 1 6.250000 1.000000 55
 5 0 8.750000 1.000000 20
 3 0 10.416667 1.000000 144
 3 1 7.916667 1.000000 139
 5 0 4.583333 1.000000 10
 1837454.522009 2
 5 1 11.250000 1.000000 27
 4 1 5.416667 1.000000 53
 1310598.660331 3
 5 0 0.416667 1.000000 0
 5 1 2.083333 1.000000 5
 6 0 7.083333 1.000000 96
 1395943.303181 5
 5 1 6.250000 1.000000 15
 3 0 12.916667 1.000000 150
 4 1 12.083333 1.000000 69
 0 1 16.250000 1.000000 399
 4 0 10.416667 1.000000 64
 1515888.037028 3
 4 0 1.250000 1.000000 42
 3 0 14.583333 1.000000 154
 4 0 4.583333 1.000000 50
 1595531.795526 7
 6 0 2.083333 1.000000 84
 5 1 0.416667 1.000000 1
 5 1 13.750000 1.000000 33
 4 1 10.416667 1.000000 65
 5 0 4.583333 1.000000 10
 5 0 1.250000 1.000000 2
 4 0 10.416667 1.000000 64
 548540.703686 7
 3 1 14.583333 1.000000 155
 3 1 12.083333 1.000000 149
 3 0 14.583333 1.000000 154
 5 0 12.083333 1.000000 28
 5 0 12.916667 1.000000 30
 4 1 10.416667 1.000000 65
 5 0 8.750000 1.000000 20
 1860396.257127 7
 9 0 12.083333 1.000000 348
 4 0 5.416667 1.000000 52
 3 0 6.250000 1.000000 134
 5 0 1.250000 1.000000 2
 4 0 3.750000 1.000000 48
 5 0 7.916667 1.000000 18
 0 0 14.583333 1.000000 394
 210585.819730 9
 4 1 5.416667 1.000000 53
 5 0 6.250000 1.000000 14
 5 0 8.750000 1.000000 20
 4 1 8.750000 1.000000 61
 5 1 8.750000 1.000000 21
 5 1 14.583333 1.000000 35
 6 1 6.250000 1.000000 95
 5 0 14.583333 1.000000 34
 5 1 16.250000 1.000000 39
 1224066.011135 8
 5 0 16.250000 1.000000 38
 1 0 16.250000 1.000000 318
 4 1 10.416667 1.000000 65
 5 1 2.083333 1.000000 5
 5 0 5.416667 1.000000 12
 1 1 5.416667 1.000000 293
 2 1 6.250000 1.000000 215
 4 1 2.916667 1.000000 47
 287673.250552 4
 5 0 7.916667 1.000000 18
 4 0 1.250000 1.000000 42
 5 0 7.083333 1.000000 16
 3 1 10.416667 1.000000 145
 160347.982161 8
 4 0 6.250000 1.000000 54
 5 1 15.416667 1.000000 37
 5 1 8.750000 1.000000 21
 3 1 15.416667 1.000000 157
 5 0 14.583333 1.000000 34
 4 0 13.750000 1.000000 72
 6 1 10.416667 1.000000 105
 6 0 5.416667 1.000000 92
 427550.354128 9
 8 0 12.916667 1.000000 270
 5 0 14.583333 1.000000 34
 4 0 7.083333 1.000000 56
 5 1 2.916667 1.000000 7
 4 0 4.583333 1.000000 50
 5 0 16.250000 1.000000 38
 4 1 3.750000 1.000000 49
 4 1 2.916667 1.000000 47
 4 1 10.416667 1.000000 65
 1462484.546724 3
 5 0 9.583333 1.000000 22
 5 0 14.583333 1.000000 34
 4 0 11.250000 1.000000 66
 894514.373324 8
 4 0 14.583333 1.000000 74
 4 1 10.416667 1.000000 65
 5 0 16.250000 1.000000 38
 5 0 11.250000 1.000000 26
 5 1 4.583333 1.000000 11
 4 1 3.750000 1.000000 49
 8 0 2.916667 1.000000 246
 4 0 5.416667 1.000000 52
 1698809.658596 5
 4 0 4.583333 1.000000 50
 4 1 4.583333 1.000000 51
 4 1 11.250000 1.000000 67
 4 0 2.083333 1.000000 44
 5 1 15.416667 1.000000 37
 955436.037311 4
 5 1 11.250000 1.000000 27
 4 1 5.416667 1.000000 53
 5 0 12.083333 1.000000 28
 4 0 2.916667 1.000000 46
 1183017.173495 8
 5 1 4.583333 1.000000 11
 5 0 4.583333 1.000000 10
 4 0 9.583333 1.000000 62
 4 1 7.083333 1.000000 57
 5 1 2.083333 1.000000 5
 5 1 16.250000 1.000000 39
 4 1 2.083333 1.000000 45
 5 1 5.416667 1.000000 13
 1254187.624554 4
 6 1 10.416667 1.000000 105
 5 0 2.083333 1.000000 4
 7 0 11.250000 1.000000 186
 4 1 14.583333 1.000000 75
 1618676.660293 7
 5 1 6.250000 1.000000 15
 2 0 4.583333 1.000000 210
 5 0 16.250000 1.000000 38
 5 1 7.083333 1.000000 17
 4 0 10.416667 1.000000 64
 4 1 16.250000 1.000000 79
 5 0 4.583333 1.000000 10
 1506780.983520 3
 3 0 16.250000 1.000000 158
 4 1 7.916667 1.000000 59
 6 1 6.250000 1.000000 95
 68306.295512 7
 4 1 4.583333 1.000000 51
 6 0 7.083333 1.000000 96
 5 1 5.416667 1.000000 13
 4 1 2.916667 1.000000 47
 4 0 7.083333 1.000000 56
 5 1 7.083333 1.000000 17
 5 0 10.416667 1.000000 24
 73129.025639 7
 0 0 7.083333 1.000000 376
 5 0 11.250000 1.000000 26
 4 1 12.916667 1.000000 71
 4 0 10.416667 1.000000 64
 4 0 9.583333 1.000000 62
 3 1 12.083333 1.000000 149
 0 0 11.250000 1.000000 386
 46399.175379 2
 4 0 7.083333 1.000000 56
 6 0 16.250000 1.000000 118
 658487.258562 8
 5 0 8.750000 1.000000 20
 9 0 4.583333 1.000000 330
 4 1 10.416667 1.000000 65
 5 1 11.250000 1.000000 27
 4 1 7.083333 1.000000 57
 5 0 6.250000 1.000000 14
 4 1 0.416667 1.000000 41
 5 0 13.750000 1.000000 32
 365660.461935 6
 5 0 3.750000 1.000000 8
 5 1 13.750000 1.000000 33
 3 0 12.916667 1.000000 150
 3 0 7.916667 1.000000 138
 5 0 1.250000 1.000000 2
 8 0 1.250000 1.000000 242
 1834560.131689 6
 5 1 6.250000 1.000000 15
 5 1 5.416667 1.000000 13
 4 1 0.416667 1.000000 41
 5 0 9.583333 1.000000 22
 3 0 4.583333 1.000000 130
 5 1 15.416667 1.000000 37
 124284.394795 4
 5 0 11.250000 1.000000 26
 1 0 14.583333 1.000000 314
 5 0 7.083333 1.000000 16
 5 1 7.916667 1.000000 19
 206590.539909 7
 4 1 15.416667 1.000000 77
 4 1 2.916667 1.000000 47
 6 0 5.416667 1.000000 92
 6 0 2.083333 1.000000 84
 4 1 16.250000 1.000000 79
 5 0 7.083333 1.000000 16
 4 0 8.750000 1.000000 60
 1561907.826644 6
 4 1 3.750000 1.000000 49
 4 0 13.750000 1.000000 72
 5 1 10.416667 1.000000 25
 4 1 4.583333 1.000000 51
 4 0 15.416667 1.000000 76
 3 0 12.916667 1.000000 150
 86404.693651 4
 4 0 2.083333 1.000000 44
 6 1 8.750000 1.000000 101
 7 1 11.250000 1.000000 187
 5 0 12.083333 1.000000 28
 1233891.870339 9
 5 0 15.416667 1.000000 36
 8 1 3.750000 1.000000 249
 5 1 12.083333 1.000000 29
 4 1 5.416667 1.000000 53
 5 1 2.916667 1.000000 7
 5 1 6.250000 1.000000 15
 3 0 10.416667 1.000000 144
 5 1 7.083333 1.000000 17
 5 0 9.583333 1.000000 22
 433183.807578 6
 4 0 2.083333 1.000000 44
 5 0 6.250000 1.000000 14
 5 1 4.583333 1.000000 11
 5 1 11.250000 1.000000 27
 5 1 1.250000 1.000000 3
 5 1 2.916667 1.000000 7
 388501.794091 6
 4 0 3.750000 1.000000 48
 4 1 13.750000 1.000000 73
 3 0 13.750000 1.000000 152
 0 0 8.750000 1.000000 380
 5 0 6.250000 1.000000 14
 2 0 4.583333 1.000000 210
 582725.171122 5
 5 0 2.916667 1.000000 6
 4 0 13.750000 1.000000 72
 5 1 6.250000 1.000000 15
 4 1 10.416667 1.000000 65
 5 0 3.750000 1.000000 8
 491284.597093 8
 5 1 12.083333 1.000000 29
 4 1 7.083333 1.000000 57
 5 0 7.083333 1.000000 16
 5 0 14.583333 1.000000 34
 3 1 12.083333 1.000000 149
 4 0 15.416667 1.000000 76
 4 1 12.916667 1.000000 71
 4 1 16.250000 1.000000 79
 853683.380733 8
 5 0 10.416667 1.000000 24
 5 0 12.916667 1.000000 30
 4 1 7.916667 1.000000 59
 5 0 0.416667 1.000000 0
 5 1 13.750000 1.000000 33
 4 1 1.250000 1.000000 43
 5 0 6.250000 1.000000 14
 9 1 15.416667 1.000000 357
 379743.288280 4
 5 0 13.750000 1.000000 32
 0 0 14.583333 1.000000 394
 5 0 16.250000 1.000000 38
 3 1 10.416667 1.000000 145
 433062.969350 4
 4 1 16.250000 1.000000 79
 4 1 4.583333 1.000000 51
 4 0 5.416667 1.000000 52
 5 1 12.916667 1.000000 31
 1939769.684160 6
 5 1 8.750000 1.000000 21
 5 0 12.916667 1.000000 30
 5 0 13.750000 1.000000 32
 4 1 7.916667 1.000000 59
 4 1 5.416667 1.000000 53
 4 0 14.583333 1.000000 74
 775753.284048 6
 5 0 15.416667 1.000000 36
 5 1 9.583333 1.000000 23
 4 1 10.416667 1.000000 65
 4 0 12.083333 1.000000 68
 8 1 1.250000 1.000000 243
 4 0 4.583333 1.000000 50
 1394075.727944 2
 5 0 12.916667 1.000000 30
 9 0 5.416667 1.000000 332
 1535921.719678 3
 4 1 14.583333 1.000000 75
 6 1 3.750000 1.000000 89
 2 0 2.916667 1.000000 206
 1290469.287881 6
 5 1 12.083333 1.000000 29
 5 0 16.250000 1.000000 38
 4 0 10.416667 1.000000 64
 5 0 12.083333 1.000000 28
 5 0 9.583333 1.000000 22
 6 0 5.416667 1.000000 92
 101014.114628 8
 3 1 9.583333 1.000000 143
 5 1 16.250000 1.000000 39
 4 0 11.250000 1.000000 66
 4 0 3.750000 1.000000 48
 4 1 9.583333 1.000000 63
 2 0 15.416667 1.000000 236
 5 0 11.250000 1.000000 26
 5 1 11.250000 1.000000 27
 1462083.375706 3
 5 1 2.083333 1.000000 5
 4 1 15.416667 1.000000 77
 5 0 12.916667 1.000000 30
 1331419.172832 4
 3 1 2.083333 1.000000 125
 6 1 2.083333 1.000000 85
 4 0 7.083333 1.000000 56
 4 1 12.916667 1.000000 71
 969226.525263 9
 3 1 12.916667 1.000000 151
 3 1 2.916667 1.000000 127
 4 0 12.083333 1.000000 68
 3 0 12.916667 1.000000 150
 6 1 13.750000 1.000000 113
 4 1 2.916667 1.000000 47
 5 1 16.250000 1.000000 39
 4 0 7.916667 1.000000 58
 5 1 5.416667 1.000000 13
 140949.059586 2
 4 0 12.083333 1.000000 68
 5 1 14.583333 1.000000 35
 1982744.438398 7
 5 1 10.416667 1.000000 25
 4 0 16.250000 1.000000 78
 4 0 7.083333 1.000000 56
 3 0 12.916667 1.000000 150
 4 0 14.583333 1.000000 74
 4 1 11.250000 1.000000 67
 5 1 2.916667 1.000000 7
 99852.854842 2
 4 0 3.750000 1.000000 48
 4 1 5.416667 1.000000 53
 1874925.866479 3
 1 1 7.083333 1.000000 297
 4 1 12.083333 1.000000 69
 4 1 10.416667 1.000000 65
 1510070.269159 5
 5 0 14.583333 1.000000 34
 2 0 0.416667 1.000000 200
 5 1 7.083333 1.000000 17
 4 0 16.250000 1.000000 78
 5 1 6.250000 1.000000 15