 Numero de pedidos 
 200
 duedate num_referencias // pasillo lado altura peso
 1872343.249504 3
 6 0 6.250000 1.000000 254
 5 0 8.750000 1.000000 220
 5 1 11.250000 1.000000 227
 1857021.967534 4
 0 1 12.916667 1.000000 31
 3 1 2.083333 1.000000 125
 2 1 1.250000 1.000000 83
 2 0 5.416667 1.000000 92
 797764.168604 9
 8 0 12.083333 1.000000 348
 5 0 16.250000 1.000000 238
 7 1 13.750000 1.000000 313
 6 1 11.250000 1.000000 267
 1 0 7.083333 1.000000 56
 5 1 12.916667 1.000000 231
 8 1 14.583333 1.000000 355
 7 0 7.916667 1.000000 298
 2 1 1.250000 1.000000 83
 1849740.128298 8
 8 0 8.750000 1.000000 340
 3 0 10.416667 1.000000 144
 2 1 8.750000 1.000000 101
 1 1 14.583333 1.000000 75
 5 0 0.416667 1.000000 200
 7 0 1.250000 1.000000 282
 2 0 7.083333 1.000000 96
 3 1 10.416667 1.000000 145
 1086317.251942 6
 8 1 7.916667 1.000000 339
 0 0 0.416667 1.000000 0
 7 1 10.416667 1.000000 305
 5 0 6.250000 1.000000 214
 5 1 3.750000 1.000000 209
 2 0 7.083333 1.000000 96
 1035387.950314 3
 6 1 12.083333 1.000000 269
 8 1 2.916667 1.000000 327
 5 1 3.750000 1.000000 209
 596525.269764 5
 1 0 2.083333 1.000000 44
 4 1 9.583333 1.000000 183
 9 1 7.916667 1.000000 379
 9 1 12.916667 1.000000 391
 6 0 6.250000 1.000000 254
 1591318.412363 3
 2 1 7.083333 1.000000 97
 5 1 11.250000 1.000000 227
 5 0 7.083333 1.000000 216
 770582.936262 6
 5 1 3.750000 1.000000 209
 4 0 0.416667 1.000000 160
 7 0 7.916667 1.000000 298
 7 0 1.250000 1.000000 282
 6 0 2.916667 1.000000 246
 0 0 16.250000 1.000000 38
 115774.271021 7
 0 1 12.916667 1.000000 31
 7 1 11.250000 1.000000 307
 4 1 7.916667 1.000000 179
 9 0 12.083333 1.000000 388
 6 1 15.416667 1.000000 277
 3 0 11.250000 1.000000 146
 7 1 0.416667 1.000000 281
 1674326.354169 8
 0 1 8.750000 1.000000 21
 2 1 6.250000 1.000000 95
 9 1 7.916667 1.000000 379
 4 1 12.083333 1.000000 189
 7 0 5.416667 1.000000 292
 4 1 16.250000 1.000000 199
 7 0 8.750000 1.000000 300
 3 1 5.416667 1.000000 133
 81274.401360 4
 6 0 16.250000 1.000000 278
 2 1 1.250000 1.000000 83
 7 1 13.750000 1.000000 313
 4 0 14.583333 1.000000 194
 1521450.562124 9
 5 0 0.416667 1.000000 200
 8 1 11.250000 1.000000 347
 1 0 2.083333 1.000000 44
 0 0 9.583333 1.000000 22
 8 1 12.083333 1.000000 349
 1 1 14.583333 1.000000 75
 4 0 12.083333 1.000000 188
 9 0 13.750000 1.000000 392
 1 0 5.416667 1.000000 52
 137134.301931 5
 2 0 9.583333 1.000000 102
 9 0 15.416667 1.000000 396
 8 1 3.750000 1.000000 329
 3 1 5.416667 1.000000 133
 9 1 12.916667 1.000000 391
 84455.254136 9
 4 1 12.916667 1.000000 191
 7 1 13.750000 1.000000 313
 5 0 6.250000 1.000000 214
 9 0 6.250000 1.000000 374
 9 1 7.916667 1.000000 379
 8 1 7.916667 1.000000 339
 3 1 3.750000 1.000000 129
 1 0 12.083333 1.000000 68
 7 0 8.750000 1.000000 300
 701386.850449 3
 7 1 3.750000 1.000000 289
 9 0 12.083333 1.000000 388
 2 0 8.750000 1.000000 100
 865898.867317 5
 8 1 12.083333 1.000000 349
 0 0 0.416667 1.000000 0
 9 0 6.250000 1.000000 374
 9 1 16.250000 1.000000 399
 1 0 16.250000 1.000000 78
 834308.516828 2
 3 1 5.416667 1.000000 133
 1 0 12.916667 1.000000 70
 633684.462120 3
 9 1 2.916667 1.000000 367
 9 1 12.916667 1.000000 391
 3 1 5.416667 1.000000 133
 1064687.181630 8
 3 0 6.250000 1.000000 134
 7 0 7.916667 1.000000 298
 4 1 8.750000 1.000000 181
 4 0 7.083333 1.000000 176
 7 0 8.750000 1.000000 300
 5 1 3.750000 1.000000 209
 5 0 12.083333 1.000000 228
 6 1 5.416667 1.000000 253
 497918.329899 7
 7 0 12.083333 1.000000 308
 4 0 7.916667 1.000000 178
 3 0 6.250000 1.000000 134
 8 0 8.750000 1.000000 340
 4 1 14.583333 1.000000 195
 0 1 5.416667 1.000000 13
 5 1 8.750000 1.000000 221
 339929.726431 7
 4 1 12.083333 1.000000 189
 6 1 12.083333 1.000000 269
 7 0 7.916667 1.000000 298
 0 1 16.250000 1.000000 39
 0 0 9.583333 1.000000 22
 7 0 1.250000 1.000000 282
 5 0 7.083333 1.000000 216
 1356130.678671 9
 8 0 8.750000 1.000000 340
 4 0 7.083333 1.000000 176
 0 0 9.583333 1.000000 22
 1 0 12.916667 1.000000 70
 9 0 6.250000 1.000000 374
 3 0 6.250000 1.000000 134
 7 1 13.750000 1.000000 313
 4 1 12.916667 1.000000 191
 1 1 0.416667 1.000000 41
 654000.255491 8
 9 1 7.916667 1.000000 379
 8 0 8.750000 1.000000 340
 7 0 8.750000 1.000000 300
 7 1 10.416667 1.000000 305
 8 1 12.083333 1.000000 349
 0 1 12.916667 1.000000 31
 3 1 9.583333 1.000000 143
 4 0 12.083333 1.000000 188
 375785.918206 2
 5 0 7.083333 1.000000 216
 5 1 7.916667 1.000000 219
 1855898.681384 4
 2 1 1.250000 1.000000 83
 6 0 9.583333 1.000000 262
 7 0 8.750000 1.000000 300
 5 1 11.250000 1.000000 227
 742585.089143 4
 8 0 8.750000 1.000000 340
 5 0 8.750000 1.000000 220
 3 1 2.083333 1.000000 125
 4 1 7.916667 1.000000 179
 1239273.286406 7
 2 0 12.083333 1.000000 108
 8 1 3.750000 1.000000 329
 9 0 4.583333 1.000000 370
 5 1 8.750000 1.000000 221
 3 1 2.916667 1.000000 127
 7 1 0.416667 1.000000 281
 2 0 8.750000 1.000000 100
 76473.672686 8
 2 1 8.750000 1.000000 101
 7 1 12.083333 1.000000 309
 1 0 14.583333 1.000000 74
 0 1 8.750000 1.000000 21
 9 0 13.750000 1.000000 392
 9 1 3.750000 1.000000 369
 8 1 0.416667 1.000000 321
 5 0 7.083333 1.000000 216
 1254025.531548 8
 4 0 7.083333 1.000000 176
 0 0 9.583333 1.000000 22
 4 1 12.083333 1.000000 189
 0 0 13.750000 1.000000 32
 1 0 7.083333 1.000000 56
 5 1 11.250000 1.000000 227
 9 0 16.250000 1.000000 398
 7 0 1.250000 1.000000 282
 1916403.306218 4
 8 1 3.750000 1.000000 329
 7 0 10.416667 1.000000 304
 0 1 8.750000 1.000000 21
 6 0 6.250000 1.000000 254
 828367.475657 3
 1 1 1.250000 1.000000 43
 9 1 2.916667 1.000000 367
 7 1 0.416667 1.000000 281
 629702.242981 4
 8 0 12.083333 1.000000 348
 7 1 0.416667 1.000000 281
 9 0 6.250000 1.000000 374
 8 1 12.083333 1.000000 349
 41795.721409 7
 7 1 10.416667 1.000000 305
 4 1 9.583333 1.000000 183
 8 1 7.916667 1.000000 339
 4 0 0.416667 1.000000 160
 1 0 2.083333 1.000000 44
 7 0 1.250000 1.000000 282
 9 0 6.250000 1.000000 374
 852089.909134 5
 0 1 8.750000 1.000000 21
 5 0 0.416667 1.000000 200
 8 0 8.750000 1.000000 340
 4 1 12.916667 1.000000 191
 0 1 5.416667 1.000000 13
 53148.070356 7
 9 1 3.750000 1.000000 369
 0 1 12.916667 1.000000 31
 4 1 3.750000 1.000000 169
 1 1 14.583333 1.000000 75
 0 0 9.583333 1.000000 22
 6 1 12.083333 1.000000 269
 4 0 0.416667 1.000000 160
 487796.967983 7
 3 0 2.916667 1.000000 126
 7 1 13.750000 1.000000 313
 7 0 1.250000 1.000000 282
 7 1 0.416667 1.000000 281
 4 1 12.916667 1.000000 191
 7 0 7.916667 1.000000 298
 1 0 5.416667 1.000000 52
 472485.692814 8
 1 0 12.083333 1.000000 68
 7 0 4.583333 1.000000 290
 0 1 14.583333 1.000000 35
 5 0 16.250000 1.000000 238
 7 1 2.083333 1.000000 285
 9 0 6.250000 1.000000 374
 7 0 10.416667 1.000000 304
 4 1 9.583333 1.000000 183
 1726633.929166 6
 0 1 5.416667 1.000000 13
 5 1 8.750000 1.000000 221
 4 0 2.916667 1.000000 166
 4 0 0.416667 1.000000 160
 9 1 12.916667 1.000000 391
 1 0 7.083333 1.000000 56
 113100.849908 9
 5 1 11.250000 1.000000 227
 0 1 12.916667 1.000000 31
 1 1 11.250000 1.000000 67
 4 1 14.583333 1.000000 195
 4 0 0.416667 1.000000 160
 2 1 6.250000 1.000000 95
 0 0 13.750000 1.000000 32
 7 1 14.583333 1.000000 315
 2 1 1.250000 1.000000 83
 659975.019870 8
 5 0 0.416667 1.000000 200
 1 0 7.083333 1.000000 56
 1 1 9.583333 1.000000 63
 6 1 6.250000 1.000000 255
 7 0 12.083333 1.000000 308
 9 0 15.416667 1.000000 396
 0 0 13.750000 1.000000 32
 8 1 0.416667 1.000000 321
 751646.976970 4
 4 1 7.083333 1.000000 177
 3 0 10.416667 1.000000 144
 2 1 8.750000 1.000000 101
 4 1 12.083333 1.000000 189
 259690.043079 4
 8 1 7.916667 1.000000 339
 5 0 16.250000 1.000000 238
 4 0 7.083333 1.000000 176
 6 0 9.583333 1.000000 262
 1021445.757664 8
 5 1 2.916667 1.000000 207
 5 1 3.750000 1.000000 209
 4 1 13.750000 1.000000 193
 3 0 6.250000 1.000000 134
 7 1 11.250000 1.000000 307
 5 0 6.250000 1.000000 214
 0 0 0.416667 1.000000 0
 4 1 3.750000 1.000000 169
 296005.134813 9
 1 0 12.083333 1.000000 68
 7 1 0.416667 1.000000 281
 2 1 8.750000 1.000000 101
 8 1 7.916667 1.000000 339
 4 0 0.416667 1.000000 160
 2 0 12.916667 1.000000 110
 3 1 2.083333 1.000000 125
 7 0 1.250000 1.000000 282
 8 1 0.416667 1.000000 321
 881719.133948 3
 9 1 2.916667 1.000000 367
 5 1 1.250000 1.000000 203
 1 0 7.083333 1.000000 56
 1269981.910377 7
 0 0 12.083333 1.000000 28
 8 1 3.750000 1.000000 329
 9 0 5.416667 1.000000 372
 4 1 12.916667 1.000000 191
 3 0 10.416667 1.000000 144
 3 0 6.250000 1.000000 134
 4 1 12.083333 1.000000 189
 1359182.578437 2
 7 1 8.750000 1.000000 301
 8 0 5.416667 1.000000 332
 400354.647339 9
 4 1 7.083333 1.000000 177
 7 0 1.250000 1.000000 282
 5 0 0.416667 1.000000 200
 5 0 8.750000 1.000000 220
 7 0 8.750000 1.000000 300
 9 0 15.416667 1.000000 396
 7 1 10.416667 1.000000 305
 9 1 2.916667 1.000000 367
 1 0 12.916667 1.000000 70
 1575265.650998 2
 5 0 0.416667 1.000000 200
 6 0 6.250000 1.000000 254
 46936.814546 9
 8 1 2.916667 1.000000 327
 2 1 1.250000 1.000000 83
 2 0 3.750000 1.000000 88
 4 1 4.583333 1.000000 171
 0 1 12.916667 1.000000 31
 9 0 16.250000 1.000000 398
 8 0 2.916667 1.000000 326
 8 1 3.750000 1.000000 329
 1 1 14.583333 1.000000 75
 1776173.594359 5
 3 1 5.416667 1.000000 133
 3 1 2.083333 1.000000 125
 8 1 7.916667 1.000000 339
 4 0 2.916667 1.000000 166
 5 0 11.250000 1.000000 226
 1653893.492917 7
 0 1 8.750000 1.000000 21
 8 0 10.416667 1.000000 344
 9 1 7.916667 1.000000 379
 1 0 13.750000 1.000000 72
 4 1 7.083333 1.000000 177
 7 0 10.416667 1.000000 304
 9 0 12.083333 1.000000 388
 1111345.080916 3
 4 1 7.083333 1.000000 177
 9 1 3.750000 1.000000 369
 0 0 13.750000 1.000000 32
 1696540.476073 8
 9 0 6.250000 1.000000 374
 4 1 3.750000 1.000000 169
 7 0 8.750000 1.000000 300
 0 0 0.416667 1.000000 0
 8 0 12.083333 1.000000 348
 2 0 7.083333 1.000000 96
 0 0 13.750000 1.000000 32
 4 1 9.583333 1.000000 183
 1657251.563900 8
 6 0 11.250000 1.000000 266
 9 0 12.083333 1.000000 388
 4 1 3.750000 1.000000 169
 2 1 6.250000 1.000000 95
 4 0 14.583333 1.000000 194
 3 1 2.083333 1.000000 125
 4 1 7.916667 1.000000 179
 9 1 2.916667 1.000000 367
 1648235.936076 9
 4 1 12.083333 1.000000 189
 5 1 3.750000 1.000000 209
 4 0 5.416667 1.000000 172
 7 1 2.083333 1.000000 285
 2 1 8.750000 1.000000 101
 8 0 5.416667 1.000000 332
 0 0 16.250000 1.000000 38
 9 1 7.916667 1.000000 379
 3 1 9.583333 1.000000 143
 653691.570709 6
 4 1 14.583333 1.000000 195
 7 0 8.750000 1.000000 300
 0 1 8.750000 1.000000 21
 5 1 0.416667 1.000000 201
 4 0 7.083333 1.000000 176
 4 1 7.916667 1.000000 179
 1045315.104185 5
 8 0 12.083333 1.000000 348
 9 1 12.916667 1.000000 391
 8 1 2.916667 1.000000 327
 7 1 3.750000 1.000000 289
 1 1 7.083333 1.000000 57
 1898199.217868 6
 4 1 3.750000 1.000000 169
 1 0 12.083333 1.000000 68
 8 1 12.083333 1.000000 349
 4 0 12.083333 1.000000 188
 1 1 12.916667 1.000000 71
 9 0 12.083333 1.000000 388
 1478905.352801 2
 8 0 16.250000 1.000000 358
 7 0 8.750000 1.000000 300
 859775.209343 6
 2 0 7.083333 1.000000 96
 7 1 10.416667 1.000000 305
 8 0 5.416667 1.000000 332
 2 1 6.250000 1.000000 95
 5 0 16.250000 1.000000 238
 5 1 8.750000 1.000000 221
 1343178.671870 6
 4 1 3.750000 1.000000 169
 4 1 4.583333 1.000000 171
 5 1 8.750000 1.000000 221
 3 1 5.416667 1.000000 133
 4 1 12.083333 1.000000 189
 1 0 12.916667 1.000000 70
 1547967.031332 8
 1 0 16.250000 1.000000 78
 9 0 12.083333 1.000000 388
 9 1 1.250000 1.000000 363
 6 0 16.250000 1.000000 278
 4 0 14.583333 1.000000 194
 0 0 9.583333 1.000000 22
 1 0 7.083333 1.000000 56
 6 0 9.583333 1.000000 262
 539217.707188 8
 6 0 11.250000 1.000000 266
 4 1 3.750000 1.000000 169
 5 0 4.583333 1.000000 210
 6 0 10.416667 1.000000 264
 3 1 9.583333 1.000000 143
 5 0 0.416667 1.000000 200
 2 1 1.250000 1.000000 83
 8 0 12.083333 1.000000 348
 903262.462534 8
 0 1 8.750000 1.000000 21
 6 0 14.583333 1.000000 274
 8 0 12.083333 1.000000 348
 9 0 16.250000 1.000000 398
 4 1 4.583333 1.000000 171
 4 1 7.083333 1.000000 177
 8 1 1.250000 1.000000 323
 4 0 0.416667 1.000000 160
 1376550.747574 5
 2 1 6.250000 1.000000 95
 5 1 3.750000 1.000000 209
 8 0 2.916667 1.000000 326
 0 1 12.916667 1.000000 31
 5 0 0.416667 1.000000 200
 341997.891284 9
 2 0 8.750000 1.000000 100
 1 0 2.083333 1.000000 44
 0 0 9.583333 1.000000 22
 0 1 10.416667 1.000000 25
 8 1 7.916667 1.000000 339
 1 1 12.916667 1.000000 71
 4 0 7.083333 1.000000 176
 4 0 14.583333 1.000000 194
 9 1 3.750000 1.000000 369
 1297807.887689 7
 7 0 8.750000 1.000000 300
 4 1 4.583333 1.000000 171
 9 0 12.083333 1.000000 388
 2 1 8.750000 1.000000 101
 5 1 9.583333 1.000000 223
 6 0 10.416667 1.000000 264
 8 1 2.916667 1.000000 327
 469148.493367 7
 1 1 2.083333 1.000000 45
 4 1 12.916667 1.000000 191
 7 0 8.750000 1.000000 300
 5 0 7.083333 1.000000 216
 8 1 7.916667 1.000000 339
 8 0 12.083333 1.000000 348
 7 1 0.416667 1.000000 281
 1201776.019541 9
 7 1 3.750000 1.000000 289
 7 0 8.750000 1.000000 300
 6 0 4.583333 1.000000 250
 5 1 3.750000 1.000000 209
 8 0 8.750000 1.000000 340
 9 0 15.416667 1.000000 396
 4 1 14.583333 1.000000 195
 0 0 12.083333 1.000000 28
 7 1 1.250000 1.000000 283
 1961934.733131 3
 4 0 12.083333 1.000000 188
 0 0 13.750000 1.000000 32
 8 0 8.750000 1.000000 340
 1582910.463094 6
 0 0 12.083333 1.000000 28
 3 0 10.416667 1.000000 144
 5 1 9.583333 1.000000 223
 2 1 6.250000 1.000000 95
 0 1 12.916667 1.000000 31
 4 0 12.083333 1.000000 188
 1047240.570824 5
 1 0 12.916667 1.000000 70
 1 1 14.583333 1.000000 75
 4 0 1.250000 1.000000 162
 7 0 8.750000 1.000000 300
 4 1 3.750000 1.000000 169
 526479.235686 2
 8 0 5.416667 1.000000 332
 4 1 9.583333 1.000000 183
 1233634.694476 6
 1 0 7.083333 1.000000 56
 2 0 2.916667 1.000000 86
 5 1 9.583333 1.000000 223
 4 0 14.583333 1.000000 194
 1 0 12.916667 1.000000 70
 9 1 2.916667 1.000000 367
 57271.823109 5
 0 1 12.916667 1.000000 31
 0 0 13.750000 1.000000 32
 0 0 12.083333 1.000000 28
 2 1 1.250000 1.000000 83
 7 1 15.416667 1.000000 317
 1173338.984872 2
 5 0 6.250000 1.000000 214
 3 1 2.916667 1.000000 127
 1673099.074510 5
 5 0 11.250000 1.000000 226
 3 1 12.916667 1.000000 151
 2 0 12.916667 1.000000 110
 4 0 5.416667 1.000000 172
 8 0 12.083333 1.000000 348
 913742.433709 8
 1 0 6.250000 1.000000 54
 9 0 16.250000 1.000000 398
 8 0 12.083333 1.000000 348
 4 1 3.750000 1.000000 169
 9 1 2.916667 1.000000 367
 2 0 11.250000 1.000000 106
 1 0 2.083333 1.000000 44
 7 0 1.250000 1.000000 282
 803808.000350 4
 1 0 7.083333 1.000000 56
 5 0 7.083333 1.000000 216
 4 0 11.250000 1.000000 186
 0 1 5.416667 1.000000 13
 247137.881148 7
 8 0 8.750000 1.000000 340
 1 1 12.083333 1.000000 69
 9 0 12.083333 1.000000 388
 4 0 2.916667 1.000000 166
 1 1 0.416667 1.000000 41
 9 1 2.916667 1.000000 367
 9 1 7.916667 1.000000 379
 1234671.636836 3
 2 0 7.083333 1.000000 96
 5 1 3.750000 1.000000 209
 4 1 7.916667 1.000000 179
 368482.354976 4
 2 1 0.416667 1.000000 81
 7 1 2.083333 1.000000 285
 3 0 10.416667 1.000000 144
 8 1 14.583333 1.000000 355
 454082.332782 7
 9 0 16.250000 1.000000 398
 9 0 6.250000 1.000000 374
 8 0 8.750000 1.000000 340
 2 1 1.250000 1.000000 83
 2 1 6.250000 1.000000 95
 9 0 7.083333 1.000000 376
 7 1 2.083333 1.000000 285
 338970.428956 8
 1 0 11.250000 1.000000 66
 6 0 2.916667 1.000000 246
 2 1 9.583333 1.000000 103
 5 0 0.416667 1.000000 200
 6 0 6.250000 1.000000 254
 9 1 12.916667 1.000000 391
 3 1 5.416667 1.000000 133
 8 0 5.416667 1.000000 332
 1403037.461062 7
 7 0 2.916667 1.000000 286
 5 1 3.750000 1.000000 209
 0 1 5.416667 1.000000 13
 8 1 7.916667 1.000000 339
 5 0 0.416667 1.000000 200
 8 1 12.083333 1.000000 349
 7 1 13.750000 1.000000 313
 1929941.971269 2
 4 1 13.750000 1.000000 193
 9 1 3.750000 1.000000 369
 329877.198231 4
 9 1 2.916667 1.000000 367
 1 0 7.083333 1.000000 56
 5 0 11.250000 1.000000 226
 6 0 6.250000 1.000000 254
 149822.760424 7
 2 1 8.750000 1.000000 101
 2 0 13.750000 1.000000 112
 7 0 5.416667 1.000000 292
 4 1 7.083333 1.000000 177
 2 1 6.250000 1.000000 95
 4 0 4.583333 1.000000 170
 9 0 15.416667 1.000000 396
 1956776.335275 7
 9 1 6.250000 1.000000 375
 4 1 3.750000 1.000000 169
 3 1 5.416667 1.000000 133
 8 1 2.916667 1.000000 327
 7 1 11.250000 1.000000 307
 3 0 6.250000 1.000000 134
 5 1 11.250000 1.000000 227
 744158.916783 4
 5 1 2.916667 1.000000 207
 3 1 9.583333 1.000000 143
 4 0 0.416667 1.000000 160
 1 0 12.083333 1.000000 68
 1393752.661810 3
 8 0 8.750000 1.000000 340
 5 1 3.750000 1.000000 209
 5 0 11.250000 1.000000 226
 949232.472791 5
 3 0 15.416667 1.000000 156
 8 1 12.916667 1.000000 351
 2 1 1.250000 1.000000 83
 7 0 8.750000 1.000000 300
 0 1 8.750000 1.000000 21
 1430517.537496 7
 4 0 7.083333 1.000000 176
 5 1 2.083333 1.000000 205
 0 0 13.750000 1.000000 32
 8 0 8.750000 1.000000 340
 9 1 12.916667 1.000000 391
 0 1 13.750000 1.000000 33
 7 0 2.916667 1.000000 286
 563132.393715 7
 0 1 5.416667 1.000000 13
 9 0 15.416667 1.000000 396
 6 0 14.583333 1.000000 274
 3 1 2.083333 1.000000 125
 8 0 12.083333 1.000000 348
 4 1 9.583333 1.000000 183
 7 0 10.416667 1.000000 304
 1334751.658204 8
 2 0 7.916667 1.000000 98
 3 1 2.916667 1.000000 127
 3 0 0.416667 1.000000 120
 2 0 11.250000 1.000000 106
 5 0 1.250000 1.000000 202
 9 1 14.583333 1.000000 395
 7 1 4.583333 1.000000 291
 4 1 3.750000 1.000000 169
 724439.946359 5
 4 0 12.083333 1.000000 188
 7 0 1.250000 1.000000 282
 7 1 10.416667 1.000000 305
 1 0 2.083333 1.000000 44
 9 1 3.750000 1.000000 369
 393369.662516 2
 4 1 3.750000 1.000000 169
 4 1 12.083333 1.000000 189
 1208382.121384 3
 1 0 12.916667 1.000000 70
 4 0 12.916667 1.000000 190
 8 1 2.916667 1.000000 327
 1105184.516248 9
 7 1 13.750000 1.000000 313
 9 1 2.916667 1.000000 367
 9 0 12.916667 1.000000 390
 0 0 13.750000 1.000000 32
 4 1 7.083333 1.000000 177
 7 0 1.250000 1.000000 282
 1 1 14.583333 1.000000 75
 0 0 0.416667 1.000000 0
 2 0 7.083333 1.000000 96
 258073.906497 9
 5 0 8.750000 1.000000 220
 0 0 15.416667 1.000000 36
 8 1 0.416667 1.000000 321
 0 0 12.083333 1.000000 28
 4 0 0.416667 1.000000 160
 6 1 7.916667 1.000000 259
 5 1 8.750000 1.000000 221
 4 1 12.916667 1.000000 191
 2 1 5.416667 1.000000 93
 1718180.339615 9
 4 1 14.583333 1.000000 195
 9 0 15.416667 1.000000 396
 9 1 7.916667 1.000000 379
 7 0 8.750000 1.000000 300
 6 0 6.250000 1.000000 254
 9 0 13.750000 1.000000 392
 3 0 6.250000 1.000000 134
 9 1 3.750000 1.000000 369
 5 1 8.750000 1.000000 221
 1019636.065615 5
 2 1 1.250000 1.000000 83
 9 0 16.250000 1.000000 398
 5 0 7.083333 1.000000 216
 7 0 15.416667 1.000000 316
 5 1 11.250000 1.000000 227
 564025.935086 5
 4 1 9.583333 1.000000 183
 9 0 12.083333 1.000000 388
 0 1 8.750000 1.000000 21
 3 0 6.250000 1.000000 134
 7 0 7.916667 1.000000 298
 1735735.133204 6
 0 1 12.916667 1.000000 31
 8 1 12.083333 1.000000 349
 4 0 2.916667 1.000000 166
 8 0 2.916667 1.000000 326
 5 0 1.250000 1.000000 202
 0 0 9.583333 1.000000 22
 1589985.299199 9
 1 1 14.583333 1.000000 75
 8 0 5.416667 1.000000 332
 4 0 7.083333 1.000000 176
 4 1 4.583333 1.000000 171
 4 1 13.750000 1.000000 193
 1 0 7.083333 1.000000 56
 1 0 12.083333 1.000000 68
 5 1 7.916667 1.000000 219
 1 0 12.916667 1.000000 70
 177543.523040 2
 4 1 3.750000 1.000000 169
 4 0 9.583333 1.000000 182
 1959170.712325 5
 4 0 7.083333 1.000000 176
 6 0 9.583333 1.000000 262
 7 0 10.416667 1.000000 304
 7 1 3.750000 1.000000 289
 4 0 0.416667 1.000000 160
 117606.602496 9
 3 1 1.250000 1.000000 123
 8 1 7.916667 1.000000 339
 4 1 3.750000 1.000000 169
 6 0 9.583333 1.000000 262
 8 0 12.083333 1.000000 348
 4 1 9.583333 1.000000 183
 4 0 12.916667 1.000000 190
 7 0 10.416667 1.000000 304
 0 0 9.583333 1.000000 22
 1004181.940725 5
 8 1 3.750000 1.000000 329
 7 1 2.083333 1.000000 285
 6 0 9.583333 1.000000 262
 7 0 8.750000 1.000000 300
 1 1 12.916667 1.000000 71
 827642.229976 8
 6 1 8.750000 1.000000 261
 4 1 9.583333 1.000000 183
 3 0 10.416667 1.000000 144
 9 1 2.916667 1.000000 367
 4 1 14.583333 1.000000 195
 4 1 3.750000 1.000000 169
 0 1 5.416667 1.000000 13
 5 0 8.750000 1.000000 220
 1755376.235133 2
 3 1 2.916667 1.000000 127
 6 1 12.083333 1.000000 269
 1787805.117885 4
 7 1 9.583333 1.000000 303
 6 0 6.250000 1.000000 254
 9 1 12.916667 1.000000 391
 8 1 2.916667 1.000000 327
 597915.461118 5
 0 0 13.750000 1.000000 32
 8 1 3.750000 1.000000 329
 3 0 10.416667 1.000000 144
 0 0 15.416667 1.000000 36
 8 0 6.250000 1.000000 334
 440339.824353 3
 3 1 16.250000 1.000000 159
 5 1 11.250000 1.000000 227
 1 0 7.083333 1.000000 56
 1008608.943153 9
 7 1 10.416667 1.000000 305
 8 0 5.416667 1.000000 332
 2 0 2.083333 1.000000 84
 9 0 11.250000 1.000000 386
 4 1 12.916667 1.000000 191
 5 0 7.083333 1.000000 216
 7 1 13.750000 1.000000 313
 6 0 10.416667 1.000000 264
 9 1 7.916667 1.000000 379
 240899.411478 8
 0 1 8.750000 1.000000 21
 5 0 6.250000 1.000000 214
 3 0 10.416667 1.000000 144
 7 0 0.416667 1.000000 280
 3 1 4.583333 1.000000 131
 8 1 12.916667 1.000000 351
 3 1 15.416667 1.000000 157
 1 0 4.583333 1.000000 50
 441079.296228 7
 1 1 14.583333 1.000000 75
 4 1 3.750000 1.000000 169
 7 0 8.750000 1.000000 300
 7 0 10.416667 1.000000 304
 1 1 0.416667 1.000000 41
 7 1 13.750000 1.000000 313
 5 0 7.083333 1.000000 216
 430762.374564 4
 1 0 7.083333 1.000000 56
 8 0 12.083333 1.000000 348
 8 1 7.916667 1.000000 339
 3 1 13.750000 1.000000 153
 414918.344978 8
 3 0 6.250000 1.000000 134
 6 0 5.416667 1.000000 252
 4 1 14.583333 1.000000 195
 9 1 7.916667 1.000000 379
 0 0 0.416667 1.000000 0
 9 1 3.750000 1.000000 369
 1 0 12.083333 1.000000 68
 4 1 9.583333 1.000000 183
 532254.844295 9
 9 0 12.083333 1.000000 388
 4 1 12.083333 1.000000 189
 9 0 12.916667 1.000000 390
 4 1 4.583333 1.000000 171
 1 1 3.750000 1.000000 49
 7 0 7.916667 1.000000 298
 0 0 13.750000 1.000000 32
 9 0 15.416667 1.000000 396
 7 0 1.250000 1.000000 282
 953680.600484 2
 7 0 7.916667 1.000000 298
 6 0 9.583333 1.000000 262
 1968117.667981 8
 5 0 11.250000 1.000000 226
 4 1 12.916667 1.000000 191
 2 1 1.250000 1.000000 83
 2 1 8.750000 1.000000 101
 9 0 2.916667 1.000000 366
 4 0 0.416667 1.000000 160
 4 1 9.583333 1.000000 183
 7 0 10.416667 1.000000 304
 1044104.315119 6
 9 1 2.916667 1.000000 367
 5 0 8.750000 1.000000 220
 4 0 14.583333 1.000000 194
 9 1 6.250000 1.000000 375
 7 1 10.416667 1.000000 305
 8 0 12.083333 1.000000 348
 1995189.344843 3
 7 0 11.250000 1.000000 306
 9 0 6.250000 1.000000 374
 4 1 14.583333 1.000000 195
 546806.633075 7
 9 1 2.916667 1.000000 367
 4 1 4.583333 1.000000 171
 6 0 10.416667 1.000000 264
 1 1 14.583333 1.000000 75
 3 0 6.250000 1.000000 134
 8 0 12.083333 1.000000 348
 2 1 1.250000 1.000000 83
 1272752.797395 8
 8 0 8.750000 1.000000 340
 4 1 14.583333 1.000000 195
 0 1 3.750000 1.000000 9
 4 1 12.083333 1.000000 189
 3 1 9.583333 1.000000 143
 9 0 8.750000 1.000000 380
 7 0 8.750000 1.000000 300
 0 0 4.583333 1.000000 10
 1959695.633072 8
 2 1 1.250000 1.000000 83
 5 0 7.083333 1.000000 216
 4 0 3.750000 1.000000 168
 5 0 10.416667 1.000000 224
 3 0 10.416667 1.000000 144
 2 0 12.916667 1.000000 110
 6 0 6.250000 1.000000 254
 0 1 5.416667 1.000000 13
 1276300.499251 5
 0 1 12.916667 1.000000 31
 1 0 2.083333 1.000000 44
 7 1 9.583333 1.000000 303
 3 1 11.250000 1.000000 147
 9 0 12.083333 1.000000 388
 1724821.799307 4
 7 0 1.250000 1.000000 282
 1 0 4.583333 1.000000 50
 1 0 2.083333 1.000000 44
 9 0 13.750000 1.000000 392
 1679754.674602 4
 1 0 2.083333 1.000000 44
 8 1 3.750000 1.000000 329
 7 1 10.416667 1.000000 305
 9 0 6.250000 1.000000 374
 1407166.378762 9
 7 1 2.083333 1.000000 285
 6 0 9.583333 1.000000 262
 5 1 8.750000 1.000000 221
 5 0 16.250000 1.000000 238
 4 0 2.083333 1.000000 164
 7 1 10.416667 1.000000 305
 0 1 11.250000 1.000000 27
 3 0 6.250000 1.000000 134
 6 1 12.083333 1.000000 269
 1385276.468427 5
 4 1 3.750000 1.000000 169
 6 0 6.250000 1.000000 254
 5 0 7.083333 1.000000 216
 4 1 7.083333 1.000000 177
 9 1 7.916667 1.000000 379
 552639.827334 7
 8 1 2.916667 1.000000 327
 5 1 3.750000 1.000000 209
 0 1 12.916667 1.000000 31
 9 1 2.083333 1.000000 365
 4 1 12.916667 1.000000 191
 1 1 14.583333 1.000000 75
 5 0 16.250000 1.000000 238
 1473400.709067 9
 5 1 8.750000 1.000000 221
 4 1 12.916667 1.000000 191
 3 1 5.416667 1.000000 133
 9 1 5.416667 1.000000 373
 9 0 6.250000 1.000000 374
 3 0 10.416667 1.000000 144
 0 0 0.416667 1.000000 0
 0 1 5.416667 1.000000 13
 4 1 2.916667 1.000000 167
 90531.691038 5
 9 0 12.916667 1.000000 390
 2 0 7.083333 1.000000 96
 2 0 8.750000 1.000000 100
 7 1 13.750000 1.000000 313
 7 1 0.416667 1.000000 281
 1168434.111182 4
 4 0 12.083333 1.000000 188
 8 1 9.583333 1.000000 343
 8 1 2.916667 1.000000 327
 3 1 13.750000 1.000000 153
 656186.405484 4
 2 0 8.750000 1.000000 100
 7 1 13.750000 1.000000 313
 9 0 12.083333 1.000000 388
 8 1 12.083333 1.000000 349
 359428.795501 8
 5 0 16.250000 1.000000 238
 8 1 7.916667 1.000000 339
 5 0 6.250000 1.000000 214
 1 0 2.083333 1.000000 44
 1 1 1.250000 1.000000 43
 2 1 6.250000 1.000000 95
 8 0 12.083333 1.000000 348
 7 1 10.416667 1.000000 305
 1987006.516637 2
 0 0 9.583333 1.000000 22
 1 0 12.083333 1.000000 68
 1711607.794870 6
 8 0 12.083333 1.000000 348
 1 0 12.083333 1.000000 68
 7 0 8.750000 1.000000 300
 6 0 9.583333 1.000000 262
 9 0 6.250000 1.000000 374
 7 1 0.416667 1.000000 281
 406105.335693 2
 0 0 13.750000 1.000000 32
 0 0 0.416667 1.000000 0
 300087.333424 4
 8 1 3.750000 1.000000 329
 9 0 6.250000 1.000000 374
 7 0 1.250000 1.000000 282
 4 1 9.583333 1.000000 183
 1990706.665214 3
 7 1 2.083333 1.000000 285
 9 1 3.750000 1.000000 369
 6 0 9.583333 1.000000 262
 742156.860336 4
 7 1 10.416667 1.000000 305
 7 0 7.916667 1.000000 298
 4 0 3.750000 1.000000 168
 8 1 4.583333 1.000000 331
 560414.192993 9
 7 1 2.083333 1.000000 285
 5 1 8.750000 1.000000 221
 8 1 2.916667 1.000000 327
 4 1 3.750000 1.000000 169
 2 0 7.083333 1.000000 96
 4 0 12.083333 1.000000 188
 2 0 4.583333 1.000000 90
 9 0 6.250000 1.000000 374
 3 1 5.416667 1.000000 133
 1028940.974301 6
 8 0 3.750000 1.000000 328
 7 1 0.416667 1.000000 281
 1 0 7.083333 1.000000 56
 3 1 5.416667 1.000000 133
 2 0 12.916667 1.000000 110
 5 1 5.416667 1.000000 213
 1882024.303992 3
 2 0 7.083333 1.000000 96
 2 1 14.583333 1.000000 115
 2 1 2.916667 1.000000 87
 1494273.865882 4
 0 1 8.750000 1.000000 21
 6 0 6.250000 1.000000 254
 0 1 5.416667 1.000000 13
 6 0 12.083333 1.000000 268
 1819070.304865 5
 0 0 0.416667 1.000000 0
 8 0 5.416667 1.000000 332
 4 1 12.916667 1.000000 191
 8 1 4.583333 1.000000 331
 4 1 7.916667 1.000000 179
 1635129.449067 6
 0 1 8.750000 1.000000 21
 2 0 7.083333 1.000000 96
 8 1 0.416667 1.000000 321
 6 0 7.916667 1.000000 258
 7 0 4.583333 1.000000 290
 0 0 0.416667 1.000000 0
 192499.160689 3
 1 0 10.416667 1.000000 64
 5 0 0.416667 1.000000 200
 5 1 8.750000 1.000000 221
 1707804.117346 7
 4 1 14.583333 1.000000 195
 8 0 2.916667 1.000000 326
 7 1 0.416667 1.000000 281
 9 0 6.250000 1.000000 374
 5 0 8.750000 1.000000 220
 3 0 10.416667 1.000000 144
 9 1 7.916667 1.000000 379
 210562.345186 5
 6 0 9.583333 1.000000 262
 5 0 0.416667 1.000000 200
 4 1 3.750000 1.000000 169
 9 1 12.916667 1.000000 391
 9 0 12.083333 1.000000 388
 926320.368352 6
 9 0 15.416667 1.000000 396
 4 1 12.916667 1.000000 191
 4 1 1.250000 1.000000 163
 3 1 11.250000 1.000000 147
 2 0 7.083333 1.000000 96
 2 0 8.750000 1.000000 100
 1304142.831165 3
 7 1 2.916667 1.000000 287
 8 0 5.416667 1.000000 332
 5 1 11.250000 1.000000 227
 885014.159533 2
 3 1 2.083333 1.000000 125
 8 0 12.083333 1.000000 348
 1602535.361928 9
 4 0 7.083333 1.000000 176
 0 1 3.750000 1.000000 9
 2 1 2.916667 1.000000 87
 0 0 10.416667 1.000000 24
 1 1 14.583333 1.000000 75
 8 1 12.083333 1.000000 349
 6 0 9.583333 1.000000 262
 0 1 13.750000 1.000000 33
 8 1 9.583333 1.000000 343
 871968.694475 7
 8 0 8.750000 1.000000 340
 2 1 1.250000 1.000000 83
 5 1 3.750000 1.000000 209
 4 0 12.083333 1.000000 188
 7 1 11.250000 1.000000 307
 0 0 0.416667 1.000000 0
 6 0 6.250000 1.000000 254
 131898.781253 3
 1 0 7.083333 1.000000 56
 8 0 12.083333 1.000000 348
 8 0 2.916667 1.000000 326
 1317231.436631 2
 0 0 13.750000 1.000000 32
 4 0 7.083333 1.000000 176
 1173049.779764 4
 9 1 10.416667 1.000000 385
 3 0 4.583333 1.000000 130
 4 1 14.583333 1.000000 195
 8 0 8.750000 1.000000 340
 1188212.446099 9
 5 1 3.750000 1.000000 209
 9 1 3.750000 1.000000 369
 1 0 7.083333 1.000000 56
 6 1 12.916667 1.000000 271
 3 1 2.083333 1.000000 125
 2 1 8.750000 1.000000 101
 1 0 2.083333 1.000000 44
 4 0 0.416667 1.000000 160
 0 1 5.416667 1.000000 13
 896783.628863 9
 9 1 12.916667 1.000000 391
 8 0 16.250000 1.000000 358
 9 1 7.083333 1.000000 377
 4 0 12.083333 1.000000 188
 4 1 9.583333 1.000000 183
 2 0 16.250000 1.000000 118
 2 1 15.416667 1.000000 117
 3 0 12.083333 1.000000 148
 4 1 7.083333 1.000000 177
 62119.312855 9
 3 1 2.916667 1.000000 127
 8 1 7.916667 1.000000 339
 9 0 6.250000 1.000000 374
 6 0 9.583333 1.000000 262
 4 1 7.916667 1.000000 179
 3 1 2.083333 1.000000 125
 2 0 7.916667 1.000000 98
 4 1 12.916667 1.000000 191
 9 1 8.750000 1.000000 381
 1846557.960327 7
 5 0 7.083333 1.000000 216
 0 1 12.916667 1.000000 31
 5 0 0.416667 1.000000 200
 7 1 2.083333 1.000000 285
 0 0 0.416667 1.000000 0
 6 1 6.250000 1.000000 255
 5 0 16.250000 1.000000 238
 836313.643584 3
 8 0 5.416667 1.000000 332
 5 1 8.750000 1.000000 221
 1 0 12.083333 1.000000 68
 473536.785614 5
 4 0 12.083333 1.000000 188
 4 1 12.916667 1.000000 191
 1 0 12.083333 1.000000 68
 0 1 5.416667 1.000000 13
 4 0 7.083333 1.000000 176
 787104.509467 6
 9 1 1.250000 1.000000 363
 9 0 16.250000 1.000000 398
 4 0 12.083333 1.000000 188
 4 1 4.583333 1.000000 171
 3 0 6.250000 1.000000 134
 2 0 13.750000 1.000000 112
 1180669.066487 5
 2 0 11.250000 1.000000 106
 8 0 7.083333 1.000000 336
 7 0 7.916667 1.000000 298
 5 0 8.750000 1.000000 220
 4 0 7.083333 1.000000 176
 782567.042514 3
 7 0 7.916667 1.000000 298
 0 0 12.083333 1.000000 28
 0 1 5.416667 1.000000 13
 1473339.844101 6
 2 1 8.750000 1.000000 101
 9 0 12.083333 1.000000 388
 4 1 12.083333 1.000000 189
 1 1 14.583333 1.000000 75
 9 0 13.750000 1.000000 392
 4 1 12.916667 1.000000 191
 363995.000517 9
 8 0 2.916667 1.000000 326
 9 0 16.250000 1.000000 398
 6 0 3.750000 1.000000 248
 5 0 0.416667 1.000000 200
 9 0 13.750000 1.000000 392
 7 1 10.416667 1.000000 305
 6 0 9.583333 1.000000 262
 1 0 12.916667 1.000000 70
 8 0 8.750000 1.000000 340
 1165792.856219 4
 7 0 1.250000 1.000000 282
 5 0 7.083333 1.000000 216
 1 1 1.250000 1.000000 43
 7 1 13.750000 1.000000 313
 1182919.429216 7
 8 0 2.916667 1.000000 326
 3 1 4.583333 1.000000 131
 8 1 3.750000 1.000000 329
 6 1 12.083333 1.000000 269
 7 1 2.083333 1.000000 285
 4 0 11.250000 1.000000 186
 8 1 0.416667 1.000000 321
 1434736.152233 6
 8 0 12.083333 1.000000 348
 8 0 2.916667 1.000000 326
 9 0 16.250000 1.000000 398
 8 1 3.750000 1.000000 329
 4 1 12.916667 1.000000 191
 8 1 12.083333 1.000000 349
 291309.368932 8
 6 1 12.083333 1.000000 269
 9 1 3.750000 1.000000 369
 8 0 8.750000 1.000000 340
 4 0 13.750000 1.000000 192
 6 0 9.583333 1.000000 262
 2 1 1.250000 1.000000 83
 3 0 6.250000 1.000000 134
 8 0 13.750000 1.000000 352
 1085183.767325 9
 6 1 12.083333 1.000000 269
 5 1 11.250000 1.000000 227
 3 1 9.583333 1.000000 143
 6 0 5.416667 1.000000 252
 8 0 8.750000 1.000000 340
 4 1 12.083333 1.000000 189
 9 0 6.250000 1.000000 374
 6 0 9.583333 1.000000 262
 9 0 13.750000 1.000000 392
 1365849.235843 5
 1 0 12.916667 1.000000 70
 2 1 1.250000 1.000000 83
 2 0 7.083333 1.000000 96
 8 1 2.916667 1.000000 327
 4 1 1.250000 1.000000 163
 71173.167131 3
 0 0 12.083333 1.000000 28
 5 0 8.750000 1.000000 220
 5 1 8.750000 1.000000 221
 1267576.694147 4
 8 0 12.083333 1.000000 348
 7 1 2.083333 1.000000 285
 8 1 6.250000 1.000000 335
 0 0 5.416667 1.000000 12
 1705901.795768 5
 6 1 12.083333 1.000000 269
 9 0 16.250000 1.000000 398
 6 0 6.250000 1.000000 254
 1 1 14.583333 1.000000 75
 5 0 8.750000 1.000000 220
 929150.591571 2
 8 0 8.750000 1.000000 340
 0 1 13.750000 1.000000 33
 992634.102308 5
 2 0 13.750000 1.000000 112
 5 0 6.250000 1.000000 214
 8 0 12.083333 1.000000 348
 1 0 2.083333 1.000000 44
 9 0 6.250000 1.000000 374
 1295218.161724 8
 9 0 13.750000 1.000000 392
 8 0 12.083333 1.000000 348
 8 1 7.916667 1.000000 339
 6 0 6.250000 1.000000 254
 5 0 6.250000 1.000000 214
 6 0 11.250000 1.000000 266
 8 0 8.750000 1.000000 340
 4 0 7.083333 1.000000 176
 1702349.771383 5
 7 0 10.416667 1.000000 304
 1 0 5.416667 1.000000 52
 9 0 16.250000 1.000000 398
 7 0 8.750000 1.000000 300
 1 0 12.916667 1.000000 70
 1236613.719108 7
 8 1 2.916667 1.000000 327
 0 1 4.583333 1.000000 11
 8 1 12.083333 1.000000 349
 1 0 16.250000 1.000000 78
 4 0 9.583333 1.000000 182
 4 1 4.583333 1.000000 171
 9 1 12.916667 1.000000 391
 261811.339623 9
 3 1 2.083333 1.000000 125
 6 0 9.583333 1.000000 262
 2 1 6.250000 1.000000 95
 5 1 9.583333 1.000000 223
 0 1 8.750000 1.000000 21
 1 0 7.083333 1.000000 56
 4 1 7.916667 1.000000 179
 5 0 8.750000 1.000000 220
 8 0 12.083333 1.000000 348
 1631088.940590 2
 9 0 6.250000 1.000000 374
 3 1 10.416667 1.000000 145
 1794361.764376 6
 9 0 11.250000 1.000000 386
 0 1 13.750000 1.000000 33
 0 1 10.416667 1.000000 25
 5 1 3.750000 1.000000 209
 7 0 9.583333 1.000000 302
 1 1 14.583333 1.000000 75
 708252.126048 7
 4 1 3.750000 1.000000 169
 0 0 12.083333 1.000000 28
 7 1 3.750000 1.000000 289
 3 1 12.916667 1.000000 151
 8 0 0.416667 1.000000 320
 6 1 2.083333 1.000000 245
 3 0 10.416667 1.000000 144
 260048.395870 4
 1 0 7.083333 1.000000 56
 1 0 12.083333 1.000000 68
 7 1 0.416667 1.000000 281
 4 0 7.083333 1.000000 176
 655506.779093 9
 7 1 10.416667 1.000000 305
 5 1 10.416667 1.000000 225
 3 1 2.916667 1.000000 127
 2 0 7.083333 1.000000 96
 4 1 9.583333 1.000000 183
 2 1 8.750000 1.000000 101
 0 0 9.583333 1.000000 22
 4 1 7.916667 1.000000 179
 8 1 10.416667 1.000000 345
 805501.717015 9
 4 1 7.083333 1.000000 177
 0 0 4.583333 1.000000 10
 9 0 15.416667 1.000000 396
 0 1 12.916667 1.000000 31
 4 1 7.916667 1.000000 179
 7 1 13.750000 1.000000 313
 1 0 2.083333 1.000000 44
 6 0 14.583333 1.000000 274
 3 0 6.250000 1.000000 134
 1203722.015453 3
 3 1 2.083333 1.000000 125
 7 0 8.750000 1.000000 300
 4 0 14.583333 1.000000 194
 1921973.411256 9
 4 0 7.083333 1.000000 176
 4 1 7.916667 1.000000 179
 7 0 1.250000 1.000000 282
 0 0 13.750000 1.000000 32
 4 1 7.083333 1.000000 177
 5 0 0.416667 1.000000 200
 4 0 0.416667 1.000000 160
 2 1 8.750000 1.000000 101
 3 1 2.083333 1.000000 125
 195777.818894 9
 3 1 2.083333 1.000000 125
 1 0 12.083333 1.000000 68
 3 0 0.416667 1.000000 120
 8 0 12.083333 1.000000 348
 3 1 10.416667 1.000000 145
 7 1 2.083333 1.000000 285
 2 1 8.750000 1.000000 101
 9 1 6.250000 1.000000 375
 5 0 9.583333 1.000000 222
 340734.216953 8
 7 0 1.250000 1.000000 282
 2 1 6.250000 1.000000 95
 6 0 5.416667 1.000000 252
 9 0 12.083333 1.000000 388
 0 0 12.083333 1.000000 28
 6 0 11.250000 1.000000 266
 4 1 4.583333 1.000000 171
 8 1 12.083333 1.000000 349
 1736629.526120 8
 1 0 2.083333 1.000000 44
 7 0 1.250000 1.000000 282
 9 0 7.916667 1.000000 378
 0 1 7.083333 1.000000 17
 2 1 1.250000 1.000000 83
 8 1 2.916667 1.000000 327
 4 1 7.916667 1.000000 179
 9 0 6.250000 1.000000 374