 Numero de pedidos 
 200
 duedate num_referencias // pasillo lado altura peso
 1586970.359975 9
 0 0 2.916667 1.000000 6
 1 0 4.583333 1.000000 50
 1 0 15.416667 1.000000 76
 0 1 3.750000 1.000000 9
 2 1 15.416667 1.000000 117
 0 1 16.250000 1.000000 39
 1 1 8.750000 1.000000 61
 0 1 6.250000 1.000000 15
 3 1 3.750000 1.000000 129
 1909555.676686 4
 1 1 16.250000 1.000000 79
 0 0 9.583333 1.000000 22
 0 1 10.416667 1.000000 25
 0 0 2.083333 1.000000 4
 1731346.028657 5
 2 1 0.416667 1.000000 81
 1 1 4.583333 1.000000 51
 1 1 10.416667 1.000000 65
 1 1 9.583333 1.000000 63
 0 1 5.416667 1.000000 13
 1870139.172333 4
 3 1 2.916667 1.000000 127
 0 0 13.750000 1.000000 32
 2 1 5.416667 1.000000 93
 1 0 12.083333 1.000000 68
 569519.062419 5
 4 0 10.416667 1.000000 184
 0 0 1.250000 1.000000 2
 0 0 14.583333 1.000000 34
 0 1 4.583333 1.000000 11
 0 1 11.250000 1.000000 27
 1047109.502185 7
 9 0 7.916667 1.000000 378
 0 1 16.250000 1.000000 39
 0 0 8.750000 1.000000 20
 1 0 5.416667 1.000000 52
 1 1 7.916667 1.000000 59
 0 1 2.083333 1.000000 5
 0 1 4.583333 1.000000 11
 1279895.224124 9
 0 1 14.583333 1.000000 35
 0 0 0.416667 1.000000 0
 0 0 10.416667 1.000000 24
 0 0 6.250000 1.000000 14
 7 0 5.416667 1.000000 292
 0 1 2.916667 1.000000 7
 0 0 8.750000 1.000000 20
 1 0 2.916667 1.000000 46
 8 0 10.416667 1.000000 344
 1408378.496714 2
 0 1 6.250000 1.000000 15
 8 1 2.083333 1.000000 325
 345564.632893 8
 0 0 13.750000 1.000000 32
 1 0 3.750000 1.000000 48
 0 1 14.583333 1.000000 35
 0 1 3.750000 1.000000 9
 9 0 16.250000 1.000000 398
 8 1 1.250000 1.000000 323
 0 0 2.916667 1.000000 6
 3 1 13.750000 1.000000 153
 1082139.024922 3
 0 0 7.916667 1.000000 18
 0 0 2.916667 1.000000 6
 0 1 3.750000 1.000000 9
 677390.696666 4
 3 0 4.583333 1.000000 130
 0 0 6.250000 1.000000 14
 0 1 0.416667 1.000000 1
 0 1 7.916667 1.000000 19
 310989.139970 7
 0 1 8.750000 1.000000 21
 6 0 2.916667 1.000000 246
 1 0 2.083333 1.000000 44
 1 1 7.083333 1.000000 57
 1 1 7.916667 1.000000 59
 0 1 14.583333 1.000000 35
 0 0 12.083333 1.000000 28
 1269299.363359 7
 1 0 7.916667 1.000000 58
 0 0 16.250000 1.000000 38
 1 1 3.750000 1.000000 49
 1 0 3.750000 1.000000 48
 1 1 16.250000 1.000000 79
 1 0 10.416667 1.000000 64
 1 0 14.583333 1.000000 74
 1960248.266012 3
 0 1 6.250000 1.000000 15
 1 0 11.250000 1.000000 66
 0 0 7.083333 1.000000 16
 243442.722281 3
 8 0 2.916667 1.000000 326
 0 1 2.083333 1.000000 5
 3 0 14.583333 1.000000 154
 473614.617602 6
 0 1 3.750000 1.000000 9
 1 1 2.083333 1.000000 45
 0 0 16.250000 1.000000 38
 0 1 6.250000 1.000000 15
 9 1 12.083333 1.000000 389
 1 0 10.416667 1.000000 64
 1077105.099651 3
 0 1 8.750000 1.000000 21
 1 1 12.916667 1.000000 71
 3 0 1.250000 1.000000 122
 1782977.137018 3
 1 1 10.416667 1.000000 65
 1 0 10.416667 1.000000 64
 1 0 15.416667 1.000000 76
 1140330.743613 2
 1 1 3.750000 1.000000 49
 0 0 12.916667 1.000000 30
 584402.188186 4
 0 1 15.416667 1.000000 37
 0 1 1.250000 1.000000 3
 0 0 11.250000 1.000000 26
 1 0 3.750000 1.000000 48
 1943925.806593 3
 3 0 1.250000 1.000000 122
 0 1 7.916667 1.000000 19
 0 0 8.750000 1.000000 20
 1694916.100583 3
 2 0 2.083333 1.000000 84
 0 0 3.750000 1.000000 8
 9 1 11.250000 1.000000 387
 1586423.551862 9
 4 0 2.916667 1.000000 166
 1 1 12.083333 1.000000 69
 1 1 3.750000 1.000000 49
 1 1 7.916667 1.000000 59
 0 1 12.083333 1.000000 29
 0 1 11.250000 1.000000 27
 0 0 7.083333 1.000000 16
 1 1 12.916667 1.000000 71
 1 0 15.416667 1.000000 76
 1911774.755843 6
 1 0 9.583333 1.000000 62
 4 0 1.250000 1.000000 162
 1 0 12.916667 1.000000 70
 0 0 5.416667 1.000000 12
 0 1 10.416667 1.000000 25
 0 1 16.250000 1.000000 39
 1228631.403851 5
 1 1 2.916667 1.000000 47
 1 0 3.750000 1.000000 48
 1 1 7.916667 1.000000 59
 1 1 11.250000 1.000000 67
 0 0 7.916667 1.000000 18
 1291941.953195 6
 1 0 16.250000 1.000000 78
 0 1 11.250000 1.000000 27
 0 0 10.416667 1.000000 24
 1 1 6.250000 1.000000 55
 1 0 7.916667 1.000000 58
 1 1 3.750000 1.000000 49
 1202369.489242 5
 0 0 2.083333 1.000000 4
 1 0 9.583333 1.000000 62
 9 0 2.083333 1.000000 364
 0 1 9.583333 1.000000 23
 1 1 6.250000 1.000000 55
 1703776.539948 4
 1 0 2.083333 1.000000 44
 4 1 14.583333 1.000000 195
 1 0 10.416667 1.000000 64
 0 0 2.916667 1.000000 6
 1082094.477137 9
 1 0 11.250000 1.000000 66
 5 1 0.416667 1.000000 201
 0 0 13.750000 1.000000 32
 1 1 16.250000 1.000000 79
 1 1 12.916667 1.000000 71
 0 0 15.416667 1.000000 36
 2 0 15.416667 1.000000 116
 0 1 2.916667 1.000000 7
 0 1 11.250000 1.000000 27
 230703.796256 9
 0 0 13.750000 1.000000 32
 1 0 0.416667 1.000000 40
 3 1 4.583333 1.000000 131
 0 1 8.750000 1.000000 21
 0 0 11.250000 1.000000 26
 0 0 5.416667 1.000000 12
 7 1 9.583333 1.000000 303
 0 1 15.416667 1.000000 37
 1 1 2.916667 1.000000 47
 1772582.598763 4
 0 0 12.916667 1.000000 30
 3 1 16.250000 1.000000 159
 0 1 3.750000 1.000000 9
 5 0 6.250000 1.000000 214
 918605.407345 9
 0 0 9.583333 1.000000 22
 3 1 15.416667 1.000000 157
 0 1 14.583333 1.000000 35
 1 1 2.916667 1.000000 47
 3 0 12.916667 1.000000 150
 1 1 4.583333 1.000000 51
 0 1 12.916667 1.000000 31
 1 0 16.250000 1.000000 78
 9 1 10.416667 1.000000 385
 572635.639483 2
 0 0 9.583333 1.000000 22
 1 0 5.416667 1.000000 52
 1369349.089604 4
 2 1 12.083333 1.000000 109
 1 1 13.750000 1.000000 73
 0 1 10.416667 1.000000 25
 1 1 6.250000 1.000000 55
 93954.258605 3
 1 1 12.916667 1.000000 71
 1 0 0.416667 1.000000 40
 1 0 5.416667 1.000000 52
 234025.339314 7
 3 1 12.083333 1.000000 149
 1 0 3.750000 1.000000 48
 1 1 14.583333 1.000000 75
 9 0 7.916667 1.000000 378
 0 0 10.416667 1.000000 24
 1 1 13.750000 1.000000 73
 0 0 8.750000 1.000000 20
 1514973.604956 8
 0 0 5.416667 1.000000 12
 0 1 3.750000 1.000000 9
 1 0 13.750000 1.000000 72
 0 1 5.416667 1.000000 13
 0 1 0.416667 1.000000 1
 0 1 4.583333 1.000000 11
 0 1 1.250000 1.000000 3
 1 0 6.250000 1.000000 54
 1648420.015019 9
 1 1 16.250000 1.000000 79
 1 1 2.916667 1.000000 47
 0 0 7.083333 1.000000 16
 7 1 10.416667 1.000000 305
 9 1 2.916667 1.000000 367
 8 0 15.416667 1.000000 356
 1 0 12.083333 1.000000 68
 0 0 13.750000 1.000000 32
 0 1 7.916667 1.000000 19
 1558970.943018 3
 0 0 1.250000 1.000000 2
 8 0 14.583333 1.000000 354
 1 0 14.583333 1.000000 74
 592863.303829 3
 0 0 14.583333 1.000000 34
 0 0 1.250000 1.000000 2
 4 0 9.583333 1.000000 182
 372168.606842 8
 0 0 12.916667 1.000000 30
 1 1 12.916667 1.000000 71
 0 0 7.916667 1.000000 18
 1 1 7.083333 1.000000 57
 1 0 7.083333 1.000000 56
 0 1 10.416667 1.000000 25
 9 0 11.250000 1.000000 386
 0 1 15.416667 1.000000 37
 1847681.353263 4
 0 0 12.083333 1.000000 28
 3 0 3.750000 1.000000 128
 0 1 3.750000 1.000000 9
 2 1 0.416667 1.000000 81
 1655738.300037 8
 0 0 3.750000 1.000000 8
 0 0 7.916667 1.000000 18
 1 1 12.083333 1.000000 69
 0 0 2.083333 1.000000 4
 1 0 2.083333 1.000000 44
 0 0 11.250000 1.000000 26
 0 1 16.250000 1.000000 39
 2 1 6.250000 1.000000 95
 421651.880192 9
 0 0 2.916667 1.000000 6
 0 1 15.416667 1.000000 37
 0 0 16.250000 1.000000 38
 0 1 2.083333 1.000000 5
 3 0 4.583333 1.000000 130
 1 0 6.250000 1.000000 54
 8 1 3.750000 1.000000 329
 1 0 10.416667 1.000000 64
 0 0 7.083333 1.000000 16
 1048668.697480 7
 5 1 0.416667 1.000000 201
 0 0 8.750000 1.000000 20
 0 0 15.416667 1.000000 36
 1 0 2.916667 1.000000 46
 1 0 5.416667 1.000000 52
 1 1 12.083333 1.000000 69
 2 1 16.250000 1.000000 119
 1799288.357496 4
 5 0 13.750000 1.000000 232
 1 0 1.250000 1.000000 42
 0 0 6.250000 1.000000 14
 0 1 6.250000 1.000000 15
 166463.903210 9
 0 1 13.750000 1.000000 33
 0 1 14.583333 1.000000 35
 1 0 16.250000 1.000000 78
 1 1 5.416667 1.000000 53
 1 1 11.250000 1.000000 67
 0 1 12.916667 1.000000 31
 1 1 13.750000 1.000000 73
 1 1 2.916667 1.000000 47
 0 1 11.250000 1.000000 27
 1788853.223430 5
 0 1 12.916667 1.000000 31
 1 1 15.416667 1.000000 77
 3 1 13.750000 1.000000 153
 1 1 3.750000 1.000000 49
 2 1 8.750000 1.000000 101
 592952.079956 5
 1 0 16.250000 1.000000 78
 3 0 12.083333 1.000000 148
 0 1 4.583333 1.000000 11
 1 1 9.583333 1.000000 63
 0 0 1.250000 1.000000 2
 1190619.741450 6
 1 0 12.916667 1.000000 70
 1 1 1.250000 1.000000 43
 0 0 15.416667 1.000000 36
 0 0 14.583333 1.000000 34
 1 0 13.750000 1.000000 72
 1 1 5.416667 1.000000 53
 1810503.936191 6
 4 1 12.916667 1.000000 191
 1 1 12.916667 1.000000 71
 0 0 6.250000 1.000000 14
 6 1 13.750000 1.000000 273
 1 0 12.916667 1.000000 70
 0 0 7.916667 1.000000 18
 1111124.390993 2
 0 0 2.083333 1.000000 4
 0 1 2.916667 1.000000 7
 55681.361582 9
 6 0 11.250000 1.000000 266
 0 1 14.583333 1.000000 35
 1 0 12.916667 1.000000 70
 0 1 10.416667 1.000000 25
 0 0 6.250000 1.000000 14
 1 0 11.250000 1.000000 66
 3 1 7.916667 1.000000 139
 1 0 7.083333 1.000000 56
 1 1 13.750000 1.000000 73
 477529.347426 5
 1 0 0.416667 1.000000 40
 0 1 9.583333 1.000000 23
 0 0 16.250000 1.000000 38
 0 1 16.250000 1.000000 39
 9 0 2.916667 1.000000 366
 998977.836873 8
 1 1 2.083333 1.000000 45
 1 0 3.750000 1.000000 48
 2 1 6.250000 1.000000 95
 3 0 4.583333 1.000000 130
 9 1 15.416667 1.000000 397
 1 0 7.916667 1.000000 58
 1 0 12.083333 1.000000 68
 1 0 7.083333 1.000000 56
 1656155.602045 3
 2 0 11.250000 1.000000 106
 1 0 7.083333 1.000000 56
 3 0 0.416667 1.000000 120
 1550527.659632 6
 1 0 9.583333 1.000000 62
 1 0 10.416667 1.000000 64
 1 1 2.916667 1.000000 47
 0 1 12.083333 1.000000 29
 3 1 0.416667 1.000000 121
 1 0 3.750000 1.000000 48
 175817.796297 8
 0 1 5.416667 1.000000 13
 0 1 6.250000 1.000000 15
 1 1 12.083333 1.000000 69
 0 1 12.083333 1.000000 29
 3 0 3.750000 1.000000 128
 0 0 1.250000 1.000000 2
 0 0 13.750000 1.000000 32
 1 1 11.250000 1.000000 67
 427707.294052 7
 0 1 12.083333 1.000000 29
 0 0 7.083333 1.000000 16
 2 1 10.416667 1.000000 105
 1 1 0.416667 1.000000 41
 1 0 10.416667 1.000000 64
 0 0 2.083333 1.000000 4
 1 0 2.916667 1.000000 46
 1826548.262419 6
 1 1 10.416667 1.000000 65
 1 0 4.583333 1.000000 50
 1 0 16.250000 1.000000 78
 0 0 2.916667 1.000000 6
 1 1 6.250000 1.000000 55
 0 0 7.916667 1.000000 18
 517183.995190 7
 3 0 10.416667 1.000000 144
 0 0 2.083333 1.000000 4
 1 0 14.583333 1.000000 74
 2 1 9.583333 1.000000 103
 0 0 14.583333 1.000000 34
 5 1 7.083333 1.000000 217
 0 1 11.250000 1.000000 27
 660024.334667 8
 1 1 2.083333 1.000000 45
 2 1 9.583333 1.000000 103
 1 0 6.250000 1.000000 54
 0 0 13.750000 1.000000 32
 1 1 10.416667 1.000000 65
 3 1 5.416667 1.000000 133
 0 0 15.416667 1.000000 36
 1 0 5.416667 1.000000 52
 1241194.122024 7
 0 1 0.416667 1.000000 1
 0 0 2.083333 1.000000 4
 1 1 9.583333 1.000000 63
 0 1 5.416667 1.000000 13
 0 1 9.583333 1.000000 23
 0 1 8.750000 1.000000 21
 0 0 14.583333 1.000000 34
 1796189.095190 3
 1 0 9.583333 1.000000 62
 0 0 5.416667 1.000000 12
 0 1 8.750000 1.000000 21
 634846.889244 4
 9 0 7.916667 1.000000 378
 1 1 14.583333 1.000000 75
 1 0 1.250000 1.000000 42
 3 1 13.750000 1.000000 153
 1116033.519672 8
 1 0 0.416667 1.000000 40
 1 0 2.916667 1.000000 46
 4 1 10.416667 1.000000 185
 0 0 12.916667 1.000000 30
 0 1 7.083333 1.000000 17
 1 1 2.083333 1.000000 45
 1 0 11.250000 1.000000 66
 8 1 14.583333 1.000000 355
 1521763.944552 9
 1 0 13.750000 1.000000 72
 0 1 2.083333 1.000000 5
 0 0 5.416667 1.000000 12
 0 0 3.750000 1.000000 8
 0 0 4.583333 1.000000 10
 8 1 7.916667 1.000000 339
 0 1 13.750000 1.000000 33
 2 0 8.750000 1.000000 100
 1 1 2.916667 1.000000 47
 1476596.438790 3
 6 1 16.250000 1.000000 279
 2 0 15.416667 1.000000 116
 0 1 15.416667 1.000000 37
 1359723.577238 8
 0 0 0.416667 1.000000 0
 0 1 2.083333 1.000000 5
 9 1 7.916667 1.000000 379
 1 0 11.250000 1.000000 66
 1 0 10.416667 1.000000 64
 0 1 15.416667 1.000000 37
 2 1 0.416667 1.000000 81
 5 1 10.416667 1.000000 225
 1891613.366926 7
 4 1 12.916667 1.000000 191
 1 0 12.083333 1.000000 68
 1 0 2.916667 1.000000 46
 1 1 3.750000 1.000000 49
 1 1 12.083333 1.000000 69
 1 0 15.416667 1.000000 76
 1 1 14.583333 1.000000 75
 1474124.478006 6
 3 1 7.916667 1.000000 139
 1 1 0.416667 1.000000 41
 1 0 11.250000 1.000000 66
 0 1 11.250000 1.000000 27
 3 0 5.416667 1.000000 132
 6 0 13.750000 1.000000 272
 1261700.916226 6
 1 0 15.416667 1.000000 76
 1 0 0.416667 1.000000 40
 4 0 12.916667 1.000000 190
 1 0 12.083333 1.000000 68
 0 1 0.416667 1.000000 1
 0 1 1.250000 1.000000 3
 1194434.348510 2
 0 1 12.916667 1.000000 31
 1 1 15.416667 1.000000 77
 369472.434954 4
 0 0 7.083333 1.000000 16
 0 0 5.416667 1.000000 12
 1 0 12.916667 1.000000 70
 0 1 9.583333 1.000000 23
 1142137.731343 3
 0 0 3.750000 1.000000 8
 6 0 8.750000 1.000000 260
 0 0 5.416667 1.000000 12
 813307.502239 8
 0 0 14.583333 1.000000 34
 0 1 12.916667 1.000000 31
 1 0 1.250000 1.000000 42
 1 0 15.416667 1.000000 76
 3 1 9.583333 1.000000 143
 1 1 2.916667 1.000000 47
 7 0 3.750000 1.000000 288
 0 1 15.416667 1.000000 37
 1128441.664543 2
 0 1 7.083333 1.000000 17
 0 0 16.250000 1.000000 38
 1813817.295103 5
 0 1 10.416667 1.000000 25
 2 1 12.916667 1.000000 111
 0 0 12.916667 1.000000 30
 1 0 10.416667 1.000000 64
 0 0 12.083333 1.000000 28
 1834796.688834 5
 0 0 12.083333 1.000000 28
 1 0 12.083333 1.000000 68
 1 1 16.250000 1.000000 79
 1 0 12.916667 1.000000 70
 4 1 3.750000 1.000000 169
 1342659.372418 5
 0 1 7.083333 1.000000 17
 1 1 10.416667 1.000000 65
 0 1 0.416667 1.000000 1
 0 1 2.083333 1.000000 5
 0 0 16.250000 1.000000 38
 666097.995148 4
 1 1 7.083333 1.000000 57
 1 1 0.416667 1.000000 41
 1 0 8.750000 1.000000 60
 0 0 8.750000 1.000000 20
 1437856.380994 8
 0 1 1.250000 1.000000 3
 0 0 4.583333 1.000000 10
 1 0 7.916667 1.000000 58
 8 0 2.083333 1.000000 324
 1 0 12.083333 1.000000 68
 1 0 11.250000 1.000000 66
 0 1 16.250000 1.000000 39
 1 1 8.750000 1.000000 61
 1167622.063536 6
 0 1 0.416667 1.000000 1
 4 1 15.416667 1.000000 197
 0 0 13.750000 1.000000 32
 0 1 11.250000 1.000000 27
 7 0 12.083333 1.000000 308
 0 0 10.416667 1.000000 24
 1975231.340218 4
 0 1 14.583333 1.000000 35
 7 0 9.583333 1.000000 302
 0 1 13.750000 1.000000 33
 1 0 9.583333 1.000000 62
 300676.895874 6
 2 1 14.583333 1.000000 115
 3 0 9.583333 1.000000 142
 1 0 16.250000 1.000000 78
 0 1 12.916667 1.000000 31
 0 1 2.083333 1.000000 5
 1 1 2.916667 1.000000 47
 1510537.231877 4
 0 0 9.583333 1.000000 22
 1 1 10.416667 1.000000 65
 4 1 5.416667 1.000000 173
 0 0 8.750000 1.000000 20
 1258159.936377 8
 1 1 5.416667 1.000000 53
 0 0 13.750000 1.000000 32
 1 1 12.916667 1.000000 71
 1 1 2.083333 1.000000 45
 0 0 0.416667 1.000000 0
 1 1 2.916667 1.000000 47
 1 0 2.916667 1.000000 46
 1 1 12.083333 1.000000 69
 989895.144138 7
 9 1 11.250000 1.000000 387
 1 1 14.583333 1.000000 75
 1 1 8.750000 1.000000 61
 1 0 8.750000 1.000000 60
 3 1 7.083333 1.000000 137
 3 1 12.083333 1.000000 149
 0 1 14.583333 1.000000 35
 1844132.627362 4
 0 1 4.583333 1.000000 11
 3 1 7.916667 1.000000 139
 0 0 10.416667 1.000000 24
 3 0 7.083333 1.000000 136
 743231.472402 5
 0 1 14.583333 1.000000 35
 1 1 12.083333 1.000000 69
 1 0 7.083333 1.000000 56
 1 0 6.250000 1.000000 54
 1 1 13.750000 1.000000 73
 791519.589346 3
 1 0 7.083333 1.000000 56
 1 0 14.583333 1.000000 74
 1 1 6.250000 1.000000 55
 48798.280195 4
 1 0 14.583333 1.000000 74
 0 0 1.250000 1.000000 2
 0 1 5.416667 1.000000 13
 0 1 1.250000 1.000000 3
 748790.404214 5
 1 1 6.250000 1.000000 55
 1 0 2.083333 1.000000 44
 0 1 2.916667 1.000000 7
 1 1 16.250000 1.000000 79
 0 0 8.750000 1.000000 20
 1559149.133246 9
 1 0 12.916667 1.000000 70
 1 1 16.250000 1.000000 79
 1 1 2.083333 1.000000 45
 1 0 0.416667 1.000000 40
 1 0 5.416667 1.000000 52
 7 0 7.916667 1.000000 298
 0 0 7.916667 1.000000 18
 0 0 16.250000 1.000000 38
 0 1 3.750000 1.000000 9
 161796.840710 7
 0 1 6.250000 1.000000 15
 1 0 15.416667 1.000000 76
 1 1 7.916667 1.000000 59
 0 0 1.250000 1.000000 2
 0 1 2.916667 1.000000 7
 6 1 2.916667 1.000000 247
 1 1 13.750000 1.000000 73
 1466840.513100 5
 1 0 13.750000 1.000000 72
 0 0 13.750000 1.000000 32
 0 1 10.416667 1.000000 25
 0 1 13.750000 1.000000 33
 0 0 16.250000 1.000000 38
 861297.172113 3
 1 1 12.083333 1.000000 69
 1 1 8.750000 1.000000 61
 0 1 12.916667 1.000000 31
 1955613.961087 6
 0 0 12.916667 1.000000 30
 0 1 11.250000 1.000000 27
 1 1 10.416667 1.000000 65
 1 0 2.916667 1.000000 46
 0 1 14.583333 1.000000 35
 0 0 7.916667 1.000000 18
 1926028.334855 5
 0 1 14.583333 1.000000 35
 1 0 12.083333 1.000000 68
 1 0 14.583333 1.000000 74
 1 0 12.916667 1.000000 70
 1 1 16.250000 1.000000 79
 1549254.044215 7
 1 1 8.750000 1.000000 61
 0 0 0.416667 1.000000 0
 0 0 13.750000 1.000000 32
 1 1 14.583333 1.000000 75
 1 0 15.416667 1.000000 76
 0 1 6.250000 1.000000 15
 0 1 15.416667 1.000000 37
 1183846.062209 8
 0 0 7.083333 1.000000 16
 1 1 15.416667 1.000000 77
 0 1 6.250000 1.000000 15
 0 0 1.250000 1.000000 2
 1 0 7.083333 1.000000 56
 0 0 8.750000 1.000000 20
 0 0 0.416667 1.000000 0
 1 1 12.083333 1.000000 69
 200265.652519 5
 1 0 12.083333 1.000000 68
 1 1 2.083333 1.000000 45
 1 0 5.416667 1.000000 52
 0 0 4.583333 1.000000 10
 1 1 3.750000 1.000000 49
 1701407.692834 4
 0 0 12.916667 1.000000 30
 1 0 9.583333 1.000000 62
 1 0 2.083333 1.000000 44
 1 0 11.250000 1.000000 66
 483666.275089 6
 2 0 7.083333 1.000000 96
 0 0 10.416667 1.000000 24
 0 1 6.250000 1.000000 15
 0 1 11.250000 1.000000 27
 0 1 8.750000 1.000000 21
 0 1 0.416667 1.000000 1
 1328795.236279 5
 1 0 11.250000 1.000000 66
 0 1 1.250000 1.000000 3
 0 0 9.583333 1.000000 22
 0 1 0.416667 1.000000 1
 0 1 6.250000 1.000000 15
 1357838.381491 5
 1 0 10.416667 1.000000 64
 1 0 14.583333 1.000000 74
 2 0 1.250000 1.000000 82
 0 0 5.416667 1.000000 12
 1 1 4.583333 1.000000 51
 993312.781320 5
 1 1 0.416667 1.000000 41
 8 1 15.416667 1.000000 357
 1 1 6.250000 1.000000 55
 1 1 5.416667 1.000000 53
 0 0 15.416667 1.000000 36
 1758146.018702 7
 0 1 2.916667 1.000000 7
 1 0 10.416667 1.000000 64
 0 0 14.583333 1.000000 34
 0 0 3.750000 1.000000 8
 0 1 9.583333 1.000000 23
 1 1 7.083333 1.000000 57
 0 0 9.583333 1.000000 22
 371113.876948 2
 0 1 14.583333 1.000000 35
 1 1 14.583333 1.000000 75
 478162.701949 4
 0 0 11.250000 1.000000 26
 1 0 4.583333 1.000000 50
 0 1 2.083333 1.000000 5
 1 0 10.416667 1.000000 64
 1135449.682165 3
 0 1 12.083333 1.000000 29
 0 1 0.416667 1.000000 1
 0 1 7.916667 1.000000 19
 1176439.123366 5
 0 1 10.416667 1.000000 25
 1 0 12.083333 1.000000 68
 0 1 1.250000 1.000000 3
 4 0 7.083333 1.000000 176
 0 0 15.416667 1.000000 36
 1746218.258658 9
 0 0 0.416667 1.000000 0
 1 0 15.416667 1.000000 76
 1 1 0.416667 1.000000 41
 1 1 10.416667 1.000000 65
 0 0 1.250000 1.000000 2
 0 1 6.250000 1.000000 15
 4 0 2.083333 1.000000 164
 0 1 11.250000 1.000000 27
 1 0 2.083333 1.000000 44
 222650.364629 8
 0 1 6.250000 1.000000 15
 7 1 2.083333 1.000000 285
 6 0 1.250000 1.000000 242
 1 1 16.250000 1.000000 79
 0 0 16.250000 1.000000 38
 1 0 12.083333 1.000000 68
 4 1 7.916667 1.000000 179
 0 1 13.750000 1.000000 33
 268601.130689 3
 0 1 13.750000 1.000000 33
 2 0 9.583333 1.000000 102
 1 1 9.583333 1.000000 63
 1353012.443237 4
 1 0 1.250000 1.000000 42
 0 0 15.416667 1.000000 36
 0 0 3.750000 1.000000 8
 1 1 8.750000 1.000000 61
 323604.998050 2
 1 0 11.250000 1.000000 66
 1 1 16.250000 1.000000 79
 841839.062107 9
 0 1 10.416667 1.000000 25
 3 0 14.583333 1.000000 154
 1 0 2.916667 1.000000 46
 0 1 12.916667 1.000000 31
 0 1 4.583333 1.000000 11
 4 0 0.416667 1.000000 160
 1 1 10.416667 1.000000 65
 0 1 13.750000 1.000000 33
 0 1 7.916667 1.000000 19
 1366522.384829 8
 0 0 13.750000 1.000000 32
 1 1 3.750000 1.000000 49
 1 1 7.916667 1.000000 59
 0 0 12.916667 1.000000 30
 1 1 9.583333 1.000000 63
 1 0 4.583333 1.000000 50
 0 0 0.416667 1.000000 0
 0 0 4.583333 1.000000 10
 558682.639598 9
 0 1 2.083333 1.000000 5
 1 0 13.750000 1.000000 72
 3 0 9.583333 1.000000 142
 1 0 16.250000 1.000000 78
 1 0 14.583333 1.000000 74
 8 1 14.583333 1.000000 355
 0 1 9.583333 1.000000 23
 1 0 2.083333 1.000000 44
 1 1 8.750000 1.000000 61
 1972488.124321 7
 0 0 1.250000 1.000000 2
 1 1 7.916667 1.000000 59
 1 0 6.250000 1.000000 54
 1 1 5.416667 1.000000 53
 1 0 12.083333 1.000000 68
 1 0 3.750000 1.000000 48
 0 0 7.083333 1.000000 16
 1586979.253286 2
 7 1 4.583333 1.000000 291
 2 0 13.750000 1.000000 112
 1329802.704030 4
 1 1 7.916667 1.000000 59
 0 0 0.416667 1.000000 0
 0 1 7.916667 1.000000 19
 6 0 13.750000 1.000000 272
 1901641.534353 2
 0 1 15.416667 1.000000 37
 0 0 5.416667 1.000000 12
 965229.870922 6
 1 0 16.250000 1.000000 78
 1 0 9.583333 1.000000 62
 0 1 13.750000 1.000000 33
 1 0 6.250000 1.000000 54
 3 0 10.416667 1.000000 144
 0 0 4.583333 1.000000 10
 290809.345623 8
 0 1 9.583333 1.000000 23
 9 1 1.250000 1.000000 363
 3 1 10.416667 1.000000 145
 0 1 1.250000 1.000000 3
 0 1 3.750000 1.000000 9
 1 0 3.750000 1.000000 48
 3 0 7.916667 1.000000 138
 1 1 13.750000 1.000000 73
 356362.475136 7
 1 0 7.083333 1.000000 56
 0 1 9.583333 1.000000 23
 1 1 13.750000 1.000000 73
 0 1 12.083333 1.000000 29
 0 1 12.916667 1.000000 31
 1 1 11.250000 1.000000 67
 1 0 7.916667 1.000000 58
 1658428.907217 8
 2 0 15.416667 1.000000 116
 0 1 11.250000 1.000000 27
 2 1 9.583333 1.000000 103
 1 0 9.583333 1.000000 62
 1 1 7.083333 1.000000 57
 1 0 2.083333 1.000000 44
 0 1 2.083333 1.000000 5
 1 0 16.250000 1.000000 78
 1154842.656699 2
 0 0 7.916667 1.000000 18
 1 0 12.083333 1.000000 68
 1126984.994228 8
 1 1 11.250000 1.000000 67
 0 1 2.083333 1.000000 5
 0 0 7.083333 1.000000 16
 0 0 13.750000 1.000000 32
 0 1 3.750000 1.000000 9
 4 0 9.583333 1.000000 182
 1 0 13.750000 1.000000 72
 1 1 16.250000 1.000000 79
 1103946.850106 9
 0 1 16.250000 1.000000 39
 1 1 8.750000 1.000000 61
 1 0 7.916667 1.000000 58
 0 1 9.583333 1.000000 23
 1 1 6.250000 1.000000 55
 3 0 0.416667 1.000000 120
 0 0 16.250000 1.000000 38
 0 1 8.750000 1.000000 21
 1 0 15.416667 1.000000 76
 1286484.963152 4
 3 0 2.916667 1.000000 126
 1 0 3.750000 1.000000 48
 1 0 5.416667 1.000000 52
 1 1 0.416667 1.000000 41
 141075.251690 6
 0 0 0.416667 1.000000 0
 0 1 16.250000 1.000000 39
 0 1 0.416667 1.000000 1
 1 0 8.750000 1.000000 60
 0 1 6.250000 1.000000 15
 2 1 12.916667 1.000000 111
 1608780.434043 7
 1 0 7.083333 1.000000 56
 1 0 5.416667 1.000000 52
 1 0 0.416667 1.000000 40
 1 1 3.750000 1.000000 49
 1 1 5.416667 1.000000 53
 1 1 7.916667 1.000000 59
 3 1 9.583333 1.000000 143
 772505.513305 4
 1 0 3.750000 1.000000 48
 1 1 4.583333 1.000000 51
 0 0 3.750000 1.000000 8
 8 1 13.750000 1.000000 353
 1784725.256760 3
 6 1 15.416667 1.000000 277
 1 0 13.750000 1.000000 72
 0 1 7.083333 1.000000 17
 1259873.063350 2
 1 0 12.916667 1.000000 70
 1 0 2.916667 1.000000 46
 798194.542247 5
 6 0 14.583333 1.000000 274
 1 0 13.750000 1.000000 72
 1 1 14.583333 1.000000 75
 0 0 2.083333 1.000000 4
 0 1 0.416667 1.000000 1
 791651.409134 6
 1 0 11.250000 1.000000 66
 3 0 4.583333 1.000000 130
 0 0 6.250000 1.000000 14
 0 1 4.583333 1.000000 11
 1 1 15.416667 1.000000 77
 1 0 10.416667 1.000000 64
 1756357.589735 5
 0 1 7.916667 1.000000 19
 1 0 4.583333 1.000000 50
 1 0 7.083333 1.000000 56
 0 1 7.083333 1.000000 17
 3 1 11.250000 1.000000 147
 1493401.405054 8
 0 0 15.416667 1.000000 36
 0 1 9.583333 1.000000 23
 0 1 2.083333 1.000000 5
 1 0 2.083333 1.000000 44
 1 0 16.250000 1.000000 78
 9 0 7.916667 1.000000 378
 1 0 3.750000 1.000000 48
 0 0 7.916667 1.000000 18
 1669540.605577 9
 0 0 0.416667 1.000000 0
 0 1 3.750000 1.000000 9
 0 1 8.750000 1.000000 21
 1 1 10.416667 1.000000 65
 2 0 1.250000 1.000000 82
 1 1 4.583333 1.000000 51
 0 1 4.583333 1.000000 11
 3 0 11.250000 1.000000 146
 1 0 2.083333 1.000000 44
 1636094.286608 4
 1 0 7.916667 1.000000 58
 1 1 5.416667 1.000000 53
 0 0 13.750000 1.000000 32
 1 0 3.750000 1.000000 48
 996965.475174 6
 1 0 12.916667 1.000000 70
 5 1 7.083333 1.000000 217
 1 0 14.583333 1.000000 74
 1 0 7.916667 1.000000 58
 1 0 7.083333 1.000000 56
 9 1 4.583333 1.000000 371
 444211.921228 9
 1 1 12.083333 1.000000 69
 4 0 1.250000 1.000000 162
 1 1 2.916667 1.000000 47
 1 1 7.083333 1.000000 57
 1 0 10.416667 1.000000 64
 3 0 4.583333 1.000000 130
 0 0 14.583333 1.000000 34
 6 0 3.750000 1.000000 248
 1 0 12.916667 1.000000 70
 417702.647717 2
 0 1 2.083333 1.000000 5
 7 0 1.250000 1.000000 282
 101705.815076 8
 1 0 6.250000 1.000000 54
 0 1 0.416667 1.000000 1
 0 1 10.416667 1.000000 25
 6 0 0.416667 1.000000 240
 5 0 7.083333 1.000000 216
 0 0 7.916667 1.000000 18
 0 0 4.583333 1.000000 10
 1 1 15.416667 1.000000 77
 1238273.172247 3
 1 0 7.083333 1.000000 56
 0 1 2.916667 1.000000 7
 3 0 10.416667 1.000000 144
 1100590.296025 3
 0 1 4.583333 1.000000 11
 2 0 7.916667 1.000000 98
 5 0 15.416667 1.000000 236
 1956569.740119 6
 0 1 6.250000 1.000000 15
 1 0 2.916667 1.000000 46
 3 1 4.583333 1.000000 131
 0 1 7.083333 1.000000 17
 9 1 1.250000 1.000000 363
 2 1 16.250000 1.000000 119
 1725901.900328 6
 0 0 1.250000 1.000000 2
 1 1 7.916667 1.000000 59
 1 0 7.083333 1.000000 56
 0 1 7.083333 1.000000 17
 6 1 9.583333 1.000000 263
 3 0 2.083333 1.000000 124
 84645.541238 6
 1 0 0.416667 1.000000 40
 0 1 13.750000 1.000000 33
 1 0 12.916667 1.000000 70
 1 1 7.083333 1.000000 57
 0 1 4.583333 1.000000 11
 1 0 6.250000 1.000000 54
 1057934.724399 8
 0 0 15.416667 1.000000 36
 5 0 16.250000 1.000000 238
 0 1 2.916667 1.000000 7
 1 0 4.583333 1.000000 50
 1 0 0.416667 1.000000 40
 0 1 1.250000 1.000000 3
 1 1 7.083333 1.000000 57
 0 1 6.250000 1.000000 15
 1860313.859834 8
 1 0 6.250000 1.000000 54
 3 1 2.083333 1.000000 125
 1 1 12.916667 1.000000 71
 0 1 3.750000 1.000000 9
 0 1 9.583333 1.000000 23
 1 0 11.250000 1.000000 66
 1 0 15.416667 1.000000 76
 0 1 8.750000 1.000000 21
 1974633.296996 3
 0 0 10.416667 1.000000 24
 8 0 0.416667 1.000000 320
 2 0 2.916667 1.000000 86
 292556.573661 5
 1 1 12.083333 1.000000 69
 1 0 7.083333 1.000000 56
 1 0 10.416667 1.000000 64
 1 0 16.250000 1.000000 78
 0 1 14.583333 1.000000 35
 1431563.523762 7
 0 1 4.583333 1.000000 11
 0 1 16.250000 1.000000 39
 0 1 1.250000 1.000000 3
 7 0 8.750000 1.000000 300
 0 0 9.583333 1.000000 22
 1 1 1.250000 1.000000 43
 1 1 10.416667 1.000000 65
 1673910.638426 7
 1 0 0.416667 1.000000 40
 1 0 8.750000 1.000000 60
 1 1 9.583333 1.000000 63
 0 1 16.250000 1.000000 39
 0 0 6.250000 1.000000 14
 0 0 8.750000 1.000000 20
 1 0 13.750000 1.000000 72
 153243.175854 8
 0 1 13.750000 1.000000 33
 2 0 12.916667 1.000000 110
 0 0 14.583333 1.000000 34
 1 0 0.416667 1.000000 40
 1 1 11.250000 1.000000 67
 1 1 4.583333 1.000000 51
 1 0 8.750000 1.000000 60
 2 0 7.916667 1.000000 98
 696802.857899 2
 2 0 9.583333 1.000000 102
 0 0 5.416667 1.000000 12
 628804.408288 2
 0 0 4.583333 1.000000 10
 1 0 14.583333 1.000000 74
 123451.612519 9
 1 1 2.916667 1.000000 47
 0 1 2.916667 1.000000 7
 0 0 2.083333 1.000000 4
 0 1 11.250000 1.000000 27
 1 1 12.083333 1.000000 69
 0 0 7.916667 1.000000 18
 1 0 2.083333 1.000000 44
 1 0 7.916667 1.000000 58
 2 1 4.583333 1.000000 91
 985712.243200 6
 0 0 4.583333 1.000000 10
 0 0 2.083333 1.000000 4
 3 1 7.916667 1.000000 139
 1 1 16.250000 1.000000 79
 3 1 11.250000 1.000000 147
 1 0 1.250000 1.000000 42
 300309.734652 5
 1 1 4.583333 1.000000 51
 1 0 12.916667 1.000000 70
 0 1 3.750000 1.000000 9
 0 0 9.583333 1.000000 22
 0 1 12.916667 1.000000 31
 952937.205840 3
 1 0 9.583333 1.000000 62
 3 1 4.583333 1.000000 131
 0 1 8.750000 1.000000 21
 1861113.895486 5
 1 1 2.916667 1.000000 47
 1 1 0.416667 1.000000 41
 1 1 10.416667 1.000000 65
 1 0 16.250000 1.000000 78
 1 1 4.583333 1.000000 51
 324682.047928 2
 1 1 13.750000 1.000000 73
 0 0 2.083333 1.000000 4
 1734311.434037 3
 0 0 3.750000 1.000000 8
 1 0 7.916667 1.000000 58
 1 0 7.083333 1.000000 56
 493204.331088 7
 0 1 8.750000 1.000000 21
 0 1 1.250000 1.000000 3
 1 1 12.083333 1.000000 69
 0 0 9.583333 1.000000 22
 0 0 16.250000 1.000000 38
 6 1 2.916667 1.000000 247
 0 0 2.083333 1.000000 4
 1071822.637185 3
 1 1 8.750000 1.000000 61
 1 0 0.416667 1.000000 40
 1 1 12.083333 1.000000 69
 562774.552034 9
 1 0 2.916667 1.000000 46
 0 0 0.416667 1.000000 0
 1 0 10.416667 1.000000 64
 0 1 2.083333 1.000000 5
 0 0 2.916667 1.000000 6
 1 1 16.250000 1.000000 79
 0 1 13.750000 1.000000 33
 0 0 1.250000 1.000000 2
 1 1 12.916667 1.000000 71
 1036566.902714 8
 1 1 2.916667 1.000000 47
 1 1 10.416667 1.000000 65
 1 1 0.416667 1.000000 41
 1 0 6.250000 1.000000 54
 0 0 0.416667 1.000000 0
 0 1 7.916667 1.000000 19
 2 1 13.750000 1.000000 113
 1 1 11.250000 1.000000 67
 1869328.163336 6
 1 1 0.416667 1.000000 41
 3 1 3.750000 1.000000 129
 0 0 12.083333 1.000000 28
 1 1 6.250000 1.000000 55
 1 1 12.916667 1.000000 71
 0 0 10.416667 1.000000 24
 1280969.694723 5
 1 0 11.250000 1.000000 66
 0 1 8.750000 1.000000 21
 0 0 8.750000 1.000000 20
 0 1 1.250000 1.000000 3
 1 1 4.583333 1.000000 51
 878303.855172 4
 1 1 2.916667 1.000000 47
 8 1 9.583333 1.000000 343
 0 0 7.083333 1.000000 16
 0 1 11.250000 1.000000 27
 1147511.860443 5
 1 1 6.250000 1.000000 55
 0 1 7.916667 1.000000 19
 0 1 11.250000 1.000000 27
 1 1 0.416667 1.000000 41
 1 1 3.750000 1.000000 49
 69104.318670 9
 2 1 3.750000 1.000000 89
 0 1 10.416667 1.000000 25
 0 0 9.583333 1.000000 22
 0 1 16.250000 1.000000 39
 0 1 12.916667 1.000000 31
 1 1 8.750000 1.000000 61
 1 1 14.583333 1.000000 75
 1 0 12.083333 1.000000 68
 1 1 6.250000 1.000000 55
 303164.979435 6
 0 0 11.250000 1.000000 26
 2 1 15.416667 1.000000 117
 0 0 4.583333 1.000000 10
 0 1 5.416667 1.000000 13
 3 1 2.916667 1.000000 127
 1 1 8.750000 1.000000 61
 854013.888991 7
 2 1 11.250000 1.000000 107
 1 0 7.916667 1.000000 58
 1 0 9.583333 1.000000 62
 1 1 14.583333 1.000000 75
 3 0 1.250000 1.000000 122
 1 0 11.250000 1.000000 66
 0 1 7.916667 1.000000 19
 102316.593147 3
 1 0 3.750000 1.000000 48
 0 1 12.083333 1.000000 29
 1 0 16.250000 1.000000 78
 1926039.099193 4
 0 1 13.750000 1.000000 33
 3 1 16.250000 1.000000 159
 6 1 7.083333 1.000000 257
 0 1 5.416667 1.000000 13
 288333.830800 8
 2 1 1.250000 1.000000 83
 2 1 12.916667 1.000000 111
 1 0 11.250000 1.000000 66
 3 0 16.250000 1.000000 158
 1 1 8.750000 1.000000 61
 0 0 12.083333 1.000000 28
 0 1 1.250000 1.000000 3
 3 0 1.250000 1.000000 122
 1810371.636325 5
 2 1 9.583333 1.000000 103
 1 0 4.583333 1.000000 50
 1 0 12.916667 1.000000 70
 1 1 9.583333 1.000000 63
 0 1 14.583333 1.000000 35
 993367.017374 9
 0 0 15.416667 1.000000 36
 0 1 7.083333 1.000000 17
 1 0 15.416667 1.000000 76
 0 1 5.416667 1.000000 13
 0 1 6.250000 1.000000 15
 0 0 11.250000 1.000000 26
 1 1 2.916667 1.000000 47
 1 1 12.083333 1.000000 69
 1 0 12.083333 1.000000 68
 781130.352943 2
 0 0 12.083333 1.000000 28
 6 1 11.250000 1.000000 267
 1988975.138287 3
 2 0 0.416667 1.000000 80
 0 1 11.250000 1.000000 27
 0 1 13.750000 1.000000 33
 1322311.888413 5
 2 1 0.416667 1.000000 81
 8 0 7.083333 1.000000 336
 0 1 9.583333 1.000000 23
 3 1 2.916667 1.000000 127
 2 1 3.750000 1.000000 89
 855042.640816 8
 9 0 16.250000 1.000000 398
 1 0 8.750000 1.000000 60
 1 0 9.583333 1.000000 62
 3 0 4.583333 1.000000 130
 6 1 12.083333 1.000000 269
 1 0 1.250000 1.000000 42
 0 1 2.916667 1.000000 7
 8 1 2.916667 1.000000 327
 1550109.963338 9
 0 1 8.750000 1.000000 21
 5 0 13.750000 1.000000 232
 1 0 12.916667 1.000000 70
 0 1 4.583333 1.000000 11
 0 1 3.750000 1.000000 9
 3 1 3.750000 1.000000 129
 0 0 5.416667 1.000000 12
 0 1 12.083333 1.000000 29
 0 1 15.416667 1.000000 37
 1351266.040276 3
 9 0 10.416667 1.000000 384
 1 0 1.250000 1.000000 42
 0 0 6.250000 1.000000 14
 1032318.493012 2
 0 0 1.250000 1.000000 2
 1 1 13.750000 1.000000 73
 81007.078141 3
 0 0 8.750000 1.000000 20
 1 0 2.916667 1.000000 46
 1 1 12.083333 1.000000 69
 288766.569239 7
 1 0 12.083333 1.000000 68
 1 0 1.250000 1.000000 42
 1 1 7.916667 1.000000 59
 1 0 2.916667 1.000000 46
 0 0 12.083333 1.000000 28
 1 0 14.583333 1.000000 74
 1 0 13.750000 1.000000 72
 388524.711890 3
 2 0 10.416667 1.000000 104
 1 0 13.750000 1.000000 72
 0 1 4.583333 1.000000 11
 413891.309935 6
 0 1 4.583333 1.000000 11
 3 0 5.416667 1.000000 132
 0 1 10.416667 1.000000 25
 0 1 1.250000 1.000000 3
 0 1 2.083333 1.000000 5
 1 1 2.083333 1.000000 45
 1872717.288804 2
 0 1 16.250000 1.000000 39
 0 1 2.083333 1.000000 5
 981414.029496 6
 0 0 2.083333 1.000000 4
 0 1 11.250000 1.000000 27
 1 1 1.250000 1.000000 43
 1 0 2.916667 1.000000 46
 1 0 11.250000 1.000000 66
 3 0 7.083333 1.000000 136
 954102.792718 7
 0 0 6.250000 1.000000 14
 2 0 4.583333 1.000000 90
 1 1 0.416667 1.000000 41
 1 0 3.750000 1.000000 48
 1 1 10.416667 1.000000 65
 1 1 2.916667 1.000000 47
 0 1 8.750000 1.000000 21
 704752.434746 5
 1 1 15.416667 1.000000 77
 0 1 10.416667 1.000000 25
 1 0 16.250000 1.000000 78
 3 1 7.083333 1.000000 137
 1 0 12.916667 1.000000 70
 1048170.831785 4
 1 1 4.583333 1.000000 51
 1 1 7.916667 1.000000 59
 0 0 7.083333 1.000000 16
 1 0 0.416667 1.000000 40