 Numero de pedidos 
 200
 duedate num_referencias // pasillo lado altura peso
 1070631.147079 9
 7 1 7.083333 1.000000 297
 4 1 4.583333 1.000000 171
 8 0 14.583333 1.000000 354
 3 1 1.250000 1.000000 123
 0 0 10.416667 1.000000 24
 1 1 16.250000 1.000000 79
 8 1 12.083333 1.000000 349
 6 1 9.583333 1.000000 263
 4 1 11.250000 1.000000 187
 1378164.042019 7
 5 1 7.916667 1.000000 219
 2 1 15.416667 1.000000 117
 7 0 7.083333 1.000000 296
 3 1 6.250000 1.000000 135
 2 1 9.583333 1.000000 103
 8 1 1.250000 1.000000 323
 7 1 10.416667 1.000000 305
 412265.644806 8
 8 0 14.583333 1.000000 354
 9 0 3.750000 1.000000 368
 5 0 5.416667 1.000000 212
 1 0 12.083333 1.000000 68
 3 0 3.750000 1.000000 128
 7 0 14.583333 1.000000 314
 7 0 7.083333 1.000000 296
 6 0 2.083333 1.000000 244
 110615.770030 3
 2 1 9.583333 1.000000 103
 7 0 7.083333 1.000000 296
 8 1 4.583333 1.000000 331
 1102585.489909 6
 2 0 7.083333 1.000000 96
 4 1 11.250000 1.000000 187
 7 0 7.083333 1.000000 296
 2 0 2.916667 1.000000 86
 6 1 12.916667 1.000000 271
 9 1 3.750000 1.000000 369
 765955.273940 7
 0 0 2.083333 1.000000 4
 0 0 12.916667 1.000000 30
 0 1 15.416667 1.000000 37
 7 0 7.083333 1.000000 296
 5 0 11.250000 1.000000 226
 9 1 2.916667 1.000000 367
 1 1 12.083333 1.000000 69
 489123.211284 2
 0 0 0.416667 1.000000 0
 0 1 0.416667 1.000000 1
 899059.652956 3
 5 0 5.416667 1.000000 212
 0 1 15.416667 1.000000 37
 3 0 12.083333 1.000000 148
 1334533.231768 5
 8 1 1.250000 1.000000 323
 7 1 8.750000 1.000000 301
 6 1 2.083333 1.000000 245
 7 1 2.916667 1.000000 287
 9 0 3.750000 1.000000 368
 1462461.438171 6
 3 0 3.750000 1.000000 128
 0 0 12.083333 1.000000 28
 6 0 10.416667 1.000000 264
 7 0 7.083333 1.000000 296
 9 0 14.583333 1.000000 394
 4 1 11.250000 1.000000 187
 100208.699545 6
 2 1 7.916667 1.000000 99
 0 0 8.750000 1.000000 20
 2 1 6.250000 1.000000 95
 3 1 6.250000 1.000000 135
 2 0 7.083333 1.000000 96
 7 0 14.583333 1.000000 314
 595936.925763 4
 7 0 14.583333 1.000000 314
 6 0 8.750000 1.000000 260
 4 1 4.583333 1.000000 171
 2 1 12.916667 1.000000 111
 1293264.301109 3
 7 1 9.583333 1.000000 303
 4 0 6.250000 1.000000 174
 8 1 12.916667 1.000000 351
 838515.051118 7
 0 0 2.083333 1.000000 4
 5 1 12.916667 1.000000 231
 0 1 8.750000 1.000000 21
 3 1 1.250000 1.000000 123
 2 1 8.750000 1.000000 101
 4 0 6.250000 1.000000 174
 7 1 4.583333 1.000000 291
 294900.265958 4
 8 1 1.250000 1.000000 323
 2 1 15.416667 1.000000 117
 7 1 2.916667 1.000000 287
 0 0 9.583333 1.000000 22
 1416552.858752 8
 5 1 2.916667 1.000000 207
 8 1 12.083333 1.000000 349
 0 1 9.583333 1.000000 23
 0 0 12.083333 1.000000 28
 4 1 11.250000 1.000000 187
 2 0 2.916667 1.000000 86
 7 0 7.083333 1.000000 296
 7 1 5.416667 1.000000 293
 857498.751719 9
 6 1 9.583333 1.000000 263
 7 1 5.416667 1.000000 293
 7 0 6.250000 1.000000 294
 7 0 14.583333 1.000000 314
 4 0 14.583333 1.000000 194
 0 1 0.416667 1.000000 1
 5 1 7.916667 1.000000 219
 8 1 1.250000 1.000000 323
 6 0 0.416667 1.000000 240
 1089083.991670 2
 8 0 14.583333 1.000000 354
 6 0 10.416667 1.000000 264
 248790.732757 9
 2 0 2.916667 1.000000 86
 9 0 12.083333 1.000000 388
 3 0 13.750000 1.000000 152
 6 0 3.750000 1.000000 248
 4 0 6.250000 1.000000 174
 6 1 0.416667 1.000000 241
 1 1 16.250000 1.000000 79
 7 0 2.916667 1.000000 286
 6 0 8.750000 1.000000 260
 1264320.179776 5
 6 1 5.416667 1.000000 253
 8 1 12.083333 1.000000 349
 0 0 9.583333 1.000000 22
 4 1 8.750000 1.000000 181
 7 1 8.750000 1.000000 301
 1837810.917980 6
 0 1 9.583333 1.000000 23
 2 0 9.583333 1.000000 102
 0 0 12.083333 1.000000 28
 7 0 11.250000 1.000000 306
 3 0 3.750000 1.000000 128
 7 1 8.750000 1.000000 301
 911304.835021 3
 8 1 12.083333 1.000000 349
 3 0 7.083333 1.000000 136
 5 0 15.416667 1.000000 236
 1227509.511387 5
 0 0 12.083333 1.000000 28
 1 0 7.916667 1.000000 58
 7 1 7.083333 1.000000 297
 0 1 7.083333 1.000000 17
 9 1 3.750000 1.000000 369
 958839.763179 9
 0 1 6.250000 1.000000 15
 9 1 15.416667 1.000000 397
 7 1 10.416667 1.000000 305
 9 0 2.916667 1.000000 366
 9 1 3.750000 1.000000 369
 8 0 2.916667 1.000000 326
 0 0 12.916667 1.000000 30
 7 0 14.583333 1.000000 314
 0 0 0.416667 1.000000 0
 1295055.483680 2
 6 0 12.916667 1.000000 270
 5 1 1.250000 1.000000 203
 1381260.905760 2
 0 1 7.083333 1.000000 17
 5 0 1.250000 1.000000 202
 568520.467900 4
 3 0 12.083333 1.000000 148
 1 1 8.750000 1.000000 61
 5 0 1.250000 1.000000 202
 5 1 2.916667 1.000000 207
 131643.951932 2
 6 1 2.083333 1.000000 245
 2 1 9.583333 1.000000 103
 1301279.951679 8
 8 1 12.083333 1.000000 349
 6 0 15.416667 1.000000 276
 1 1 12.916667 1.000000 71
 0 1 0.416667 1.000000 1
 1 1 15.416667 1.000000 77
 4 1 10.416667 1.000000 185
 5 1 2.916667 1.000000 207
 0 0 7.916667 1.000000 18
 369285.753914 5
 3 0 7.083333 1.000000 136
 0 0 0.416667 1.000000 0
 6 1 2.083333 1.000000 245
 7 1 14.583333 1.000000 315
 8 1 0.416667 1.000000 321
 208959.726546 7
 5 1 7.916667 1.000000 219
 8 0 3.750000 1.000000 328
 7 0 6.250000 1.000000 294
 5 0 13.750000 1.000000 232
 5 0 10.416667 1.000000 224
 4 0 6.250000 1.000000 174
 4 1 14.583333 1.000000 195
 67168.119637 8
 0 0 2.083333 1.000000 4
 4 1 11.250000 1.000000 187
 0 1 9.583333 1.000000 23
 8 1 12.916667 1.000000 351
 0 1 6.250000 1.000000 15
 9 1 2.916667 1.000000 367
 0 1 8.750000 1.000000 21
 7 1 1.250000 1.000000 283
 199297.441654 9
 7 1 2.916667 1.000000 287
 2 0 5.416667 1.000000 92
 8 1 4.583333 1.000000 331
 8 1 8.750000 1.000000 341
 8 1 12.083333 1.000000 349
 0 1 15.416667 1.000000 37
 7 0 11.250000 1.000000 306
 1 1 8.750000 1.000000 61
 2 0 7.083333 1.000000 96
 576158.023149 9
 5 1 2.916667 1.000000 207
 0 1 1.250000 1.000000 3
 6 0 2.083333 1.000000 244
 8 1 5.416667 1.000000 333
 6 0 3.750000 1.000000 248
 0 1 0.416667 1.000000 1
 3 1 1.250000 1.000000 123
 2 1 16.250000 1.000000 119
 6 0 10.416667 1.000000 264
 1412318.796633 6
 0 0 5.416667 1.000000 12
 5 0 11.250000 1.000000 226
 1 1 1.250000 1.000000 43
 7 1 2.916667 1.000000 287
 5 1 12.916667 1.000000 231
 1 0 0.416667 1.000000 40
 586275.703249 7
 5 1 12.916667 1.000000 231
 0 1 9.583333 1.000000 23
 7 0 3.750000 1.000000 288
 6 0 10.416667 1.000000 264
 3 0 3.750000 1.000000 128
 3 1 1.250000 1.000000 123
 9 1 1.250000 1.000000 363
 57825.585966 4
 7 0 7.083333 1.000000 296
 6 0 2.083333 1.000000 244
 5 1 7.916667 1.000000 219
 7 1 2.083333 1.000000 285
 1794293.381532 8
 2 1 12.916667 1.000000 111
 9 0 13.750000 1.000000 392
 0 0 10.416667 1.000000 24
 6 0 3.750000 1.000000 248
 9 0 3.750000 1.000000 368
 3 0 6.250000 1.000000 134
 5 1 13.750000 1.000000 233
 4 0 6.250000 1.000000 174
 47264.002416 2
 3 0 6.250000 1.000000 134
 2 1 12.083333 1.000000 109
 451179.300142 4
 9 1 2.916667 1.000000 367
 3 1 3.750000 1.000000 129
 1 0 5.416667 1.000000 52
 3 0 12.916667 1.000000 150
 71276.945244 8
 7 1 9.583333 1.000000 303
 0 1 15.416667 1.000000 37
 5 1 12.916667 1.000000 231
 7 1 8.750000 1.000000 301
 6 1 8.750000 1.000000 261
 2 0 2.916667 1.000000 86
 5 1 2.916667 1.000000 207
 2 1 12.083333 1.000000 109
 295810.298834 3
 9 0 3.750000 1.000000 368
 4 1 7.916667 1.000000 179
 1 0 7.916667 1.000000 58
 1339872.493138 6
 3 0 6.250000 1.000000 134
 2 1 12.083333 1.000000 109
 5 0 2.916667 1.000000 206
 6 0 9.583333 1.000000 262
 0 1 6.250000 1.000000 15
 8 1 4.583333 1.000000 331
 447542.205177 5
 1 1 13.750000 1.000000 73
 7 1 8.750000 1.000000 301
 3 0 6.250000 1.000000 134
 7 1 10.416667 1.000000 305
 5 0 5.416667 1.000000 212
 1605391.866232 7
 0 0 3.750000 1.000000 8
 0 0 7.083333 1.000000 16
 2 1 12.916667 1.000000 111
 3 0 7.083333 1.000000 136
 2 0 7.083333 1.000000 96
 1 1 8.750000 1.000000 61
 3 0 10.416667 1.000000 144
 1796454.747262 3
 6 0 3.750000 1.000000 248
 8 0 14.583333 1.000000 354
 8 0 2.916667 1.000000 326
 209978.305460 6
 0 1 15.416667 1.000000 37
 7 1 7.083333 1.000000 297
 1 0 6.250000 1.000000 54
 6 0 10.416667 1.000000 264
 5 1 2.916667 1.000000 207
 7 0 11.250000 1.000000 306
 1279395.668115 6
 1 1 16.250000 1.000000 79
 4 0 8.750000 1.000000 180
 7 0 7.083333 1.000000 296
 7 0 14.583333 1.000000 314
 9 0 2.916667 1.000000 366
 4 1 7.083333 1.000000 177
 1360358.361956 8
 7 0 6.250000 1.000000 294
 8 1 8.750000 1.000000 341
 6 1 6.250000 1.000000 255
 2 1 3.750000 1.000000 89
 0 1 1.250000 1.000000 3
 8 0 14.583333 1.000000 354
 5 1 1.250000 1.000000 203
 4 0 14.583333 1.000000 194
 302724.692087 2
 6 1 0.416667 1.000000 241
 3 1 1.250000 1.000000 123
 415731.178455 8
 1 0 6.250000 1.000000 54
 7 0 6.250000 1.000000 294
 2 1 7.916667 1.000000 99
 1 1 13.750000 1.000000 73
 2 1 12.083333 1.000000 109
 7 0 4.583333 1.000000 290
 0 0 8.750000 1.000000 20
 1 1 8.750000 1.000000 61
 1671119.668442 9
 8 0 10.416667 1.000000 344
 8 1 8.750000 1.000000 341
 3 0 7.083333 1.000000 136
 9 0 3.750000 1.000000 368
 6 0 7.916667 1.000000 258
 8 1 2.916667 1.000000 327
 0 0 7.916667 1.000000 18
 5 1 7.916667 1.000000 219
 8 0 14.583333 1.000000 354
 812049.128847 8
 2 1 13.750000 1.000000 113
 8 0 14.583333 1.000000 354
 1 1 15.416667 1.000000 77
 4 0 8.750000 1.000000 180
 7 1 4.583333 1.000000 291
 4 1 11.250000 1.000000 187
 0 0 15.416667 1.000000 36
 7 1 8.750000 1.000000 301
 1511351.432573 4
 6 1 9.583333 1.000000 263
 2 0 6.250000 1.000000 94
 4 1 4.583333 1.000000 171
 8 0 14.583333 1.000000 354
 522493.771912 8
 0 0 8.750000 1.000000 20
 9 0 2.916667 1.000000 366
 9 0 12.083333 1.000000 388
 5 0 10.416667 1.000000 224
 8 1 12.083333 1.000000 349
 6 1 9.583333 1.000000 263
 2 1 16.250000 1.000000 119
 1 1 16.250000 1.000000 79
 961743.010302 5
 8 1 1.250000 1.000000 323
 2 1 5.416667 1.000000 93
 1 0 7.916667 1.000000 58
 9 0 14.583333 1.000000 394
 3 0 6.250000 1.000000 134
 1389054.186134 9
 8 0 3.750000 1.000000 328
 7 1 10.416667 1.000000 305
 5 0 2.916667 1.000000 206
 9 0 3.750000 1.000000 368
 9 1 16.250000 1.000000 399
 2 1 8.750000 1.000000 101
 5 0 2.083333 1.000000 204
 5 0 15.416667 1.000000 236
 5 1 1.250000 1.000000 203
 102738.831929 3
 0 0 2.083333 1.000000 4
 6 0 16.250000 1.000000 278
 5 0 12.916667 1.000000 230
 91191.168749 9
 8 0 6.250000 1.000000 334
 0 1 5.416667 1.000000 13
 5 1 2.916667 1.000000 207
 1 0 12.083333 1.000000 68
 6 0 16.250000 1.000000 278
 5 1 1.250000 1.000000 203
 7 1 2.916667 1.000000 287
 0 0 12.083333 1.000000 28
 0 1 6.250000 1.000000 15
 1059067.534534 9
 9 1 9.583333 1.000000 383
 7 1 6.250000 1.000000 295
 2 0 7.083333 1.000000 96
 6 1 9.583333 1.000000 263
 5 1 12.916667 1.000000 231
 3 1 3.750000 1.000000 129
 1 1 14.583333 1.000000 75
 1 1 16.250000 1.000000 79
 7 1 10.416667 1.000000 305
 1125258.716217 6
 4 1 4.583333 1.000000 171
 7 1 10.416667 1.000000 305
 5 0 1.250000 1.000000 202
 8 0 3.750000 1.000000 328
 9 1 3.750000 1.000000 369
 2 1 16.250000 1.000000 119
 652788.316427 2
 6 1 9.583333 1.000000 263
 9 1 3.750000 1.000000 369
 987054.446818 7
 1 1 8.750000 1.000000 61
 2 0 7.083333 1.000000 96
 4 1 11.250000 1.000000 187
 0 0 12.916667 1.000000 30
 0 1 12.083333 1.000000 29
 1 1 14.583333 1.000000 75
 3 0 3.750000 1.000000 128
 1121434.163508 9
 0 1 7.083333 1.000000 17
 0 0 7.083333 1.000000 16
 6 0 16.250000 1.000000 278
 3 0 7.083333 1.000000 136
 0 1 9.583333 1.000000 23
 6 1 5.416667 1.000000 253
 6 0 10.416667 1.000000 264
 9 0 13.750000 1.000000 392
 7 1 2.916667 1.000000 287
 1373956.121343 4
 3 0 12.083333 1.000000 148
 0 0 2.083333 1.000000 4
 3 1 6.250000 1.000000 135
 4 1 4.583333 1.000000 171
 1131485.469607 7
 3 1 6.250000 1.000000 135
 5 1 10.416667 1.000000 225
 0 1 7.083333 1.000000 17
 7 0 11.250000 1.000000 306
 7 1 7.083333 1.000000 297
 7 0 14.583333 1.000000 314
 5 0 14.583333 1.000000 234
 367231.325138 5
 1 1 16.250000 1.000000 79
 9 0 12.083333 1.000000 388
 5 1 2.916667 1.000000 207
 5 0 16.250000 1.000000 238
 5 0 15.416667 1.000000 236
 1528957.164646 2
 5 0 7.083333 1.000000 216
 9 0 2.916667 1.000000 366
 1593611.359668 8
 4 0 14.583333 1.000000 194
 0 0 13.750000 1.000000 32
 6 0 13.750000 1.000000 272
 5 1 9.583333 1.000000 223
 9 0 5.416667 1.000000 372
 9 0 2.916667 1.000000 366
 9 1 2.916667 1.000000 367
 0 0 12.083333 1.000000 28
 1991385.646328 3
 3 1 15.416667 1.000000 157
 1 0 12.083333 1.000000 68
 9 0 2.916667 1.000000 366
 301540.153074 3
 9 1 6.250000 1.000000 375
 3 0 3.750000 1.000000 128
 5 1 12.916667 1.000000 231
 823037.885215 7
 5 1 2.916667 1.000000 207
 3 1 6.250000 1.000000 135
 8 0 4.583333 1.000000 330
 6 0 16.250000 1.000000 278
 7 1 7.083333 1.000000 297
 7 1 9.583333 1.000000 303
 0 0 10.416667 1.000000 24
 1202451.679354 6
 3 0 10.416667 1.000000 144
 6 1 2.083333 1.000000 245
 4 0 6.250000 1.000000 174
 0 0 12.916667 1.000000 30
 0 0 2.083333 1.000000 4
 0 1 6.250000 1.000000 15
 215936.362024 2
 2 1 8.750000 1.000000 101
 1 0 12.083333 1.000000 68
 1790987.219229 7
 6 0 2.083333 1.000000 244
 7 1 10.416667 1.000000 305
 7 1 9.583333 1.000000 303
 0 0 10.416667 1.000000 24
 6 1 12.083333 1.000000 269
 8 1 2.916667 1.000000 327
 2 1 7.916667 1.000000 99
 1627492.341952 7
 6 0 10.416667 1.000000 264
 4 0 6.250000 1.000000 174
 0 0 12.083333 1.000000 28
 0 1 6.250000 1.000000 15
 7 1 8.750000 1.000000 301
 1 1 15.416667 1.000000 77
 4 1 11.250000 1.000000 187
 58530.113445 7
 7 0 11.250000 1.000000 306
 0 0 7.916667 1.000000 18
 5 0 11.250000 1.000000 226
 7 1 8.750000 1.000000 301
 5 1 7.916667 1.000000 219
 9 0 3.750000 1.000000 368
 0 0 2.083333 1.000000 4
 849349.323627 9
 1 0 6.250000 1.000000 54
 7 0 7.083333 1.000000 296
 0 0 7.916667 1.000000 18
 9 1 2.916667 1.000000 367
 7 1 10.416667 1.000000 305
 6 1 13.750000 1.000000 273
 9 0 8.750000 1.000000 380
 8 1 12.916667 1.000000 351
 0 0 2.916667 1.000000 6
 1519585.067835 3
 7 0 13.750000 1.000000 312
 9 0 5.416667 1.000000 372
 7 1 8.750000 1.000000 301
 1933235.638762 5
 7 0 14.583333 1.000000 314
 1 1 13.750000 1.000000 73
 1 1 16.250000 1.000000 79
 2 1 16.250000 1.000000 119
 4 0 14.583333 1.000000 194
 1195102.286001 5
 1 1 15.416667 1.000000 77
 2 1 7.916667 1.000000 99
 1 0 0.416667 1.000000 40
 2 1 16.250000 1.000000 119
 7 1 9.583333 1.000000 303
 698672.124361 2
 5 1 13.750000 1.000000 233
 3 1 6.250000 1.000000 135
 98232.727041 2
 5 0 2.916667 1.000000 206
 9 1 16.250000 1.000000 399
 190755.250301 4
 0 1 9.583333 1.000000 23
 6 0 13.750000 1.000000 272
 8 1 5.416667 1.000000 333
 9 0 12.083333 1.000000 388
 906728.473523 7
 1 0 6.250000 1.000000 54
 8 1 4.583333 1.000000 331
 6 0 16.250000 1.000000 278
 4 1 11.250000 1.000000 187
 0 1 9.583333 1.000000 23
 2 1 7.916667 1.000000 99
 7 1 2.083333 1.000000 285
 573810.515783 3
 5 0 15.416667 1.000000 236
 7 0 2.083333 1.000000 284
 5 1 7.916667 1.000000 219
 1764538.762311 5
 2 1 15.416667 1.000000 117
 5 0 1.250000 1.000000 202
 0 0 0.416667 1.000000 0
 3 0 4.583333 1.000000 130
 5 1 7.916667 1.000000 219
 1093886.767521 9
 2 1 6.250000 1.000000 95
 7 1 8.750000 1.000000 301
 6 1 7.916667 1.000000 259
 9 1 2.916667 1.000000 367
 1 1 8.750000 1.000000 61
 5 1 7.916667 1.000000 219
 6 0 7.916667 1.000000 258
 1 0 3.750000 1.000000 48
 8 1 4.583333 1.000000 331
 593163.021371 2
 0 1 8.750000 1.000000 21
 8 1 8.750000 1.000000 341
 959453.147910 4
 2 1 15.416667 1.000000 117
 0 0 7.083333 1.000000 16
 9 0 2.916667 1.000000 366
 6 0 3.750000 1.000000 248
 1339790.366916 4
 8 0 4.583333 1.000000 330
 4 1 4.583333 1.000000 171
 7 0 7.083333 1.000000 296
 4 0 6.250000 1.000000 174
 382366.916343 7
 2 1 9.583333 1.000000 103
 8 0 14.583333 1.000000 354
 3 1 16.250000 1.000000 159
 4 1 2.916667 1.000000 167
 1 0 6.250000 1.000000 54
 2 1 7.916667 1.000000 99
 9 1 4.583333 1.000000 371
 1103297.224037 8
 6 1 9.583333 1.000000 263
 7 1 7.083333 1.000000 297
 7 0 3.750000 1.000000 288
 9 1 2.916667 1.000000 367
 9 1 14.583333 1.000000 395
 0 1 7.083333 1.000000 17
 3 0 6.250000 1.000000 134
 6 0 2.083333 1.000000 244
 1040866.565779 8
 8 0 7.083333 1.000000 336
 0 1 7.083333 1.000000 17
 5 0 1.250000 1.000000 202
 5 1 1.250000 1.000000 203
 6 1 5.416667 1.000000 253
 1 1 14.583333 1.000000 75
 5 0 10.416667 1.000000 224
 3 1 1.250000 1.000000 123
 984269.945111 5
 0 0 7.083333 1.000000 16
 8 1 12.083333 1.000000 349
 0 0 12.083333 1.000000 28
 3 0 12.083333 1.000000 148
 9 0 3.750000 1.000000 368
 228517.074915 2
 6 1 2.083333 1.000000 245
 0 1 0.416667 1.000000 1
 1117335.181328 6
 5 1 3.750000 1.000000 209
 0 0 9.583333 1.000000 22
 6 0 12.916667 1.000000 270
 3 1 6.250000 1.000000 135
 9 0 2.916667 1.000000 366
 6 0 2.083333 1.000000 244
 562131.707297 3
 2 0 6.250000 1.000000 94
 5 0 10.416667 1.000000 224
 0 1 8.750000 1.000000 21
 1429449.676643 4
 7 1 5.416667 1.000000 293
 0 1 8.750000 1.000000 21
 7 1 7.083333 1.000000 297
 0 0 12.916667 1.000000 30
 302664.031565 6
 8 1 1.250000 1.000000 323
 2 0 2.916667 1.000000 86
 0 0 11.250000 1.000000 26
 7 1 7.083333 1.000000 297
 4 1 4.583333 1.000000 171
 6 1 10.416667 1.000000 265
 1599544.994309 4
 0 1 7.083333 1.000000 17
 6 0 10.416667 1.000000 264
 6 1 6.250000 1.000000 255
 7 1 5.416667 1.000000 293
 1154232.333151 2
 0 0 0.416667 1.000000 0
 0 0 5.416667 1.000000 12
 1430623.318064 6
 0 0 12.083333 1.000000 28
 7 1 5.416667 1.000000 293
 7 0 14.583333 1.000000 314
 8 0 2.916667 1.000000 326
 3 0 7.083333 1.000000 136
 9 1 3.750000 1.000000 369
 755424.083171 6
 2 0 5.416667 1.000000 92
 7 1 9.583333 1.000000 303
 7 1 2.916667 1.000000 287
 1 1 8.750000 1.000000 61
 8 0 14.583333 1.000000 354
 0 0 2.083333 1.000000 4
 1514365.658068 8
 9 1 6.250000 1.000000 375
 2 1 12.083333 1.000000 109
 1 0 7.916667 1.000000 58
 1 0 0.416667 1.000000 40
 1 1 15.416667 1.000000 77
 8 1 5.416667 1.000000 333
 4 1 4.583333 1.000000 171
 3 1 1.250000 1.000000 123
 1019882.975472 7
 9 1 13.750000 1.000000 393
 2 1 7.916667 1.000000 99
 2 0 2.916667 1.000000 86
 8 1 1.250000 1.000000 323
 3 0 7.083333 1.000000 136
 2 1 13.750000 1.000000 113
 3 1 1.250000 1.000000 123
 1847337.492261 5
 6 1 9.583333 1.000000 263
 4 1 4.583333 1.000000 171
 0 1 0.416667 1.000000 1
 5 0 1.250000 1.000000 202
 2 1 13.750000 1.000000 113
 1153397.547506 9
 5 0 15.416667 1.000000 236
 8 1 4.583333 1.000000 331
 4 1 11.250000 1.000000 187
 2 0 7.083333 1.000000 96
 3 0 12.083333 1.000000 148
 0 0 12.083333 1.000000 28
 0 1 15.416667 1.000000 37
 7 0 11.250000 1.000000 306
 0 0 0.416667 1.000000 0
 787872.871825 5
 9 0 2.916667 1.000000 366
 8 0 3.750000 1.000000 328
 0 0 12.916667 1.000000 30
 2 0 2.916667 1.000000 86
 8 1 1.250000 1.000000 323
 1969228.430115 2
 8 1 8.750000 1.000000 341
 9 0 5.416667 1.000000 372
 1174686.749547 3
 9 0 2.916667 1.000000 366
 9 0 5.416667 1.000000 372
 3 1 6.250000 1.000000 135
 1435320.089737 9
 0 1 0.416667 1.000000 1
 3 1 6.250000 1.000000 135
 1 0 0.416667 1.000000 40
 4 0 6.250000 1.000000 174
 6 0 16.250000 1.000000 278
 6 1 2.083333 1.000000 245
 7 1 9.583333 1.000000 303
 5 0 2.083333 1.000000 204
 0 1 7.083333 1.000000 17
 463058.815982 8
 3 0 6.250000 1.000000 134
 3 1 6.250000 1.000000 135
 0 1 0.416667 1.000000 1
 2 1 15.416667 1.000000 117
 5 0 8.750000 1.000000 220
 2 1 7.916667 1.000000 99
 7 0 11.250000 1.000000 306
 5 0 2.916667 1.000000 206
 306091.276699 7
 9 1 2.916667 1.000000 367
 9 0 2.916667 1.000000 366
 5 0 2.083333 1.000000 204
 2 0 7.083333 1.000000 96
 5 0 13.750000 1.000000 232
 7 1 8.750000 1.000000 301
 8 1 4.583333 1.000000 331
 922218.120546 7
 7 1 8.750000 1.000000 301
 9 0 3.750000 1.000000 368
 1 1 16.250000 1.000000 79
 2 1 15.416667 1.000000 117
 8 0 10.416667 1.000000 344
 5 0 10.416667 1.000000 224
 6 0 16.250000 1.000000 278
 1193594.703671 2
 3 0 7.083333 1.000000 136
 2 1 7.916667 1.000000 99
 1084641.203249 2
 9 0 12.083333 1.000000 388
 7 1 2.916667 1.000000 287
 683469.451817 8
 0 1 7.083333 1.000000 17
 5 0 2.916667 1.000000 206
 7 1 5.416667 1.000000 293
 2 1 4.583333 1.000000 91
 3 0 7.083333 1.000000 136
 5 0 1.250000 1.000000 202
 6 0 7.916667 1.000000 258
 7 0 11.250000 1.000000 306
 985760.892642 8
 3 1 1.250000 1.000000 123
 2 1 6.250000 1.000000 95
 8 1 4.583333 1.000000 331
 5 0 1.250000 1.000000 202
 5 1 7.916667 1.000000 219
 2 1 12.083333 1.000000 109
 0 0 0.416667 1.000000 0
 5 1 12.916667 1.000000 231
 1003403.669225 9
 0 1 15.416667 1.000000 37
 2 0 2.916667 1.000000 86
 2 1 13.750000 1.000000 113
 4 1 7.083333 1.000000 177
 1 1 8.750000 1.000000 61
 3 1 1.250000 1.000000 123
 2 1 12.916667 1.000000 111
 0 1 0.416667 1.000000 1
 7 0 6.250000 1.000000 294
 1791781.760450 3
 7 1 10.416667 1.000000 305
 5 0 2.083333 1.000000 204
 3 1 1.250000 1.000000 123
 256871.234037 6
 2 0 3.750000 1.000000 88
 7 1 5.416667 1.000000 293
 3 0 7.083333 1.000000 136
 7 0 7.083333 1.000000 296
 9 0 3.750000 1.000000 368
 1 1 8.750000 1.000000 61
 1355648.382658 7
 6 1 9.583333 1.000000 263
 1 0 12.083333 1.000000 68
 2 0 7.083333 1.000000 96
 0 0 12.916667 1.000000 30
 6 0 12.916667 1.000000 270
 8 1 4.583333 1.000000 331
 9 1 3.750000 1.000000 369
 1607758.808549 7
 5 1 2.083333 1.000000 205
 0 0 7.916667 1.000000 18
 5 0 2.083333 1.000000 204
 3 0 12.083333 1.000000 148
 2 1 7.916667 1.000000 99
 1 0 12.083333 1.000000 68
 2 1 6.250000 1.000000 95
 1376929.793925 6
 7 1 1.250000 1.000000 283
 1 1 7.083333 1.000000 57
 0 1 6.250000 1.000000 15
 2 0 13.750000 1.000000 112
 2 1 9.583333 1.000000 103
 2 1 5.416667 1.000000 93
 674349.229929 3
 5 0 1.250000 1.000000 202
 2 0 7.083333 1.000000 96
 2 1 12.083333 1.000000 109
 1757209.026607 6
 8 1 1.250000 1.000000 323
 6 0 1.250000 1.000000 242
 4 1 0.416667 1.000000 161
 4 0 6.250000 1.000000 174
 2 1 4.583333 1.000000 91
 1 0 7.916667 1.000000 58
 1695949.343786 2
 5 1 0.416667 1.000000 201
 3 0 3.750000 1.000000 128
 1657229.608995 8
 7 1 7.083333 1.000000 297
 1 0 13.750000 1.000000 72
 0 0 12.083333 1.000000 28
 2 1 5.416667 1.000000 93
 6 0 3.750000 1.000000 248
 3 1 6.250000 1.000000 135
 4 0 11.250000 1.000000 186
 2 1 6.250000 1.000000 95
 1370908.119702 7
 1 0 12.083333 1.000000 68
 2 1 7.916667 1.000000 99
 4 0 14.583333 1.000000 194
 7 1 8.750000 1.000000 301
 8 1 12.916667 1.000000 351
 7 0 11.250000 1.000000 306
 0 1 15.416667 1.000000 37
 989001.670307 6
 4 1 11.250000 1.000000 187
 1 1 8.750000 1.000000 61
 8 1 12.916667 1.000000 351
 7 1 7.083333 1.000000 297
 0 1 15.416667 1.000000 37
 8 0 5.416667 1.000000 332
 921389.944647 7
 2 1 15.416667 1.000000 117
 5 0 1.250000 1.000000 202
 0 1 0.416667 1.000000 1
 9 1 6.250000 1.000000 375
 3 0 15.416667 1.000000 156
 6 0 10.416667 1.000000 264
 7 0 7.083333 1.000000 296
 1720301.253740 9
 6 0 9.583333 1.000000 262
 1 1 14.583333 1.000000 75
 5 1 1.250000 1.000000 203
 1 1 16.250000 1.000000 79
 7 1 5.416667 1.000000 293
 2 1 9.583333 1.000000 103
 8 1 4.583333 1.000000 331
 3 0 12.083333 1.000000 148
 8 1 8.750000 1.000000 341
 1405186.113848 6
 9 1 3.750000 1.000000 369
 0 1 7.083333 1.000000 17
 0 1 9.583333 1.000000 23
 3 1 1.250000 1.000000 123
 6 0 13.750000 1.000000 272
 0 0 15.416667 1.000000 36
 1720548.223835 5
 2 1 5.416667 1.000000 93
 1 1 15.416667 1.000000 77
 7 0 3.750000 1.000000 288
 3 0 7.083333 1.000000 136
 9 1 16.250000 1.000000 399
 104225.945223 7
 8 0 14.583333 1.000000 354
 2 1 16.250000 1.000000 119
 5 0 5.416667 1.000000 212
 8 1 5.416667 1.000000 333
 3 0 3.750000 1.000000 128
 8 1 12.083333 1.000000 349
 0 0 7.916667 1.000000 18
 1669191.703754 7
 9 0 3.750000 1.000000 368
 0 1 6.250000 1.000000 15
 7 1 5.416667 1.000000 293
 7 1 8.750000 1.000000 301
 5 1 11.250000 1.000000 227
 9 0 5.416667 1.000000 372
 0 1 8.750000 1.000000 21
 186673.861252 4
 7 1 10.416667 1.000000 305
 7 0 11.250000 1.000000 306
 8 1 1.250000 1.000000 323
 1 1 14.583333 1.000000 75
 1118816.384915 7
 2 1 4.583333 1.000000 91
 2 0 2.916667 1.000000 86
 5 0 10.416667 1.000000 224
 9 0 2.916667 1.000000 366
 6 0 10.416667 1.000000 264
 0 1 9.583333 1.000000 23
 9 0 11.250000 1.000000 386
 754062.917379 8
 3 1 1.250000 1.000000 123
 4 0 14.583333 1.000000 194
 9 0 3.750000 1.000000 368
 1 0 6.250000 1.000000 54
 6 1 9.583333 1.000000 263
 9 0 16.250000 1.000000 398
 0 0 2.916667 1.000000 6
 2 1 12.916667 1.000000 111
 1028231.762866 2
 5 0 2.916667 1.000000 206
 4 1 11.250000 1.000000 187
 765188.010468 2
 8 0 4.583333 1.000000 330
 1 0 12.083333 1.000000 68
 428697.819425 5
 2 1 16.250000 1.000000 119
 8 0 14.583333 1.000000 354
 4 1 11.250000 1.000000 187
 5 1 1.250000 1.000000 203
 0 0 0.416667 1.000000 0
 927867.264155 2
 1 1 8.750000 1.000000 61
 6 0 15.416667 1.000000 276
 641199.250613 5
 6 0 2.083333 1.000000 244
 5 1 7.916667 1.000000 219
 5 0 1.250000 1.000000 202
 6 0 7.916667 1.000000 258
 5 0 2.083333 1.000000 204
 95511.077240 4
 5 1 2.916667 1.000000 207
 6 0 7.916667 1.000000 258
 6 1 2.916667 1.000000 247
 0 1 7.083333 1.000000 17
 1685593.836068 2
 5 1 12.916667 1.000000 231
 2 1 5.416667 1.000000 93
 1596169.695275 9
 3 0 3.750000 1.000000 128
 8 1 5.416667 1.000000 333
 0 0 12.083333 1.000000 28
 1 1 14.583333 1.000000 75
 2 1 12.916667 1.000000 111
 0 0 8.750000 1.000000 20
 7 1 9.583333 1.000000 303
 6 0 7.916667 1.000000 258
 2 1 5.416667 1.000000 93
 799055.056795 3
 4 0 14.583333 1.000000 194
 2 0 2.916667 1.000000 86
 6 0 9.583333 1.000000 262
 1532887.456851 9
 9 0 2.916667 1.000000 366
 6 1 2.083333 1.000000 245
 1 1 12.916667 1.000000 71
 2 1 7.916667 1.000000 99
 6 0 10.416667 1.000000 264
 7 0 6.250000 1.000000 294
 5 0 5.416667 1.000000 212
 3 0 5.416667 1.000000 132
 3 0 3.750000 1.000000 128
 1223102.329980 6
 8 1 5.416667 1.000000 333
 4 0 14.583333 1.000000 194
 7 1 9.583333 1.000000 303
 9 1 2.916667 1.000000 367
 0 0 12.916667 1.000000 30
 1 1 9.583333 1.000000 63
 773626.987754 2
 6 0 15.416667 1.000000 276
 2 0 11.250000 1.000000 106
 1638985.786419 8
 2 1 15.416667 1.000000 117
 6 1 2.083333 1.000000 245
 5 1 7.083333 1.000000 217
 0 0 0.416667 1.000000 0
 2 1 16.250000 1.000000 119
 7 1 5.416667 1.000000 293
 2 1 5.416667 1.000000 93
 7 1 10.416667 1.000000 305
 1046136.643871 4
 1 0 0.416667 1.000000 40
 1 0 7.916667 1.000000 58
 6 1 9.583333 1.000000 263
 1 1 8.750000 1.000000 61
 565427.793435 6
 2 1 9.583333 1.000000 103
 0 1 9.583333 1.000000 23
 1 1 8.750000 1.000000 61
 7 0 3.750000 1.000000 288
 7 1 2.916667 1.000000 287
 5 0 1.250000 1.000000 202
 1461946.380018 6
 2 1 5.416667 1.000000 93
 6 0 16.250000 1.000000 278
 8 1 12.916667 1.000000 351
 2 1 12.083333 1.000000 109
 0 0 12.916667 1.000000 30
 0 1 6.250000 1.000000 15
 1680298.605897 3
 7 1 9.583333 1.000000 303
 5 1 7.916667 1.000000 219
 4 0 10.416667 1.000000 184
 215015.174176 6
 6 0 3.750000 1.000000 248
 7 1 7.083333 1.000000 297
 0 1 0.416667 1.000000 1
 2 1 15.416667 1.000000 117
 1 0 7.916667 1.000000 58
 5 1 10.416667 1.000000 225
 584168.080717 8
 2 1 16.250000 1.000000 119
 3 1 6.250000 1.000000 135
 6 1 2.083333 1.000000 245
 1 0 6.250000 1.000000 54
 8 0 10.416667 1.000000 344
 9 0 5.416667 1.000000 372
 7 1 2.916667 1.000000 287
 1 1 11.250000 1.000000 67
 818500.646436 3
 8 1 0.416667 1.000000 321
 0 0 2.083333 1.000000 4
 7 1 2.916667 1.000000 287
 1268638.647119 7
 1 1 15.416667 1.000000 77
 5 1 2.916667 1.000000 207
 2 1 7.916667 1.000000 99
 3 0 3.750000 1.000000 128
 2 1 12.916667 1.000000 111
 0 1 2.083333 1.000000 5
 0 0 10.416667 1.000000 24
 1095928.962517 6
 0 1 0.416667 1.000000 1
 0 1 8.750000 1.000000 21
 1 0 6.250000 1.000000 54
 5 0 10.416667 1.000000 224
 2 1 12.083333 1.000000 109
 2 1 6.250000 1.000000 95
 973441.532111 6
 8 1 12.916667 1.000000 351
 6 0 2.083333 1.000000 244
 4 0 12.916667 1.000000 190
 5 0 12.083333 1.000000 228
 0 1 15.416667 1.000000 37
 0 0 10.416667 1.000000 24
 1890128.036127 4
 1 1 14.583333 1.000000 75
 7 1 10.416667 1.000000 305
 7 1 2.916667 1.000000 287
 2 1 0.416667 1.000000 81
 1646992.420464 8
 8 1 1.250000 1.000000 323
 1 0 16.250000 1.000000 78
 0 1 7.083333 1.000000 17
 8 1 8.750000 1.000000 341
 8 1 4.583333 1.000000 331
 3 1 6.250000 1.000000 135
 2 1 8.750000 1.000000 101
 7 1 9.583333 1.000000 303
 1631761.576641 9
 2 1 12.083333 1.000000 109
 7 0 6.250000 1.000000 294
 6 0 16.250000 1.000000 278
 6 0 3.750000 1.000000 248
 1 0 6.250000 1.000000 54
 0 1 0.416667 1.000000 1
 0 0 10.416667 1.000000 24
 0 1 15.416667 1.000000 37
 1 1 15.416667 1.000000 77
 470366.841383 4
 2 0 2.916667 1.000000 86
 0 0 10.416667 1.000000 24
 5 1 1.250000 1.000000 203
 0 0 12.083333 1.000000 28
 1880870.239903 5
 7 1 7.083333 1.000000 297
 8 1 12.083333 1.000000 349
 2 0 12.083333 1.000000 108
 2 1 7.916667 1.000000 99
 2 0 12.916667 1.000000 110
 1993202.929270 5
 0 0 7.916667 1.000000 18
 1 0 12.083333 1.000000 68
 0 1 12.083333 1.000000 29
 1 1 16.250000 1.000000 79
 3 0 12.083333 1.000000 148
 1993095.966761 7
 5 1 1.250000 1.000000 203
 0 1 9.583333 1.000000 23
 3 0 7.083333 1.000000 136
 0 0 10.416667 1.000000 24
 3 0 6.250000 1.000000 134
 4 1 4.583333 1.000000 171
 9 0 8.750000 1.000000 380
 1131590.412320 8
 9 0 1.250000 1.000000 362
 3 0 3.750000 1.000000 128
 7 1 9.583333 1.000000 303
 1 0 12.083333 1.000000 68
 7 1 10.416667 1.000000 305
 1 0 8.750000 1.000000 60
 0 0 13.750000 1.000000 32
 4 0 14.583333 1.000000 194
 1046211.564357 5
 5 0 6.250000 1.000000 214
 4 0 6.250000 1.000000 174
 6 0 16.250000 1.000000 278
 2 1 12.916667 1.000000 111
 0 1 9.583333 1.000000 23
 1628561.797286 4
 0 1 9.583333 1.000000 23
 3 1 6.250000 1.000000 135
 1 0 6.250000 1.000000 54
 2 0 2.916667 1.000000 86
 1880169.612374 9
 8 1 8.750000 1.000000 341
 2 1 8.750000 1.000000 101
 0 1 16.250000 1.000000 39
 7 0 6.250000 1.000000 294
 0 1 8.750000 1.000000 21
 6 0 7.916667 1.000000 258
 6 0 2.083333 1.000000 244
 0 1 7.083333 1.000000 17
 8 0 16.250000 1.000000 358
 1097645.709243 5
 9 0 2.916667 1.000000 366
 8 0 3.750000 1.000000 328
 7 1 2.916667 1.000000 287
 1 1 15.416667 1.000000 77
 8 0 6.250000 1.000000 334
 152321.770784 4
 0 0 10.416667 1.000000 24
 2 1 16.250000 1.000000 119
 6 0 1.250000 1.000000 242
 2 1 4.583333 1.000000 91
 850236.306363 3
 4 1 2.916667 1.000000 167
 4 1 4.583333 1.000000 171
 8 1 12.083333 1.000000 349
 1468699.173121 8
 3 0 7.083333 1.000000 136
 4 1 4.583333 1.000000 171
 8 1 8.750000 1.000000 341
 8 1 4.583333 1.000000 331
 7 0 6.250000 1.000000 294
 5 1 7.916667 1.000000 219
 7 1 10.416667 1.000000 305
 6 0 10.416667 1.000000 264
 1113478.907865 2
 6 1 9.583333 1.000000 263
 2 1 16.250000 1.000000 119
 115478.757357 2
 7 1 7.083333 1.000000 297
 2 0 2.916667 1.000000 86
 818624.100452 3
 8 1 4.583333 1.000000 331
 5 0 10.416667 1.000000 224
 0 1 6.250000 1.000000 15
 1652480.360946 7
 9 1 16.250000 1.000000 399
 9 1 6.250000 1.000000 375
 9 0 3.750000 1.000000 368
 3 0 3.750000 1.000000 128
 6 1 2.083333 1.000000 245
 2 1 4.583333 1.000000 91
 2 1 9.583333 1.000000 103
 1865805.911099 2
 2 1 7.916667 1.000000 99
 2 1 12.083333 1.000000 109
 1123225.313222 4
 2 1 9.583333 1.000000 103
 5 1 12.916667 1.000000 231
 5 0 12.083333 1.000000 228
 7 1 9.583333 1.000000 303
 475395.644603 7
 5 0 5.416667 1.000000 212
 6 0 12.916667 1.000000 270
 1 1 15.416667 1.000000 77
 6 0 3.750000 1.000000 248
 6 0 2.083333 1.000000 244
 8 1 5.416667 1.000000 333
 1 0 12.083333 1.000000 68
 402752.363031 6
 9 1 13.750000 1.000000 393
 5 0 7.083333 1.000000 216
 5 1 7.916667 1.000000 219
 1 1 10.416667 1.000000 65
 4 0 14.583333 1.000000 194
 2 0 7.083333 1.000000 96
 1272562.231008 6
 8 0 1.250000 1.000000 322
 2 0 10.416667 1.000000 104
 2 0 7.083333 1.000000 96
 0 1 0.416667 1.000000 1
 8 1 12.083333 1.000000 349
 9 0 3.750000 1.000000 368
 1112043.942377 3
 3 1 16.250000 1.000000 159
 1 0 6.250000 1.000000 54
 6 0 3.750000 1.000000 248
 1561882.384327 8
 4 1 4.583333 1.000000 171
 0 0 1.250000 1.000000 2
 1 1 14.583333 1.000000 75
 3 1 6.250000 1.000000 135
 6 0 7.916667 1.000000 258
 6 1 2.083333 1.000000 245
 7 1 15.416667 1.000000 317
 6 0 16.250000 1.000000 278
 581535.427003 3
 0 0 0.416667 1.000000 0
 4 0 3.750000 1.000000 168
 5 1 10.416667 1.000000 225
 584979.974118 7
 3 1 2.083333 1.000000 125
 4 0 6.250000 1.000000 174
 7 0 14.583333 1.000000 314
 5 0 7.916667 1.000000 218
 7 1 9.583333 1.000000 303
 5 0 1.250000 1.000000 202
 0 1 15.416667 1.000000 37
 1008878.767159 3
 3 1 1.250000 1.000000 123
 6 0 4.583333 1.000000 250
 7 0 4.583333 1.000000 290
 324120.848423 3
 2 1 7.916667 1.000000 99
 4 0 6.250000 1.000000 174
 9 0 2.916667 1.000000 366
 1564357.367961 4
 3 0 7.083333 1.000000 136
 5 1 1.250000 1.000000 203
 6 0 9.583333 1.000000 262
 2 1 8.750000 1.000000 101
 1959740.575142 4
 2 1 13.750000 1.000000 113
 0 1 14.583333 1.000000 35
 2 1 6.250000 1.000000 95
 4 1 4.583333 1.000000 171
 1378663.376243 8
 1 1 16.250000 1.000000 79
 0 0 7.916667 1.000000 18
 1 1 8.750000 1.000000 61
 0 1 15.416667 1.000000 37
 0 0 12.083333 1.000000 28
 7 1 8.750000 1.000000 301
 9 0 5.416667 1.000000 372
 6 1 9.583333 1.000000 263
 531468.042737 2
 5 0 2.916667 1.000000 206
 8 1 4.583333 1.000000 331
 1227570.878336 4
 9 0 2.916667 1.000000 366
 7 0 11.250000 1.000000 306
 0 0 3.750000 1.000000 8
 0 1 15.416667 1.000000 37
 1363112.072033 5
 7 0 14.583333 1.000000 314
 2 1 7.916667 1.000000 99
 5 0 6.250000 1.000000 214
 1 0 0.416667 1.000000 40
 9 0 2.916667 1.000000 366
 1802538.952121 7
 1 1 15.416667 1.000000 77
 2 0 6.250000 1.000000 94
 2 0 7.083333 1.000000 96
 8 1 4.583333 1.000000 331
 5 0 6.250000 1.000000 214
 3 0 7.083333 1.000000 136
 9 0 2.916667 1.000000 366