 Numero de pedidos 
 100
 duedate num_referencias // pasillo lado altura peso
 142541.454203 35
 0 1 7.500000 1.507668 3
 1 1 2.500000 2.974097 33
 0 1 62.500000 2.222733 25
 8 0 42.500000 1.635082 272
 1 1 7.500000 2.598662 35
 4 1 27.500000 1.509031 139
 2 0 17.500000 1.010367 70
 7 0 47.500000 1.602997 242
 1 1 47.500000 1.398231 51
 9 1 62.500000 2.270609 313
 1 0 27.500000 2.081538 42
 1 1 22.500000 1.452971 41
 4 1 42.500000 2.453168 145
 2 0 2.500000 2.524159 64
 2 1 2.500000 1.537950 65
 1 0 67.500000 1.387445 58
 0 0 72.500000 1.149793 28
 8 1 42.500000 2.830785 273
 0 0 77.500000 2.220048 30
 3 1 32.500000 2.380498 109
 0 0 67.500000 1.476394 26
 1 0 42.500000 2.257421 48
 2 0 12.500000 1.354363 68
 0 1 52.500000 2.860276 21
 2 1 42.500000 2.599287 81
 2 0 27.500000 2.101893 74
 5 1 12.500000 2.685613 165
 1 1 77.500000 1.729073 63
 0 1 67.500000 1.758978 27
 0 1 2.500000 1.585282 1
 1 0 77.500000 2.648166 62
 1 1 12.500000 2.834853 37
 3 0 12.500000 2.132585 100
 0 1 27.500000 2.396834 11
 1 1 27.500000 2.411760 43
 1888743.238807 11
 0 0 77.500000 2.220048 30
 6 0 12.500000 1.758343 196
 1 1 52.500000 1.397824 53
 1 0 72.500000 2.670311 60
 0 0 17.500000 2.682504 6
 2 0 27.500000 2.101893 74
 0 1 37.500000 2.498167 15
 0 1 17.500000 2.839531 7
 2 0 22.500000 2.393422 72
 0 0 22.500000 2.000815 8
 1 0 12.500000 1.719809 36
 1599093.743655 35
 1 1 22.500000 1.452971 41
 1 0 17.500000 1.367592 38
 0 1 67.500000 1.758978 27
 0 0 12.500000 1.378173 4
 1 1 72.500000 1.916383 61
 1 0 22.500000 2.927557 40
 5 1 72.500000 1.772104 189
 0 1 52.500000 2.860276 21
 4 1 2.500000 2.679605 129
 0 0 7.500000 1.841227 2
 2 1 2.500000 1.537950 65
 6 1 42.500000 2.323728 209
 2 1 27.500000 2.515993 75
 0 0 42.500000 2.695955 16
 1 1 52.500000 1.397824 53
 0 1 7.500000 1.507668 3
 1 1 77.500000 1.729073 63
 2 0 2.500000 2.524159 64
 1 1 2.500000 2.974097 33
 1 1 62.500000 1.360706 57
 5 1 27.500000 1.834489 171
 1 1 42.500000 2.472830 49
 4 1 17.500000 2.361954 135
 1 1 27.500000 2.411760 43
 3 1 22.500000 1.522828 105
 1 0 57.500000 1.227636 54
 0 0 52.500000 1.180869 20
 0 0 32.500000 1.593541 12
 1 0 2.500000 2.169154 32
 0 1 47.500000 2.956933 19
 1 0 12.500000 1.719809 36
 3 1 67.500000 1.220002 123
 1 0 72.500000 2.670311 60
 0 0 47.500000 2.466410 18
 2 0 27.500000 2.101893 74
 653403.718217 9
 3 0 32.500000 2.879299 108
 1 1 37.500000 1.488562 47
 1 0 42.500000 2.257421 48
 5 1 42.500000 1.535133 177
 0 0 57.500000 2.660181 22
 2 0 22.500000 2.393422 72
 0 1 47.500000 2.956933 19
 0 0 47.500000 2.466410 18
 1 0 22.500000 2.927557 40
 440872.450993 33
 1 1 52.500000 1.397824 53
 2 1 2.500000 1.537950 65
 1 1 42.500000 2.472830 49
 0 0 62.500000 2.057727 24
 1 0 42.500000 2.257421 48
 1 0 22.500000 2.927557 40
 11 1 47.500000 2.103871 371
 8 0 37.500000 2.695959 270
 3 1 27.500000 2.062169 107
 2 0 7.500000 2.325666 66
 1 0 67.500000 1.387445 58
 1 0 32.500000 2.443390 44
 5 1 77.500000 2.973630 191
 0 1 32.500000 2.651982 13
 2 0 2.500000 2.524159 64
 1 1 27.500000 2.411760 43
 1 0 47.500000 2.859963 50
 4 0 27.500000 1.779110 138
 2 1 17.500000 1.231415 71
 3 0 7.500000 2.330593 98
 0 0 57.500000 2.660181 22
 2 0 27.500000 2.101893 74
 0 1 17.500000 2.839531 7
 0 0 17.500000 2.682504 6
 0 1 47.500000 2.956933 19
 0 1 52.500000 2.860276 21
 0 1 57.500000 1.655504 23
 0 1 42.500000 2.907745 17
 0 1 77.500000 2.353196 31
 6 0 17.500000 1.327055 198
 3 0 22.500000 2.750611 104
 2 1 27.500000 2.515993 75
 1 0 2.500000 2.169154 32
 1331451.613703 17
 2 0 7.500000 2.325666 66
 1 1 47.500000 1.398231 51
 2 0 12.500000 1.354363 68
 1 1 32.500000 2.053012 45
 4 0 22.500000 1.358757 136
 1 0 67.500000 1.387445 58
 1 1 77.500000 1.729073 63
 0 1 57.500000 1.655504 23
 0 1 17.500000 2.839531 7
 10 0 72.500000 2.526430 348
 2 1 12.500000 2.782591 69
 2 1 72.500000 1.920943 93
 2 1 22.500000 2.243238 73
 9 0 12.500000 1.117989 292
 2 1 57.500000 1.703266 87
 0 0 77.500000 2.220048 30
 0 1 7.500000 1.507668 3
 1712344.376236 7
 1 1 27.500000 2.411760 43
 0 1 77.500000 2.353196 31
 0 0 32.500000 1.593541 12
 2 1 22.500000 2.243238 73
 11 0 52.500000 1.767388 372
 2 0 17.500000 1.010367 70
 0 0 42.500000 2.695955 16
 651115.670265 13
 2 0 7.500000 2.325666 66
 0 0 62.500000 2.057727 24
 9 0 42.500000 1.986236 304
 3 0 27.500000 2.165530 106
 1 0 17.500000 1.367592 38
 0 1 27.500000 2.396834 11
 0 0 22.500000 2.000815 8
 0 1 47.500000 2.956933 19
 2 0 27.500000 2.101893 74
 2 1 12.500000 2.782591 69
 1 0 42.500000 2.257421 48
 0 1 7.500000 1.507668 3
 0 1 37.500000 2.498167 15
 1365969.375859 12
 0 0 7.500000 1.841227 2
 1 0 77.500000 2.648166 62
 2 1 27.500000 2.515993 75
 0 1 32.500000 2.651982 13
 1 1 47.500000 1.398231 51
 0 0 72.500000 1.149793 28
 0 0 12.500000 1.378173 4
 1 0 37.500000 2.978490 46
 1 1 42.500000 2.472830 49
 3 0 22.500000 2.750611 104
 1 1 67.500000 2.791734 59
 1 1 37.500000 1.488562 47
 1212145.735199 7
 1 1 72.500000 1.916383 61
 2 0 2.500000 2.524159 64
 4 0 32.500000 2.287286 140
 1 0 27.500000 2.081538 42
 9 1 37.500000 2.604271 303
 1 1 12.500000 2.834853 37
 0 0 42.500000 2.695955 16
 1334540.775202 6
 2 0 62.500000 2.791251 88
 0 0 42.500000 2.695955 16
 0 1 2.500000 1.585282 1
 0 0 32.500000 1.593541 12
 1 0 57.500000 1.227636 54
 1 1 72.500000 1.916383 61
 1775706.684578 25
 2 1 7.500000 1.475299 67
 0 0 47.500000 2.466410 18
 1 1 52.500000 1.397824 53
 1 0 17.500000 1.367592 38
 0 1 12.500000 2.947622 5
 9 1 2.500000 2.485869 289
 1 0 32.500000 2.443390 44
 0 0 62.500000 2.057727 24
 2 0 12.500000 1.354363 68
 4 0 32.500000 2.287286 140
 1 1 72.500000 1.916383 61
 0 1 52.500000 2.860276 21
 2 1 2.500000 1.537950 65
 0 1 47.500000 2.956933 19
 2 1 27.500000 2.515993 75
 0 1 57.500000 1.655504 23
 4 1 2.500000 2.679605 129
 3 1 32.500000 2.380498 109
 3 0 62.500000 1.353745 120
 1 1 62.500000 1.360706 57
 1 0 7.500000 1.646016 34
 1 1 57.500000 2.883062 55
 0 0 22.500000 2.000815 8
 1 1 27.500000 2.411760 43
 11 0 17.500000 1.657412 358
 1557155.780269 24
 2 1 2.500000 1.537950 65
 3 1 2.500000 2.594534 97
 0 1 42.500000 2.907745 17
 2 1 27.500000 2.515993 75
 2 0 12.500000 1.354363 68
 1 1 42.500000 2.472830 49
 1 1 17.500000 1.122088 39
 1 1 72.500000 1.916383 61
 3 0 62.500000 1.353745 120
 0 0 22.500000 2.000815 8
 0 0 62.500000 2.057727 24
 0 0 42.500000 2.695955 16
 9 1 52.500000 1.543721 309
 4 1 47.500000 2.830110 147
 1 0 62.500000 1.615479 56
 1 0 42.500000 2.257421 48
 8 0 42.500000 1.635082 272
 1 1 32.500000 2.053012 45
 1 0 2.500000 2.169154 32
 0 0 57.500000 2.660181 22
 2 1 22.500000 2.243238 73
 2 1 7.500000 1.475299 67
 4 0 37.500000 1.913473 142
 2 0 27.500000 2.101893 74
 1963379.929030 22
 0 1 37.500000 2.498167 15
 0 0 77.500000 2.220048 30
 0 0 7.500000 1.841227 2
 1 0 57.500000 1.227636 54
 2 0 27.500000 2.101893 74
 1 0 12.500000 1.719809 36
 1 0 32.500000 2.443390 44
 0 0 22.500000 2.000815 8
 2 1 77.500000 2.933191 95
 1 0 2.500000 2.169154 32
 0 1 72.500000 2.575726 29
 1 0 27.500000 2.081538 42
 2 0 22.500000 2.393422 72
 0 1 17.500000 2.839531 7
 1 1 62.500000 1.360706 57
 0 0 32.500000 1.593541 12
 2 1 7.500000 1.475299 67
 2 1 2.500000 1.537950 65
 0 1 57.500000 1.655504 23
 1 1 77.500000 1.729073 63
 1 1 67.500000 2.791734 59
 0 1 22.500000 1.691724 9
 934358.737755 35
 2 0 27.500000 2.101893 74
 7 0 17.500000 2.341584 230
 3 1 52.500000 2.257843 117
 1 0 67.500000 1.387445 58
 0 1 2.500000 1.585282 1
 1 0 52.500000 2.065175 52
 4 0 52.500000 1.653814 148
 1 0 42.500000 2.257421 48
 0 1 62.500000 2.222733 25
 8 1 12.500000 2.084327 261
 2 0 52.500000 2.781773 84
 0 0 67.500000 1.476394 26
 1 0 77.500000 2.648166 62
 2 0 22.500000 2.393422 72
 0 0 52.500000 1.180869 20
 2 1 27.500000 2.515993 75
 2 1 17.500000 1.231415 71
 7 0 47.500000 1.602997 242
 0 1 27.500000 2.396834 11
 7 0 37.500000 1.419078 238
 1 1 42.500000 2.472830 49
 1 1 57.500000 2.883062 55
 0 0 42.500000 2.695955 16
 2 0 37.500000 1.213394 78
 2 1 52.500000 1.265525 85
 1 0 7.500000 1.646016 34
 3 0 47.500000 1.933996 114
 0 0 77.500000 2.220048 30
 0 0 2.500000 2.165978 0
 0 0 47.500000 2.466410 18
 0 1 47.500000 2.956933 19
 1 1 22.500000 1.452971 41
 0 1 7.500000 1.507668 3
 1 1 77.500000 1.729073 63
 0 0 17.500000 2.682504 6
 1302613.554961 5
 0 0 67.500000 1.476394 26
 1 0 57.500000 1.227636 54
 0 0 27.500000 2.810400 10
 3 0 47.500000 1.933996 114
 1 1 47.500000 1.398231 51
 248477.943581 32
 2 1 22.500000 2.243238 73
 5 0 77.500000 1.746592 190
 0 1 47.500000 2.956933 19
 0 0 57.500000 2.660181 22
 2 1 2.500000 1.537950 65
 11 0 67.500000 2.049342 378
 6 1 27.500000 1.129681 203
 11 0 2.500000 1.972657 352
 0 1 42.500000 2.907745 17
 0 0 7.500000 1.841227 2
 1 1 17.500000 1.122088 39
 7 1 47.500000 1.567287 243
 2 1 37.500000 1.516375 79
 0 1 67.500000 1.758978 27
 0 1 52.500000 2.860276 21
 1 1 37.500000 1.488562 47
 2 1 27.500000 2.515993 75
 8 1 57.500000 1.449307 279
 2 0 12.500000 1.354363 68
 0 0 72.500000 1.149793 28
 1 0 7.500000 1.646016 34
 1 0 17.500000 1.367592 38
 3 1 72.500000 1.895814 125
 1 0 32.500000 2.443390 44
 0 0 17.500000 2.682504 6
 4 1 12.500000 2.323808 133
 1 1 27.500000 2.411760 43
 0 1 62.500000 2.222733 25
 3 1 77.500000 1.632357 127
 1 1 2.500000 2.974097 33
 7 0 77.500000 1.667201 254
 7 0 32.500000 2.601717 236
 904000.137310 25
 0 1 52.500000 2.860276 21
 0 0 62.500000 2.057727 24
 8 1 2.500000 2.246261 257
 3 0 52.500000 1.394791 116
 0 0 17.500000 2.682504 6
 6 0 7.500000 1.056921 194
 1 0 72.500000 2.670311 60
 2 0 17.500000 1.010367 70
 0 1 12.500000 2.947622 5
 1 0 52.500000 2.065175 52
 0 1 7.500000 1.507668 3
 0 1 72.500000 2.575726 29
 4 0 22.500000 1.358757 136
 10 0 57.500000 1.920183 342
 0 1 42.500000 2.907745 17
 0 0 27.500000 2.810400 10
 1 1 2.500000 2.974097 33
 1 1 37.500000 1.488562 47
 0 1 22.500000 1.691724 9
 10 0 42.500000 2.176210 336
 0 1 17.500000 2.839531 7
 10 0 32.500000 2.297609 332
 1 1 62.500000 1.360706 57
 1 0 42.500000 2.257421 48
 1 0 47.500000 2.859963 50
 802810.665352 29
 0 1 57.500000 1.655504 23
 2 0 2.500000 2.524159 64
 0 1 47.500000 2.956933 19
 0 1 62.500000 2.222733 25
 0 0 67.500000 1.476394 26
 1 1 77.500000 1.729073 63
 1 0 57.500000 1.227636 54
 4 1 72.500000 2.760008 157
 6 1 47.500000 1.887418 211
 2 0 27.500000 2.101893 74
 0 1 17.500000 2.839531 7
 0 1 27.500000 2.396834 11
 1 0 17.500000 1.367592 38
 1 0 62.500000 1.615479 56
 0 0 27.500000 2.810400 10
 1 0 27.500000 2.081538 42
 1 1 12.500000 2.834853 37
 0 1 42.500000 2.907745 17
 0 0 22.500000 2.000815 8
 1 0 37.500000 2.978490 46
 1 1 67.500000 2.791734 59
 0 1 72.500000 2.575726 29
 1 1 22.500000 1.452971 41
 1 0 77.500000 2.648166 62
 5 0 12.500000 1.486683 164
 1 1 62.500000 1.360706 57
 1 1 57.500000 2.883062 55
 4 0 12.500000 2.135082 132
 1 1 42.500000 2.472830 49
 355081.700531 4
 1 0 72.500000 2.670311 60
 0 0 22.500000 2.000815 8
 0 1 37.500000 2.498167 15
 2 0 2.500000 2.524159 64
 1132933.190937 29
 1 1 12.500000 2.834853 37
 6 1 77.500000 1.407256 223
 0 1 57.500000 1.655504 23
 2 1 12.500000 2.782591 69
 1 1 47.500000 1.398231 51
 0 0 12.500000 1.378173 4
 0 1 7.500000 1.507668 3
 0 0 27.500000 2.810400 10
 0 0 57.500000 2.660181 22
 0 0 77.500000 2.220048 30
 1 1 57.500000 2.883062 55
 2 1 27.500000 2.515993 75
 0 0 52.500000 1.180869 20
 0 0 2.500000 2.165978 0
 2 0 52.500000 2.781773 84
 1 0 2.500000 2.169154 32
 0 1 2.500000 1.585282 1
 2 0 12.500000 1.354363 68
 3 0 52.500000 1.394791 116
 7 1 52.500000 1.193133 245
 3 0 27.500000 2.165530 106
 1 0 52.500000 2.065175 52
 1 0 72.500000 2.670311 60
 6 0 12.500000 1.758343 196
 1 1 67.500000 2.791734 59
 0 1 72.500000 2.575726 29
 2 1 22.500000 2.243238 73
 2 0 67.500000 1.575862 90
 1 0 67.500000 1.387445 58
 1610196.792395 32
 1 0 77.500000 2.648166 62
 1 1 47.500000 1.398231 51
 2 1 2.500000 1.537950 65
 0 1 62.500000 2.222733 25
 3 1 42.500000 1.108106 113
 0 0 7.500000 1.841227 2
 0 0 52.500000 1.180869 20
 2 1 12.500000 2.782591 69
 1 1 72.500000 1.916383 61
 0 1 17.500000 2.839531 7
 2 0 7.500000 2.325666 66
 1 0 2.500000 2.169154 32
 7 0 7.500000 1.887413 226
 2 0 62.500000 2.791251 88
 6 1 7.500000 1.673574 195
 1 1 27.500000 2.411760 43
 1 1 32.500000 2.053012 45
 0 1 22.500000 1.691724 9
 0 0 77.500000 2.220048 30
 0 1 52.500000 2.860276 21
 1 0 47.500000 2.859963 50
 2 0 22.500000 2.393422 72
 1 0 17.500000 1.367592 38
 1 1 77.500000 1.729073 63
 1 1 57.500000 2.883062 55
 0 0 67.500000 1.476394 26
 1 1 67.500000 2.791734 59
 1 1 17.500000 1.122088 39
 3 0 27.500000 2.165530 106
 1 1 52.500000 1.397824 53
 0 0 72.500000 1.149793 28
 2 0 12.500000 1.354363 68
 1950763.611864 16
 1 1 57.500000 2.883062 55
 0 0 17.500000 2.682504 6
 0 0 7.500000 1.841227 2
 0 1 22.500000 1.691724 9
 2 1 27.500000 2.515993 75
 1 1 77.500000 1.729073 63
 3 0 2.500000 2.139501 96
 0 1 47.500000 2.956933 19
 0 0 27.500000 2.810400 10
 7 0 57.500000 2.993475 246
 2 1 2.500000 1.537950 65
 0 1 72.500000 2.575726 29
 0 0 67.500000 1.476394 26
 1 0 72.500000 2.670311 60
 1 0 77.500000 2.648166 62
 2 0 2.500000 2.524159 64
 1041344.464422 28
 1 0 72.500000 2.670311 60
 0 1 37.500000 2.498167 15
 2 1 2.500000 1.537950 65
 2 1 22.500000 2.243238 73
 0 0 22.500000 2.000815 8
 0 0 67.500000 1.476394 26
 3 0 52.500000 1.394791 116
 1 0 57.500000 1.227636 54
 0 1 47.500000 2.956933 19
 4 1 2.500000 2.679605 129
 2 1 52.500000 1.265525 85
 0 0 37.500000 1.864134 14
 6 0 42.500000 1.472977 208
 1 1 52.500000 1.397824 53
 8 0 77.500000 2.220681 286
 0 0 27.500000 2.810400 10
 3 1 37.500000 1.375125 111
 2 1 27.500000 2.515993 75
 2 1 12.500000 2.782591 69
 1 0 32.500000 2.443390 44
 0 0 7.500000 1.841227 2
 0 0 72.500000 1.149793 28
 1 1 37.500000 1.488562 47
 1 1 32.500000 2.053012 45
 0 1 17.500000 2.839531 7
 2 1 17.500000 1.231415 71
 0 0 12.500000 1.378173 4
 1 0 37.500000 2.978490 46
 522347.375454 19
 1 1 57.500000 2.883062 55
 2 0 17.500000 1.010367 70
 0 1 77.500000 2.353196 31
 2 0 27.500000 2.101893 74
 10 0 27.500000 2.007172 330
 0 0 77.500000 2.220048 30
 1 1 67.500000 2.791734 59
 1 0 47.500000 2.859963 50
 0 0 12.500000 1.378173 4
 1 0 32.500000 2.443390 44
 2 1 22.500000 2.243238 73
 2 0 67.500000 1.575862 90
 0 1 52.500000 2.860276 21
 1 0 12.500000 1.719809 36
 0 1 22.500000 1.691724 9
 0 0 42.500000 2.695955 16
 1 0 57.500000 1.227636 54
 2 1 2.500000 1.537950 65
 1 1 37.500000 1.488562 47
 1625755.409126 5
 0 0 47.500000 2.466410 18
 1 0 37.500000 2.978490 46
 1 1 12.500000 2.834853 37
 0 1 72.500000 2.575726 29
 0 1 32.500000 2.651982 13
 445979.564453 30
 2 1 67.500000 1.511977 91
 0 0 27.500000 2.810400 10
 2 0 12.500000 1.354363 68
 0 1 2.500000 1.585282 1
 0 1 22.500000 1.691724 9
 1 1 27.500000 2.411760 43
 0 0 77.500000 2.220048 30
 0 0 42.500000 2.695955 16
 0 1 17.500000 2.839531 7
 0 0 12.500000 1.378173 4
 0 1 57.500000 1.655504 23
 0 0 62.500000 2.057727 24
 1 0 72.500000 2.670311 60
 0 1 67.500000 1.758978 27
 1 1 52.500000 1.397824 53
 0 1 32.500000 2.651982 13
 10 0 62.500000 2.508124 344
 1 0 7.500000 1.646016 34
 0 0 72.500000 1.149793 28
 11 0 12.500000 1.268071 356
 0 0 17.500000 2.682504 6
 0 1 52.500000 2.860276 21
 0 0 57.500000 2.660181 22
 1 1 2.500000 2.974097 33
 5 1 57.500000 2.088052 183
 2 1 12.500000 2.782591 69
 0 0 37.500000 1.864134 14
 9 1 72.500000 1.863943 317
 1 0 37.500000 2.978490 46
 1 1 22.500000 1.452971 41
 1957904.261573 10
 1 1 57.500000 2.883062 55
 1 0 52.500000 2.065175 52
 0 1 57.500000 1.655504 23
 1 1 67.500000 2.791734 59
 1 0 47.500000 2.859963 50
 1 1 27.500000 2.411760 43
 0 0 47.500000 2.466410 18
 0 1 52.500000 2.860276 21
 1 0 37.500000 2.978490 46
 3 0 12.500000 2.132585 100
 286043.239164 2
 0 1 42.500000 2.907745 17
 0 0 32.500000 1.593541 12
 1567670.073382 29
 1 0 12.500000 1.719809 36
 1 0 42.500000 2.257421 48
 1 0 77.500000 2.648166 62
 2 1 52.500000 1.265525 85
 2 1 2.500000 1.537950 65
 5 1 42.500000 1.535133 177
 2 1 7.500000 1.475299 67
 0 0 37.500000 1.864134 14
 0 0 32.500000 1.593541 12
 8 0 22.500000 2.489040 264
 1 1 72.500000 1.916383 61
 7 1 57.500000 1.333329 247
 1 1 7.500000 2.598662 35
 1 0 37.500000 2.978490 46
 1 0 32.500000 2.443390 44
 0 0 22.500000 2.000815 8
 11 0 22.500000 1.453356 360
 1 1 32.500000 2.053012 45
 1 0 27.500000 2.081538 42
 0 1 77.500000 2.353196 31
 1 0 47.500000 2.859963 50
 1 1 77.500000 1.729073 63
 11 0 42.500000 2.112050 368
 1 1 37.500000 1.488562 47
 3 1 67.500000 1.220002 123
 2 1 17.500000 1.231415 71
 1 0 57.500000 1.227636 54
 0 0 67.500000 1.476394 26
 2 0 7.500000 2.325666 66
 368542.504389 27
 3 1 62.500000 2.394557 121
 1 0 72.500000 2.670311 60
 1 1 52.500000 1.397824 53
 0 0 42.500000 2.695955 16
 1 1 77.500000 1.729073 63
 2 1 22.500000 2.243238 73
 1 1 7.500000 2.598662 35
 0 1 72.500000 2.575726 29
 0 1 52.500000 2.860276 21
 0 1 67.500000 1.758978 27
 2 0 47.500000 2.216614 82
 0 1 7.500000 1.507668 3
 1 0 62.500000 1.615479 56
 0 1 27.500000 2.396834 11
 1 1 17.500000 1.122088 39
 0 1 57.500000 1.655504 23
 0 0 67.500000 1.476394 26
 1 0 22.500000 2.927557 40
 7 0 22.500000 1.443088 232
 4 1 32.500000 2.414941 141
 0 1 22.500000 1.691724 9
 1 1 37.500000 1.488562 47
 0 1 77.500000 2.353196 31
 0 1 32.500000 2.651982 13
 1 1 57.500000 2.883062 55
 1 1 32.500000 2.053012 45
 0 0 77.500000 2.220048 30
 1894392.250988 9
 1 1 67.500000 2.791734 59
 1 0 52.500000 2.065175 52
 1 1 27.500000 2.411760 43
 2 1 7.500000 1.475299 67
 1 0 57.500000 1.227636 54
 1 0 67.500000 1.387445 58
 10 0 77.500000 1.538423 350
 10 1 12.500000 2.384729 325
 1 0 7.500000 1.646016 34
 1161472.965070 15
 5 0 27.500000 1.471401 170
 0 1 67.500000 1.758978 27
 1 1 62.500000 1.360706 57
 2 0 47.500000 2.216614 82
 1 0 52.500000 2.065175 52
 0 0 37.500000 1.864134 14
 2 0 7.500000 2.325666 66
 9 0 67.500000 2.121274 314
 1 1 22.500000 1.452971 41
 2 0 27.500000 2.101893 74
 0 0 57.500000 2.660181 22
 0 1 37.500000 2.498167 15
 0 1 77.500000 2.353196 31
 2 0 32.500000 2.301955 76
 1 0 7.500000 1.646016 34
 1534860.358133 23
 1 0 72.500000 2.670311 60
 1 0 7.500000 1.646016 34
 1 1 72.500000 1.916383 61
 9 1 37.500000 2.604271 303
 1 0 37.500000 2.978490 46
 2 0 2.500000 2.524159 64
 2 0 17.500000 1.010367 70
 0 1 67.500000 1.758978 27
 0 0 37.500000 1.864134 14
 2 1 27.500000 2.515993 75
 1 1 27.500000 2.411760 43
 2 0 42.500000 1.718724 80
 0 0 12.500000 1.378173 4
 0 1 32.500000 2.651982 13
 0 0 77.500000 2.220048 30
 8 1 57.500000 1.449307 279
 0 0 67.500000 1.476394 26
 1 1 12.500000 2.834853 37
 1 1 7.500000 2.598662 35
 0 0 32.500000 1.593541 12
 0 1 12.500000 2.947622 5
 0 0 17.500000 2.682504 6
 2 1 22.500000 2.243238 73
 403956.086004 15
 3 0 57.500000 1.567058 118
 10 0 12.500000 1.281751 324
 7 1 62.500000 1.158166 249
 0 0 77.500000 2.220048 30
 1 0 37.500000 2.978490 46
 1 0 12.500000 1.719809 36
 0 1 17.500000 2.839531 7
 0 0 42.500000 2.695955 16
 2 1 7.500000 1.475299 67
 9 0 42.500000 1.986236 304
 0 1 22.500000 1.691724 9
 1 1 72.500000 1.916383 61
 0 1 42.500000 2.907745 17
 3 1 12.500000 2.360444 101
 2 0 7.500000 2.325666 66
 459082.727423 33
 0 1 67.500000 1.758978 27
 1 1 72.500000 1.916383 61
 0 1 2.500000 1.585282 1
 1 1 27.500000 2.411760 43
 0 0 72.500000 1.149793 28
 4 0 42.500000 2.275150 144
 2 1 7.500000 1.475299 67
 2 0 2.500000 2.524159 64
 3 1 12.500000 2.360444 101
 1 1 62.500000 1.360706 57
 1 0 57.500000 1.227636 54
 0 1 27.500000 2.396834 11
 1 0 12.500000 1.719809 36
 0 0 27.500000 2.810400 10
 2 0 27.500000 2.101893 74
 1 0 47.500000 2.859963 50
 1 1 32.500000 2.053012 45
 0 0 47.500000 2.466410 18
 6 1 27.500000 1.129681 203
 1 1 77.500000 1.729073 63
 2 0 67.500000 1.575862 90
 1 0 2.500000 2.169154 32
 4 0 22.500000 1.358757 136
 1 1 42.500000 2.472830 49
 1 1 17.500000 1.122088 39
 5 0 17.500000 1.089327 166
 0 0 62.500000 2.057727 24
 0 0 57.500000 2.660181 22
 0 0 42.500000 2.695955 16
 0 1 77.500000 2.353196 31
 0 1 12.500000 2.947622 5
 0 1 22.500000 1.691724 9
 0 1 57.500000 1.655504 23
 340272.813467 23
 2 0 12.500000 1.354363 68
 9 1 47.500000 1.539069 307
 0 1 37.500000 2.498167 15
 0 0 62.500000 2.057727 24
 3 1 2.500000 2.594534 97
 1 0 12.500000 1.719809 36
 0 0 72.500000 1.149793 28
 1 1 47.500000 1.398231 51
 1 0 27.500000 2.081538 42
 1 0 52.500000 2.065175 52
 0 0 7.500000 1.841227 2
 0 1 52.500000 2.860276 21
 1 1 17.500000 1.122088 39
 2 1 47.500000 2.631688 83
 0 0 2.500000 2.165978 0
 1 0 22.500000 2.927557 40
 2 1 2.500000 1.537950 65
 9 0 12.500000 1.117989 292
 2 0 7.500000 2.325666 66
 3 1 62.500000 2.394557 121
 2 0 27.500000 2.101893 74
 1 1 22.500000 1.452971 41
 0 0 77.500000 2.220048 30
 792144.514207 30
 0 0 22.500000 2.000815 8
 9 0 67.500000 2.121274 314
 2 0 67.500000 1.575862 90
 0 0 17.500000 2.682504 6
 11 1 2.500000 2.451399 353
 1 0 17.500000 1.367592 38
 0 0 12.500000 1.378173 4
 9 1 27.500000 2.734601 299
 0 0 67.500000 1.476394 26
 3 0 32.500000 2.879299 108
 1 1 17.500000 1.122088 39
 1 0 22.500000 2.927557 40
 1 0 77.500000 2.648166 62
 0 0 7.500000 1.841227 2
 11 1 37.500000 2.729227 367
 1 1 47.500000 1.398231 51
 1 1 32.500000 2.053012 45
 10 1 12.500000 2.384729 325
 0 1 32.500000 2.651982 13
 0 0 77.500000 2.220048 30
 2 1 7.500000 1.475299 67
 0 1 52.500000 2.860276 21
 1 0 67.500000 1.387445 58
 2 0 12.500000 1.354363 68
 1 0 52.500000 2.065175 52
 10 0 67.500000 1.395824 346
 1 0 37.500000 2.978490 46
 6 1 77.500000 1.407256 223
 0 1 47.500000 2.956933 19
 0 1 2.500000 1.585282 1
 414567.996531 23
 1 0 47.500000 2.859963 50
 1 1 32.500000 2.053012 45
 1 0 62.500000 1.615479 56
 0 1 37.500000 2.498167 15
 0 1 42.500000 2.907745 17
 3 1 32.500000 2.380498 109
 0 0 67.500000 1.476394 26
 1 0 72.500000 2.670311 60
 2 0 27.500000 2.101893 74
 1 0 67.500000 1.387445 58
 0 1 52.500000 2.860276 21
 9 1 12.500000 2.041264 293
 0 1 17.500000 2.839531 7
 0 0 7.500000 1.841227 2
 0 1 67.500000 1.758978 27
 3 0 27.500000 2.165530 106
 2 1 77.500000 2.933191 95
 2 1 7.500000 1.475299 67
 0 0 22.500000 2.000815 8
 1 0 27.500000 2.081538 42
 1 1 12.500000 2.834853 37
 0 0 52.500000 1.180869 20
 0 1 47.500000 2.956933 19
 87541.773379 33
 1 0 72.500000 2.670311 60
 0 1 72.500000 2.575726 29
 0 1 7.500000 1.507668 3
 0 0 72.500000 1.149793 28
 3 0 72.500000 2.569518 124
 1 0 37.500000 2.978490 46
 0 0 52.500000 1.180869 20
 0 1 62.500000 2.222733 25
 1 1 52.500000 1.397824 53
 0 0 42.500000 2.695955 16
 2 1 62.500000 2.558671 89
 1 1 42.500000 2.472830 49
 2 1 27.500000 2.515993 75
 1 1 22.500000 1.452971 41
 10 0 12.500000 1.281751 324
 0 1 32.500000 2.651982 13
 1 1 2.500000 2.974097 33
 1 0 62.500000 1.615479 56
 2 1 22.500000 2.243238 73
 0 1 22.500000 1.691724 9
 1 0 42.500000 2.257421 48
 2 1 7.500000 1.475299 67
 2 1 2.500000 1.537950 65
 1 0 67.500000 1.387445 58
 1 1 7.500000 2.598662 35
 0 1 67.500000 1.758978 27
 4 1 12.500000 2.323808 133
 2 1 17.500000 1.231415 71
 1 1 77.500000 1.729073 63
 1 1 17.500000 1.122088 39
 0 1 2.500000 1.585282 1
 0 0 7.500000 1.841227 2
 0 1 37.500000 2.498167 15
 1153031.676837 24
 1 1 42.500000 2.472830 49
 2 1 17.500000 1.231415 71
 2 1 22.500000 2.243238 73
 0 1 17.500000 2.839531 7
 0 0 32.500000 1.593541 12
 1 1 27.500000 2.411760 43
 0 1 47.500000 2.956933 19
 1 1 12.500000 2.834853 37
 3 1 67.500000 1.220002 123
 4 0 27.500000 1.779110 138
 4 0 17.500000 2.239446 134
 0 1 22.500000 1.691724 9
 3 1 77.500000 1.632357 127
 4 1 7.500000 2.606898 131
 1 0 67.500000 1.387445 58
 1 0 62.500000 1.615479 56
 1 1 37.500000 1.488562 47
 1 1 17.500000 1.122088 39
 0 0 67.500000 1.476394 26
 1 0 12.500000 1.719809 36
 0 0 47.500000 2.466410 18
 1 1 2.500000 2.974097 33
 2 1 37.500000 1.516375 79
 0 1 12.500000 2.947622 5
 219360.417286 9
 2 0 2.500000 2.524159 64
 1 1 22.500000 1.452971 41
 2 0 12.500000 1.354363 68
 1 0 77.500000 2.648166 62
 0 0 57.500000 2.660181 22
 0 0 32.500000 1.593541 12
 0 1 77.500000 2.353196 31
 9 1 17.500000 2.044535 295
 1 1 7.500000 2.598662 35
 1653504.007148 1
 0 1 17.500000 2.839531 7
 1701721.010460 28
 1 0 62.500000 1.615479 56
 4 0 12.500000 2.135082 132
 0 0 77.500000 2.220048 30
 1 0 12.500000 1.719809 36
 2 0 12.500000 1.354363 68
 1 1 42.500000 2.472830 49
 4 1 22.500000 2.634246 137
 1 1 32.500000 2.053012 45
 0 1 72.500000 2.575726 29
 9 0 22.500000 2.507593 296
 0 0 2.500000 2.165978 0
 8 0 32.500000 1.212502 268
 1 0 17.500000 1.367592 38
 2 1 22.500000 2.243238 73
 1 0 77.500000 2.648166 62
 0 1 77.500000 2.353196 31
 2 0 22.500000 2.393422 72
 0 1 52.500000 2.860276 21
 1 1 47.500000 1.398231 51
 0 1 17.500000 2.839531 7
 0 0 52.500000 1.180869 20
 3 1 67.500000 1.220002 123
 1 1 72.500000 1.916383 61
 1 0 32.500000 2.443390 44
 0 0 67.500000 1.476394 26
 0 1 32.500000 2.651982 13
 0 1 27.500000 2.396834 11
 0 1 2.500000 1.585282 1
 1158329.813945 10
 0 0 62.500000 2.057727 24
 10 1 72.500000 1.707356 349
 0 0 7.500000 1.841227 2
 0 1 22.500000 1.691724 9
 1 0 72.500000 2.670311 60
 3 1 37.500000 1.375125 111
 2 0 27.500000 2.101893 74
 2 0 22.500000 2.393422 72
 1 1 57.500000 2.883062 55
 3 1 7.500000 2.282152 99
 1498311.200914 24
 2 1 12.500000 2.782591 69
 0 1 67.500000 1.758978 27
 0 0 17.500000 2.682504 6
 0 0 42.500000 2.695955 16
 1 0 72.500000 2.670311 60
 1 0 22.500000 2.927557 40
 0 1 72.500000 2.575726 29
 1 0 57.500000 1.227636 54
 8 0 32.500000 1.212502 268
 1 1 77.500000 1.729073 63
 3 1 37.500000 1.375125 111
 2 0 17.500000 1.010367 70
 2 1 2.500000 1.537950 65
 1 1 17.500000 1.122088 39
 1 0 12.500000 1.719809 36
 1 0 7.500000 1.646016 34
 0 1 37.500000 2.498167 15
 0 1 42.500000 2.907745 17
 2 1 72.500000 1.920943 93
 0 1 47.500000 2.956933 19
 1 1 2.500000 2.974097 33
 2 1 7.500000 1.475299 67
 5 0 67.500000 1.057748 186
 5 1 52.500000 1.774310 181
 1477704.528550 1
 8 1 27.500000 2.317321 267
 1210724.392613 12
 0 1 17.500000 2.839531 7
 1 0 67.500000 1.387445 58
 5 1 37.500000 2.501789 175
 1 0 72.500000 2.670311 60
 0 1 52.500000 2.860276 21
 0 0 32.500000 1.593541 12
 2 0 62.500000 2.791251 88
 0 1 57.500000 1.655504 23
 0 1 27.500000 2.396834 11
 0 1 67.500000 1.758978 27
 8 0 17.500000 1.288299 262
 1 1 37.500000 1.488562 47
 1473675.018974 34
 1 1 7.500000 2.598662 35
 1 0 67.500000 1.387445 58
 1 1 47.500000 1.398231 51
 1 1 37.500000 1.488562 47
 0 1 7.500000 1.507668 3
 2 0 17.500000 1.010367 70
 1 1 77.500000 1.729073 63
 1 0 62.500000 1.615479 56
 2 1 2.500000 1.537950 65
 0 0 27.500000 2.810400 10
 0 1 47.500000 2.956933 19
 0 1 17.500000 2.839531 7
 1 1 2.500000 2.974097 33
 1 1 42.500000 2.472830 49
 0 1 62.500000 2.222733 25
 2 0 7.500000 2.325666 66
 0 1 2.500000 1.585282 1
 0 1 52.500000 2.860276 21
 0 0 2.500000 2.165978 0
 1 0 2.500000 2.169154 32
 1 0 42.500000 2.257421 48
 2 1 27.500000 2.515993 75
 1 0 7.500000 1.646016 34
 0 1 67.500000 1.758978 27
 1 0 27.500000 2.081538 42
 0 0 57.500000 2.660181 22
 0 0 72.500000 1.149793 28
 5 1 67.500000 1.563783 187
 1 0 57.500000 1.227636 54
 2 1 62.500000 2.558671 89
 2 0 27.500000 2.101893 74
 1 1 62.500000 1.360706 57
 1 1 32.500000 2.053012 45
 4 0 67.500000 1.760664 154
 1169881.426361 27
 1 0 47.500000 2.859963 50
 1 1 77.500000 1.729073 63
 0 1 72.500000 2.575726 29
 0 1 57.500000 1.655504 23
 7 1 32.500000 1.058929 237
 0 0 57.500000 2.660181 22
 1 0 52.500000 2.065175 52
 1 0 17.500000 1.367592 38
 1 1 32.500000 2.053012 45
 0 0 72.500000 1.149793 28
 2 0 12.500000 1.354363 68
 2 0 32.500000 2.301955 76
 4 1 37.500000 1.746194 143
 1 1 62.500000 1.360706 57
 1 1 57.500000 2.883062 55
 0 0 32.500000 1.593541 12
 0 0 67.500000 1.476394 26
 6 1 57.500000 1.401797 215
 3 1 7.500000 2.282152 99
 1 1 37.500000 1.488562 47
 1 1 47.500000 1.398231 51
 7 0 77.500000 1.667201 254
 2 1 12.500000 2.782591 69
 3 1 47.500000 2.663021 115
 3 1 67.500000 1.220002 123
 0 1 77.500000 2.353196 31
 2 0 57.500000 1.674047 86
 851893.054271 26
 0 1 62.500000 2.222733 25
 9 0 7.500000 2.003233 290
 1 0 42.500000 2.257421 48
 1 1 62.500000 1.360706 57
 3 1 2.500000 2.594534 97
 0 0 42.500000 2.695955 16
 0 0 2.500000 2.165978 0
 11 0 57.500000 2.924298 374
 1 0 27.500000 2.081538 42
 1 0 57.500000 1.227636 54
 2 1 12.500000 2.782591 69
 1 1 57.500000 2.883062 55
 0 1 22.500000 1.691724 9
 1 1 52.500000 1.397824 53
 0 0 57.500000 2.660181 22
 0 1 7.500000 1.507668 3
 2 1 47.500000 2.631688 83
 2 1 2.500000 1.537950 65
 6 1 37.500000 1.839321 207
 0 1 12.500000 2.947622 5
 1 0 22.500000 2.927557 40
 6 0 27.500000 2.672882 202
 0 0 37.500000 1.864134 14
 2 1 42.500000 2.599287 81
 1 0 12.500000 1.719809 36
 2 0 12.500000 1.354363 68
 586590.179087 35
 0 0 42.500000 2.695955 16
 1 1 52.500000 1.397824 53
 1 0 27.500000 2.081538 42
 3 0 12.500000 2.132585 100
 11 0 12.500000 1.268071 356
 2 0 12.500000 1.354363 68
 3 1 52.500000 2.257843 117
 3 1 62.500000 2.394557 121
 3 0 42.500000 1.726727 112
 0 0 52.500000 1.180869 20
 2 1 47.500000 2.631688 83
 3 1 67.500000 1.220002 123
 7 1 32.500000 1.058929 237
 0 1 67.500000 1.758978 27
 2 0 17.500000 1.010367 70
 2 1 77.500000 2.933191 95
 1 1 72.500000 1.916383 61
 0 1 37.500000 2.498167 15
 0 1 57.500000 1.655504 23
 1 0 17.500000 1.367592 38
 11 0 32.500000 1.333825 364
 0 0 12.500000 1.378173 4
 1 1 57.500000 2.883062 55
 0 0 27.500000 2.810400 10
 1 1 42.500000 2.472830 49
 2 1 17.500000 1.231415 71
 5 1 22.500000 1.046437 169
 1 0 52.500000 2.065175 52
 1 1 17.500000 1.122088 39
 0 0 32.500000 1.593541 12
 2 1 7.500000 1.475299 67
 2 0 27.500000 2.101893 74
 2 0 42.500000 1.718724 80
 1 0 7.500000 1.646016 34
 1 0 12.500000 1.719809 36
 578537.306031 1
 0 1 77.500000 2.353196 31
 56763.471447 34
 1 0 37.500000 2.978490 46
 2 1 22.500000 2.243238 73
 8 0 47.500000 1.005384 274
 0 1 7.500000 1.507668 3
 1 0 52.500000 2.065175 52
 5 1 27.500000 1.834489 171
 0 1 67.500000 1.758978 27
 0 1 52.500000 2.860276 21
 6 0 62.500000 2.010170 216
 1 1 17.500000 1.122088 39
 0 1 2.500000 1.585282 1
 1 0 67.500000 1.387445 58
 4 1 12.500000 2.323808 133
 1 1 47.500000 1.398231 51
 0 1 22.500000 1.691724 9
 2 1 2.500000 1.537950 65
 1 1 2.500000 2.974097 33
 1 1 52.500000 1.397824 53
 11 0 27.500000 2.295312 362
 9 0 17.500000 1.518537 294
 2 0 2.500000 2.524159 64
 1 0 72.500000 2.670311 60
 0 1 32.500000 2.651982 13
 0 0 57.500000 2.660181 22
 10 0 42.500000 2.176210 336
 3 1 27.500000 2.062169 107
 8 1 27.500000 2.317321 267
 1 1 37.500000 1.488562 47
 6 0 57.500000 1.891795 214
 7 1 17.500000 1.007523 231
 0 0 7.500000 1.841227 2
 0 1 42.500000 2.907745 17
 1 1 42.500000 2.472830 49
 2 1 7.500000 1.475299 67
 1851176.752155 27
 2 0 2.500000 2.524159 64
 1 0 57.500000 1.227636 54
 0 1 12.500000 2.947622 5
 3 1 32.500000 2.380498 109
 2 0 17.500000 1.010367 70
 10 0 27.500000 2.007172 330
 2 1 17.500000 1.231415 71
 3 0 7.500000 2.330593 98
 2 1 7.500000 1.475299 67
 0 0 22.500000 2.000815 8
 2 1 22.500000 2.243238 73
 8 0 12.500000 2.753263 260
 3 0 42.500000 1.726727 112
 1 1 12.500000 2.834853 37
 2 0 12.500000 1.354363 68
 4 0 22.500000 1.358757 136
 3 1 27.500000 2.062169 107
 7 1 2.500000 1.165222 225
 1 1 62.500000 1.360706 57
 1 0 47.500000 2.859963 50
 0 1 47.500000 2.956933 19
 0 1 67.500000 1.758978 27
 1 1 27.500000 2.411760 43
 2 0 27.500000 2.101893 74
 2 1 57.500000 1.703266 87
 2 1 2.500000 1.537950 65
 4 1 42.500000 2.453168 145
 1608069.294993 30
 0 0 47.500000 2.466410 18
 1 0 62.500000 1.615479 56
 0 1 77.500000 2.353196 31
 2 0 2.500000 2.524159 64
 1 0 77.500000 2.648166 62
 2 1 12.500000 2.782591 69
 0 0 42.500000 2.695955 16
 0 0 22.500000 2.000815 8
 0 1 52.500000 2.860276 21
 0 0 2.500000 2.165978 0
 8 1 57.500000 1.449307 279
 7 1 42.500000 1.206378 241
 1 1 12.500000 2.834853 37
 2 1 22.500000 2.243238 73
 2 0 7.500000 2.325666 66
 0 0 67.500000 1.476394 26
 0 0 57.500000 2.660181 22
 8 1 27.500000 2.317321 267
 3 1 37.500000 1.375125 111
 1 0 37.500000 2.978490 46
 1 0 2.500000 2.169154 32
 2 0 17.500000 1.010367 70
 1 1 22.500000 1.452971 41
 0 1 17.500000 2.839531 7
 10 1 17.500000 1.848512 327
 0 1 47.500000 2.956933 19
 1 0 7.500000 1.646016 34
 1 0 22.500000 2.927557 40
 2 1 7.500000 1.475299 67
 7 1 2.500000 1.165222 225
 1992364.445381 7
 2 0 17.500000 1.010367 70
 0 0 77.500000 2.220048 30
 3 1 17.500000 1.790251 103
 1 1 67.500000 2.791734 59
 0 0 22.500000 2.000815 8
 0 0 62.500000 2.057727 24
 7 0 57.500000 2.993475 246
 1367755.110547 19
 0 1 32.500000 2.651982 13
 2 0 27.500000 2.101893 74
 3 0 2.500000 2.139501 96
 1 1 52.500000 1.397824 53
 0 0 52.500000 1.180869 20
 1 1 72.500000 1.916383 61
 0 1 42.500000 2.907745 17
 0 1 7.500000 1.507668 3
 2 1 72.500000 1.920943 93
 6 0 72.500000 2.748559 220
 1 0 42.500000 2.257421 48
 0 0 72.500000 1.149793 28
 1 0 12.500000 1.719809 36
 0 0 42.500000 2.695955 16
 11 1 67.500000 1.291831 379
 0 1 37.500000 2.498167 15
 6 1 27.500000 1.129681 203
 1 1 47.500000 1.398231 51
 9 0 62.500000 1.448698 312
 1462739.033784 18
 0 0 62.500000 2.057727 24
 2 0 2.500000 2.524159 64
 1 1 77.500000 1.729073 63
 0 0 32.500000 1.593541 12
 1 0 32.500000 2.443390 44
 2 0 7.500000 2.325666 66
 1 1 42.500000 2.472830 49
 1 0 12.500000 1.719809 36
 0 0 72.500000 1.149793 28
 1 0 7.500000 1.646016 34
 0 0 47.500000 2.466410 18
 0 1 52.500000 2.860276 21
 0 1 57.500000 1.655504 23
 1 1 57.500000 2.883062 55
 1 1 52.500000 1.397824 53
 0 1 42.500000 2.907745 17
 2 1 27.500000 2.515993 75
 1 1 2.500000 2.974097 33
 270191.573049 35
 1 0 27.500000 2.081538 42
 0 0 32.500000 1.593541 12
 2 0 22.500000 2.393422 72
 1 0 42.500000 2.257421 48
 2 0 27.500000 2.101893 74
 0 0 52.500000 1.180869 20
 0 0 2.500000 2.165978 0
 10 1 42.500000 1.560136 337
 9 1 7.500000 2.335046 291
 2 1 2.500000 1.537950 65
 1 0 67.500000 1.387445 58
 0 1 2.500000 1.585282 1
 8 1 72.500000 1.258774 285
 1 1 57.500000 2.883062 55
 4 1 17.500000 2.361954 135
 7 1 67.500000 2.461986 251
 0 1 27.500000 2.396834 11
 0 0 67.500000 1.476394 26
 0 1 17.500000 2.839531 7
 1 1 72.500000 1.916383 61
 0 0 47.500000 2.466410 18
 0 1 57.500000 1.655504 23
 1 0 22.500000 2.927557 40
 0 0 42.500000 2.695955 16
 4 1 62.500000 1.352517 153
 2 1 17.500000 1.231415 71
 0 1 22.500000 1.691724 9
 0 0 62.500000 2.057727 24
 5 0 2.500000 2.477581 160
 1 1 37.500000 1.488562 47
 0 0 7.500000 1.841227 2
 5 0 22.500000 1.006548 168
 1 1 52.500000 1.397824 53
 1 1 77.500000 1.729073 63
 0 1 72.500000 2.575726 29
 554726.720711 32
 1 1 72.500000 1.916383 61
 1 0 77.500000 2.648166 62
 2 0 7.500000 2.325666 66
 0 1 47.500000 2.956933 19
 1 1 47.500000 1.398231 51
 8 0 2.500000 2.052731 256
 0 1 7.500000 1.507668 3
 1 0 47.500000 2.859963 50
 0 1 62.500000 2.222733 25
 1 0 27.500000 2.081538 42
 6 0 37.500000 1.227574 206
 0 1 42.500000 2.907745 17
 1 1 22.500000 1.452971 41
 1 1 32.500000 2.053012 45
 0 0 32.500000 1.593541 12
 1 0 37.500000 2.978490 46
 2 1 17.500000 1.231415 71
 1 1 17.500000 1.122088 39
 2 0 2.500000 2.524159 64
 1 1 67.500000 2.791734 59
 0 0 62.500000 2.057727 24
 0 1 52.500000 2.860276 21
 0 1 17.500000 2.839531 7
 0 0 67.500000 1.476394 26
 0 0 77.500000 2.220048 30
 3 1 67.500000 1.220002 123
 2 0 37.500000 1.213394 78
 1 1 7.500000 2.598662 35
 1 0 32.500000 2.443390 44
 11 1 62.500000 1.600289 377
 0 1 67.500000 1.758978 27
 1 0 72.500000 2.670311 60
 1719686.805718 28
 1 0 37.500000 2.978490 46
 1 1 2.500000 2.974097 33
 0 1 57.500000 1.655504 23
 5 0 57.500000 2.823829 182
 0 0 72.500000 1.149793 28
 1 0 67.500000 1.387445 58
 2 0 17.500000 1.010367 70
 2 0 27.500000 2.101893 74
 1 1 22.500000 1.452971 41
 0 1 32.500000 2.651982 13
 1 1 17.500000 1.122088 39
 1 1 47.500000 1.398231 51
 0 1 22.500000 1.691724 9
 3 0 22.500000 2.750611 104
 8 1 32.500000 2.528988 269
 1 1 32.500000 2.053012 45
 0 0 47.500000 2.466410 18
 3 1 47.500000 2.663021 115
 0 1 17.500000 2.839531 7
 3 0 77.500000 2.946370 126
 0 0 22.500000 2.000815 8
 1 1 72.500000 1.916383 61
 0 1 37.500000 2.498167 15
 0 1 12.500000 2.947622 5
 2 0 12.500000 1.354363 68
 3 1 57.500000 1.551101 119
 3 1 32.500000 2.380498 109
 0 0 57.500000 2.660181 22
 887065.784506 12
 0 1 72.500000 2.575726 29
 1 1 77.500000 1.729073 63
 0 0 62.500000 2.057727 24
 0 1 62.500000 2.222733 25
 1 1 52.500000 1.397824 53
 1 1 47.500000 1.398231 51
 0 1 52.500000 2.860276 21
 1 0 17.500000 1.367592 38
 3 1 62.500000 2.394557 121
 1 0 57.500000 1.227636 54
 0 0 32.500000 1.593541 12
 0 1 47.500000 2.956933 19
 117730.979248 21
 0 1 52.500000 2.860276 21
 1 1 72.500000 1.916383 61
 1 0 27.500000 2.081538 42
 4 1 57.500000 2.519993 151
 2 1 17.500000 1.231415 71
 3 0 72.500000 2.569518 124
 1 1 52.500000 1.397824 53
 1 1 67.500000 2.791734 59
 1 0 12.500000 1.719809 36
 2 0 17.500000 1.010367 70
 8 0 42.500000 1.635082 272
 1 0 32.500000 2.443390 44
 1 1 32.500000 2.053012 45
 1 0 47.500000 2.859963 50
 0 1 27.500000 2.396834 11
 1 1 42.500000 2.472830 49
 0 1 42.500000 2.907745 17
 3 0 22.500000 2.750611 104
 1 0 57.500000 1.227636 54
 9 0 72.500000 1.181047 316
 1 0 17.500000 1.367592 38
 1358043.127525 20
 0 1 2.500000 1.585282 1
 2 0 17.500000 1.010367 70
 2 0 52.500000 2.781773 84
 3 1 72.500000 1.895814 125
 1 1 22.500000 1.452971 41
 2 0 62.500000 2.791251 88
 2 0 7.500000 2.325666 66
 1 0 57.500000 1.227636 54
 0 0 72.500000 1.149793 28
 11 0 17.500000 1.657412 358
 1 1 2.500000 2.974097 33
 3 0 42.500000 1.726727 112
 1 1 17.500000 1.122088 39
 5 1 37.500000 2.501789 175
 0 1 47.500000 2.956933 19
 0 0 42.500000 2.695955 16
 0 0 32.500000 1.593541 12
 0 0 52.500000 1.180869 20
 1 1 7.500000 2.598662 35
 2 0 27.500000 2.101893 74
 1000274.592787 8
 0 1 52.500000 2.860276 21
 0 1 12.500000 2.947622 5
 1 0 32.500000 2.443390 44
 0 1 17.500000 2.839531 7
 2 1 12.500000 2.782591 69
 1 1 72.500000 1.916383 61
 1 1 52.500000 1.397824 53
 1 1 47.500000 1.398231 51
 665925.276534 13
 1 0 57.500000 1.227636 54
 2 0 7.500000 2.325666 66
 1 1 2.500000 2.974097 33
 0 1 7.500000 1.507668 3
 1 1 57.500000 2.883062 55
 0 1 77.500000 2.353196 31
 2 1 12.500000 2.782591 69
 1 1 67.500000 2.791734 59
 0 1 17.500000 2.839531 7
 1 0 2.500000 2.169154 32
 0 0 52.500000 1.180869 20
 0 0 67.500000 1.476394 26
 1 1 22.500000 1.452971 41
 1024241.083946 11
 1 1 47.500000 1.398231 51
 1 0 37.500000 2.978490 46
 1 1 72.500000 1.916383 61
 2 1 7.500000 1.475299 67
 0 1 7.500000 1.507668 3
 2 1 22.500000 2.243238 73
 1 1 52.500000 1.397824 53
 0 1 37.500000 2.498167 15
 2 0 42.500000 1.718724 80
 0 1 32.500000 2.651982 13
 8 0 57.500000 2.981225 278
 1263730.284192 31
 1 0 42.500000 2.257421 48
 0 0 67.500000 1.476394 26
 2 1 7.500000 1.475299 67
 4 0 72.500000 1.523458 156
 10 1 37.500000 1.447860 335
 2 0 22.500000 2.393422 72
 8 0 47.500000 1.005384 274
 0 0 27.500000 2.810400 10
 1 1 67.500000 2.791734 59
 2 0 7.500000 2.325666 66
 3 1 47.500000 2.663021 115
 0 0 37.500000 1.864134 14
 0 0 17.500000 2.682504 6
 8 1 37.500000 2.985758 271
 1 0 67.500000 1.387445 58
 0 0 12.500000 1.378173 4
 1 1 77.500000 1.729073 63
 4 1 52.500000 1.656193 149
 1 0 17.500000 1.367592 38
 1 1 52.500000 1.397824 53
 1 1 32.500000 2.053012 45
 3 1 52.500000 2.257843 117
 1 1 42.500000 2.472830 49
 0 0 62.500000 2.057727 24
 0 1 72.500000 2.575726 29
 1 0 12.500000 1.719809 36
 0 1 67.500000 1.758978 27
 4 1 7.500000 2.606898 131
 2 0 27.500000 2.101893 74
 0 1 7.500000 1.507668 3
 0 0 47.500000 2.466410 18
 335846.713696 18
 0 1 32.500000 2.651982 13
 2 1 2.500000 1.537950 65
 2 1 27.500000 2.515993 75
 1 0 2.500000 2.169154 32
 1 0 12.500000 1.719809 36
 1 0 37.500000 2.978490 46
 0 0 67.500000 1.476394 26
 0 1 52.500000 2.860276 21
 0 1 42.500000 2.907745 17
 1 0 77.500000 2.648166 62
 0 0 27.500000 2.810400 10
 0 0 57.500000 2.660181 22
 1 1 57.500000 2.883062 55
 0 0 62.500000 2.057727 24
 0 1 47.500000 2.956933 19
 2 0 22.500000 2.393422 72
 0 1 27.500000 2.396834 11
 0 0 12.500000 1.378173 4
 1556997.380944 31
 2 0 2.500000 2.524159 64
 0 0 67.500000 1.476394 26
 1 0 17.500000 1.367592 38
 11 1 12.500000 2.476210 357
 9 0 17.500000 1.518537 294
 0 0 37.500000 1.864134 14
 0 1 42.500000 2.907745 17
 1 1 2.500000 2.974097 33
 1 1 37.500000 1.488562 47
 6 1 17.500000 1.811740 199
 0 1 7.500000 1.507668 3
 6 1 32.500000 2.515573 205
 0 1 2.500000 1.585282 1
 0 0 17.500000 2.682504 6
 1 1 7.500000 2.598662 35
 1 0 32.500000 2.443390 44
 1 0 42.500000 2.257421 48
 5 0 77.500000 1.746592 190
 2 1 12.500000 2.782591 69
 2 0 12.500000 1.354363 68
 2 0 67.500000 1.575862 90
 4 0 12.500000 2.135082 132
 6 0 47.500000 2.888552 210
 1 0 52.500000 2.065175 52
 1 0 67.500000 1.387445 58
 1 1 77.500000 1.729073 63
 2 0 17.500000 1.010367 70
 0 0 2.500000 2.165978 0
 1 1 17.500000 1.122088 39
 2 1 17.500000 1.231415 71
 1 1 47.500000 1.398231 51
 954626.661127 9
 0 0 47.500000 2.466410 18
 0 1 62.500000 2.222733 25
 1 1 42.500000 2.472830 49
 1 0 27.500000 2.081538 42
 2 0 12.500000 1.354363 68
 1 0 37.500000 2.978490 46
 2 0 2.500000 2.524159 64
 2 1 17.500000 1.231415 71
 0 1 22.500000 1.691724 9
 563829.662522 33
 1 1 47.500000 1.398231 51
 8 1 37.500000 2.985758 271
 2 1 47.500000 2.631688 83
 0 0 7.500000 1.841227 2
 2 1 22.500000 2.243238 73
 7 1 32.500000 1.058929 237
 0 0 67.500000 1.476394 26
 1 0 72.500000 2.670311 60
 1 0 17.500000 1.367592 38
 0 0 47.500000 2.466410 18
 1 1 37.500000 1.488562 47
 2 1 62.500000 2.558671 89
 2 0 72.500000 1.799841 92
 0 1 57.500000 1.655504 23
 2 1 27.500000 2.515993 75
 8 1 67.500000 1.638296 283
 1 0 2.500000 2.169154 32
 0 1 52.500000 2.860276 21
 2 0 2.500000 2.524159 64
 1 1 42.500000 2.472830 49
 0 0 17.500000 2.682504 6
 0 1 12.500000 2.947622 5
 1 0 37.500000 2.978490 46
 1 1 67.500000 2.791734 59
 0 0 52.500000 1.180869 20
 0 0 42.500000 2.695955 16
 8 1 7.500000 1.988145 259
 1 1 12.500000 2.834853 37
 0 1 42.500000 2.907745 17
 1 1 52.500000 1.397824 53
 0 1 17.500000 2.839531 7
 0 0 77.500000 2.220048 30
 4 0 2.500000 1.016879 128
 154550.559202 30
 2 1 27.500000 2.515993 75
 0 0 77.500000 2.220048 30
 1 0 17.500000 1.367592 38
 2 0 62.500000 2.791251 88
 0 1 42.500000 2.907745 17
 0 1 7.500000 1.507668 3
 1 1 32.500000 2.053012 45
 0 0 57.500000 2.660181 22
 0 0 12.500000 1.378173 4
 8 0 77.500000 2.220681 286
 0 0 67.500000 1.476394 26
 2 0 2.500000 2.524159 64
 0 1 17.500000 2.839531 7
 1 0 37.500000 2.978490 46
 1 0 27.500000 2.081538 42
 1 0 72.500000 2.670311 60
 7 0 47.500000 1.602997 242
 2 0 12.500000 1.354363 68
 2 1 7.500000 1.475299 67
 9 1 17.500000 2.044535 295
 3 1 42.500000 1.108106 113
 11 1 27.500000 1.300490 363
 1 1 52.500000 1.397824 53
 8 0 12.500000 2.753263 260
 1 1 62.500000 1.360706 57
 1 0 2.500000 2.169154 32
 3 0 17.500000 1.979282 102
 1 1 57.500000 2.883062 55
 1 0 67.500000 1.387445 58
 0 1 22.500000 1.691724 9
 933542.604881 10
 2 1 12.500000 2.782591 69
 1 1 37.500000 1.488562 47
 2 0 2.500000 2.524159 64
 1 0 12.500000 1.719809 36
 1 0 27.500000 2.081538 42
 4 0 57.500000 1.640300 150
 1 1 77.500000 1.729073 63
 0 1 57.500000 1.655504 23
 0 0 17.500000 2.682504 6
 1 1 42.500000 2.472830 49
 1125904.621224 5
 10 1 17.500000 1.848512 327
 0 1 67.500000 1.758978 27
 8 1 77.500000 2.991157 287
 5 0 62.500000 1.883882 184
 9 1 7.500000 2.335046 291
 350464.684810 23
 8 0 57.500000 2.981225 278
 0 1 42.500000 2.907745 17
 0 1 72.500000 2.575726 29
 0 1 7.500000 1.507668 3
 1 0 62.500000 1.615479 56
 0 1 47.500000 2.956933 19
 1 0 32.500000 2.443390 44
 0 0 42.500000 2.695955 16
 1 1 22.500000 1.452971 41
 1 1 7.500000 2.598662 35
 1 1 72.500000 1.916383 61
 0 1 52.500000 2.860276 21
 1 1 42.500000 2.472830 49
 0 0 77.500000 2.220048 30
 0 0 2.500000 2.165978 0
 1 1 2.500000 2.974097 33
 7 1 2.500000 1.165222 225
 0 0 32.500000 1.593541 12
 2 1 17.500000 1.231415 71
 1 1 32.500000 2.053012 45
 2 0 2.500000 2.524159 64
 0 1 2.500000 1.585282 1
 1 0 22.500000 2.927557 40
 307347.563667 9
 0 0 12.500000 1.378173 4
 0 1 72.500000 2.575726 29
 1 0 32.500000 2.443390 44
 0 0 62.500000 2.057727 24
 7 0 67.500000 1.289728 250
 11 1 32.500000 1.595316 365
 1 1 42.500000 2.472830 49
 1 0 22.500000 2.927557 40
 0 0 77.500000 2.220048 30
 1136356.309772 18
 1 0 52.500000 2.065175 52
 0 0 37.500000 1.864134 14
 1 0 37.500000 2.978490 46
 3 1 2.500000 2.594534 97
 1 1 17.500000 1.122088 39
 1 0 17.500000 1.367592 38
 0 1 42.500000 2.907745 17
 0 1 57.500000 1.655504 23
 0 1 27.500000 2.396834 11
 1 0 2.500000 2.169154 32
 3 1 12.500000 2.360444 101
 0 0 27.500000 2.810400 10
 2 0 7.500000 2.325666 66
 0 0 12.500000 1.378173 4
 0 0 22.500000 2.000815 8
 9 0 7.500000 2.003233 290
 6 1 2.500000 2.416437 193
 2 0 27.500000 2.101893 74
 1555483.135933 9
 0 1 12.500000 2.947622 5
 1 0 67.500000 1.387445 58
 8 1 52.500000 2.596239 277
 1 0 37.500000 2.978490 46
 1 1 52.500000 1.397824 53
 0 0 17.500000 2.682504 6
 1 0 12.500000 1.719809 36
 1 1 72.500000 1.916383 61
 6 0 37.500000 1.227574 206
 897922.987592 10
 2 0 22.500000 2.393422 72
 2 0 7.500000 2.325666 66
 11 0 57.500000 2.924298 374
 1 0 77.500000 2.648166 62
 0 0 62.500000 2.057727 24
 1 0 52.500000 2.065175 52
 1 1 2.500000 2.974097 33
 7 1 57.500000 1.333329 247
 4 0 22.500000 1.358757 136
 9 1 77.500000 1.910899 319
 862978.826586 25
 1 0 77.500000 2.648166 62
 0 1 67.500000 1.758978 27
 2 0 22.500000 2.393422 72
 1 1 32.500000 2.053012 45
 2 1 2.500000 1.537950 65
 1 1 27.500000 2.411760 43
 3 1 72.500000 1.895814 125
 0 0 7.500000 1.841227 2
 0 0 57.500000 2.660181 22
 3 0 52.500000 1.394791 116
 1 0 2.500000 2.169154 32
 0 0 22.500000 2.000815 8
 0 0 37.500000 1.864134 14
 0 1 22.500000 1.691724 9
 2 0 27.500000 2.101893 74
 0 1 12.500000 2.947622 5
 1 0 52.500000 2.065175 52
 8 1 67.500000 1.638296 283
 1 0 7.500000 1.646016 34
 1 0 37.500000 2.978490 46
 0 0 17.500000 2.682504 6
 2 1 12.500000 2.782591 69
 1 1 57.500000 2.883062 55
 3 0 77.500000 2.946370 126
 1 1 72.500000 1.916383 61
 161518.219226 2
 2 1 22.500000 2.243238 73
 2 1 72.500000 1.920943 93
 1593848.848675 1
 1 1 77.500000 1.729073 63
 1837920.744530 9
 1 1 67.500000 2.791734 59
 0 1 27.500000 2.396834 11
 2 1 12.500000 2.782591 69
 2 1 7.500000 1.475299 67
 1 1 47.500000 1.398231 51
 0 0 67.500000 1.476394 26
 0 0 57.500000 2.660181 22
 1 0 32.500000 2.443390 44
 0 0 22.500000 2.000815 8
 1313345.608242 6
 1 1 27.500000 2.411760 43
 5 0 17.500000 1.089327 166
 2 1 2.500000 1.537950 65
 1 1 37.500000 1.488562 47
 0 0 22.500000 2.000815 8
 0 1 52.500000 2.860276 21
 1791351.751886 33
 0 1 27.500000 2.396834 11
 0 0 17.500000 2.682504 6
 0 0 42.500000 2.695955 16
 7 1 27.500000 2.125460 235
 0 1 67.500000 1.758978 27
 2 1 7.500000 1.475299 67
 1 0 42.500000 2.257421 48
 0 0 67.500000 1.476394 26
 0 0 77.500000 2.220048 30
 2 1 27.500000 2.515993 75
 0 1 52.500000 2.860276 21
 11 1 47.500000 2.103871 371
 0 1 2.500000 1.585282 1
 2 1 67.500000 1.511977 91
 1 0 77.500000 2.648166 62
 1 0 7.500000 1.646016 34
 1 1 37.500000 1.488562 47
 2 1 2.500000 1.537950 65
 0 1 42.500000 2.907745 17
 0 1 17.500000 2.839531 7
 1 1 72.500000 1.916383 61
 2 0 22.500000 2.393422 72
 9 1 22.500000 1.117791 297
 1 1 22.500000 1.452971 41
 1 1 57.500000 2.883062 55
 1 1 52.500000 1.397824 53
 0 0 47.500000 2.466410 18
 0 1 57.500000 1.655504 23
 3 1 17.500000 1.790251 103
 0 1 47.500000 2.956933 19
 9 0 72.500000 1.181047 316
 1 1 42.500000 2.472830 49
 0 0 27.500000 2.810400 10
 560585.857444 30
 0 1 62.500000 2.222733 25
 5 1 22.500000 1.046437 169
 1 1 2.500000 2.974097 33
 1 1 22.500000 1.452971 41
 1 0 32.500000 2.443390 44
 1 1 77.500000 1.729073 63
 0 0 47.500000 2.466410 18
 1 0 77.500000 2.648166 62
 1 1 32.500000 2.053012 45
 1 0 7.500000 1.646016 34
 0 1 77.500000 2.353196 31
 2 0 12.500000 1.354363 68
 1 1 37.500000 1.488562 47
 1 0 67.500000 1.387445 58
 1 0 47.500000 2.859963 50
 1 1 67.500000 2.791734 59
 0 1 27.500000 2.396834 11
 1 1 17.500000 1.122088 39
 0 1 47.500000 2.956933 19
 2 1 67.500000 1.511977 91
 1 1 62.500000 1.360706 57
 3 0 37.500000 1.021561 110
 1 0 27.500000 2.081538 42
 0 0 17.500000 2.682504 6
 0 1 52.500000 2.860276 21
 1 1 7.500000 2.598662 35
 0 0 7.500000 1.841227 2
 3 1 42.500000 1.108106 113
 1 0 12.500000 1.719809 36
 1 0 42.500000 2.257421 48
 1587311.472850 1
 2 1 22.500000 2.243238 73
 333747.435032 7
 0 1 22.500000 1.691724 9
 2 0 17.500000 1.010367 70
 0 1 62.500000 2.222733 25
 6 1 37.500000 1.839321 207
 1 0 12.500000 1.719809 36
 4 0 37.500000 1.913473 142
 7 1 57.500000 1.333329 247
 1373852.482873 31
 0 1 62.500000 2.222733 25
 1 0 77.500000 2.648166 62
 6 0 52.500000 1.835304 212
 2 0 17.500000 1.010367 70
 2 0 7.500000 2.325666 66
 0 1 37.500000 2.498167 15
 1 0 57.500000 1.227636 54
 1 0 27.500000 2.081538 42
 0 0 22.500000 2.000815 8
 1 1 47.500000 1.398231 51
 4 0 12.500000 2.135082 132
 5 1 27.500000 1.834489 171
 0 1 12.500000 2.947622 5
 0 0 67.500000 1.476394 26
 6 0 27.500000 2.672882 202
 0 0 42.500000 2.695955 16
 3 1 17.500000 1.790251 103
 2 1 17.500000 1.231415 71
 1 0 52.500000 2.065175 52
 0 0 17.500000 2.682504 6
 0 1 47.500000 2.956933 19
 0 1 77.500000 2.353196 31
 1 1 32.500000 2.053012 45
 2 0 12.500000 1.354363 68
 0 1 2.500000 1.585282 1
 1 0 42.500000 2.257421 48
 0 0 27.500000 2.810400 10
 0 0 57.500000 2.660181 22
 3 0 52.500000 1.394791 116
 1 0 47.500000 2.859963 50
 9 0 52.500000 1.127360 308
 388803.773294 28
 0 1 22.500000 1.691724 9
 0 0 77.500000 2.220048 30
 11 0 67.500000 2.049342 378
 2 0 2.500000 2.524159 64
 1 1 67.500000 2.791734 59
 1 0 22.500000 2.927557 40
 0 0 17.500000 2.682504 6
 9 0 22.500000 2.507593 296
 3 0 52.500000 1.394791 116
 1 0 27.500000 2.081538 42
 2 1 22.500000 2.243238 73
 7 1 72.500000 2.291168 253
 0 1 52.500000 2.860276 21
 0 0 32.500000 1.593541 12
 2 0 7.500000 2.325666 66
 0 1 67.500000 1.758978 27
 0 1 77.500000 2.353196 31
 1 1 62.500000 1.360706 57
 1 0 37.500000 2.978490 46
 0 1 62.500000 2.222733 25
 1 0 2.500000 2.169154 32
 2 1 2.500000 1.537950 65
 1 0 52.500000 2.065175 52
 0 1 32.500000 2.651982 13
 0 1 27.500000 2.396834 11
 1 0 72.500000 2.670311 60
 0 1 47.500000 2.956933 19
 0 1 37.500000 2.498167 15
 1073262.188972 35
 0 1 27.500000 2.396834 11
 5 1 52.500000 1.774310 181
 0 1 67.500000 1.758978 27
 1 0 77.500000 2.648166 62
 0 1 2.500000 1.585282 1
 11 0 27.500000 2.295312 362
 0 0 42.500000 2.695955 16
 0 1 32.500000 2.651982 13
 2 0 27.500000 2.101893 74
 0 0 22.500000 2.000815 8
 1 0 47.500000 2.859963 50
 0 0 52.500000 1.180869 20
 4 0 52.500000 1.653814 148
 3 1 7.500000 2.282152 99
 2 1 17.500000 1.231415 71
 6 0 32.500000 2.545399 204
 0 1 17.500000 2.839531 7
 1 1 42.500000 2.472830 49
 1 1 77.500000 1.729073 63
 0 0 77.500000 2.220048 30
 2 0 22.500000 2.393422 72
 0 1 62.500000 2.222733 25
 1 1 57.500000 2.883062 55
 0 0 72.500000 1.149793 28
 2 1 2.500000 1.537950 65
 1 1 12.500000 2.834853 37
 1 0 2.500000 2.169154 32
 0 0 47.500000 2.466410 18
 4 1 7.500000 2.606898 131
 1 1 67.500000 2.791734 59
 0 0 37.500000 1.864134 14
 0 0 17.500000 2.682504 6
 0 1 57.500000 1.655504 23
 1 1 52.500000 1.397824 53
 1 0 52.500000 2.065175 52
 1032046.347108 8
 8 1 32.500000 2.528988 269
 2 1 12.500000 2.782591 69
 3 1 7.500000 2.282152 99
 1 1 22.500000 1.452971 41
 1 1 37.500000 1.488562 47
 0 0 42.500000 2.695955 16
 6 1 27.500000 1.129681 203
 3 0 7.500000 2.330593 98
 718804.890215 28
 1 1 47.500000 1.398231 51
 1 1 7.500000 2.598662 35
 2 0 7.500000 2.325666 66
 9 0 22.500000 2.507593 296
 1 1 37.500000 1.488562 47
 0 1 7.500000 1.507668 3
 0 0 7.500000 1.841227 2
 1 0 12.500000 1.719809 36
 1 0 62.500000 1.615479 56
 0 1 17.500000 2.839531 7
 3 0 32.500000 2.879299 108
 1 0 72.500000 2.670311 60
 2 1 27.500000 2.515993 75
 2 0 22.500000 2.393422 72
 1 1 52.500000 1.397824 53
 0 0 57.500000 2.660181 22
 2 1 7.500000 1.475299 67
 0 1 42.500000 2.907745 17
 0 0 67.500000 1.476394 26
 0 0 52.500000 1.180869 20
 0 0 72.500000 1.149793 28
 1 1 57.500000 2.883062 55
 1 0 17.500000 1.367592 38
 0 0 37.500000 1.864134 14
 2 1 12.500000 2.782591 69
 7 0 72.500000 2.597863 252
 0 1 57.500000 1.655504 23
 0 1 72.500000 2.575726 29
 1505854.695526 27
 0 1 67.500000 1.758978 27
 0 1 72.500000 2.575726 29
 0 0 47.500000 2.466410 18
 7 1 77.500000 2.643664 255
 0 0 67.500000 1.476394 26
 0 1 77.500000 2.353196 31
 0 0 37.500000 1.864134 14
 2 0 27.500000 2.101893 74
 0 1 42.500000 2.907745 17
 2 1 12.500000 2.782591 69
 3 0 7.500000 2.330593 98
 2 0 22.500000 2.393422 72
 1 0 47.500000 2.859963 50
 3 1 7.500000 2.282152 99
 1 1 72.500000 1.916383 61
 1 0 57.500000 1.227636 54
 3 1 42.500000 1.108106 113
 4 1 37.500000 1.746194 143
 2 0 2.500000 2.524159 64
 0 1 7.500000 1.507668 3
 0 0 62.500000 2.057727 24
 1 0 7.500000 1.646016 34
 0 1 37.500000 2.498167 15
 0 0 27.500000 2.810400 10
 8 0 62.500000 2.495181 280
 0 1 52.500000 2.860276 21
 1 0 77.500000 2.648166 62
 756493.274736 25
 0 0 72.500000 1.149793 28
 1 0 27.500000 2.081538 42
 0 0 17.500000 2.682504 6
 2 0 2.500000 2.524159 64
 0 0 67.500000 1.476394 26
 1 0 57.500000 1.227636 54
 1 0 7.500000 1.646016 34
 2 1 52.500000 1.265525 85
 0 0 2.500000 2.165978 0
 1 1 47.500000 1.398231 51
 10 1 32.500000 1.914669 333
 2 0 32.500000 2.301955 76
 1 1 62.500000 1.360706 57
 2 1 57.500000 1.703266 87
 1 0 77.500000 2.648166 62
 1 0 2.500000 2.169154 32
 2 1 27.500000 2.515993 75
 2 1 2.500000 1.537950 65
 3 1 47.500000 2.663021 115
 1 1 72.500000 1.916383 61
 2 0 12.500000 1.354363 68
 2 0 17.500000 1.010367 70
 9 0 2.500000 2.381537 288
 1 1 7.500000 2.598662 35
 1 1 57.500000 2.883062 55
 1347740.441183 33
 0 1 2.500000 1.585282 1
 2 1 17.500000 1.231415 71
 2 0 17.500000 1.010367 70
 6 1 22.500000 1.819758 201
 0 1 22.500000 1.691724 9
 2 1 2.500000 1.537950 65
 1 0 47.500000 2.859963 50
 1 1 2.500000 2.974097 33
 0 1 67.500000 1.758978 27
 0 0 17.500000 2.682504 6
 0 0 47.500000 2.466410 18
 2 0 12.500000 1.354363 68
 1 1 42.500000 2.472830 49
 10 1 2.500000 1.895245 321
 0 0 67.500000 1.476394 26
 0 0 77.500000 2.220048 30
 0 1 77.500000 2.353196 31
 0 0 72.500000 1.149793 28
 2 0 2.500000 2.524159 64
 1 0 17.500000 1.367592 38
 0 0 2.500000 2.165978 0
 0 1 47.500000 2.956933 19
 0 1 27.500000 2.396834 11
 1 1 47.500000 1.398231 51
 2 1 52.500000 1.265525 85
 0 0 42.500000 2.695955 16
 0 1 72.500000 2.575726 29
 1 1 17.500000 1.122088 39
 4 1 42.500000 2.453168 145
 2 1 7.500000 1.475299 67
 0 1 57.500000 1.655504 23
 1 0 62.500000 1.615479 56
 10 0 77.500000 1.538423 350
 190398.634370 31
 8 1 37.500000 2.985758 271
 1 1 27.500000 2.411760 43
 1 0 72.500000 2.670311 60
 0 0 27.500000 2.810400 10
 5 0 42.500000 1.564321 176
 1 1 17.500000 1.122088 39
 5 0 67.500000 1.057748 186
 1 1 72.500000 1.916383 61
 11 0 2.500000 1.972657 352
 0 0 42.500000 2.695955 16
 1 1 77.500000 1.729073 63
 2 1 2.500000 1.537950 65
 0 1 47.500000 2.956933 19
 1 0 17.500000 1.367592 38
 4 1 7.500000 2.606898 131
 4 0 12.500000 2.135082 132
 0 0 32.500000 1.593541 12
 0 1 62.500000 2.222733 25
 1 1 7.500000 2.598662 35
 1 1 67.500000 2.791734 59
 1 1 42.500000 2.472830 49
 5 1 62.500000 2.408821 185
 0 1 32.500000 2.651982 13
 4 1 52.500000 1.656193 149
 2 1 17.500000 1.231415 71
 0 0 37.500000 1.864134 14
 2 0 27.500000 2.101893 74
 3 1 37.500000 1.375125 111
 0 0 72.500000 1.149793 28
 1 0 57.500000 1.227636 54
 2 0 57.500000 1.674047 86
 1892832.691526 24
 1 1 17.500000 1.122088 39
 0 1 17.500000 2.839531 7
 0 1 72.500000 2.575726 29
 0 0 67.500000 1.476394 26
 0 1 77.500000 2.353196 31
 2 1 7.500000 1.475299 67
 0 1 22.500000 1.691724 9
 1 1 57.500000 2.883062 55
 2 0 17.500000 1.010367 70
 2 1 42.500000 2.599287 81
 1 0 27.500000 2.081538 42
 9 0 37.500000 1.847480 302
 0 0 22.500000 2.000815 8
 0 1 42.500000 2.907745 17
 10 0 2.500000 2.474558 320
 3 0 7.500000 2.330593 98
 1 0 72.500000 2.670311 60
 1 0 2.500000 2.169154 32
 0 1 7.500000 1.507668 3
 2 1 27.500000 2.515993 75
 4 0 32.500000 2.287286 140
 0 0 12.500000 1.378173 4
 0 0 27.500000 2.810400 10
 1 1 7.500000 2.598662 35