 Numero de pedidos 
 100
 duedate num_referencias // pasillo lado altura peso
 1356478.081847 27
 1 1 32.500000 1.755773 45
 4 0 2.500000 2.835913 128
 9 0 12.500000 1.236002 292
 6 1 62.500000 2.849252 217
 6 0 67.500000 1.675682 218
 11 1 37.500000 1.054983 367
 8 0 52.500000 1.162684 276
 4 0 52.500000 1.507048 148
 8 1 7.500000 1.943230 259
 2 0 47.500000 1.388774 82
 11 1 7.500000 2.473997 355
 9 0 7.500000 1.590711 290
 8 0 42.500000 2.718471 272
 9 0 27.500000 2.050524 298
 7 0 67.500000 2.482541 250
 8 1 62.500000 2.111583 281
 0 0 7.500000 1.693065 2
 7 1 72.500000 1.768135 253
 4 1 12.500000 1.596689 133
 6 0 27.500000 2.485692 202
 9 0 37.500000 2.703278 302
 4 1 2.500000 1.524423 129
 8 0 17.500000 2.452228 262
 3 1 47.500000 1.088044 115
 4 1 52.500000 1.567769 149
 6 0 22.500000 1.028100 200
 1 1 42.500000 1.451493 49
 172726.343932 28
 9 1 17.500000 1.321188 295
 10 1 17.500000 2.549633 327
 11 1 27.500000 1.421384 363
 2 1 52.500000 2.116223 85
 1 1 62.500000 2.622321 57
 10 0 67.500000 1.408047 346
 9 1 67.500000 2.626126 315
 9 1 27.500000 1.561926 299
 8 0 12.500000 1.081706 260
 8 1 62.500000 2.111583 281
 5 0 17.500000 2.615406 166
 4 0 22.500000 2.739170 136
 8 0 52.500000 1.162684 276
 6 1 72.500000 1.017613 221
 2 0 47.500000 1.388774 82
 0 0 47.500000 1.646178 18
 1 0 2.500000 1.112706 32
 3 0 57.500000 1.127347 118
 11 0 72.500000 1.248950 380
 1 1 72.500000 2.050281 61
 4 0 17.500000 1.707815 134
 6 0 57.500000 1.862855 214
 6 1 62.500000 2.849252 217
 6 0 27.500000 2.485692 202
 1 1 47.500000 1.223493 51
 4 1 57.500000 1.022065 151
 7 0 52.500000 1.494927 244
 11 1 32.500000 1.371874 365
 51042.436590 5
 2 0 42.500000 1.874895 80
 8 1 47.500000 1.665930 275
 5 0 42.500000 2.559628 176
 11 0 72.500000 1.248950 380
 0 0 62.500000 1.769578 24
 505319.141813 25
 7 0 52.500000 1.494927 244
 0 0 62.500000 1.769578 24
 11 1 52.500000 1.918912 373
 11 1 27.500000 1.421384 363
 9 1 67.500000 2.626126 315
 1 0 52.500000 1.818461 52
 7 1 72.500000 1.768135 253
 6 0 62.500000 1.323929 216
 0 1 57.500000 1.473577 23
 6 1 17.500000 2.721207 199
 7 0 72.500000 2.602564 252
 0 1 2.500000 1.238714 1
 10 1 57.500000 1.704369 343
 0 0 47.500000 1.646178 18
 0 1 42.500000 1.193509 17
 9 1 27.500000 1.561926 299
 10 1 47.500000 1.165183 339
 6 0 22.500000 1.028100 200
 8 0 47.500000 1.675102 274
 5 0 22.500000 2.848166 168
 10 0 62.500000 2.225178 344
 6 0 67.500000 1.675682 218
 2 1 72.500000 2.150723 93
 1 0 7.500000 2.278994 34
 10 1 22.500000 1.045590 329
 728160.382345 4
 0 1 47.500000 2.727253 19
 3 1 67.500000 1.762331 123
 8 0 52.500000 1.162684 276
 8 1 72.500000 1.485521 285
 1034950.226729 35
 6 1 7.500000 1.899355 195
 7 0 52.500000 1.494927 244
 9 0 27.500000 2.050524 298
 4 1 42.500000 2.753464 145
 3 0 27.500000 1.156496 106
 10 1 67.500000 1.056154 347
 2 1 47.500000 1.025930 83
 4 1 67.500000 1.324985 155
 7 0 72.500000 2.602564 252
 6 1 22.500000 2.707694 201
 3 0 37.500000 1.617933 110
 5 1 72.500000 2.526766 189
 10 1 17.500000 2.549633 327
 10 1 47.500000 1.165183 339
 6 0 67.500000 1.675682 218
 4 0 22.500000 2.739170 136
 0 0 77.500000 2.747853 30
 2 0 42.500000 1.874895 80
 7 0 27.500000 1.167700 234
 8 0 52.500000 1.162684 276
 1 1 32.500000 1.755773 45
 0 1 27.500000 1.807052 11
 5 0 22.500000 2.848166 168
 5 0 17.500000 2.615406 166
 1 0 77.500000 1.200378 62
 6 1 62.500000 2.849252 217
 0 0 62.500000 1.769578 24
 9 0 52.500000 2.655514 308
 5 0 62.500000 1.712085 184
 11 1 27.500000 1.421384 363
 10 0 77.500000 1.244324 350
 5 0 2.500000 1.478162 160
 4 0 2.500000 2.835913 128
 6 0 57.500000 1.862855 214
 2 1 72.500000 2.150723 93
 1117950.471769 25
 0 1 2.500000 1.238714 1
 5 0 22.500000 2.848166 168
 11 1 52.500000 1.918912 373
 5 0 27.500000 2.979430 170
 5 0 62.500000 1.712085 184
 8 0 2.500000 2.182136 256
 9 1 67.500000 2.626126 315
 9 1 17.500000 1.321188 295
 9 0 7.500000 1.590711 290
 8 0 42.500000 2.718471 272
 2 1 67.500000 2.458925 91
 8 1 62.500000 2.111583 281
 10 0 2.500000 2.691406 320
 0 0 7.500000 1.693065 2
 6 0 67.500000 1.675682 218
 2 0 32.500000 1.238957 76
 6 0 22.500000 1.028100 200
 9 1 27.500000 1.561926 299
 10 0 77.500000 1.244324 350
 4 0 2.500000 2.835913 128
 7 1 52.500000 1.763599 245
 3 0 27.500000 1.156496 106
 5 1 67.500000 2.719544 187
 5 1 47.500000 2.318488 179
 10 0 67.500000 1.408047 346
 1882633.810678 15
 6 0 67.500000 1.675682 218
 10 1 22.500000 1.045590 329
 3 0 57.500000 1.127347 118
 8 0 2.500000 2.182136 256
 4 0 17.500000 1.707815 134
 8 1 62.500000 2.111583 281
 5 1 17.500000 1.660006 167
 4 1 32.500000 1.676410 141
 8 0 47.500000 1.675102 274
 10 0 67.500000 1.408047 346
 10 0 77.500000 1.244324 350
 9 1 67.500000 2.626126 315
 1 0 42.500000 1.508723 48
 2 1 67.500000 2.458925 91
 0 1 52.500000 2.585337 21
 1727047.581303 21
 8 0 52.500000 1.162684 276
 6 1 62.500000 2.849252 217
 9 0 2.500000 2.853878 288
 1 1 72.500000 2.050281 61
 11 0 52.500000 1.039750 372
 6 0 67.500000 1.675682 218
 3 0 47.500000 1.352117 114
 1 0 57.500000 1.037015 54
 7 0 52.500000 1.494927 244
 6 0 22.500000 1.028100 200
 0 0 77.500000 2.747853 30
 9 0 32.500000 1.554658 300
 11 1 37.500000 1.054983 367
 8 0 2.500000 2.182136 256
 5 0 62.500000 1.712085 184
 9 0 7.500000 1.590711 290
 0 1 42.500000 1.193509 17
 9 0 27.500000 2.050524 298
 6 0 27.500000 2.485692 202
 3 1 57.500000 1.507848 119
 5 1 67.500000 2.719544 187
 1203531.651685 16
 10 0 67.500000 1.408047 346
 5 0 22.500000 2.848166 168
 0 1 2.500000 1.238714 1
 8 1 47.500000 1.665930 275
 7 0 52.500000 1.494927 244
 3 1 7.500000 1.651771 99
 5 1 32.500000 1.579672 173
 6 1 17.500000 2.721207 199
 9 1 67.500000 2.626126 315
 2 1 57.500000 1.737346 87
 6 0 27.500000 2.485692 202
 0 0 7.500000 1.693065 2
 9 0 27.500000 2.050524 298
 0 0 62.500000 1.769578 24
 6 1 62.500000 2.849252 217
 5 0 17.500000 2.615406 166
 1469044.097415 10
 5 1 67.500000 2.719544 187
 1 0 42.500000 1.508723 48
 6 0 22.500000 1.028100 200
 9 0 2.500000 2.853878 288
 2 0 32.500000 1.238957 76
 11 0 32.500000 2.589543 364
 10 0 17.500000 1.395321 326
 3 0 77.500000 2.897130 126
 8 1 47.500000 1.665930 275
 0 0 52.500000 1.747553 20
 129205.106501 2
 8 1 47.500000 1.665930 275
 10 1 22.500000 1.045590 329
 390968.999728 33
 2 0 52.500000 2.858565 84
 5 0 62.500000 1.712085 184
 10 0 77.500000 1.244324 350
 1 0 42.500000 1.508723 48
 7 0 52.500000 1.494927 244
 10 0 17.500000 1.395321 326
 0 0 62.500000 1.769578 24
 4 0 2.500000 2.835913 128
 0 0 7.500000 1.693065 2
 10 0 52.500000 1.090214 340
 4 0 17.500000 1.707815 134
 11 0 37.500000 1.013595 366
 0 1 2.500000 1.238714 1
 1 0 57.500000 1.037015 54
 11 1 52.500000 1.918912 373
 8 1 72.500000 1.485521 285
 8 1 62.500000 2.111583 281
 0 1 42.500000 1.193509 17
 1 1 42.500000 1.451493 49
 1 1 32.500000 1.755773 45
 5 1 12.500000 2.508272 165
 2 0 12.500000 1.531237 68
 7 1 72.500000 1.768135 253
 0 0 72.500000 1.862034 28
 9 0 52.500000 2.655514 308
 11 1 37.500000 1.054983 367
 9 0 7.500000 1.590711 290
 9 0 32.500000 1.554658 300
 4 0 22.500000 2.739170 136
 0 1 72.500000 1.160568 29
 11 1 32.500000 1.371874 365
 6 1 32.500000 1.414669 205
 8 0 42.500000 2.718471 272
 69470.429378 20
 4 1 12.500000 1.596689 133
 11 0 12.500000 1.687847 356
 2 0 47.500000 1.388774 82
 5 0 27.500000 2.979430 170
 1 1 72.500000 2.050281 61
 1 1 42.500000 1.451493 49
 7 0 72.500000 2.602564 252
 11 1 52.500000 1.918912 373
 1 1 62.500000 2.622321 57
 10 0 52.500000 1.090214 340
 8 0 27.500000 1.299562 266
 2 0 67.500000 1.505509 90
 1 1 47.500000 1.223493 51
 7 0 52.500000 1.494927 244
 1 1 32.500000 1.755773 45
 11 1 27.500000 1.421384 363
 11 1 57.500000 2.705748 375
 0 0 47.500000 1.646178 18
 6 0 62.500000 1.323929 216
 2 0 27.500000 2.367051 74
 76776.466014 25
 1 1 47.500000 1.223493 51
 0 1 42.500000 1.193509 17
 6 0 27.500000 2.485692 202
 3 0 57.500000 1.127347 118
 0 0 27.500000 1.821569 10
 6 1 62.500000 2.849252 217
 2 0 2.500000 2.829801 64
 8 0 2.500000 2.182136 256
 11 1 32.500000 1.371874 365
 10 0 17.500000 1.395321 326
 3 0 37.500000 1.617933 110
 4 0 17.500000 1.707815 134
 8 0 42.500000 2.718471 272
 6 1 17.500000 2.721207 199
 2 1 52.500000 2.116223 85
 9 0 62.500000 1.763079 312
 6 0 22.500000 1.028100 200
 6 0 67.500000 1.675682 218
 5 1 72.500000 2.526766 189
 10 1 47.500000 1.165183 339
 11 1 27.500000 1.421384 363
 10 1 67.500000 1.056154 347
 7 0 72.500000 2.602564 252
 7 0 37.500000 1.936443 238
 1 1 42.500000 1.451493 49
 434708.315858 13
 3 0 57.500000 1.127347 118
 8 1 62.500000 2.111583 281
 2 0 27.500000 2.367051 74
 2 1 42.500000 1.901927 81
 9 0 7.500000 1.590711 290
 2 0 67.500000 1.505509 90
 1 0 17.500000 2.245352 38
 10 1 57.500000 1.704369 343
 11 0 52.500000 1.039750 372
 1 0 2.500000 1.112706 32
 9 1 27.500000 1.561926 299
 1 1 62.500000 2.622321 57
 8 1 72.500000 1.485521 285
 724363.700638 22
 5 0 22.500000 2.848166 168
 6 1 62.500000 2.849252 217
 2 1 52.500000 2.116223 85
 9 1 27.500000 1.561926 299
 1 1 32.500000 1.755773 45
 6 1 67.500000 1.030925 219
 3 1 7.500000 1.651771 99
 3 1 57.500000 1.507848 119
 6 1 72.500000 1.017613 221
 0 0 27.500000 1.821569 10
 2 0 27.500000 2.367051 74
 1 0 2.500000 1.112706 32
 2 1 67.500000 2.458925 91
 2 1 72.500000 2.150723 93
 8 1 72.500000 1.485521 285
 9 0 52.500000 2.655514 308
 10 0 77.500000 1.244324 350
 1 0 57.500000 1.037015 54
 8 0 42.500000 2.718471 272
 1 0 42.500000 1.508723 48
 5 1 7.500000 2.911802 163
 5 1 72.500000 2.526766 189
 1304213.626266 15
 9 1 7.500000 2.173035 291
 11 1 37.500000 1.054983 367
 11 0 47.500000 1.753157 370
 0 0 62.500000 1.769578 24
 2 0 32.500000 1.238957 76
 5 1 72.500000 2.526766 189
 2 1 52.500000 2.116223 85
 3 0 27.500000 1.156496 106
 11 0 52.500000 1.039750 372
 3 0 77.500000 2.897130 126
 3 0 17.500000 2.012361 102
 11 0 27.500000 2.029258 362
 1 0 7.500000 2.278994 34
 1 0 37.500000 1.139971 46
 2 0 67.500000 1.505509 90
 868575.445446 23
 10 1 22.500000 1.045590 329
 10 0 17.500000 1.395321 326
 5 0 62.500000 1.712085 184
 9 0 47.500000 1.535985 306
 3 0 27.500000 1.156496 106
 2 1 67.500000 2.458925 91
 5 1 12.500000 2.508272 165
 7 1 72.500000 1.768135 253
 6 0 67.500000 1.675682 218
 8 0 52.500000 1.162684 276
 0 0 52.500000 1.747553 20
 11 0 27.500000 2.029258 362
 5 0 22.500000 2.848166 168
 4 1 67.500000 1.324985 155
 6 0 62.500000 1.323929 216
 5 1 67.500000 2.719544 187
 1 1 32.500000 1.755773 45
 1 1 42.500000 1.451493 49
 3 1 2.500000 1.747697 97
 1 1 47.500000 1.223493 51
 2 1 72.500000 2.150723 93
 11 1 52.500000 1.918912 373
 8 0 7.500000 1.270574 258
 1827509.858062 2
 11 1 27.500000 1.421384 363
 1 0 32.500000 1.478442 44
 886092.280003 32
 10 0 52.500000 1.090214 340
 0 0 27.500000 1.821569 10
 11 1 32.500000 1.371874 365
 9 0 2.500000 2.853878 288
 1 1 72.500000 2.050281 61
 9 0 27.500000 2.050524 298
 7 1 12.500000 1.294837 229
 1 0 42.500000 1.508723 48
 2 1 72.500000 2.150723 93
 10 0 77.500000 1.244324 350
 9 0 47.500000 1.535985 306
 10 0 67.500000 1.408047 346
 3 1 32.500000 2.927208 109
 8 0 42.500000 2.718471 272
 4 1 62.500000 2.163726 153
 6 0 22.500000 1.028100 200
 2 1 52.500000 2.116223 85
 5 1 72.500000 2.526766 189
 5 0 27.500000 2.979430 170
 2 0 47.500000 1.388774 82
 8 1 47.500000 1.665930 275
 6 1 17.500000 2.721207 199
 8 1 62.500000 2.111583 281
 10 1 57.500000 1.704369 343
 4 0 22.500000 2.739170 136
 5 1 47.500000 2.318488 179
 3 1 7.500000 1.651771 99
 1 1 47.500000 1.223493 51
 2 0 67.500000 1.505509 90
 1 1 62.500000 2.622321 57
 6 0 27.500000 2.485692 202
 2 0 32.500000 1.238957 76
 1110905.698049 9
 10 1 22.500000 1.045590 329
 0 1 42.500000 1.193509 17
 5 0 22.500000 2.848166 168
 4 1 52.500000 1.567769 149
 8 1 47.500000 1.665930 275
 5 0 17.500000 2.615406 166
 4 0 17.500000 1.707815 134
 2 1 72.500000 2.150723 93
 2 1 67.500000 2.458925 91
 1951995.943297 1
 2 0 47.500000 1.388774 82
 329724.882026 13
 11 1 37.500000 1.054983 367
 9 0 27.500000 2.050524 298
 10 0 67.500000 1.408047 346
 1 1 72.500000 2.050281 61
 1 0 37.500000 1.139971 46
 7 0 52.500000 1.494927 244
 11 1 52.500000 1.918912 373
 1 1 62.500000 2.622321 57
 6 0 22.500000 1.028100 200
 4 1 2.500000 1.524423 129
 2 1 67.500000 2.458925 91
 3 0 27.500000 1.156496 106
 8 1 47.500000 1.665930 275
 511811.121959 14
 10 1 17.500000 2.549633 327
 4 0 2.500000 2.835913 128
 6 0 62.500000 1.323929 216
 3 0 47.500000 1.352117 114
 5 0 57.500000 2.498172 182
 8 1 62.500000 2.111583 281
 10 1 57.500000 1.704369 343
 6 0 27.500000 2.485692 202
 0 0 67.500000 2.656973 26
 1 1 42.500000 1.451493 49
 5 0 17.500000 2.615406 166
 10 0 17.500000 1.395321 326
 6 1 72.500000 1.017613 221
 11 0 2.500000 1.754615 352
 1396380.628830 28
 5 0 62.500000 1.712085 184
 4 1 67.500000 1.324985 155
 9 0 7.500000 1.590711 290
 11 0 52.500000 1.039750 372
 2 1 72.500000 2.150723 93
 9 0 52.500000 2.655514 308
 1 1 47.500000 1.223493 51
 4 0 2.500000 2.835913 128
 10 0 32.500000 1.439980 332
 9 1 72.500000 1.636009 317
 0 0 52.500000 1.747553 20
 4 0 47.500000 2.969509 146
 10 0 2.500000 2.691406 320
 1 0 2.500000 1.112706 32
 11 0 47.500000 1.753157 370
 3 0 7.500000 2.534771 98
 9 0 2.500000 2.853878 288
 2 0 67.500000 1.505509 90
 6 0 57.500000 1.862855 214
 2 1 52.500000 2.116223 85
 8 0 42.500000 2.718471 272
 2 0 42.500000 1.874895 80
 9 1 27.500000 1.561926 299
 1 0 42.500000 1.508723 48
 10 1 57.500000 1.704369 343
 8 1 47.500000 1.665930 275
 0 0 72.500000 1.862034 28
 0 0 77.500000 2.747853 30
 307530.599398 34
 6 0 67.500000 1.675682 218
 0 0 72.500000 1.862034 28
 10 0 67.500000 1.408047 346
 4 0 2.500000 2.835913 128
 7 0 72.500000 2.602564 252
 1 0 2.500000 1.112706 32
 10 0 32.500000 1.439980 332
 8 0 42.500000 2.718471 272
 0 0 52.500000 1.747553 20
 9 0 7.500000 1.590711 290
 6 0 27.500000 2.485692 202
 5 0 62.500000 1.712085 184
 10 0 52.500000 1.090214 340
 5 1 67.500000 2.719544 187
 0 0 77.500000 2.747853 30
 5 1 72.500000 2.526766 189
 9 0 27.500000 2.050524 298
 1 1 32.500000 1.755773 45
 9 0 32.500000 1.554658 300
 4 1 67.500000 1.324985 155
 11 1 42.500000 2.076892 369
 2 1 37.500000 1.699621 79
 10 0 77.500000 1.244324 350
 1 0 42.500000 1.508723 48
 10 0 17.500000 1.395321 326
 10 1 47.500000 1.165183 339
 8 0 52.500000 1.162684 276
 9 1 77.500000 2.256912 319
 3 1 37.500000 2.405334 111
 2 0 27.500000 2.367051 74
 11 1 32.500000 1.371874 365
 6 0 22.500000 1.028100 200
 6 1 17.500000 2.721207 199
 1 1 12.500000 2.396295 37
 1360159.660708 3
 6 1 37.500000 1.336544 207
 10 1 42.500000 2.391497 337
 2 0 47.500000 1.388774 82
 638313.790112 13
 4 1 17.500000 2.126769 135
 11 0 47.500000 1.753157 370
 1 1 2.500000 2.215268 33
 2 0 27.500000 2.367051 74
 0 0 7.500000 1.693065 2
 8 1 12.500000 1.328434 261
 0 0 77.500000 2.747853 30
 6 0 22.500000 1.028100 200
 9 1 17.500000 1.321188 295
 3 0 27.500000 1.156496 106
 9 0 32.500000 1.554658 300
 0 0 47.500000 1.646178 18
 6 0 7.500000 1.242677 194
 802006.429472 19
 0 1 27.500000 1.807052 11
 7 1 72.500000 1.768135 253
 11 1 52.500000 1.918912 373
 4 0 22.500000 2.739170 136
 5 1 67.500000 2.719544 187
 4 0 17.500000 1.707815 134
 2 0 37.500000 2.711418 78
 0 1 37.500000 2.942359 15
 9 1 67.500000 2.626126 315
 6 0 67.500000 1.675682 218
 9 1 17.500000 1.321188 295
 0 0 62.500000 1.769578 24
 1 1 32.500000 1.755773 45
 3 0 47.500000 1.352117 114
 5 0 27.500000 2.979430 170
 2 1 52.500000 2.116223 85
 1 0 2.500000 1.112706 32
 1 1 62.500000 2.622321 57
 11 1 37.500000 1.054983 367
 1344706.921291 8
 1 0 42.500000 1.508723 48
 1 0 22.500000 1.315733 40
 4 0 72.500000 1.547380 156
 8 1 72.500000 1.485521 285
 2 0 27.500000 2.367051 74
 2 0 42.500000 1.874895 80
 9 1 67.500000 2.626126 315
 7 0 72.500000 2.602564 252
 263680.391602 31
 5 1 72.500000 2.526766 189
 1 1 47.500000 1.223493 51
 11 0 47.500000 1.753157 370
 1 1 72.500000 2.050281 61
 11 1 27.500000 1.421384 363
 7 0 52.500000 1.494927 244
 10 0 17.500000 1.395321 326
 10 1 22.500000 1.045590 329
 0 1 52.500000 2.585337 21
 8 1 72.500000 1.485521 285
 1 1 42.500000 1.451493 49
 10 1 47.500000 1.165183 339
 6 0 67.500000 1.675682 218
 10 0 67.500000 1.408047 346
 9 0 32.500000 1.554658 300
 9 0 27.500000 2.050524 298
 2 0 67.500000 1.505509 90
 8 0 2.500000 2.182136 256
 1 1 62.500000 2.622321 57
 2 0 42.500000 1.874895 80
 7 0 7.500000 1.048468 226
 4 1 12.500000 1.596689 133
 0 1 42.500000 1.193509 17
 1 0 2.500000 1.112706 32
 1 0 7.500000 2.278994 34
 0 1 7.500000 2.262660 3
 10 0 77.500000 1.244324 350
 2 1 72.500000 2.150723 93
 9 0 47.500000 1.535985 306
 0 0 77.500000 2.747853 30
 4 1 67.500000 1.324985 155
 1274212.040600 3
 11 0 47.500000 1.753157 370
 5 1 72.500000 2.526766 189
 2 0 32.500000 1.238957 76
 327414.638217 13
 8 1 72.500000 1.485521 285
 3 0 27.500000 1.156496 106
 11 0 72.500000 1.248950 380
 1 1 32.500000 1.755773 45
 3 0 57.500000 1.127347 118
 0 1 2.500000 1.238714 1
 8 1 62.500000 2.111583 281
 3 1 77.500000 2.350923 127
 5 0 22.500000 2.848166 168
 8 0 52.500000 1.162684 276
 8 1 2.500000 2.734627 257
 8 0 42.500000 2.718471 272
 0 1 42.500000 1.193509 17
 1696667.133652 21
 2 0 42.500000 1.874895 80
 11 0 47.500000 1.753157 370
 5 0 62.500000 1.712085 184
 9 1 67.500000 2.626126 315
 4 0 2.500000 2.835913 128
 9 0 47.500000 1.535985 306
 6 0 27.500000 2.485692 202
 1 0 57.500000 1.037015 54
 10 1 22.500000 1.045590 329
 7 0 52.500000 1.494927 244
 10 1 17.500000 2.549633 327
 5 1 72.500000 2.526766 189
 6 0 57.500000 1.862855 214
 6 1 62.500000 2.849252 217
 3 0 57.500000 1.127347 118
 0 1 27.500000 1.807052 11
 8 1 47.500000 1.665930 275
 6 0 67.500000 1.675682 218
 11 0 52.500000 1.039750 372
 4 0 17.500000 1.707815 134
 10 1 47.500000 1.165183 339
 1448460.587453 33
 5 1 47.500000 2.318488 179
 5 1 32.500000 1.579672 173
 9 0 32.500000 1.554658 300
 4 0 2.500000 2.835913 128
 6 0 57.500000 1.862855 214
 10 0 12.500000 1.709380 324
 8 1 72.500000 1.485521 285
 5 0 62.500000 1.712085 184
 2 0 47.500000 1.388774 82
 4 0 22.500000 2.739170 136
 0 0 57.500000 2.538522 22
 0 0 7.500000 1.693065 2
 1 1 32.500000 1.755773 45
 5 1 52.500000 2.801924 181
 10 0 22.500000 1.777039 328
 0 0 72.500000 1.862034 28
 8 0 42.500000 2.718471 272
 0 1 27.500000 1.807052 11
 11 1 37.500000 1.054983 367
 3 0 47.500000 1.352117 114
 6 0 22.500000 1.028100 200
 11 0 52.500000 1.039750 372
 9 0 47.500000 1.535985 306
 8 1 47.500000 1.665930 275
 9 0 27.500000 2.050524 298
 3 1 27.500000 2.445447 107
 3 0 27.500000 1.156496 106
 9 1 67.500000 2.626126 315
 0 0 47.500000 1.646178 18
 10 0 52.500000 1.090214 340
 0 0 77.500000 2.747853 30
 0 0 52.500000 1.747553 20
 3 1 12.500000 2.281598 101
 187560.465218 20
 7 1 57.500000 2.633212 247
 11 1 32.500000 1.371874 365
 10 1 22.500000 1.045590 329
 0 1 42.500000 1.193509 17
 5 1 67.500000 2.719544 187
 0 0 7.500000 1.693065 2
 5 0 22.500000 2.848166 168
 2 0 32.500000 1.238957 76
 0 0 72.500000 1.862034 28
 0 1 2.500000 1.238714 1
 2 1 52.500000 2.116223 85
 9 0 27.500000 2.050524 298
 6 1 72.500000 1.017613 221
 7 0 72.500000 2.602564 252
 7 0 12.500000 1.831059 228
 7 0 52.500000 1.494927 244
 2 1 42.500000 1.901927 81
 0 1 27.500000 1.807052 11
 9 0 7.500000 1.590711 290
 6 0 27.500000 2.485692 202
 1875093.614550 12
 2 0 27.500000 2.367051 74
 6 0 47.500000 2.718718 210
 1 0 2.500000 1.112706 32
 9 0 2.500000 2.853878 288
 9 1 17.500000 1.321188 295
 2 1 12.500000 1.345238 69
 0 1 42.500000 1.193509 17
 8 0 2.500000 2.182136 256
 2 1 52.500000 2.116223 85
 1 1 42.500000 1.451493 49
 6 0 62.500000 1.323929 216
 7 0 52.500000 1.494927 244
 1228288.879948 33
 1 1 62.500000 2.622321 57
 7 1 72.500000 1.768135 253
 8 1 77.500000 2.639413 287
 4 1 7.500000 2.019517 131
 10 1 47.500000 1.165183 339
 11 0 52.500000 1.039750 372
 0 1 42.500000 1.193509 17
 7 1 42.500000 2.484678 241
 11 0 27.500000 2.029258 362
 2 1 72.500000 2.150723 93
 2 0 27.500000 2.367051 74
 2 0 42.500000 1.874895 80
 9 1 27.500000 1.561926 299
 4 0 17.500000 1.707815 134
 5 0 17.500000 2.615406 166
 3 0 47.500000 1.352117 114
 10 0 77.500000 1.244324 350
 9 0 32.500000 1.554658 300
 6 0 22.500000 1.028100 200
 5 0 27.500000 2.979430 170
 2 0 47.500000 1.388774 82
 9 0 52.500000 2.655514 308
 6 1 17.500000 2.721207 199
 5 1 72.500000 2.526766 189
 2 1 67.500000 2.458925 91
 1 0 67.500000 1.221402 58
 10 1 57.500000 1.704369 343
 10 0 67.500000 1.408047 346
 8 0 42.500000 2.718471 272
 1 1 47.500000 1.223493 51
 9 1 67.500000 2.626126 315
 6 0 57.500000 1.862855 214
 10 0 17.500000 1.395321 326
 207206.074953 21
 3 0 27.500000 1.156496 106
 3 0 47.500000 1.352117 114
 3 1 22.500000 1.204405 105
 7 0 72.500000 2.602564 252
 6 0 62.500000 1.323929 216
 0 0 77.500000 2.747853 30
 6 1 62.500000 2.849252 217
 3 1 7.500000 1.651771 99
 11 0 47.500000 1.753157 370
 5 0 72.500000 2.942684 188
 1 0 42.500000 1.508723 48
 9 1 42.500000 2.553157 305
 0 1 27.500000 1.807052 11
 5 1 67.500000 2.719544 187
 9 0 2.500000 2.853878 288
 1 0 2.500000 1.112706 32
 1 1 32.500000 1.755773 45
 10 0 52.500000 1.090214 340
 10 1 62.500000 2.560456 345
 0 1 42.500000 1.193509 17
 6 0 67.500000 1.675682 218
 1416579.285868 28
 0 0 77.500000 2.747853 30
 0 0 52.500000 1.747553 20
 11 0 52.500000 1.039750 372
 6 1 47.500000 1.410772 211
 7 0 52.500000 1.494927 244
 9 0 27.500000 2.050524 298
 1 0 42.500000 1.508723 48
 6 0 62.500000 1.323929 216
 6 0 57.500000 1.862855 214
 11 1 32.500000 1.371874 365
 1 0 37.500000 1.139971 46
 10 1 47.500000 1.165183 339
 1 1 62.500000 2.622321 57
 1 1 32.500000 1.755773 45
 5 1 17.500000 1.660006 167
 5 1 47.500000 2.318488 179
 1 0 57.500000 1.037015 54
 1 0 2.500000 1.112706 32
 11 0 47.500000 1.753157 370
 8 1 77.500000 2.639413 287
 1 1 72.500000 2.050281 61
 2 0 27.500000 2.367051 74
 4 0 22.500000 2.739170 136
 9 0 32.500000 1.554658 300
 9 1 52.500000 2.028703 309
 2 0 32.500000 1.238957 76
 10 0 67.500000 1.408047 346
 8 0 67.500000 2.481209 282
 223743.895061 6
 11 0 47.500000 1.753157 370
 9 0 2.500000 2.853878 288
 10 0 37.500000 2.626993 334
 6 0 22.500000 1.028100 200
 0 1 42.500000 1.193509 17
 5 1 67.500000 2.719544 187
 1509640.884879 22
 11 0 2.500000 1.754615 352
 2 0 47.500000 1.388774 82
 10 1 22.500000 1.045590 329
 4 0 17.500000 1.707815 134
 1 0 2.500000 1.112706 32
 1 1 62.500000 2.622321 57
 8 1 47.500000 1.665930 275
 3 1 7.500000 1.651771 99
 5 0 22.500000 2.848166 168
 1 1 72.500000 2.050281 61
 11 1 27.500000 1.421384 363
 2 1 72.500000 2.150723 93
 7 1 72.500000 1.768135 253
 0 1 42.500000 1.193509 17
 5 0 27.500000 2.979430 170
 0 1 27.500000 1.807052 11
 11 0 47.500000 1.753157 370
 2 0 32.500000 1.238957 76
 10 0 67.500000 1.408047 346
 1 1 47.500000 1.223493 51
 11 1 32.500000 1.371874 365
 11 0 72.500000 1.248950 380
 176741.387274 6
 4 0 52.500000 1.507048 148
 0 1 67.500000 2.216440 27
 9 0 32.500000 1.554658 300
 9 1 17.500000 1.321188 295
 6 0 62.500000 1.323929 216
 11 0 62.500000 2.287635 376
 338958.947239 20
 0 1 42.500000 1.193509 17
 6 1 42.500000 2.548878 209
 6 0 22.500000 1.028100 200
 10 0 22.500000 1.777039 328
 1 0 17.500000 2.245352 38
 1 0 57.500000 1.037015 54
 2 0 47.500000 1.388774 82
 1 0 42.500000 1.508723 48
 8 1 72.500000 1.485521 285
 4 1 62.500000 2.163726 153
 9 1 17.500000 1.321188 295
 6 0 62.500000 1.323929 216
 5 1 72.500000 2.526766 189
 6 1 62.500000 2.849252 217
 2 1 52.500000 2.116223 85
 10 1 47.500000 1.165183 339
 4 1 67.500000 1.324985 155
 1 1 32.500000 1.755773 45
 3 0 47.500000 1.352117 114
 10 1 42.500000 2.391497 337
 1902102.772641 21
 1 0 2.500000 1.112706 32
 3 0 72.500000 1.040622 124
 10 0 77.500000 1.244324 350
 10 1 22.500000 1.045590 329
 6 0 67.500000 1.675682 218
 1 0 42.500000 1.508723 48
 11 0 47.500000 1.753157 370
 10 1 62.500000 2.560456 345
 5 0 62.500000 1.712085 184
 10 0 52.500000 1.090214 340
 9 1 22.500000 2.382267 297
 6 0 62.500000 1.323929 216
 5 0 22.500000 2.848166 168
 9 1 27.500000 1.561926 299
 2 1 72.500000 2.150723 93
 1 0 7.500000 2.278994 34
 0 1 27.500000 1.807052 11
 8 1 72.500000 1.485521 285
 11 0 57.500000 2.765600 374
 8 1 47.500000 1.665930 275
 7 1 72.500000 1.768135 253
 325369.161165 19
 9 0 47.500000 1.535985 306
 8 0 2.500000 2.182136 256
 6 0 77.500000 1.093521 222
 7 0 2.500000 2.969139 224
 0 1 27.500000 1.807052 11
 10 0 52.500000 1.090214 340
 11 1 37.500000 1.054983 367
 11 1 52.500000 1.918912 373
 6 1 67.500000 1.030925 219
 4 1 32.500000 1.676410 141
 6 0 7.500000 1.242677 194
 2 0 67.500000 1.505509 90
 1 1 32.500000 1.755773 45
 10 1 22.500000 1.045590 329
 10 0 67.500000 1.408047 346
 10 1 47.500000 1.165183 339
 8 1 72.500000 1.485521 285
 2 0 47.500000 1.388774 82
 1 0 42.500000 1.508723 48
 1297011.743773 2
 9 0 27.500000 2.050524 298
 9 0 32.500000 1.554658 300
 1878271.881658 31
 0 1 27.500000 1.807052 11
 1 0 57.500000 1.037015 54
 8 1 42.500000 2.988099 273
 6 0 22.500000 1.028100 200
 8 0 52.500000 1.162684 276
 7 0 52.500000 1.494927 244
 2 0 32.500000 1.238957 76
 5 0 62.500000 1.712085 184
 8 0 42.500000 2.718471 272
 7 0 72.500000 2.602564 252
 1 0 42.500000 1.508723 48
 5 0 27.500000 2.979430 170
 4 1 72.500000 1.644533 157
 11 1 37.500000 1.054983 367
 9 1 67.500000 2.626126 315
 10 1 47.500000 1.165183 339
 2 0 47.500000 1.388774 82
 6 0 47.500000 2.718718 210
 0 0 47.500000 1.646178 18
 7 1 72.500000 1.768135 253
 9 0 7.500000 1.590711 290
 6 0 67.500000 1.675682 218
 4 0 2.500000 2.835913 128
 2 1 67.500000 2.458925 91
 6 1 7.500000 1.899355 195
 11 1 32.500000 1.371874 365
 0 1 77.500000 1.028978 31
 8 0 2.500000 2.182136 256
 1 1 42.500000 1.451493 49
 10 0 17.500000 1.395321 326
 11 0 27.500000 2.029258 362
 1100979.701477 7
 2 0 32.500000 1.238957 76
 10 0 77.500000 1.244324 350
 11 0 52.500000 1.039750 372
 2 1 72.500000 2.150723 93
 2 0 42.500000 1.874895 80
 5 0 27.500000 2.979430 170
 0 0 62.500000 1.769578 24
 238556.111641 32
 8 1 52.500000 2.631976 277
 0 1 42.500000 1.193509 17
 0 1 27.500000 1.807052 11
 3 0 57.500000 1.127347 118
 9 1 67.500000 2.626126 315
 8 1 42.500000 2.988099 273
 9 0 32.500000 1.554658 300
 9 0 47.500000 1.535985 306
 5 0 17.500000 2.615406 166
 1 0 37.500000 1.139971 46
 3 1 7.500000 1.651771 99
 11 0 52.500000 1.039750 372
 2 1 72.500000 2.150723 93
 10 1 32.500000 2.256700 333
 10 0 67.500000 1.408047 346
 0 1 2.500000 1.238714 1
 0 0 7.500000 1.693065 2
 6 1 17.500000 2.721207 199
 9 1 37.500000 1.482948 303
 7 1 72.500000 1.768135 253
 0 0 27.500000 1.821569 10
 9 1 17.500000 1.321188 295
 3 1 2.500000 1.747697 97
 10 1 47.500000 1.165183 339
 2 0 67.500000 1.505509 90
 1 1 62.500000 2.622321 57
 1 0 57.500000 1.037015 54
 8 1 7.500000 1.943230 259
 4 1 67.500000 1.324985 155
 11 0 22.500000 2.740306 360
 2 0 12.500000 1.531237 68
 7 0 52.500000 1.494927 244
 1556137.808299 22
 4 1 67.500000 1.324985 155
 5 0 27.500000 2.979430 170
 4 0 2.500000 2.835913 128
 0 0 7.500000 1.693065 2
 10 0 17.500000 1.395321 326
 3 0 47.500000 1.352117 114
 9 0 7.500000 1.590711 290
 4 1 62.500000 2.163726 153
 8 0 52.500000 1.162684 276
 2 1 72.500000 2.150723 93
 8 1 62.500000 2.111583 281
 9 0 2.500000 2.853878 288
 2 1 12.500000 1.345238 69
 0 0 52.500000 1.747553 20
 5 0 62.500000 1.712085 184
 9 0 32.500000 1.554658 300
 11 1 7.500000 2.473997 355
 11 0 52.500000 1.039750 372
 6 0 57.500000 1.862855 214
 10 0 52.500000 1.090214 340
 9 1 27.500000 1.561926 299
 9 1 67.500000 2.626126 315
 1677505.446355 31
 11 1 17.500000 2.315822 359
 0 0 7.500000 1.693065 2
 3 0 57.500000 1.127347 118
 3 1 7.500000 1.651771 99
 11 0 72.500000 1.248950 380
 1 1 47.500000 1.223493 51
 9 0 52.500000 2.655514 308
 11 1 67.500000 2.705391 379
 9 0 32.500000 1.554658 300
 6 0 57.500000 1.862855 214
 3 0 47.500000 1.352117 114
 8 0 52.500000 1.162684 276
 9 0 27.500000 2.050524 298
 10 0 77.500000 1.244324 350
 0 0 62.500000 1.769578 24
 10 1 22.500000 1.045590 329
 0 0 72.500000 1.862034 28
 4 0 2.500000 2.835913 128
 3 1 37.500000 2.405334 111
 10 1 57.500000 1.704369 343
 2 0 42.500000 1.874895 80
 0 0 52.500000 1.747553 20
 9 0 2.500000 2.853878 288
 10 1 47.500000 1.165183 339
 9 1 27.500000 1.561926 299
 1 0 42.500000 1.508723 48
 5 1 72.500000 2.526766 189
 6 1 37.500000 1.336544 207
 8 1 62.500000 2.111583 281
 2 1 52.500000 2.116223 85
 2 0 32.500000 1.238957 76
 1737879.766476 22
 10 1 57.500000 1.704369 343
 8 0 52.500000 1.162684 276
 2 0 52.500000 2.858565 84
 9 0 47.500000 1.535985 306
 10 1 22.500000 1.045590 329
 6 0 32.500000 1.125184 204
 8 0 42.500000 2.718471 272
 5 1 67.500000 2.719544 187
 1 1 32.500000 1.755773 45
 2 0 67.500000 1.505509 90
 0 0 7.500000 1.693065 2
 9 0 27.500000 2.050524 298
 0 1 42.500000 1.193509 17
 11 0 72.500000 1.248950 380
 2 1 52.500000 2.116223 85
 2 1 72.500000 2.150723 93
 3 0 57.500000 1.127347 118
 7 0 47.500000 1.594960 242
 9 1 27.500000 1.561926 299
 1 0 72.500000 2.037233 60
 11 0 52.500000 1.039750 372
 5 0 22.500000 2.848166 168
 807450.346056 12
 8 1 47.500000 1.665930 275
 7 0 72.500000 2.602564 252
 2 0 32.500000 1.238957 76
 1 0 42.500000 1.508723 48
 3 1 7.500000 1.651771 99
 11 0 72.500000 1.248950 380
 10 1 47.500000 1.165183 339
 7 0 62.500000 2.258805 248
 5 1 67.500000 2.719544 187
 4 0 17.500000 1.707815 134
 10 0 67.500000 1.408047 346
 11 1 52.500000 1.918912 373
 157337.527926 32
 3 1 7.500000 1.651771 99
 6 1 17.500000 2.721207 199
 9 0 52.500000 2.655514 308
 3 0 27.500000 1.156496 106
 1 1 72.500000 2.050281 61
 1 0 47.500000 1.028061 50
 6 1 37.500000 1.336544 207
 1 1 42.500000 1.451493 49
 10 1 57.500000 1.704369 343
 9 1 7.500000 2.173035 291
 0 1 42.500000 1.193509 17
 0 0 7.500000 1.693065 2
 5 0 17.500000 2.615406 166
 4 0 17.500000 1.707815 134
 4 1 52.500000 1.567769 149
 6 1 62.500000 2.849252 217
 4 1 67.500000 1.324985 155
 11 1 52.500000 1.918912 373
 1 1 52.500000 2.436624 53
 11 0 52.500000 1.039750 372
 10 1 47.500000 1.165183 339
 7 0 72.500000 2.602564 252
 2 0 27.500000 2.367051 74
 8 1 72.500000 1.485521 285
 1 0 2.500000 1.112706 32
 9 0 42.500000 1.869259 304
 6 0 57.500000 1.862855 214
 11 1 32.500000 1.371874 365
 11 1 37.500000 1.054983 367
 10 0 52.500000 1.090214 340
 11 1 27.500000 1.421384 363
 0 0 62.500000 1.769578 24
 937876.741392 6
 4 0 2.500000 2.835913 128
 6 1 37.500000 1.336544 207
 11 1 32.500000 1.371874 365
 8 0 42.500000 2.718471 272
 0 0 27.500000 1.821569 10
 10 1 47.500000 1.165183 339
 855886.475842 11
 9 0 2.500000 2.853878 288
 6 1 62.500000 2.849252 217
 1 0 17.500000 2.245352 38
 6 1 72.500000 1.017613 221
 6 0 67.500000 1.675682 218
 6 1 17.500000 2.721207 199
 11 0 52.500000 1.039750 372
 10 1 57.500000 1.704369 343
 6 0 57.500000 1.862855 214
 0 0 47.500000 1.646178 18
 2 1 67.500000 2.458925 91
 619312.510984 8
 1 1 62.500000 2.622321 57
 1 1 32.500000 1.755773 45
 3 0 57.500000 1.127347 118
 0 0 52.500000 1.747553 20
 5 0 17.500000 2.615406 166
 6 0 57.500000 1.862855 214
 0 1 47.500000 2.727253 19
 10 0 77.500000 1.244324 350
 1148935.414492 22
 1 0 72.500000 2.037233 60
 3 0 47.500000 1.352117 114
 4 0 22.500000 2.739170 136
 5 0 62.500000 1.712085 184
 6 0 62.500000 1.323929 216
 11 1 32.500000 1.371874 365
 7 0 52.500000 1.494927 244
 2 1 67.500000 2.458925 91
 1 0 2.500000 1.112706 32
 11 1 52.500000 1.918912 373
 9 0 32.500000 1.554658 300
 11 0 72.500000 1.248950 380
 2 0 42.500000 1.874895 80
 7 1 72.500000 1.768135 253
 8 1 17.500000 2.967217 263
 5 1 72.500000 2.526766 189
 2 1 57.500000 1.737346 87
 8 0 42.500000 2.718471 272
 5 1 22.500000 1.863729 169
 1 1 32.500000 1.755773 45
 0 0 62.500000 1.769578 24
 10 0 67.500000 1.408047 346
 1333448.989845 5
 10 0 67.500000 1.408047 346
 2 0 27.500000 2.367051 74
 8 1 62.500000 2.111583 281
 0 0 72.500000 1.862034 28
 5 0 17.500000 2.615406 166
 1515158.752666 12
 5 0 22.500000 2.848166 168
 7 0 2.500000 2.969139 224
 11 1 27.500000 1.421384 363
 5 1 72.500000 2.526766 189
 1 0 42.500000 1.508723 48
 0 0 77.500000 2.747853 30
 11 0 47.500000 1.753157 370
 9 1 42.500000 2.553157 305
 10 0 67.500000 1.408047 346
 2 0 42.500000 1.874895 80
 3 0 47.500000 1.352117 114
 9 0 52.500000 2.655514 308
 653969.221997 18
 4 1 2.500000 1.524423 129
 11 0 72.500000 1.248950 380
 6 0 62.500000 1.323929 216
 2 0 27.500000 2.367051 74
 10 0 52.500000 1.090214 340
 5 0 62.500000 1.712085 184
 5 1 67.500000 2.719544 187
 9 0 52.500000 2.655514 308
 5 1 32.500000 1.579672 173
 0 1 42.500000 1.193509 17
 10 0 67.500000 1.408047 346
 5 1 72.500000 2.526766 189
 11 0 27.500000 2.029258 362
 2 1 72.500000 2.150723 93
 6 0 22.500000 1.028100 200
 4 0 22.500000 2.739170 136
 1 0 42.500000 1.508723 48
 5 0 22.500000 2.848166 168
 1261955.928086 28
 0 0 47.500000 1.646178 18
 7 0 37.500000 1.936443 238
 10 0 62.500000 2.225178 344
 0 1 57.500000 1.473577 23
 10 1 57.500000 1.704369 343
 4 1 62.500000 2.163726 153
 3 0 47.500000 1.352117 114
 8 0 42.500000 2.718471 272
 6 1 62.500000 2.849252 217
 11 1 52.500000 1.918912 373
 7 0 52.500000 1.494927 244
 6 0 62.500000 1.323929 216
 0 0 77.500000 2.747853 30
 6 0 57.500000 1.862855 214
 3 1 7.500000 1.651771 99
 10 0 72.500000 1.575575 348
 10 1 37.500000 2.578258 335
 8 0 2.500000 2.182136 256
 11 1 32.500000 1.371874 365
 1 0 42.500000 1.508723 48
 10 1 52.500000 1.684276 341
 2 1 67.500000 2.458925 91
 8 1 47.500000 1.665930 275
 9 0 27.500000 2.050524 298
 9 0 7.500000 1.590711 290
 9 1 17.500000 1.321188 295
 2 0 32.500000 1.238957 76
 7 0 72.500000 2.602564 252
 1813198.785583 10
 5 0 27.500000 2.979430 170
 2 0 37.500000 2.711418 78
 0 0 72.500000 1.862034 28
 0 0 2.500000 2.221429 0
 9 1 67.500000 2.626126 315
 4 1 67.500000 1.324985 155
 6 1 17.500000 2.721207 199
 3 1 7.500000 1.651771 99
 5 1 67.500000 2.719544 187
 9 1 42.500000 2.553157 305
 644088.174796 7
 3 1 67.500000 1.762331 123
 1 1 72.500000 2.050281 61
 4 1 72.500000 1.644533 157
 9 0 47.500000 1.535985 306
 8 1 47.500000 1.665930 275
 0 0 72.500000 1.862034 28
 5 0 17.500000 2.615406 166
 1713391.491507 2
 0 1 42.500000 1.193509 17
 1 0 7.500000 2.278994 34
 1197892.023846 12
 11 0 52.500000 1.039750 372
 8 0 42.500000 2.718471 272
 2 1 67.500000 2.458925 91
 7 1 17.500000 1.678032 231
 4 1 42.500000 2.753464 145
 1 1 72.500000 2.050281 61
 7 0 72.500000 2.602564 252
 2 0 32.500000 1.238957 76
 1 0 57.500000 1.037015 54
 6 0 27.500000 2.485692 202
 6 1 17.500000 2.721207 199
 0 1 42.500000 1.193509 17
 870878.744550 33
 5 0 67.500000 1.366208 186
 11 0 52.500000 1.039750 372
 11 0 27.500000 2.029258 362
 7 0 72.500000 2.602564 252
 5 0 27.500000 2.979430 170
 6 0 27.500000 2.485692 202
 9 1 27.500000 1.561926 299
 5 0 22.500000 2.848166 168
 10 0 77.500000 1.244324 350
 1 1 32.500000 1.755773 45
 9 0 27.500000 2.050524 298
 2 1 67.500000 2.458925 91
 11 1 37.500000 1.054983 367
 7 1 77.500000 2.264029 255
 2 0 32.500000 1.238957 76
 5 0 12.500000 2.858115 164
 5 0 17.500000 2.615406 166
 8 1 32.500000 2.387568 269
 1 0 7.500000 2.278994 34
 4 0 12.500000 2.751976 132
 1 0 57.500000 1.037015 54
 11 0 37.500000 1.013595 366
 6 0 67.500000 1.675682 218
 4 0 17.500000 1.707815 134
 8 1 62.500000 2.111583 281
 5 0 62.500000 1.712085 184
 1 0 42.500000 1.508723 48
 6 1 17.500000 2.721207 199
 10 1 47.500000 1.165183 339
 11 1 27.500000 1.421384 363
 9 1 12.500000 1.089457 293
 1 0 2.500000 1.112706 32
 10 0 17.500000 1.395321 326
 895435.082920 28
 3 0 27.500000 1.156496 106
 5 0 17.500000 2.615406 166
 9 1 67.500000 2.626126 315
 2 1 52.500000 2.116223 85
 0 0 72.500000 1.862034 28
 11 1 37.500000 1.054983 367
 5 0 27.500000 2.979430 170
 7 0 72.500000 2.602564 252
 8 0 52.500000 1.162684 276
 10 0 17.500000 1.395321 326
 9 0 2.500000 2.853878 288
 4 1 47.500000 1.602669 147
 5 0 22.500000 2.848166 168
 11 1 27.500000 1.421384 363
 1 1 62.500000 2.622321 57
 6 1 17.500000 2.721207 199
 11 1 32.500000 1.371874 365
 2 0 47.500000 1.388774 82
 0 1 72.500000 1.160568 29
 4 0 72.500000 1.547380 156
 0 1 42.500000 1.193509 17
 1 0 42.500000 1.508723 48
 10 1 22.500000 1.045590 329
 0 1 27.500000 1.807052 11
 9 0 32.500000 1.554658 300
 10 0 67.500000 1.408047 346
 1 1 32.500000 1.755773 45
 11 1 52.500000 1.918912 373
 1091058.862550 13
 11 1 37.500000 1.054983 367
 7 1 72.500000 1.768135 253
 9 0 2.500000 2.853878 288
 8 0 52.500000 1.162684 276
 0 0 62.500000 1.769578 24
 2 1 57.500000 1.737346 87
 1 1 47.500000 1.223493 51
 10 1 47.500000 1.165183 339
 9 0 47.500000 1.535985 306
 8 1 62.500000 2.111583 281
 5 0 62.500000 1.712085 184
 7 1 77.500000 2.264029 255
 7 0 52.500000 1.494927 244
 1112396.242168 30
 3 0 27.500000 1.156496 106
 2 1 37.500000 1.699621 79
 5 1 72.500000 2.526766 189
 6 1 62.500000 2.849252 217
 1 1 72.500000 2.050281 61
 1 1 42.500000 1.451493 49
 0 0 47.500000 1.646178 18
 1 0 7.500000 2.278994 34
 11 1 27.500000 1.421384 363
 11 0 72.500000 1.248950 380
 8 1 72.500000 1.485521 285
 3 0 47.500000 1.352117 114
 8 0 52.500000 1.162684 276
 8 1 47.500000 1.665930 275
 0 0 62.500000 1.769578 24
 4 1 67.500000 1.324985 155
 1 0 57.500000 1.037015 54
 1 0 2.500000 1.112706 32
 9 0 2.500000 2.853878 288
 3 1 7.500000 1.651771 99
 8 1 62.500000 2.111583 281
 0 0 27.500000 1.821569 10
 0 0 77.500000 2.747853 30
 10 0 77.500000 1.244324 350
 2 1 67.500000 2.458925 91
 2 0 32.500000 1.238957 76
 9 0 7.500000 1.590711 290
 9 0 52.500000 2.655514 308
 2 1 72.500000 2.150723 93
 10 0 17.500000 1.395321 326
 493065.913419 28
 11 1 52.500000 1.918912 373
 3 0 57.500000 1.127347 118
 0 0 62.500000 1.769578 24
 2 1 52.500000 2.116223 85
 3 1 12.500000 2.281598 101
 4 0 22.500000 2.739170 136
 2 1 67.500000 2.458925 91
 1 1 12.500000 2.396295 37
 8 0 52.500000 1.162684 276
 8 1 62.500000 2.111583 281
 0 0 27.500000 1.821569 10
 6 0 22.500000 1.028100 200
 2 0 32.500000 1.238957 76
 6 0 67.500000 1.675682 218
 0 0 52.500000 1.747553 20
 1 0 2.500000 1.112706 32
 1 1 37.500000 1.645360 47
 7 1 77.500000 2.264029 255
 4 0 2.500000 2.835913 128
 0 0 72.500000 1.862034 28
 3 0 27.500000 1.156496 106
 11 1 32.500000 1.371874 365
 0 1 27.500000 1.807052 11
 6 1 72.500000 1.017613 221
 2 1 72.500000 2.150723 93
 2 0 67.500000 1.505509 90
 0 1 72.500000 1.160568 29
 9 0 47.500000 1.535985 306
 1546389.173226 2
 11 1 52.500000 1.918912 373
 3 1 12.500000 2.281598 101
 637828.348949 11
 2 0 32.500000 1.238957 76
 6 0 62.500000 1.323929 216
 5 1 67.500000 2.719544 187
 2 0 42.500000 1.874895 80
 3 1 22.500000 1.204405 105
 9 1 17.500000 1.321188 295
 1 1 42.500000 1.451493 49
 4 0 17.500000 1.707815 134
 6 1 37.500000 1.336544 207
 3 1 7.500000 1.651771 99
 9 1 72.500000 1.636009 317
 1208497.817483 14
 6 1 37.500000 1.336544 207
 11 0 7.500000 1.697903 354
 9 0 32.500000 1.554658 300
 2 1 72.500000 2.150723 93
 1 1 62.500000 2.622321 57
 10 0 17.500000 1.395321 326
 6 1 72.500000 1.017613 221
 10 0 67.500000 1.408047 346
 10 1 47.500000 1.165183 339
 9 1 27.500000 1.561926 299
 11 1 52.500000 1.918912 373
 0 0 62.500000 1.769578 24
 2 0 7.500000 2.069965 66
 3 1 2.500000 1.747697 97
 1349475.764925 31
 3 1 7.500000 1.651771 99
 6 0 22.500000 1.028100 200
 4 0 2.500000 2.835913 128
 6 0 37.500000 2.060894 206
 0 0 7.500000 1.693065 2
 8 1 62.500000 2.111583 281
 1 1 72.500000 2.050281 61
 11 0 37.500000 1.013595 366
 0 0 62.500000 1.769578 24
 11 1 37.500000 1.054983 367
 0 0 77.500000 2.747853 30
 1 1 42.500000 1.451493 49
 0 1 27.500000 1.807052 11
 9 0 47.500000 1.535985 306
 0 0 27.500000 1.821569 10
 8 0 52.500000 1.162684 276
 6 1 37.500000 1.336544 207
 10 0 17.500000 1.395321 326
 5 1 67.500000 2.719544 187
 10 1 47.500000 1.165183 339
 10 0 27.500000 1.976485 330
 11 0 47.500000 1.753157 370
 9 1 67.500000 2.626126 315
 0 0 72.500000 1.862034 28
 7 0 72.500000 2.602564 252
 0 0 52.500000 1.747553 20
 1 1 62.500000 2.622321 57
 6 0 62.500000 1.323929 216
 8 0 42.500000 2.718471 272
 6 0 57.500000 1.862855 214
 2 1 52.500000 2.116223 85
 1956753.010413 27
 4 0 17.500000 1.707815 134
 5 0 62.500000 1.712085 184
 0 0 52.500000 1.747553 20
 3 0 57.500000 1.127347 118
 4 0 22.500000 2.739170 136
 6 1 62.500000 2.849252 217
 8 1 47.500000 1.665930 275
 10 0 67.500000 1.408047 346
 11 1 37.500000 1.054983 367
 6 0 27.500000 2.485692 202
 11 0 67.500000 1.769519 378
 7 1 72.500000 1.768135 253
 0 0 72.500000 1.862034 28
 9 0 27.500000 2.050524 298
 1 0 2.500000 1.112706 32
 1 0 7.500000 2.278994 34
 1 0 57.500000 1.037015 54
 9 0 2.500000 2.853878 288
 5 0 27.500000 2.979430 170
 2 0 47.500000 1.388774 82
 6 1 37.500000 1.336544 207
 2 0 32.500000 1.238957 76
 0 0 47.500000 1.646178 18
 8 1 62.500000 2.111583 281
 6 0 57.500000 1.862855 214
 6 1 72.500000 1.017613 221
 8 0 17.500000 2.452228 262
 1567919.894740 6
 2 1 72.500000 2.150723 93
 8 0 52.500000 1.162684 276
 1 0 22.500000 1.315733 40
 2 1 37.500000 1.699621 79
 9 0 52.500000 2.655514 308
 8 1 72.500000 1.485521 285
 878720.647897 32
 0 0 67.500000 2.656973 26
 10 0 17.500000 1.395321 326
 9 0 7.500000 1.590711 290
 6 1 37.500000 1.336544 207
 6 0 67.500000 1.675682 218
 2 1 77.500000 2.892831 95
 9 1 17.500000 1.321188 295
 0 0 62.500000 1.769578 24
 2 0 42.500000 1.874895 80
 4 0 17.500000 1.707815 134
 11 0 52.500000 1.039750 372
 9 0 47.500000 1.535985 306
 1 0 42.500000 1.508723 48
 7 0 2.500000 2.969139 224
 4 1 37.500000 1.177849 143
 1 0 2.500000 1.112706 32
 0 1 67.500000 2.216440 27
 6 0 27.500000 2.485692 202
 8 1 72.500000 1.485521 285
 0 1 27.500000 1.807052 11
 7 0 62.500000 2.258805 248
 9 1 67.500000 2.626126 315
 6 1 17.500000 2.721207 199
 5 0 17.500000 2.615406 166
 11 0 72.500000 1.248950 380
 2 0 67.500000 1.505509 90
 10 0 67.500000 1.408047 346
 3 1 7.500000 1.651771 99
 2 1 72.500000 2.150723 93
 5 0 27.500000 2.979430 170
 6 1 57.500000 2.462121 215
 8 1 62.500000 2.111583 281
 1496139.503464 2
 8 0 42.500000 2.718471 272
 10 1 57.500000 1.704369 343
 1299777.135448 14
 9 0 52.500000 2.655514 308
 6 1 72.500000 1.017613 221
 0 0 52.500000 1.747553 20
 4 0 17.500000 1.707815 134
 7 0 52.500000 1.494927 244
 2 1 72.500000 2.150723 93
 9 1 17.500000 1.321188 295
 10 1 47.500000 1.165183 339
 1 0 72.500000 2.037233 60
 6 0 57.500000 1.862855 214
 7 1 72.500000 1.768135 253
 0 1 42.500000 1.193509 17
 11 1 52.500000 1.918912 373
 5 0 27.500000 2.979430 170
 540301.012686 21
 9 0 47.500000 1.535985 306
 6 0 22.500000 1.028100 200
 5 0 22.500000 2.848166 168
 2 1 67.500000 2.458925 91
 11 1 52.500000 1.918912 373
 7 1 2.500000 2.209306 225
 6 1 37.500000 1.336544 207
 0 1 42.500000 1.193509 17
 10 0 67.500000 1.408047 346
 4 0 17.500000 1.707815 134
 1 1 62.500000 2.622321 57
 3 1 32.500000 2.927208 109
 0 1 27.500000 1.807052 11
 2 0 67.500000 1.505509 90
 1 0 42.500000 1.508723 48
 5 1 72.500000 2.526766 189
 6 0 27.500000 2.485692 202
 8 0 52.500000 1.162684 276
 6 0 37.500000 2.060894 206
 9 1 12.500000 1.089457 293
 9 1 77.500000 2.256912 319
 933334.703657 3
 4 0 22.500000 2.739170 136
 0 1 42.500000 1.193509 17
 6 1 17.500000 2.721207 199
 1655720.932342 13
 11 0 37.500000 1.013595 366
 7 0 7.500000 1.048468 226
 2 0 42.500000 1.874895 80
 3 0 57.500000 1.127347 118
 9 0 7.500000 1.590711 290
 1 1 72.500000 2.050281 61
 1 0 62.500000 2.181472 56
 11 0 57.500000 2.765600 374
 9 0 2.500000 2.853878 288
 1 0 2.500000 1.112706 32
 0 1 2.500000 1.238714 1
 0 0 7.500000 1.693065 2
 8 0 52.500000 1.162684 276
 357813.550624 29
 6 0 57.500000 1.862855 214
 8 1 2.500000 2.734627 257
 6 0 67.500000 1.675682 218
 1 1 47.500000 1.223493 51
 9 1 67.500000 2.626126 315
 5 1 37.500000 1.464328 175
 10 0 22.500000 1.777039 328
 7 0 72.500000 2.602564 252
 6 0 27.500000 2.485692 202
 9 1 17.500000 1.321188 295
 10 0 17.500000 1.395321 326
 10 0 12.500000 1.709380 324
 0 0 52.500000 1.747553 20
 7 1 52.500000 1.763599 245
 5 1 72.500000 2.526766 189
 9 1 27.500000 1.561926 299
 4 1 32.500000 1.676410 141
 1 1 37.500000 1.645360 47
 11 1 27.500000 1.421384 363
 4 0 17.500000 1.707815 134
 7 0 52.500000 1.494927 244
 5 0 7.500000 1.668380 162
 6 1 72.500000 1.017613 221
 2 0 67.500000 1.505509 90
 1 0 42.500000 1.508723 48
 0 0 72.500000 1.862034 28
 8 0 2.500000 2.182136 256
 10 0 67.500000 1.408047 346
 0 0 47.500000 1.646178 18
 1728082.369700 9
 0 1 52.500000 2.585337 21
 9 0 47.500000 1.535985 306
 6 0 57.500000 1.862855 214
 2 1 72.500000 2.150723 93
 1 0 57.500000 1.037015 54
 6 0 67.500000 1.675682 218
 11 1 22.500000 1.937382 361
 4 1 72.500000 1.644533 157
 8 1 62.500000 2.111583 281
 673549.348523 11
 11 0 22.500000 2.740306 360
 1 0 77.500000 1.200378 62
 3 0 72.500000 1.040622 124
 2 0 32.500000 1.238957 76
 2 0 17.500000 2.552139 70
 11 0 72.500000 1.248950 380
 0 0 72.500000 1.862034 28
 7 0 72.500000 2.602564 252
 8 1 72.500000 1.485521 285
 5 0 62.500000 1.712085 184
 6 1 17.500000 2.721207 199
 1897737.220217 24
 5 1 42.500000 2.117688 177
 5 0 27.500000 2.979430 170
 1 1 57.500000 2.891925 55
 11 1 27.500000 1.421384 363
 5 1 67.500000 2.719544 187
 0 0 67.500000 2.656973 26
 8 0 2.500000 2.182136 256
 1 0 7.500000 2.278994 34
 3 1 7.500000 1.651771 99
 1 1 47.500000 1.223493 51
 8 1 67.500000 2.066162 283
 1 0 42.500000 1.508723 48
 3 1 47.500000 1.088044 115
 2 0 42.500000 1.874895 80
 10 1 57.500000 1.704369 343
 11 1 67.500000 2.705391 379
 4 1 2.500000 1.524423 129
 8 1 37.500000 2.063905 271
 7 1 37.500000 2.215353 239
 7 1 72.500000 1.768135 253
 9 1 67.500000 2.626126 315
 5 1 47.500000 2.318488 179
 2 0 27.500000 2.367051 74
 6 1 62.500000 2.849252 217
 1257464.181733 4
 9 0 2.500000 2.853878 288
 9 0 52.500000 2.655514 308
 1 0 2.500000 1.112706 32
 6 1 37.500000 1.336544 207
 643629.680985 27
 8 0 2.500000 2.182136 256
 11 1 52.500000 1.918912 373
 3 0 47.500000 1.352117 114
 9 1 67.500000 2.626126 315
 4 1 67.500000 1.324985 155
 6 0 62.500000 1.323929 216
 8 1 67.500000 2.066162 283
 0 0 47.500000 1.646178 18
 6 1 17.500000 2.721207 199
 6 0 17.500000 1.699166 198
 0 0 67.500000 2.656973 26
 5 1 67.500000 2.719544 187
 7 0 52.500000 1.494927 244
 6 1 37.500000 1.336544 207
 6 1 72.500000 1.017613 221
 4 0 17.500000 1.707815 134
 11 0 72.500000 1.248950 380
 3 1 7.500000 1.651771 99
 7 1 72.500000 1.768135 253
 10 0 67.500000 1.408047 346
 3 0 27.500000 1.156496 106
 1 1 42.500000 1.451493 49
 6 0 27.500000 2.485692 202
 0 0 27.500000 1.821569 10
 10 1 57.500000 1.704369 343
 8 1 72.500000 1.485521 285
 1 0 57.500000 1.037015 54
 1440144.936405 5
 1 1 62.500000 2.622321 57
 6 1 17.500000 2.721207 199
 10 0 12.500000 1.709380 324
 8 1 27.500000 2.638276 267
 10 1 22.500000 1.045590 329
 507145.145567 9
 3 0 27.500000 1.156496 106
 2 0 32.500000 1.238957 76
 1 1 62.500000 2.622321 57
 10 0 67.500000 1.408047 346
 6 0 22.500000 1.028100 200
 10 1 57.500000 1.704369 343
 9 1 17.500000 1.321188 295
 11 0 47.500000 1.753157 370
 1 0 7.500000 2.278994 34
 153104.983621 27
 1 0 42.500000 1.508723 48
 2 0 47.500000 1.388774 82
 9 1 22.500000 2.382267 297
 7 1 72.500000 1.768135 253
 8 0 52.500000 1.162684 276
 5 0 17.500000 2.615406 166
 7 0 42.500000 2.194662 240
 4 0 2.500000 2.835913 128
 2 1 52.500000 2.116223 85
 3 0 37.500000 1.617933 110
 6 1 37.500000 1.336544 207
 3 1 7.500000 1.651771 99
 11 1 37.500000 1.054983 367
 3 0 27.500000 1.156496 106
 7 0 2.500000 2.969139 224
 0 0 52.500000 1.747553 20
 0 0 72.500000 1.862034 28
 6 0 62.500000 1.323929 216
 1 1 72.500000 2.050281 61
 5 1 72.500000 2.526766 189
 6 0 22.500000 1.028100 200
 0 0 57.500000 2.538522 22
 5 1 12.500000 2.508272 165
 7 0 67.500000 2.482541 250
 8 1 47.500000 1.665930 275
 11 0 52.500000 1.039750 372
 2 1 17.500000 2.935796 71
 171443.389808 31
 3 0 47.500000 1.352117 114
 2 0 42.500000 1.874895 80
 10 0 67.500000 1.408047 346
 6 1 37.500000 1.336544 207
 1 1 62.500000 2.622321 57
 11 0 47.500000 1.753157 370
 5 1 72.500000 2.526766 189
 2 0 67.500000 1.505509 90
 9 0 2.500000 2.853878 288
 6 0 62.500000 1.323929 216
 5 0 27.500000 2.979430 170
 9 1 27.500000 1.561926 299
 5 0 17.500000 2.615406 166
 1 1 47.500000 1.223493 51
 6 0 17.500000 1.699166 198
 10 1 42.500000 2.391497 337
 3 1 37.500000 2.405334 111
 11 1 52.500000 1.918912 373
 9 0 32.500000 1.554658 300
 2 0 47.500000 1.388774 82
 7 1 72.500000 1.768135 253
 6 0 37.500000 2.060894 206
 1 1 72.500000 2.050281 61
 5 1 2.500000 1.135376 161
 2 0 27.500000 2.367051 74
 3 1 7.500000 1.651771 99
 7 1 67.500000 2.850587 251
 7 0 72.500000 2.602564 252
 0 0 77.500000 2.747853 30
 3 0 57.500000 1.127347 118
 8 1 47.500000 1.665930 275
 1265560.071983 5
 2 0 42.500000 1.874895 80
 6 0 62.500000 1.323929 216
 11 0 72.500000 1.248950 380
 2 1 72.500000 2.150723 93
 0 1 27.500000 1.807052 11
 457903.812443 7
 9 0 2.500000 2.853878 288
 5 0 62.500000 1.712085 184
 0 1 2.500000 1.238714 1
 2 0 32.500000 1.238957 76
 1 0 7.500000 2.278994 34
 10 1 57.500000 1.704369 343
 11 0 12.500000 1.687847 356
 1797846.575080 19
 7 0 22.500000 1.096344 232
 1 1 47.500000 1.223493 51
 5 1 27.500000 1.247001 171
 5 0 22.500000 2.848166 168
 11 1 32.500000 1.371874 365
 5 0 7.500000 1.668380 162
 9 1 67.500000 2.626126 315
 0 0 47.500000 1.646178 18
 1 1 32.500000 1.755773 45
 9 1 17.500000 1.321188 295
 2 0 67.500000 1.505509 90
 10 1 22.500000 1.045590 329
 1 0 2.500000 1.112706 32
 9 0 37.500000 2.703278 302
 10 0 77.500000 1.244324 350
 3 0 42.500000 1.283844 112
 8 0 57.500000 1.336753 278
 10 0 67.500000 1.408047 346
 8 1 72.500000 1.485521 285
 719617.833216 19
 7 0 72.500000 2.602564 252
 8 0 52.500000 1.162684 276
 3 0 27.500000 1.156496 106
 1 0 2.500000 1.112706 32
 10 1 47.500000 1.165183 339
 5 0 2.500000 1.478162 160
 4 1 67.500000 1.324985 155
 0 0 77.500000 2.747853 30
 9 0 27.500000 2.050524 298
 2 0 47.500000 1.388774 82
 6 1 67.500000 1.030925 219
 11 0 57.500000 2.765600 374
 8 0 42.500000 2.718471 272
 2 1 72.500000 2.150723 93
 11 1 52.500000 1.918912 373
 11 1 27.500000 1.421384 363
 0 1 42.500000 1.193509 17
 5 0 22.500000 2.848166 168
 1 1 72.500000 2.050281 61
 262407.290946 26
 0 1 62.500000 2.698492 25
 0 0 77.500000 2.747853 30
 1 1 62.500000 2.622321 57
 11 0 52.500000 1.039750 372
 6 0 62.500000 1.323929 216
 1 1 72.500000 2.050281 61
 2 1 72.500000 2.150723 93
 1 0 57.500000 1.037015 54
 9 1 27.500000 1.561926 299
 11 0 57.500000 2.765600 374
 1 1 42.500000 1.451493 49
 6 1 72.500000 1.017613 221
 7 0 72.500000 2.602564 252
 9 0 7.500000 1.590711 290
 10 0 17.500000 1.395321 326
 11 0 47.500000 1.753157 370
 8 0 2.500000 2.182136 256
 2 1 67.500000 2.458925 91
 0 0 2.500000 2.221429 0
 4 0 17.500000 1.707815 134
 9 1 67.500000 2.626126 315
 6 0 27.500000 2.485692 202
 3 1 7.500000 1.651771 99
 1 1 32.500000 1.755773 45
 2 0 47.500000 1.388774 82
 3 0 7.500000 2.534771 98