 Numero de pedidos 
 100
 duedate num_referencias // pasillo lado altura peso
 68443.572311 7
 5 1 32.500000 2.906205 45
 5 0 22.500000 2.762853 40
 11 1 62.500000 1.642960 345
 5 1 7.500000 2.461929 35
 5 0 47.500000 2.250816 50
 6 1 22.500000 1.508264 9
 5 0 27.500000 1.601049 42
 730981.538841 32
 5 1 12.500000 1.894916 37
 7 0 2.500000 2.461698 64
 5 0 42.500000 2.577656 48
 5 1 17.500000 1.718258 39
 0 1 2.500000 2.895459 353
 6 0 52.500000 1.869245 20
 7 0 22.500000 2.599892 72
 5 0 77.500000 1.723432 62
 5 1 7.500000 2.461929 35
 7 0 17.500000 1.872047 70
 6 0 67.500000 2.737107 26
 6 0 77.500000 1.847299 30
 7 0 12.500000 2.048474 68
 6 0 17.500000 1.475263 6
 2 0 72.500000 1.492199 252
 6 0 27.500000 1.391871 10
 7 0 42.500000 1.816950 80
 5 1 27.500000 2.825780 43
 9 1 32.500000 1.942372 205
 3 1 37.500000 2.058263 175
 6 1 12.500000 1.828017 5
 5 1 42.500000 2.664857 49
 6 1 2.500000 2.867253 1
 1 0 52.500000 2.665691 308
 6 0 62.500000 1.666140 24
 5 0 72.500000 1.499023 60
 7 0 7.500000 2.904562 66
 5 0 17.500000 1.858257 38
 5 1 62.500000 2.244515 57
 10 0 17.500000 2.037025 262
 6 1 67.500000 2.550966 27
 7 1 2.500000 1.757536 65
 1318522.166013 6
 5 0 2.500000 2.489350 32
 10 0 2.500000 1.064475 256
 6 0 27.500000 1.391871 10
 5 0 22.500000 2.762853 40
 7 1 32.500000 2.337222 77
 6 0 22.500000 1.167698 8
 1076549.839972 12
 5 1 77.500000 1.714551 63
 6 0 7.500000 1.927085 2
 11 1 12.500000 2.209574 325
 5 1 72.500000 2.077213 61
 6 1 57.500000 1.300867 23
 5 0 57.500000 2.546484 54
 7 0 2.500000 2.461698 64
 5 1 17.500000 1.718258 39
 6 0 12.500000 2.761577 4
 7 0 17.500000 1.872047 70
 6 1 12.500000 1.828017 5
 5 1 57.500000 2.751717 55
 1706956.532964 15
 6 1 42.500000 1.582502 17
 5 1 77.500000 1.714551 63
 6 1 12.500000 1.828017 5
 7 0 7.500000 2.904562 66
 6 1 52.500000 2.396733 21
 7 0 12.500000 2.048474 68
 5 1 42.500000 2.664857 49
 5 0 72.500000 1.499023 60
 7 1 7.500000 2.977215 67
 4 0 32.500000 2.581408 108
 5 0 17.500000 1.858257 38
 5 0 37.500000 2.587675 46
 11 1 22.500000 2.211586 329
 5 0 42.500000 2.577656 48
 6 1 67.500000 2.550966 27
 441181.760971 6
 5 0 77.500000 1.723432 62
 5 0 12.500000 1.642405 36
 8 1 27.500000 2.445102 139
 6 0 2.500000 1.635204 0
 5 0 2.500000 2.489350 32
 7 1 7.500000 2.977215 67
 864556.788739 5
 6 1 42.500000 1.582502 17
 5 0 72.500000 1.499023 60
 5 0 37.500000 2.587675 46
 7 0 12.500000 2.048474 68
 5 1 37.500000 1.054357 47
 53710.960175 21
 7 1 7.500000 2.977215 67
 5 0 52.500000 1.953396 52
 0 1 7.500000 1.938924 355
 6 1 77.500000 1.546290 31
 6 0 57.500000 1.898929 22
 5 0 32.500000 2.889445 44
 6 0 37.500000 2.091273 14
 6 1 37.500000 2.029366 15
 6 1 32.500000 1.427625 13
 4 1 37.500000 1.373310 111
 6 1 47.500000 1.387866 19
 7 1 22.500000 2.380923 73
 6 1 12.500000 1.828017 5
 5 1 52.500000 2.719019 53
 5 0 22.500000 2.762853 40
 5 1 62.500000 2.244515 57
 5 0 2.500000 2.489350 32
 7 0 12.500000 2.048474 68
 11 0 27.500000 2.122553 330
 6 0 32.500000 2.091356 12
 11 0 57.500000 1.125870 342
 1849398.970701 21
 5 1 27.500000 2.825780 43
 7 0 22.500000 2.599892 72
 1 1 42.500000 1.930173 305
 7 0 17.500000 1.872047 70
 5 1 22.500000 1.270875 41
 6 0 2.500000 1.635204 0
 8 0 47.500000 1.943014 146
 5 0 42.500000 2.577656 48
 8 1 57.500000 2.849252 151
 6 1 42.500000 1.582502 17
 6 1 12.500000 1.828017 5
 5 0 67.500000 1.558870 58
 6 1 57.500000 1.300867 23
 6 0 42.500000 1.550044 16
 7 1 22.500000 2.380923 73
 5 0 7.500000 2.455195 34
 7 0 27.500000 2.177132 74
 5 0 27.500000 1.601049 42
 5 1 2.500000 2.506126 33
 5 1 32.500000 2.906205 45
 5 1 57.500000 2.751717 55
 1789236.320327 21
 10 0 42.500000 2.446131 272
 5 1 2.500000 2.506126 33
 10 1 12.500000 1.308267 261
 6 1 47.500000 1.387866 19
 5 1 52.500000 2.719019 53
 6 1 67.500000 2.550966 27
 4 0 62.500000 2.829871 120
 5 0 7.500000 2.455195 34
 6 1 37.500000 2.029366 15
 6 0 77.500000 1.847299 30
 5 1 57.500000 2.751717 55
 6 1 52.500000 2.396733 21
 4 1 12.500000 2.202287 101
 9 0 52.500000 2.125931 212
 6 1 62.500000 2.819702 25
 6 1 22.500000 1.508264 9
 5 0 67.500000 1.558870 58
 5 0 42.500000 2.577656 48
 6 0 7.500000 1.927085 2
 8 1 32.500000 1.713593 141
 5 0 32.500000 2.889445 44
 464122.826170 25
 6 0 37.500000 2.091273 14
 5 1 62.500000 2.244515 57
 7 0 22.500000 2.599892 72
 5 0 57.500000 2.546484 54
 5 1 22.500000 1.270875 41
 7 1 2.500000 1.757536 65
 6 0 77.500000 1.847299 30
 5 1 67.500000 1.935949 59
 6 0 2.500000 1.635204 0
 5 1 57.500000 2.751717 55
 7 1 47.500000 1.918931 83
 0 1 12.500000 2.066658 357
 5 0 7.500000 2.455195 34
 7 0 2.500000 2.461698 64
 5 0 17.500000 1.858257 38
 5 1 2.500000 2.506126 33
 5 1 17.500000 1.718258 39
 7 1 7.500000 2.977215 67
 10 0 47.500000 1.670397 274
 3 1 47.500000 1.678797 179
 6 1 27.500000 1.179871 11
 8 0 7.500000 1.067441 130
 4 0 42.500000 1.225034 112
 6 0 62.500000 1.666140 24
 6 0 57.500000 1.898929 22
 649020.413854 30
 7 1 17.500000 1.500363 71
 5 0 17.500000 1.858257 38
 6 1 62.500000 2.819702 25
 6 1 12.500000 1.828017 5
 8 0 12.500000 2.881800 132
 7 0 77.500000 1.367884 94
 7 1 12.500000 2.696012 69
 6 1 27.500000 1.179871 11
 5 1 47.500000 1.458318 51
 7 1 22.500000 2.380923 73
 10 1 57.500000 1.164881 279
 9 1 17.500000 1.081021 199
 6 1 2.500000 2.867253 1
 5 0 37.500000 2.587675 46
 6 0 77.500000 1.847299 30
 5 0 32.500000 2.889445 44
 5 1 37.500000 1.054357 47
 6 0 72.500000 2.083840 28
 5 0 2.500000 2.489350 32
 6 0 42.500000 1.550044 16
 5 1 27.500000 2.825780 43
 5 0 72.500000 1.499023 60
 11 0 7.500000 2.777598 322
 11 0 57.500000 1.125870 342
 6 0 12.500000 2.761577 4
 5 0 67.500000 1.558870 58
 0 0 22.500000 2.780478 360
 5 1 32.500000 2.906205 45
 5 0 57.500000 2.546484 54
 5 0 62.500000 2.112349 56
 569407.877777 13
 5 0 42.500000 2.577656 48
 3 0 47.500000 2.529641 178
 5 0 72.500000 1.499023 60
 5 0 32.500000 2.889445 44
 8 1 52.500000 2.582116 149
 6 0 67.500000 2.737107 26
 6 1 2.500000 2.867253 1
 7 0 2.500000 2.461698 64
 6 0 77.500000 1.847299 30
 7 1 12.500000 2.696012 69
 6 1 47.500000 1.387866 19
 8 0 32.500000 2.825829 140
 11 0 67.500000 1.232886 346
 1177740.365182 24
 6 1 22.500000 1.508264 9
 5 0 62.500000 2.112349 56
 6 0 57.500000 1.898929 22
 5 1 77.500000 1.714551 63
 6 0 22.500000 1.167698 8
 6 0 62.500000 1.666140 24
 6 1 12.500000 1.828017 5
 5 1 17.500000 1.718258 39
 5 0 12.500000 1.642405 36
 6 1 62.500000 2.819702 25
 6 0 47.500000 1.117474 18
 11 1 2.500000 1.515843 321
 6 0 17.500000 1.475263 6
 6 1 77.500000 1.546290 31
 5 1 62.500000 2.244515 57
 5 1 57.500000 2.751717 55
 10 0 32.500000 2.169252 268
 6 0 2.500000 1.635204 0
 5 1 27.500000 2.825780 43
 5 1 47.500000 1.458318 51
 9 0 57.500000 1.690795 214
 8 1 57.500000 2.849252 151
 6 0 37.500000 2.091273 14
 6 1 7.500000 2.522566 3
 1752116.231524 5
 7 0 12.500000 2.048474 68
 6 1 22.500000 1.508264 9
 5 1 17.500000 1.718258 39
 5 0 27.500000 1.601049 42
 6 0 72.500000 2.083840 28
 216544.660300 14
 5 1 17.500000 1.718258 39
 6 0 27.500000 1.391871 10
 4 1 72.500000 2.078600 125
 5 1 12.500000 1.894916 37
 5 1 52.500000 2.719019 53
 3 0 2.500000 2.469531 160
 5 0 32.500000 2.889445 44
 7 0 27.500000 2.177132 74
 6 0 72.500000 2.083840 28
 6 0 17.500000 1.475263 6
 4 1 22.500000 2.460645 105
 5 0 27.500000 1.601049 42
 7 0 2.500000 2.461698 64
 6 0 2.500000 1.635204 0
 1717939.191609 31
 4 1 2.500000 1.106573 97
 6 1 2.500000 2.867253 1
 7 0 12.500000 2.048474 68
 6 1 77.500000 1.546290 31
 6 1 62.500000 2.819702 25
 6 0 42.500000 1.550044 16
 7 1 7.500000 2.977215 67
 4 1 67.500000 2.831974 123
 2 0 52.500000 2.857616 244
 8 1 52.500000 2.582116 149
 7 0 17.500000 1.872047 70
 8 0 32.500000 2.825829 140
 7 0 62.500000 2.007823 88
 6 0 27.500000 1.391871 10
 6 1 37.500000 2.029366 15
 8 1 27.500000 2.445102 139
 5 1 7.500000 2.461929 35
 5 0 17.500000 1.858257 38
 10 1 42.500000 2.117550 273
 10 1 52.500000 2.271998 277
 8 1 32.500000 1.713593 141
 6 0 77.500000 1.847299 30
 6 0 67.500000 2.737107 26
 7 0 22.500000 2.599892 72
 4 1 57.500000 1.447779 119
 7 0 27.500000 2.177132 74
 5 0 62.500000 2.112349 56
 1 1 7.500000 2.167274 291
 3 1 2.500000 1.404752 161
 8 0 17.500000 2.747193 134
 11 1 77.500000 1.002543 351
 516515.342145 12
 5 0 7.500000 2.455195 34
 6 1 62.500000 2.819702 25
 3 1 67.500000 1.779092 187
 5 0 47.500000 2.250816 50
 7 0 22.500000 2.599892 72
 6 0 42.500000 1.550044 16
 2 1 27.500000 1.818985 235
 5 1 42.500000 2.664857 49
 5 0 37.500000 2.587675 46
 6 0 37.500000 2.091273 14
 6 0 17.500000 1.475263 6
 7 1 17.500000 1.500363 71
 84597.872945 5
 3 1 37.500000 2.058263 175
 6 0 77.500000 1.847299 30
 5 0 32.500000 2.889445 44
 5 0 17.500000 1.858257 38
 5 1 17.500000 1.718258 39
 1144960.407477 15
 5 0 77.500000 1.723432 62
 5 0 37.500000 2.587675 46
 5 1 2.500000 2.506126 33
 4 0 67.500000 1.446114 122
 6 1 67.500000 2.550966 27
 3 1 67.500000 1.779092 187
 5 1 17.500000 1.718258 39
 5 1 47.500000 1.458318 51
 2 0 52.500000 2.857616 244
 9 0 17.500000 2.999886 198
 5 1 22.500000 1.270875 41
 6 1 62.500000 2.819702 25
 4 0 42.500000 1.225034 112
 2 0 12.500000 1.273386 228
 5 0 32.500000 2.889445 44
 1117297.267931 2
 7 0 22.500000 2.599892 72
 6 0 57.500000 1.898929 22
 405881.551730 29
 6 0 32.500000 2.091356 12
 6 0 67.500000 2.737107 26
 0 1 37.500000 2.926442 367
 7 1 27.500000 1.059446 75
 6 0 17.500000 1.475263 6
 7 0 22.500000 2.599892 72
 7 0 37.500000 1.691489 78
 5 1 22.500000 1.270875 41
 5 1 72.500000 2.077213 61
 5 1 2.500000 2.506126 33
 6 0 52.500000 1.869245 20
 3 0 12.500000 1.661856 164
 5 0 52.500000 1.953396 52
 5 0 27.500000 1.601049 42
 6 1 2.500000 2.867253 1
 9 1 27.500000 1.669990 203
 5 0 72.500000 1.499023 60
 5 0 22.500000 2.762853 40
 4 0 22.500000 1.519394 104
 6 1 62.500000 2.819702 25
 5 0 57.500000 2.546484 54
 6 0 2.500000 1.635204 0
 6 1 22.500000 1.508264 9
 6 1 37.500000 2.029366 15
 6 1 52.500000 2.396733 21
 4 1 2.500000 1.106573 97
 6 1 7.500000 2.522566 3
 5 1 42.500000 2.664857 49
 5 1 52.500000 2.719019 53
 789548.680479 16
 6 0 47.500000 1.117474 18
 6 0 72.500000 2.083840 28
 6 0 52.500000 1.869245 20
 5 1 37.500000 1.054357 47
 0 1 7.500000 1.938924 355
 5 0 52.500000 1.953396 52
 5 1 27.500000 2.825780 43
 6 0 12.500000 2.761577 4
 5 1 32.500000 2.906205 45
 6 1 72.500000 1.095249 29
 5 1 72.500000 2.077213 61
 6 1 47.500000 1.387866 19
 6 1 22.500000 1.508264 9
 5 0 2.500000 2.489350 32
 6 1 67.500000 2.550966 27
 5 1 17.500000 1.718258 39
 1156047.896573 14
 3 1 62.500000 1.519819 185
 5 1 37.500000 1.054357 47
 5 1 27.500000 2.825780 43
 7 0 7.500000 2.904562 66
 6 0 72.500000 2.083840 28
 5 1 32.500000 2.906205 45
 5 1 57.500000 2.751717 55
 6 1 12.500000 1.828017 5
 6 1 7.500000 2.522566 3
 6 1 52.500000 2.396733 21
 5 0 47.500000 2.250816 50
 6 1 42.500000 1.582502 17
 5 0 22.500000 2.762853 40
 6 1 47.500000 1.387866 19
 1520481.122770 4
 7 1 12.500000 2.696012 69
 6 1 52.500000 2.396733 21
 8 1 47.500000 2.237081 147
 5 0 67.500000 1.558870 58
 874153.464471 5
 6 0 67.500000 2.737107 26
 4 0 37.500000 1.515879 110
 5 0 2.500000 2.489350 32
 5 1 47.500000 1.458318 51
 6 1 52.500000 2.396733 21
 340675.740512 31
 5 0 37.500000 2.587675 46
 5 0 77.500000 1.723432 62
 7 0 27.500000 2.177132 74
 5 0 12.500000 1.642405 36
 5 0 52.500000 1.953396 52
 7 1 27.500000 1.059446 75
 8 1 12.500000 2.405471 133
 5 1 27.500000 2.825780 43
 6 0 67.500000 2.737107 26
 6 1 17.500000 2.740713 7
 10 1 12.500000 1.308267 261
 6 1 62.500000 2.819702 25
 6 1 12.500000 1.828017 5
 6 0 7.500000 1.927085 2
 4 0 37.500000 1.515879 110
 7 0 17.500000 1.872047 70
 5 1 22.500000 1.270875 41
 5 1 52.500000 2.719019 53
 8 0 12.500000 2.881800 132
 7 0 2.500000 2.461698 64
 5 1 32.500000 2.906205 45
 4 1 2.500000 1.106573 97
 5 0 47.500000 2.250816 50
 6 1 42.500000 1.582502 17
 5 0 67.500000 1.558870 58
 5 1 77.500000 1.714551 63
 6 0 72.500000 2.083840 28
 6 0 57.500000 1.898929 22
 5 0 2.500000 2.489350 32
 6 0 22.500000 1.167698 8
 4 0 72.500000 2.988045 124
 509500.314104 11
 4 1 12.500000 2.202287 101
 7 0 22.500000 2.599892 72
 6 0 17.500000 1.475263 6
 5 0 67.500000 1.558870 58
 5 1 52.500000 2.719019 53
 5 0 62.500000 2.112349 56
 7 1 27.500000 1.059446 75
 5 1 17.500000 1.718258 39
 5 0 77.500000 1.723432 62
 5 0 17.500000 1.858257 38
 6 0 67.500000 2.737107 26
 52144.618468 34
 5 1 47.500000 1.458318 51
 6 1 57.500000 1.300867 23
 7 0 47.500000 1.477951 82
 6 0 52.500000 1.869245 20
 6 0 7.500000 1.927085 2
 6 1 77.500000 1.546290 31
 5 1 22.500000 1.270875 41
 6 0 2.500000 1.635204 0
 5 1 17.500000 1.718258 39
 6 0 72.500000 2.083840 28
 7 0 7.500000 2.904562 66
 6 1 32.500000 1.427625 13
 5 0 2.500000 2.489350 32
 5 1 7.500000 2.461929 35
 7 1 2.500000 1.757536 65
 5 0 62.500000 2.112349 56
 5 0 12.500000 1.642405 36
 5 1 42.500000 2.664857 49
 6 0 62.500000 1.666140 24
 5 1 57.500000 2.751717 55
 8 1 32.500000 1.713593 141
 9 1 77.500000 1.955449 223
 6 1 37.500000 2.029366 15
 1 1 77.500000 2.715394 319
 5 1 37.500000 1.054357 47
 5 0 17.500000 1.858257 38
 6 1 52.500000 2.396733 21
 6 0 42.500000 1.550044 16
 5 0 57.500000 2.546484 54
 7 0 67.500000 2.116737 90
 5 0 27.500000 1.601049 42
 4 1 57.500000 1.447779 119
 5 0 47.500000 2.250816 50
 6 1 27.500000 1.179871 11
 1445878.761786 5
 6 0 27.500000 1.391871 10
 5 0 7.500000 2.455195 34
 6 1 42.500000 1.582502 17
 6 1 67.500000 2.550966 27
 6 1 27.500000 1.179871 11
 619306.311039 15
 6 1 27.500000 1.179871 11
 10 0 47.500000 1.670397 274
 10 0 32.500000 2.169252 268
 5 0 62.500000 2.112349 56
 6 1 77.500000 1.546290 31
 5 0 2.500000 2.489350 32
 5 0 7.500000 2.455195 34
 6 0 32.500000 2.091356 12
 6 0 72.500000 2.083840 28
 6 0 52.500000 1.869245 20
 5 1 32.500000 2.906205 45
 7 1 27.500000 1.059446 75
 6 0 57.500000 1.898929 22
 5 0 42.500000 2.577656 48
 5 0 47.500000 2.250816 50
 97993.495696 20
 6 0 12.500000 2.761577 4
 8 0 7.500000 1.067441 130
 6 1 27.500000 1.179871 11
 5 0 77.500000 1.723432 62
 6 0 57.500000 1.898929 22
 6 0 47.500000 1.117474 18
 5 0 52.500000 1.953396 52
 5 0 42.500000 2.577656 48
 6 1 17.500000 2.740713 7
 5 1 37.500000 1.054357 47
 4 1 32.500000 1.723777 109
 6 0 72.500000 2.083840 28
 7 1 12.500000 2.696012 69
 7 0 22.500000 2.599892 72
 6 0 32.500000 2.091356 12
 6 0 37.500000 2.091273 14
 2 1 42.500000 1.005692 241
 6 1 57.500000 1.300867 23
 5 0 12.500000 1.642405 36
 5 0 57.500000 2.546484 54
 137170.524102 11
 7 1 7.500000 2.977215 67
 6 1 37.500000 2.029366 15
 6 1 17.500000 2.740713 7
 4 1 47.500000 2.421176 115
 6 0 17.500000 1.475263 6
 5 1 47.500000 1.458318 51
 6 0 32.500000 2.091356 12
 6 1 22.500000 1.508264 9
 3 1 62.500000 1.519819 185
 5 1 62.500000 2.244515 57
 6 1 42.500000 1.582502 17
 751243.408300 9
 6 1 62.500000 2.819702 25
 6 1 37.500000 2.029366 15
 5 1 17.500000 1.718258 39
 4 1 77.500000 2.128272 127
 5 1 47.500000 1.458318 51
 5 1 52.500000 2.719019 53
 2 1 57.500000 2.152409 247
 4 0 2.500000 1.589880 96
 7 0 22.500000 2.599892 72
 1579046.716475 32
 6 0 77.500000 1.847299 30
 6 1 22.500000 1.508264 9
 6 1 77.500000 1.546290 31
 5 0 77.500000 1.723432 62
 5 0 2.500000 2.489350 32
 6 0 62.500000 1.666140 24
 6 0 47.500000 1.117474 18
 6 1 42.500000 1.582502 17
 3 1 52.500000 1.650983 181
 5 1 32.500000 2.906205 45
 8 1 57.500000 2.849252 151
 10 1 57.500000 1.164881 279
 5 1 77.500000 1.714551 63
 11 0 62.500000 1.859323 344
 6 0 7.500000 1.927085 2
 8 1 32.500000 1.713593 141
 5 0 7.500000 2.455195 34
 5 1 62.500000 2.244515 57
 6 0 57.500000 1.898929 22
 5 0 67.500000 1.558870 58
 9 0 57.500000 1.690795 214
 6 0 37.500000 2.091273 14
 5 0 22.500000 2.762853 40
 5 0 52.500000 1.953396 52
 4 1 27.500000 2.076431 107
 6 1 7.500000 2.522566 3
 7 1 17.500000 1.500363 71
 5 1 12.500000 1.894916 37
 6 1 2.500000 2.867253 1
 8 1 2.500000 2.553880 129
 3 1 12.500000 2.806712 165
 3 0 57.500000 2.064715 182
 539025.361044 12
 5 0 32.500000 2.889445 44
 9 0 37.500000 1.444612 206
 5 0 77.500000 1.723432 62
 5 0 7.500000 2.455195 34
 5 0 52.500000 1.953396 52
 7 1 7.500000 2.977215 67
 6 0 7.500000 1.927085 2
 5 1 57.500000 2.751717 55
 6 0 22.500000 1.167698 8
 5 1 32.500000 2.906205 45
 5 0 67.500000 1.558870 58
 5 0 47.500000 2.250816 50
 1038184.488657 5
 6 1 72.500000 1.095249 29
 6 0 32.500000 2.091356 12
 2 1 77.500000 1.856790 255
 6 1 12.500000 1.828017 5
 6 0 47.500000 1.117474 18
 941328.421226 16
 6 0 42.500000 1.550044 16
 6 0 12.500000 2.761577 4
 0 1 17.500000 1.687915 359
 6 1 17.500000 2.740713 7
 6 0 67.500000 2.737107 26
 5 1 32.500000 2.906205 45
 7 1 22.500000 2.380923 73
 8 1 32.500000 1.713593 141
 6 1 2.500000 2.867253 1
 2 0 7.500000 1.993958 226
 5 0 17.500000 1.858257 38
 4 0 17.500000 1.831086 102
 7 0 27.500000 2.177132 74
 7 1 2.500000 1.757536 65
 5 1 67.500000 1.935949 59
 5 1 72.500000 2.077213 61
 1216701.373019 32
 6 0 2.500000 1.635204 0
 5 1 47.500000 1.458318 51
 7 0 12.500000 2.048474 68
 6 1 57.500000 1.300867 23
 6 1 17.500000 2.740713 7
 5 0 12.500000 1.642405 36
 6 1 27.500000 1.179871 11
 7 0 72.500000 2.112207 92
 6 1 62.500000 2.819702 25
 7 1 7.500000 2.977215 67
 5 0 77.500000 1.723432 62
 7 0 37.500000 1.691489 78
 2 0 62.500000 1.541803 248
 5 0 17.500000 1.858257 38
 6 1 42.500000 1.582502 17
 4 1 42.500000 1.149451 113
 5 1 12.500000 1.894916 37
 6 1 32.500000 1.427625 13
 6 0 57.500000 1.898929 22
 7 0 42.500000 1.816950 80
 7 0 22.500000 2.599892 72
 6 1 52.500000 2.396733 21
 5 0 27.500000 1.601049 42
 10 0 22.500000 2.880702 264
 7 1 22.500000 2.380923 73
 6 0 47.500000 1.117474 18
 5 0 32.500000 2.889445 44
 5 0 47.500000 2.250816 50
 6 0 22.500000 1.167698 8
 6 0 37.500000 2.091273 14
 6 1 72.500000 1.095249 29
 5 1 7.500000 2.461929 35
 622085.316489 8
 5 1 62.500000 2.244515 57
 6 0 77.500000 1.847299 30
 5 0 37.500000 2.587675 46
 2 1 32.500000 2.579291 237
 2 0 72.500000 1.492199 252
 6 0 57.500000 1.898929 22
 5 1 27.500000 2.825780 43
 5 0 22.500000 2.762853 40
 754612.595921 14
 6 1 22.500000 1.508264 9
 6 0 72.500000 2.083840 28
 5 0 17.500000 1.858257 38
 6 1 57.500000 1.300867 23
 5 0 47.500000 2.250816 50
 7 0 27.500000 2.177132 74
 7 1 12.500000 2.696012 69
 7 0 22.500000 2.599892 72
 5 1 42.500000 2.664857 49
 6 1 72.500000 1.095249 29
 5 0 77.500000 1.723432 62
 6 0 2.500000 1.635204 0
 5 0 27.500000 1.601049 42
 8 0 17.500000 2.747193 134
 411246.355815 29
 5 1 12.500000 1.894916 37
 7 0 2.500000 2.461698 64
 8 0 7.500000 1.067441 130
 5 0 12.500000 1.642405 36
 7 1 27.500000 1.059446 75
 4 1 42.500000 1.149451 113
 6 1 12.500000 1.828017 5
 11 0 62.500000 1.859323 344
 5 1 2.500000 2.506126 33
 5 1 72.500000 2.077213 61
 6 1 67.500000 2.550966 27
 6 0 62.500000 1.666140 24
 11 1 7.500000 1.094752 323
 6 0 52.500000 1.869245 20
 5 0 2.500000 2.489350 32
 6 1 62.500000 2.819702 25
 5 0 47.500000 2.250816 50
 5 1 77.500000 1.714551 63
 6 0 47.500000 1.117474 18
 5 0 72.500000 1.499023 60
 5 0 22.500000 2.762853 40
 4 0 77.500000 1.023034 126
 6 1 37.500000 2.029366 15
 7 1 67.500000 2.007028 91
 6 1 7.500000 2.522566 3
 4 1 27.500000 2.076431 107
 6 1 17.500000 2.740713 7
 7 0 27.500000 2.177132 74
 0 1 12.500000 2.066658 357
 199045.837801 16
 7 1 2.500000 1.757536 65
 6 1 72.500000 1.095249 29
 5 0 37.500000 2.587675 46
 5 1 47.500000 1.458318 51
 11 0 62.500000 1.859323 344
 5 0 42.500000 2.577656 48
 5 1 7.500000 2.461929 35
 7 1 22.500000 2.380923 73
 5 0 52.500000 1.953396 52
 10 0 37.500000 1.650158 270
 11 1 7.500000 1.094752 323
 6 1 2.500000 2.867253 1
 5 1 37.500000 1.054357 47
 5 1 32.500000 2.906205 45
 7 0 22.500000 2.599892 72
 7 0 12.500000 2.048474 68
 275111.402178 29
 6 0 17.500000 1.475263 6
 7 0 27.500000 2.177132 74
 0 1 17.500000 1.687915 359
 6 0 67.500000 2.737107 26
 6 1 52.500000 2.396733 21
 5 0 2.500000 2.489350 32
 5 0 67.500000 1.558870 58
 5 0 47.500000 2.250816 50
 5 1 37.500000 1.054357 47
 2 0 37.500000 2.149970 238
 7 1 2.500000 1.757536 65
 4 1 67.500000 2.831974 123
 6 1 62.500000 2.819702 25
 5 0 72.500000 1.499023 60
 6 0 77.500000 1.847299 30
 7 1 17.500000 1.500363 71
 5 1 77.500000 1.714551 63
 2 1 12.500000 1.794289 229
 8 1 77.500000 2.925119 159
 6 0 7.500000 1.927085 2
 4 0 7.500000 2.165769 98
 5 1 62.500000 2.244515 57
 7 0 22.500000 2.599892 72
 5 1 17.500000 1.718258 39
 6 1 67.500000 2.550966 27
 6 1 37.500000 2.029366 15
 5 1 57.500000 2.751717 55
 6 0 22.500000 1.167698 8
 5 0 27.500000 1.601049 42
 352904.557024 3
 6 1 7.500000 2.522566 3
 7 0 12.500000 2.048474 68
 5 1 37.500000 1.054357 47
 1178481.371300 6
 8 1 57.500000 2.849252 151
 8 0 57.500000 1.619733 150
 1 1 27.500000 1.289015 299
 6 0 22.500000 1.167698 8
 7 1 37.500000 2.857489 79
 6 1 67.500000 2.550966 27
 1399712.525513 17
 6 1 2.500000 2.867253 1
 5 1 22.500000 1.270875 41
 5 1 12.500000 1.894916 37
 5 1 32.500000 2.906205 45
 7 0 17.500000 1.872047 70
 6 1 52.500000 2.396733 21
 8 1 27.500000 2.445102 139
 6 0 42.500000 1.550044 16
 7 0 12.500000 2.048474 68
 5 0 2.500000 2.489350 32
 4 1 7.500000 2.074013 99
 5 0 22.500000 2.762853 40
 1 1 7.500000 2.167274 291
 5 1 67.500000 1.935949 59
 5 0 37.500000 2.587675 46
 7 0 2.500000 2.461698 64
 5 1 37.500000 1.054357 47
 372672.249904 19
 5 1 27.500000 2.825780 43
 5 0 67.500000 1.558870 58
 6 1 2.500000 2.867253 1
 5 0 27.500000 1.601049 42
 5 0 32.500000 2.889445 44
 5 0 22.500000 2.762853 40
 10 1 22.500000 1.963696 265
 6 1 22.500000 1.508264 9
 6 0 52.500000 1.869245 20
 7 1 17.500000 1.500363 71
 10 0 17.500000 2.037025 262
 6 1 37.500000 2.029366 15
 6 1 77.500000 1.546290 31
 5 1 42.500000 2.664857 49
 5 1 62.500000 2.244515 57
 6 0 12.500000 2.761577 4
 6 1 17.500000 2.740713 7
 5 0 77.500000 1.723432 62
 5 1 77.500000 1.714551 63
 1947083.486015 24
 6 1 77.500000 1.546290 31
 5 1 32.500000 2.906205 45
 3 1 52.500000 1.650983 181
 7 0 2.500000 2.461698 64
 7 1 12.500000 2.696012 69
 6 1 62.500000 2.819702 25
 6 1 52.500000 2.396733 21
 6 0 57.500000 1.898929 22
 5 1 37.500000 1.054357 47
 6 0 32.500000 2.091356 12
 6 0 62.500000 1.666140 24
 8 0 32.500000 2.825829 140
 6 1 37.500000 2.029366 15
 4 1 17.500000 1.057626 103
 6 0 77.500000 1.847299 30
 0 1 57.500000 2.852799 375
 6 0 42.500000 1.550044 16
 5 1 67.500000 1.935949 59
 5 1 7.500000 2.461929 35
 6 1 47.500000 1.387866 19
 7 1 7.500000 2.977215 67
 8 1 67.500000 1.282887 155
 5 0 12.500000 1.642405 36
 6 1 7.500000 2.522566 3
 1375748.117126 9
 7 0 27.500000 2.177132 74
 7 1 22.500000 2.380923 73
 6 1 32.500000 1.427625 13
 5 0 37.500000 2.587675 46
 5 0 17.500000 1.858257 38
 4 0 77.500000 1.023034 126
 5 1 72.500000 2.077213 61
 5 1 17.500000 1.718258 39
 1 1 77.500000 2.715394 319
 106563.025949 2
 5 0 32.500000 2.889445 44
 3 1 27.500000 2.601866 171
 1929095.912915 28
 3 1 52.500000 1.650983 181
 5 1 42.500000 2.664857 49
 6 1 57.500000 1.300867 23
 5 0 62.500000 2.112349 56
 6 0 17.500000 1.475263 6
 9 1 7.500000 2.205150 195
 5 1 52.500000 2.719019 53
 5 0 32.500000 2.889445 44
 5 0 12.500000 1.642405 36
 6 1 72.500000 1.095249 29
 6 1 67.500000 2.550966 27
 7 0 67.500000 2.116737 90
 5 0 67.500000 1.558870 58
 6 0 37.500000 2.091273 14
 1 1 12.500000 1.496245 293
 5 1 47.500000 1.458318 51
 5 0 17.500000 1.858257 38
 6 1 2.500000 2.867253 1
 6 0 32.500000 2.091356 12
 8 1 77.500000 2.925119 159
 6 0 2.500000 1.635204 0
 7 1 52.500000 1.589375 85
 6 1 52.500000 2.396733 21
 4 1 2.500000 1.106573 97
 7 1 7.500000 2.977215 67
 5 0 72.500000 1.499023 60
 6 0 27.500000 1.391871 10
 6 1 12.500000 1.828017 5
 425612.893750 35
 5 1 52.500000 2.719019 53
 6 0 17.500000 1.475263 6
 2 0 62.500000 1.541803 248
 10 1 72.500000 1.166438 285
 4 1 72.500000 2.078600 125
 5 0 2.500000 2.489350 32
 5 0 22.500000 2.762853 40
 7 1 12.500000 2.696012 69
 0 0 27.500000 1.237435 362
 5 0 72.500000 1.499023 60
 6 0 22.500000 1.167698 8
 7 0 17.500000 1.872047 70
 6 1 17.500000 2.740713 7
 5 0 57.500000 2.546484 54
 7 0 22.500000 2.599892 72
 6 0 57.500000 1.898929 22
 8 1 42.500000 1.098824 145
 7 1 57.500000 2.154936 87
 0 1 52.500000 2.640213 373
 10 1 27.500000 2.892495 267
 9 1 67.500000 1.943979 219
 5 0 12.500000 1.642405 36
 3 0 62.500000 1.537783 184
 7 0 2.500000 2.461698 64
 5 0 52.500000 1.953396 52
 2 0 22.500000 2.986026 232
 1 1 62.500000 1.702858 313
 0 1 27.500000 1.575776 363
 5 1 77.500000 1.714551 63
 5 1 17.500000 1.718258 39
 9 1 57.500000 1.197921 215
 0 0 37.500000 2.295051 366
 8 0 7.500000 1.067441 130
 6 1 47.500000 1.387866 19
 7 1 17.500000 1.500363 71
 1779579.509785 23
 5 0 57.500000 2.546484 54
 6 0 77.500000 1.847299 30
 6 0 62.500000 1.666140 24
 5 0 7.500000 2.455195 34
 7 0 12.500000 2.048474 68
 7 0 27.500000 2.177132 74
 6 1 42.500000 1.582502 17
 6 1 37.500000 2.029366 15
 6 1 77.500000 1.546290 31
 9 1 67.500000 1.943979 219
 5 1 37.500000 1.054357 47
 5 0 62.500000 2.112349 56
 7 1 7.500000 2.977215 67
 6 0 52.500000 1.869245 20
 7 1 12.500000 2.696012 69
 5 0 72.500000 1.499023 60
 6 1 72.500000 1.095249 29
 5 1 62.500000 2.244515 57
 4 0 12.500000 1.938728 100
 6 0 22.500000 1.167698 8
 2 0 22.500000 2.986026 232
 6 0 27.500000 1.391871 10
 3 1 42.500000 1.188703 177
 901873.163796 32
 6 0 77.500000 1.847299 30
 7 1 2.500000 1.757536 65
 7 1 27.500000 1.059446 75
 5 1 22.500000 1.270875 41
 7 0 2.500000 2.461698 64
 7 0 22.500000 2.599892 72
 6 1 12.500000 1.828017 5
 6 0 47.500000 1.117474 18
 6 1 62.500000 2.819702 25
 7 0 72.500000 2.112207 92
 5 1 47.500000 1.458318 51
 6 0 7.500000 1.927085 2
 4 0 62.500000 2.829871 120
 6 0 72.500000 2.083840 28
 1 0 37.500000 2.116962 302
 5 1 32.500000 2.906205 45
 5 1 52.500000 2.719019 53
 6 0 27.500000 1.391871 10
 5 1 62.500000 2.244515 57
 5 1 42.500000 2.664857 49
 6 1 27.500000 1.179871 11
 6 0 17.500000 1.475263 6
 8 0 7.500000 1.067441 130
 5 0 77.500000 1.723432 62
 5 1 37.500000 1.054357 47
 8 0 42.500000 2.747849 144
 5 1 72.500000 2.077213 61
 7 1 37.500000 2.857489 79
 5 0 12.500000 1.642405 36
 7 1 7.500000 2.977215 67
 7 0 17.500000 1.872047 70
 5 1 7.500000 2.461929 35
 1829684.671457 20
 8 0 67.500000 2.826042 154
 9 0 12.500000 1.948246 196
 6 0 22.500000 1.167698 8
 6 0 17.500000 1.475263 6
 5 1 42.500000 2.664857 49
 5 0 57.500000 2.546484 54
 6 0 2.500000 1.635204 0
 5 0 67.500000 1.558870 58
 6 1 32.500000 1.427625 13
 6 0 57.500000 1.898929 22
 6 0 52.500000 1.869245 20
 4 0 32.500000 2.581408 108
 5 1 47.500000 1.458318 51
 6 0 62.500000 1.666140 24
 3 1 17.500000 2.142904 167
 5 0 47.500000 2.250816 50
 7 0 7.500000 2.904562 66
 7 1 22.500000 2.380923 73
 6 1 2.500000 2.867253 1
 8 0 12.500000 2.881800 132
 1201236.765814 20
 7 0 2.500000 2.461698 64
 6 0 22.500000 1.167698 8
 5 1 67.500000 1.935949 59
 5 0 27.500000 1.601049 42
 5 1 57.500000 2.751717 55
 6 1 52.500000 2.396733 21
 8 0 37.500000 2.361448 142
 6 1 17.500000 2.740713 7
 5 1 7.500000 2.461929 35
 1 0 32.500000 2.468748 300
 11 0 52.500000 2.488208 340
 5 0 17.500000 1.858257 38
 5 1 17.500000 1.718258 39
 6 1 12.500000 1.828017 5
 3 0 72.500000 1.206495 188
 6 0 12.500000 2.761577 4
 0 0 12.500000 1.490097 356
 6 0 27.500000 1.391871 10
 7 1 17.500000 1.500363 71
 8 1 57.500000 2.849252 151
 1451167.835822 22
 5 0 12.500000 1.642405 36
 7 1 17.500000 1.500363 71
 5 0 27.500000 1.601049 42
 5 0 32.500000 2.889445 44
 5 1 72.500000 2.077213 61
 5 0 22.500000 2.762853 40
 8 1 42.500000 1.098824 145
 5 1 52.500000 2.719019 53
 6 0 67.500000 2.737107 26
 5 0 42.500000 2.577656 48
 6 1 12.500000 1.828017 5
 5 0 57.500000 2.546484 54
 6 1 17.500000 2.740713 7
 6 1 52.500000 2.396733 21
 7 1 27.500000 1.059446 75
 6 0 62.500000 1.666140 24
 4 0 17.500000 1.831086 102
 5 1 22.500000 1.270875 41
 6 0 52.500000 1.869245 20
 4 0 62.500000 2.829871 120
 0 0 52.500000 2.888239 372
 5 1 32.500000 2.906205 45
 1564594.021851 27
 4 0 57.500000 2.678375 118
 6 1 42.500000 1.582502 17
 8 1 17.500000 2.071924 135
 5 0 32.500000 2.889445 44
 5 0 37.500000 2.587675 46
 5 0 27.500000 1.601049 42
 7 0 17.500000 1.872047 70
 8 0 27.500000 1.194291 138
 6 1 17.500000 2.740713 7
 5 0 22.500000 2.762853 40
 6 1 57.500000 1.300867 23
 6 0 72.500000 2.083840 28
 8 1 47.500000 2.237081 147
 6 0 32.500000 2.091356 12
 5 1 22.500000 1.270875 41
 4 1 47.500000 2.421176 115
 10 1 57.500000 1.164881 279
 4 0 7.500000 2.165769 98
 6 1 67.500000 2.550966 27
 5 1 52.500000 2.719019 53
 6 0 77.500000 1.847299 30
 5 0 17.500000 1.858257 38
 1 1 67.500000 2.962076 315
 6 0 67.500000 2.737107 26
 6 1 62.500000 2.819702 25
 5 1 12.500000 1.894916 37
 6 1 2.500000 2.867253 1
 1106406.417390 14
 1 1 2.500000 1.014977 289
 11 0 62.500000 1.859323 344
 7 1 7.500000 2.977215 67
 6 0 52.500000 1.869245 20
 6 1 52.500000 2.396733 21
 5 0 57.500000 2.546484 54
 5 1 67.500000 1.935949 59
 5 0 42.500000 2.577656 48
 5 1 77.500000 1.714551 63
 6 0 42.500000 1.550044 16
 5 0 77.500000 1.723432 62
 3 1 32.500000 1.466802 173
 5 1 42.500000 2.664857 49
 7 1 62.500000 1.485578 89
 1087322.239898 16
 6 1 2.500000 2.867253 1
 5 0 42.500000 2.577656 48
 6 1 67.500000 2.550966 27
 6 0 2.500000 1.635204 0
 3 0 12.500000 1.661856 164
 6 0 32.500000 2.091356 12
 5 1 72.500000 2.077213 61
 6 1 12.500000 1.828017 5
 6 0 77.500000 1.847299 30
 8 1 42.500000 1.098824 145
 6 1 17.500000 2.740713 7
 5 1 32.500000 2.906205 45
 7 0 22.500000 2.599892 72
 5 0 12.500000 1.642405 36
 6 1 62.500000 2.819702 25
 6 1 47.500000 1.387866 19
 818377.148611 28
 6 0 47.500000 1.117474 18
 6 0 42.500000 1.550044 16
 5 0 32.500000 2.889445 44
 5 0 52.500000 1.953396 52
 5 1 27.500000 2.825780 43
 6 1 47.500000 1.387866 19
 5 1 2.500000 2.506126 33
 5 1 72.500000 2.077213 61
 0 0 52.500000 2.888239 372
 5 0 62.500000 2.112349 56
 10 0 7.500000 2.990271 258
 7 0 52.500000 1.468173 84
 5 0 77.500000 1.723432 62
 5 0 2.500000 2.489350 32
 7 1 12.500000 2.696012 69
 7 0 67.500000 2.116737 90
 11 1 7.500000 1.094752 323
 5 1 47.500000 1.458318 51
 6 1 57.500000 1.300867 23
 6 0 57.500000 1.898929 22
 4 0 67.500000 1.446114 122
 7 1 2.500000 1.757536 65
 6 0 67.500000 2.737107 26
 6 0 17.500000 1.475263 6
 5 0 7.500000 2.455195 34
 5 1 42.500000 2.664857 49
 5 0 22.500000 2.762853 40
 5 1 62.500000 2.244515 57
 269721.824783 21
 5 1 47.500000 1.458318 51
 6 0 22.500000 1.167698 8
 7 0 67.500000 2.116737 90
 6 0 62.500000 1.666140 24
 6 0 37.500000 2.091273 14
 5 0 32.500000 2.889445 44
 11 0 12.500000 1.494747 324
 6 0 77.500000 1.847299 30
 6 1 47.500000 1.387866 19
 0 1 62.500000 2.541940 377
 6 1 32.500000 1.427625 13
 7 0 7.500000 2.904562 66
 6 0 12.500000 2.761577 4
 5 0 37.500000 2.587675 46
 6 1 57.500000 1.300867 23
 5 0 42.500000 2.577656 48
 5 0 62.500000 2.112349 56
 7 0 27.500000 2.177132 74
 5 0 52.500000 1.953396 52
 6 1 2.500000 2.867253 1
 5 1 7.500000 2.461929 35
 296247.602578 31
 7 0 17.500000 1.872047 70
 7 1 7.500000 2.977215 67
 6 1 72.500000 1.095249 29
 5 1 72.500000 2.077213 61
 8 0 22.500000 2.828712 136
 6 1 37.500000 2.029366 15
 6 0 2.500000 1.635204 0
 6 0 77.500000 1.847299 30
 8 0 57.500000 1.619733 150
 10 0 77.500000 2.330453 286
 7 1 27.500000 1.059446 75
 6 0 42.500000 1.550044 16
 7 0 22.500000 2.599892 72
 5 1 17.500000 1.718258 39
 5 1 7.500000 2.461929 35
 5 1 62.500000 2.244515 57
 5 0 37.500000 2.587675 46
 5 1 47.500000 1.458318 51
 5 0 2.500000 2.489350 32
 6 1 47.500000 1.387866 19
 7 1 57.500000 2.154936 87
 6 0 67.500000 2.737107 26
 6 0 37.500000 2.091273 14
 6 1 62.500000 2.819702 25
 3 0 27.500000 2.555281 170
 7 0 27.500000 2.177132 74
 5 1 37.500000 1.054357 47
 7 0 2.500000 2.461698 64
 5 0 77.500000 1.723432 62
 5 0 57.500000 2.546484 54
 5 0 52.500000 1.953396 52
 1783977.501255 12
 6 1 17.500000 2.740713 7
 6 1 67.500000 2.550966 27
 7 0 7.500000 2.904562 66
 6 1 12.500000 1.828017 5
 9 1 37.500000 1.597067 207
 6 1 52.500000 2.396733 21
 8 1 42.500000 1.098824 145
 4 1 17.500000 1.057626 103
 5 1 72.500000 2.077213 61
 5 0 72.500000 1.499023 60
 5 1 7.500000 2.461929 35
 6 0 17.500000 1.475263 6
 197267.864681 22
 5 1 7.500000 2.461929 35
 2 1 37.500000 2.547484 239
 6 1 12.500000 1.828017 5
 5 0 32.500000 2.889445 44
 6 0 27.500000 1.391871 10
 6 1 22.500000 1.508264 9
 6 1 2.500000 2.867253 1
 5 0 7.500000 2.455195 34
 6 1 17.500000 2.740713 7
 6 1 62.500000 2.819702 25
 5 1 57.500000 2.751717 55
 5 1 42.500000 2.664857 49
 6 1 32.500000 1.427625 13
 6 0 72.500000 2.083840 28
 6 0 67.500000 2.737107 26
 7 1 27.500000 1.059446 75
 5 0 27.500000 1.601049 42
 6 0 57.500000 1.898929 22
 6 1 37.500000 2.029366 15
 7 0 12.500000 2.048474 68
 11 0 37.500000 1.073689 334
 8 0 27.500000 1.194291 138
 1195324.827784 21
 6 0 27.500000 1.391871 10
 5 1 77.500000 1.714551 63
 6 1 27.500000 1.179871 11
 6 0 62.500000 1.666140 24
 4 0 62.500000 2.829871 120
 5 1 57.500000 2.751717 55
 7 1 27.500000 1.059446 75
 2 1 32.500000 2.579291 237
 6 0 52.500000 1.869245 20
 6 1 12.500000 1.828017 5
 5 0 37.500000 2.587675 46
 5 1 62.500000 2.244515 57
 7 0 12.500000 2.048474 68
 6 0 7.500000 1.927085 2
 5 0 17.500000 1.858257 38
 7 1 17.500000 1.500363 71
 5 0 27.500000 1.601049 42
 6 1 77.500000 1.546290 31
 5 1 27.500000 2.825780 43
 5 1 72.500000 2.077213 61
 6 1 52.500000 2.396733 21
 164268.638121 32
 6 1 22.500000 1.508264 9
 5 1 52.500000 2.719019 53
 6 0 27.500000 1.391871 10
 3 0 2.500000 2.469531 160
 6 0 7.500000 1.927085 2
 1 1 12.500000 1.496245 293
 4 1 27.500000 2.076431 107
 8 0 52.500000 2.628463 148
 5 1 17.500000 1.718258 39
 6 0 47.500000 1.117474 18
 6 1 7.500000 2.522566 3
 7 0 12.500000 2.048474 68
 8 0 57.500000 1.619733 150
 6 1 37.500000 2.029366 15
 8 0 47.500000 1.943014 146
 4 0 32.500000 2.581408 108
 8 1 52.500000 2.582116 149
 7 1 7.500000 2.977215 67
 6 0 77.500000 1.847299 30
 11 0 12.500000 1.494747 324
 6 1 52.500000 2.396733 21
 5 1 2.500000 2.506126 33
 7 0 17.500000 1.872047 70
 5 0 12.500000 1.642405 36
 7 1 17.500000 1.500363 71
 5 0 32.500000 2.889445 44
 1 1 57.500000 2.367913 311
 6 0 32.500000 2.091356 12
 6 1 42.500000 1.582502 17
 7 1 27.500000 1.059446 75
 7 0 7.500000 2.904562 66
 8 1 7.500000 2.488301 131
 496145.581964 22
 7 1 22.500000 2.380923 73
 6 1 2.500000 2.867253 1
 6 0 77.500000 1.847299 30
 5 1 77.500000 1.714551 63
 6 1 47.500000 1.387866 19
 11 1 62.500000 1.642960 345
 6 0 37.500000 2.091273 14
 0 1 52.500000 2.640213 373
 7 0 62.500000 2.007823 88
 6 1 52.500000 2.396733 21
 5 0 62.500000 2.112349 56
 6 1 72.500000 1.095249 29
 7 0 2.500000 2.461698 64
 6 1 77.500000 1.546290 31
 7 0 17.500000 1.872047 70
 10 0 12.500000 1.013346 260
 5 1 7.500000 2.461929 35
 5 0 17.500000 1.858257 38
 5 1 22.500000 1.270875 41
 5 1 67.500000 1.935949 59
 5 0 72.500000 1.499023 60
 4 0 17.500000 1.831086 102
 1365663.906506 16
 5 0 52.500000 1.953396 52
 9 0 52.500000 2.125931 212
 8 1 52.500000 2.582116 149
 5 1 12.500000 1.894916 37
 6 0 72.500000 2.083840 28
 8 0 52.500000 2.628463 148
 6 0 42.500000 1.550044 16
 6 1 42.500000 1.582502 17
 6 1 52.500000 2.396733 21
 7 0 12.500000 2.048474 68
 7 0 67.500000 2.116737 90
 2 0 77.500000 2.433501 254
 4 1 62.500000 1.640593 121
 5 1 62.500000 2.244515 57
 5 0 17.500000 1.858257 38
 5 0 27.500000 1.601049 42
 720625.072792 20
 6 0 62.500000 1.666140 24
 7 0 12.500000 2.048474 68
 6 1 77.500000 1.546290 31
 4 1 77.500000 2.128272 127
 7 0 17.500000 1.872047 70
 5 0 37.500000 2.587675 46
 7 0 2.500000 2.461698 64
 6 1 67.500000 2.550966 27
 5 0 72.500000 1.499023 60
 5 1 32.500000 2.906205 45
 10 1 62.500000 2.334854 281
 5 0 47.500000 2.250816 50
 6 1 2.500000 2.867253 1
 10 1 17.500000 2.273986 263
 6 1 17.500000 2.740713 7
 5 1 12.500000 1.894916 37
 7 1 7.500000 2.977215 67
 5 1 77.500000 1.714551 63
 5 0 17.500000 1.858257 38
 7 0 42.500000 1.816950 80
 1032694.253657 13
 7 0 22.500000 2.599892 72
 6 0 12.500000 2.761577 4
 6 1 72.500000 1.095249 29
 5 0 42.500000 2.577656 48
 5 0 12.500000 1.642405 36
 10 1 37.500000 2.205060 271
 6 0 37.500000 2.091273 14
 5 1 72.500000 2.077213 61
 5 1 32.500000 2.906205 45
 7 1 7.500000 2.977215 67
 7 1 42.500000 1.479829 81
 6 1 12.500000 1.828017 5
 10 0 72.500000 2.731193 284
 1322725.278606 13
 8 1 52.500000 2.582116 149
 5 1 77.500000 1.714551 63
 8 0 27.500000 1.194291 138
 6 1 27.500000 1.179871 11
 5 1 47.500000 1.458318 51
 5 1 17.500000 1.718258 39
 6 0 67.500000 2.737107 26
 8 1 7.500000 2.488301 131
 6 1 7.500000 2.522566 3
 5 1 62.500000 2.244515 57
 6 1 22.500000 1.508264 9
 5 1 57.500000 2.751717 55
 5 1 37.500000 1.054357 47
 472836.856299 13
 4 1 32.500000 1.723777 109
 5 0 52.500000 1.953396 52
 7 0 62.500000 2.007823 88
 6 0 27.500000 1.391871 10
 6 0 52.500000 1.869245 20
 4 1 37.500000 1.373310 111
 6 0 2.500000 1.635204 0
 7 1 27.500000 1.059446 75
 7 1 2.500000 1.757536 65
 6 1 72.500000 1.095249 29
 5 1 67.500000 1.935949 59
 7 0 2.500000 2.461698 64
 7 0 27.500000 2.177132 74
 1119306.831304 21
 2 1 67.500000 2.135509 251
 5 1 67.500000 1.935949 59
 7 0 22.500000 2.599892 72
 9 1 7.500000 2.205150 195
 6 0 7.500000 1.927085 2
 6 1 77.500000 1.546290 31
 6 1 2.500000 2.867253 1
 5 0 57.500000 2.546484 54
 10 0 27.500000 1.838573 266
 6 0 2.500000 1.635204 0
 10 1 12.500000 1.308267 261
 0 1 67.500000 1.776862 379
 5 0 27.500000 1.601049 42
 4 0 77.500000 1.023034 126
 6 0 12.500000 2.761577 4
 7 0 67.500000 2.116737 90
 8 0 32.500000 2.825829 140
 6 1 47.500000 1.387866 19
 5 1 52.500000 2.719019 53
 7 1 12.500000 2.696012 69
 6 0 77.500000 1.847299 30
 1039902.676530 2
 6 1 42.500000 1.582502 17
 5 0 42.500000 2.577656 48
 1488616.916895 6
 1 0 17.500000 1.397350 294
 5 1 17.500000 1.718258 39
 5 0 12.500000 1.642405 36
 7 1 37.500000 2.857489 79
 6 1 37.500000 2.029366 15
 6 0 17.500000 1.475263 6
 585583.925222 32
 5 0 72.500000 1.499023 60
 6 0 52.500000 1.869245 20
 5 1 32.500000 2.906205 45
 7 1 22.500000 2.380923 73
 5 0 27.500000 1.601049 42
 7 0 2.500000 2.461698 64
 6 1 27.500000 1.179871 11
 6 1 57.500000 1.300867 23
 7 0 67.500000 2.116737 90
 5 0 32.500000 2.889445 44
 5 1 77.500000 1.714551 63
 4 1 62.500000 1.640593 121
 6 0 27.500000 1.391871 10
 5 1 52.500000 2.719019 53
 5 0 57.500000 2.546484 54
 5 0 12.500000 1.642405 36
 7 1 12.500000 2.696012 69
 5 1 62.500000 2.244515 57
 5 0 37.500000 2.587675 46
 5 0 17.500000 1.858257 38
 7 1 72.500000 1.868946 93
 7 0 12.500000 2.048474 68
 5 0 77.500000 1.723432 62
 6 0 22.500000 1.167698 8
 7 0 22.500000 2.599892 72
 6 1 42.500000 1.582502 17
 5 1 27.500000 2.825780 43
 11 0 22.500000 2.210877 328
 5 0 42.500000 2.577656 48
 9 0 27.500000 2.739553 202
 7 1 2.500000 1.757536 65
 6 0 57.500000 1.898929 22
 1887440.284773 14
 6 0 12.500000 2.761577 4
 7 0 12.500000 2.048474 68
 6 0 2.500000 1.635204 0
 5 1 7.500000 2.461929 35
 3 1 32.500000 1.466802 173
 5 1 47.500000 1.458318 51
 6 1 52.500000 2.396733 21
 5 1 32.500000 2.906205 45
 5 0 67.500000 1.558870 58
 7 0 37.500000 1.691489 78
 7 0 7.500000 2.904562 66
 6 0 22.500000 1.167698 8
 5 0 17.500000 1.858257 38
 6 0 57.500000 1.898929 22
 94010.279893 29
 6 1 22.500000 1.508264 9
 5 1 37.500000 1.054357 47
 6 1 77.500000 1.546290 31
 7 0 2.500000 2.461698 64
 5 0 27.500000 1.601049 42
 6 0 27.500000 1.391871 10
 5 1 57.500000 2.751717 55
 6 0 12.500000 2.761577 4
 8 0 72.500000 1.485108 156
 6 1 62.500000 2.819702 25
 4 0 57.500000 2.678375 118
 1 0 57.500000 2.131753 310
 6 1 42.500000 1.582502 17
 6 1 2.500000 2.867253 1
 7 1 12.500000 2.696012 69
 5 1 42.500000 2.664857 49
 8 0 27.500000 1.194291 138
 7 0 67.500000 2.116737 90
 5 0 57.500000 2.546484 54
 6 1 67.500000 2.550966 27
 11 0 27.500000 2.122553 330
 6 0 62.500000 1.666140 24
 5 0 7.500000 2.455195 34
 6 0 17.500000 1.475263 6
 6 1 7.500000 2.522566 3
 5 0 22.500000 2.762853 40
 6 0 57.500000 1.898929 22
 6 0 32.500000 2.091356 12
 5 1 22.500000 1.270875 41
 1781320.345300 5
 0 1 52.500000 2.640213 373
 5 0 52.500000 1.953396 52
 6 1 67.500000 2.550966 27
 5 0 22.500000 2.762853 40
 5 0 2.500000 2.489350 32
 1407364.629138 29
 10 1 72.500000 1.166438 285
 5 1 42.500000 2.664857 49
 7 0 2.500000 2.461698 64
 4 0 37.500000 1.515879 110
 11 0 47.500000 2.921753 338
 9 0 67.500000 1.684414 218
 5 0 32.500000 2.889445 44
 5 1 22.500000 1.270875 41
 6 1 67.500000 2.550966 27
 5 1 32.500000 2.906205 45
 6 0 47.500000 1.117474 18
 5 1 62.500000 2.244515 57
 6 1 27.500000 1.179871 11
 7 0 7.500000 2.904562 66
 8 1 72.500000 2.213764 157
 7 1 62.500000 1.485578 89
 5 0 42.500000 2.577656 48
 6 0 17.500000 1.475263 6
 9 1 7.500000 2.205150 195
 6 0 67.500000 2.737107 26
 7 1 72.500000 1.868946 93
 6 1 22.500000 1.508264 9
 4 1 17.500000 1.057626 103
 9 0 52.500000 2.125931 212
 6 1 7.500000 2.522566 3
 7 0 57.500000 2.632008 86
 5 1 12.500000 1.894916 37
 5 1 52.500000 2.719019 53
 6 0 32.500000 2.091356 12
 1089539.378662 6
 6 1 77.500000 1.546290 31
 6 0 52.500000 1.869245 20
 11 1 12.500000 2.209574 325
 7 0 22.500000 2.599892 72
 5 0 77.500000 1.723432 62
 4 0 52.500000 2.705959 116
 1002960.842756 29
 6 1 47.500000 1.387866 19
 4 1 72.500000 2.078600 125
 6 1 22.500000 1.508264 9
 7 1 2.500000 1.757536 65
 5 0 27.500000 1.601049 42
 6 0 37.500000 2.091273 14
 5 0 37.500000 2.587675 46
 5 1 57.500000 2.751717 55
 5 1 2.500000 2.506126 33
 5 0 77.500000 1.723432 62
 6 1 17.500000 2.740713 7
 6 0 52.500000 1.869245 20
 5 1 62.500000 2.244515 57
 6 0 62.500000 1.666140 24
 0 0 42.500000 2.705561 368
 6 1 42.500000 1.582502 17
 4 0 57.500000 2.678375 118
 5 0 42.500000 2.577656 48
 6 0 17.500000 1.475263 6
 5 0 17.500000 1.858257 38
 5 1 12.500000 1.894916 37
 11 1 42.500000 2.363118 337
 7 1 12.500000 2.696012 69
 6 1 37.500000 2.029366 15
 5 1 22.500000 1.270875 41
 2 0 32.500000 1.687308 236
 7 0 7.500000 2.904562 66
 8 0 52.500000 2.628463 148
 5 1 42.500000 2.664857 49
 1474770.885908 14
 5 1 7.500000 2.461929 35
 4 1 2.500000 1.106573 97
 6 1 77.500000 1.546290 31
 5 0 27.500000 1.601049 42
 5 0 12.500000 1.642405 36
 6 0 32.500000 2.091356 12
 7 0 47.500000 1.477951 82
 5 0 17.500000 1.858257 38
 11 0 72.500000 2.163592 348
 8 0 37.500000 2.361448 142
 6 0 67.500000 2.737107 26
 5 0 32.500000 2.889445 44
 5 0 72.500000 1.499023 60
 5 0 7.500000 2.455195 34
 1894926.967702 6
 6 0 7.500000 1.927085 2
 5 1 62.500000 2.244515 57
 5 0 27.500000 1.601049 42
 5 1 17.500000 1.718258 39
 4 0 57.500000 2.678375 118
 5 0 52.500000 1.953396 52
 1918523.937407 35
 7 1 12.500000 2.696012 69
 9 0 2.500000 1.095864 192
 5 0 22.500000 2.762853 40
 7 1 22.500000 2.380923 73
 5 0 67.500000 1.558870 58
 5 1 37.500000 1.054357 47
 6 1 62.500000 2.819702 25
 6 0 37.500000 2.091273 14
 7 0 2.500000 2.461698 64
 7 0 17.500000 1.872047 70
 11 0 62.500000 1.859323 344
 6 1 67.500000 2.550966 27
 5 0 7.500000 2.455195 34
 7 0 27.500000 2.177132 74
 5 0 47.500000 2.250816 50
 6 0 22.500000 1.167698 8
 5 1 62.500000 2.244515 57
 4 1 22.500000 2.460645 105
 6 1 7.500000 2.522566 3
 4 0 62.500000 2.829871 120
 5 1 7.500000 2.461929 35
 6 0 67.500000 2.737107 26
 6 1 52.500000 2.396733 21
 4 1 72.500000 2.078600 125
 6 1 37.500000 2.029366 15
 7 1 27.500000 1.059446 75
 5 1 12.500000 1.894916 37
 2 1 12.500000 1.794289 229
 9 1 67.500000 1.943979 219
 6 1 32.500000 1.427625 13
 5 1 27.500000 2.825780 43
 5 1 42.500000 2.664857 49
 5 0 2.500000 2.489350 32
 4 1 42.500000 1.149451 113
 5 1 57.500000 2.751717 55
 1651557.448102 12
 6 1 37.500000 2.029366 15
 7 0 2.500000 2.461698 64
 5 0 17.500000 1.858257 38
 5 1 72.500000 2.077213 61
 5 1 77.500000 1.714551 63
 10 1 52.500000 2.271998 277
 6 0 47.500000 1.117474 18
 6 0 2.500000 1.635204 0
 7 1 22.500000 2.380923 73
 4 0 7.500000 2.165769 98
 6 0 12.500000 2.761577 4
 5 1 32.500000 2.906205 45
 1430404.375042 4
 6 0 77.500000 1.847299 30
 9 0 2.500000 1.095864 192
 5 0 2.500000 2.489350 32
 4 0 47.500000 2.823015 114
 610684.920480 26
 6 0 2.500000 1.635204 0
 6 1 62.500000 2.819702 25
 5 0 47.500000 2.250816 50
 6 1 77.500000 1.546290 31
 5 1 7.500000 2.461929 35
 5 1 2.500000 2.506126 33
 6 0 57.500000 1.898929 22
 0 0 67.500000 2.385778 378
 3 0 42.500000 1.234437 176
 5 0 27.500000 1.601049 42
 4 0 12.500000 1.938728 100
 6 1 42.500000 1.582502 17
 5 0 12.500000 1.642405 36
 5 0 72.500000 1.499023 60
 5 0 2.500000 2.489350 32
 6 0 17.500000 1.475263 6
 5 1 67.500000 1.935949 59
 5 1 62.500000 2.244515 57
 6 1 32.500000 1.427625 13
 5 1 12.500000 1.894916 37
 6 1 37.500000 2.029366 15
 11 0 37.500000 1.073689 334
 5 1 32.500000 2.906205 45
 5 0 7.500000 2.455195 34
 5 1 77.500000 1.714551 63
 6 1 12.500000 1.828017 5
 53094.344499 22
 6 1 2.500000 2.867253 1
 5 0 32.500000 2.889445 44
 5 0 12.500000 1.642405 36
 5 1 32.500000 2.906205 45
 7 0 12.500000 2.048474 68
 1 0 52.500000 2.665691 308
 6 0 42.500000 1.550044 16
 8 0 67.500000 2.826042 154
 7 0 2.500000 2.461698 64
 7 1 2.500000 1.757536 65
 7 0 27.500000 2.177132 74
 6 1 12.500000 1.828017 5
 6 1 67.500000 2.550966 27
 5 1 37.500000 1.054357 47
 5 1 62.500000 2.244515 57
 6 0 32.500000 2.091356 12
 5 0 62.500000 2.112349 56
 6 0 37.500000 2.091273 14
 5 1 22.500000 1.270875 41
 6 0 12.500000 2.761577 4
 11 1 42.500000 2.363118 337
 5 1 57.500000 2.751717 55
 542874.834921 10
 5 1 47.500000 1.458318 51
 5 0 77.500000 1.723432 62
 5 1 62.500000 2.244515 57
 6 0 37.500000 2.091273 14
 5 0 67.500000 1.558870 58
 5 0 17.500000 1.858257 38
 5 1 52.500000 2.719019 53
 7 0 17.500000 1.872047 70
 0 1 27.500000 1.575776 363
 5 0 57.500000 2.546484 54
 1570054.972083 6
 5 1 7.500000 2.461929 35
 8 1 17.500000 2.071924 135
 7 1 12.500000 2.696012 69
 6 0 57.500000 1.898929 22
 6 0 47.500000 1.117474 18
 5 0 42.500000 2.577656 48
 1662927.651211 8
 5 1 22.500000 1.270875 41
 5 1 2.500000 2.506126 33
 8 1 22.500000 2.163217 137
 7 1 2.500000 1.757536 65
 5 0 77.500000 1.723432 62
 5 1 62.500000 2.244515 57
 6 1 62.500000 2.819702 25
 7 1 17.500000 1.500363 71
 1344846.280862 22
 6 1 52.500000 2.396733 21
 4 1 72.500000 2.078600 125
 5 0 7.500000 2.455195 34
 5 1 77.500000 1.714551 63
 5 0 62.500000 2.112349 56
 6 1 27.500000 1.179871 11
 7 1 7.500000 2.977215 67
 10 1 32.500000 2.624600 269
 6 0 62.500000 1.666140 24
 6 0 12.500000 2.761577 4
 7 0 27.500000 2.177132 74
 5 1 2.500000 2.506126 33
 5 1 27.500000 2.825780 43
 0 0 57.500000 2.062168 374
 5 1 37.500000 1.054357 47
 5 0 72.500000 1.499023 60
 6 0 42.500000 1.550044 16
 5 0 57.500000 2.546484 54
 7 1 57.500000 2.154936 87
 7 1 12.500000 2.696012 69
 6 0 77.500000 1.847299 30
 8 1 22.500000 2.163217 137
 1253228.688507 2
 7 1 22.500000 2.380923 73
 6 1 62.500000 2.819702 25
 1839953.087885 16
 0 1 12.500000 2.066658 357
 5 0 17.500000 1.858257 38
 5 1 12.500000 1.894916 37
 5 0 37.500000 2.587675 46
 5 0 42.500000 2.577656 48
 6 1 27.500000 1.179871 11
 5 0 7.500000 2.455195 34
 5 1 27.500000 2.825780 43
 6 1 67.500000 2.550966 27
 7 1 17.500000 1.500363 71
 5 1 2.500000 2.506126 33
 6 0 37.500000 2.091273 14
 5 1 57.500000 2.751717 55
 5 1 77.500000 1.714551 63
 5 0 72.500000 1.499023 60
 6 0 57.500000 1.898929 22
 88609.093003 21
 3 1 47.500000 1.678797 179
 6 1 47.500000 1.387866 19
 5 1 37.500000 1.054357 47
 6 0 62.500000 1.666140 24
 5 1 42.500000 2.664857 49
 11 1 47.500000 1.909472 339
 3 0 27.500000 2.555281 170
 5 0 42.500000 2.577656 48
 5 0 27.500000 1.601049 42
 6 1 17.500000 2.740713 7
 5 0 52.500000 1.953396 52
 8 1 32.500000 1.713593 141
 5 1 2.500000 2.506126 33
 5 1 7.500000 2.461929 35
 6 0 47.500000 1.117474 18
 6 1 42.500000 1.582502 17
 9 1 37.500000 1.597067 207
 6 0 52.500000 1.869245 20
 6 1 12.500000 1.828017 5
 5 0 2.500000 2.489350 32
 5 1 57.500000 2.751717 55
 1409759.635948 29
 6 1 2.500000 2.867253 1
 9 0 27.500000 2.739553 202
 5 0 52.500000 1.953396 52
 6 0 27.500000 1.391871 10
 6 1 22.500000 1.508264 9
 6 0 52.500000 1.869245 20
 4 0 37.500000 1.515879 110
 6 1 72.500000 1.095249 29
 5 0 62.500000 2.112349 56
 6 1 27.500000 1.179871 11
 6 1 32.500000 1.427625 13
 6 0 32.500000 2.091356 12
 5 0 32.500000 2.889445 44
 5 1 52.500000 2.719019 53
 5 1 67.500000 1.935949 59
 5 0 17.500000 1.858257 38
 5 1 12.500000 1.894916 37
 5 0 72.500000 1.499023 60
 6 1 57.500000 1.300867 23
 6 0 2.500000 1.635204 0
 7 0 7.500000 2.904562 66
 5 0 77.500000 1.723432 62
 5 0 37.500000 2.587675 46
 6 0 22.500000 1.167698 8
 5 0 47.500000 2.250816 50
 5 0 2.500000 2.489350 32
 7 1 17.500000 1.500363 71
 7 1 12.500000 2.696012 69
 7 0 17.500000 1.872047 70
 1954691.749194 25
 6 0 12.500000 2.761577 4
 6 0 37.500000 2.091273 14
 5 1 72.500000 2.077213 61
 5 1 52.500000 2.719019 53
 6 0 77.500000 1.847299 30
 5 0 42.500000 2.577656 48
 6 0 57.500000 1.898929 22
 6 1 12.500000 1.828017 5
 8 1 52.500000 2.582116 149
 4 1 22.500000 2.460645 105
 6 0 22.500000 1.167698 8
 4 1 2.500000 1.106573 97
 5 1 67.500000 1.935949 59
 6 1 57.500000 1.300867 23
 9 0 62.500000 1.450930 216
 5 0 72.500000 1.499023 60
 6 1 52.500000 2.396733 21
 5 0 22.500000 2.762853 40
 5 0 32.500000 2.889445 44
 5 1 27.500000 2.825780 43
 6 0 17.500000 1.475263 6
 6 1 77.500000 1.546290 31
 5 0 12.500000 1.642405 36
 3 0 77.500000 1.735606 190
 6 0 7.500000 1.927085 2