Numero de pedidos iniciales: 0
Numero de pedidos entregados: 150
22687
37033
35100
14142
34235
51414
49568
25367
17844
16935
20349
11514
52188
95719
74530
1428
13298
56976
8966
45504
1012
22925
119728
57963
112032
89
17093
177951
47650
60814
100052
11819
9194
85568
194028
3945
3355
44157
10474
35282
11712
74362
4519
17144
71739
123761
16707
6207
16888
25306
179425
51128
7818
34377
5039
20952
78060
94439
17065
62614
372973
28459
117608
88094
11348
22284
67291
142344
53703
96990
48871
163652
25250
10912
7067
91480
153088
3298
9631
40373
62806
34443
335382
75395
50606
12791
112458
20679
55148
4820
197809
148574
42784
50737
144251
4865
20383
139229
33336
21391
50046
56781
85097
131805
69437
176667
282020
27802
4974
34639
8678
37221
35931
15896
14373
29817
33624
50412
29209
19316
50473
59503
7789
8464
103686
118932
294804
28021
117943
10981
64206
139070
36950
175931
99039
94311
78921
9395
57788
271990
117439
131939
99686
3309
32400
20369
48138
1660
10642
27529
147960
