Numero de pedidos iniciales: 0
Numero de pedidos entregados: 200
11344
18516
17550
7071
17118
25707
24784
12684
8922
8468
10175
5757
26094
47860
37265
714
6649
28488
4483
22752
506
11462
59864
28982
56016
45
8546
88975
23825
30407
50026
5910
4597
42784
97014
1972
1677
22079
5237
17641
5856
37181
2260
8572
35870
61880
8353
3103
8444
12653
89712
25564
3909
17189
2519
10476
39030
47220
8533
31307
186487
14229
58804
44047
5674
11142
33646
71172
26852
48495
24435
81826
12625
5456
3534
45740
76544
1649
4816
20187
31403
17222
167691
37698
25303
6396
56229
10339
27574
2410
98905
74287
21392
25368
72125
2433
10191
69615
16668
10696
25023
28390
42548
65903
34718
88333
141010
13901
2487
17320
4339
18611
17965
7948
7186
14908
16812
25206
14604
9658
25236
29752
3895
4232
51843
59466
147402
14010
58971
5491
32103
69535
18475
87965
49519
47156
39461
4698
28894
135995
58720
65970
49843
1654
16200
10184
24069
830
5321
13765
73980
10776
33701
8148
11248
3268
9630
7303
18202
81693
81624
24301
7630
9220
52197
44161
59274
11361
43520
15339
14
2023
91447
3390
9333
39596
70058
91352
118555
40058
18925
95979
74100
1659
46882
3965
7249
17273
19351
1604
100298
20473
498
7526
7070
14863
29947
51691
47442
40412
10050
