Numero de pedidos iniciales: 0
Numero de pedidos entregados: 250
18150
29626
28080
11314
27388
41132
39654
20294
14275
13548
16279
9211
41750
76575
59624
1143
10639
45580
7173
36404
810
18340
95783
46370
89626
71
13674
142360
38120
48651
80041
9455
7355
68454
155223
3156
2684
35326
8379
28226
9370
59489
3615
13715
57391
99009
13365
4965
13511
20245
143540
40903
6254
27502
4031
16761
62448
75551
13652
50091
298379
22767
94086
70475
9079
17827
53833
113875
42963
77592
39097
130922
20200
8730
5654
73184
122470
2639
7705
32299
50245
27554
268306
60316
40485
10233
89967
16543
44118
3856
158247
118859
34227
40589
115401
3892
16306
111384
26669
17113
40037
45425
68078
105444
55550
141333
225616
22242
3979
27711
6942
29777
28744
12717
11498
23854
26899
40330
23367
15453
40378
47602
6231
6771
82948
95146
235843
22417
94354
8785
51365
111256
29560
140744
79231
75449
63137
7516
46230
217592
93951
105551
79749
2647
25920
16295
38511
1328
8513
22023
118368
17241
53922
13036
17996
5229
15408
11684
29123
130709
130598
38882
12208
14752
83515
70658
94839
18177
69632
24543
22
3238
146315
5424
14933
63354
112093
146163
189687
64093
30280
153566
118560
2655
75011
6344
11599
27638
30961
2567
160477
32757
796
12042
11312
23781
47915
82705
75907
64659
16081
151166
19667
15462
68555
58499
20628
34613
12708
46029
75986
41438
52819
26460
56427
69369
58301
110079
8174
16743
51044
84455
27345
36139
103208
60378
1708
174104
302733
69515
35555
7810
40094
60887
21477
81873
32948
2404
130478
46168
78724
10007
58346
35765
82450
4185
23150
20646
68912
150336
89142
