Numero de pedidos iniciales: 0
Numero de pedidos entregados: 150
15125
24689
23400
9428
22823
34276
33045
16911
11896
11290
13566
7676
34792
63813
49687
952
8865
37984
5978
30336
675
15283
79819
38642
74688
59
11395
118634
31766
40543
66701
7880
6130
57045
129352
2630
2236
29438
6982
23521
7808
49574
3013
11429
47826
82507
11138
4138
11259
16871
119617
34085
5212
22918
3359
13968
52040
62959
11377
41743
248649
18972
78405
58730
7566
14856
44861
94896
35802
64660
32580
109101
16833
7275
4711
60987
102059
2199
6421
26916
41871
22962
223588
50264
33737
8527
74972
13786
36765
3214
131873
99049
28523
33824
96167
3244
13588
92820
22224
14261
33364
37854
56731
87870
46291
117778
188013
18535
3316
23093
5785
24814
23954
10597
9582
19878
22416
33608
19472
12877
33649
39669
5193
5642
69124
79288
196536
18681
78628
7321
42804
92713
24634
117287
66026
62874
52614
6264
38525
181327
78293
87960
66457
2206
21600
13579
32092
1107
7095
18353
98640
