Numero de pedidos iniciales: 0
Numero de pedidos entregados: 200
5672
9258
8775
3536
8559
12854
12392
6342
4461
4234
5087
2878
13047
23930
18633
357
3325
14244
2242
11376
253
5731
29932
14491
28008
22
4273
44488
11912
15204
25013
2955
2299
21392
48507
986
839
11039
2618
8820
2928
18590
1130
4286
17935
30940
4177
1552
4222
6326
44856
12782
1955
8594
1260
5238
19515
23610
4266
15654
93243
7115
29402
22024
2837
5571
16823
35586
13426
24247
12218
40913
6313
2728
1767
22870
38272
825
2408
10093
15702
8611
83846
18849
12651
3198
28115
5170
13787
1205
49452
37144
10696
12684
36063
1216
5096
34807
8334
5348
12511
14195
21274
32951
17359
44167
70505
6950
1243
8660
2170
9305
8983
3974
3593
7454
8406
12603
7302
4829
12618
14876
1947
2116
25921
29733
73701
7005
29486
2745
16051
34767
9238
43983
24760
23578
19730
2349
14447
67998
29360
32985
24922
827
8100
5092
12035
415
2660
6882
36990
5388
16851
4074
5624
1634
4815
3651
9101
40847
40812
12151
3815
4610
26098
22081
29637
5680
21760
7670
7
1012
45723
1695
4666
19798
35029
45676
59277
20029
9462
47989
37050
830
23441
1983
3625
8637
9675
802
50149
10237
249
3763
3535
7432
14973
25845
23721
20206
5025
