 Numero de pedidos 
 50
 duedate num_referencias // pasillo lado altura peso
 1315671.690980 7
 0 1 10.416667 1.000000 25
 1 0 12.916667 1.000000 70
 0 1 12.916667 1.000000 31
 0 1 0.416667 1.000000 1
 1 1 5.416667 1.000000 53
 0 0 9.583333 1.000000 22
 0 1 2.083333 1.000000 5
 1991775.595747 9
 1 1 3.750000 1.000000 49
 5 1 10.416667 1.000000 225
 1 1 1.250000 1.000000 43
 1 1 7.083333 1.000000 57
 0 1 6.250000 1.000000 15
 0 0 11.250000 1.000000 26
 2 1 4.583333 1.000000 91
 0 0 8.750000 1.000000 20
 0 0 10.416667 1.000000 24
 1320709.121917 5
 1 0 2.916667 1.000000 46
 0 1 16.250000 1.000000 39
 1 1 10.416667 1.000000 65
 0 0 3.750000 1.000000 8
 0 1 13.750000 1.000000 33
 1350011.900882 2
 9 1 9.583333 1.000000 383
 1 0 5.416667 1.000000 52
 1814674.685492 4
 1 0 7.916667 1.000000 58
 1 1 0.416667 1.000000 41
 0 0 6.250000 1.000000 14
 5 1 10.416667 1.000000 225
 118489.060997 8
 0 0 4.583333 1.000000 10
 0 0 2.083333 1.000000 4
 1 0 6.250000 1.000000 54
 1 1 12.083333 1.000000 69
 0 1 3.750000 1.000000 9
 0 1 2.916667 1.000000 7
 2 0 6.250000 1.000000 94
 9 0 16.250000 1.000000 398
 888977.027689 2
 1 1 4.583333 1.000000 51
 9 0 8.750000 1.000000 380
 931625.767784 9
 0 0 7.083333 1.000000 16
 0 0 7.916667 1.000000 18
 1 1 14.583333 1.000000 75
 1 1 1.250000 1.000000 43
 3 1 7.916667 1.000000 139
 1 0 1.250000 1.000000 42
 0 0 14.583333 1.000000 34
 2 1 6.250000 1.000000 95
 1 0 16.250000 1.000000 78
 1889606.914935 7
 1 0 7.916667 1.000000 58
 1 0 6.250000 1.000000 54
 0 0 8.750000 1.000000 20
 1 1 7.916667 1.000000 59
 3 0 14.583333 1.000000 154
 0 0 12.916667 1.000000 30
 0 0 9.583333 1.000000 22
 1648250.122111 5
 0 0 2.916667 1.000000 6
 1 0 8.750000 1.000000 60
 1 1 3.750000 1.000000 49
 1 1 11.250000 1.000000 67
 1 0 12.916667 1.000000 70
 1617700.144806 7
 3 0 2.083333 1.000000 124
 0 1 7.916667 1.000000 19
 0 0 1.250000 1.000000 2
 0 1 13.750000 1.000000 33
 1 0 12.916667 1.000000 70
 0 0 7.083333 1.000000 16
 1 0 1.250000 1.000000 42
 651356.057083 8
 3 0 12.916667 1.000000 150
 1 1 4.583333 1.000000 51
 0 0 7.083333 1.000000 16
 2 0 5.416667 1.000000 92
 2 1 4.583333 1.000000 91
 0 0 12.916667 1.000000 30
 0 1 6.250000 1.000000 15
 5 0 0.416667 1.000000 200
 492160.088984 5
 5 0 10.416667 1.000000 224
 1 1 2.916667 1.000000 47
 0 0 0.416667 1.000000 0
 1 0 12.083333 1.000000 68
 7 1 12.916667 1.000000 311
 683722.149992 4
 0 0 3.750000 1.000000 8
 2 1 7.916667 1.000000 99
 0 0 4.583333 1.000000 10
 1 0 1.250000 1.000000 42
 725871.161579 9
 9 1 5.416667 1.000000 373
 1 1 12.916667 1.000000 71
 0 1 12.916667 1.000000 31
 1 0 2.083333 1.000000 44
 2 0 15.416667 1.000000 116
 3 0 10.416667 1.000000 144
 1 0 0.416667 1.000000 40
 1 1 5.416667 1.000000 53
 7 1 9.583333 1.000000 303
 1908973.934217 4
 1 1 3.750000 1.000000 49
 1 0 7.916667 1.000000 58
 1 1 11.250000 1.000000 67
 1 0 0.416667 1.000000 40
 282422.330865 5
 0 1 14.583333 1.000000 35
 0 0 0.416667 1.000000 0
 0 0 8.750000 1.000000 20
 1 1 14.583333 1.000000 75
 0 1 12.916667 1.000000 31
 794223.523715 8
 0 1 5.416667 1.000000 13
 1 1 4.583333 1.000000 51
 0 1 1.250000 1.000000 3
 1 1 11.250000 1.000000 67
 1 1 7.083333 1.000000 57
 0 0 4.583333 1.000000 10
 1 0 3.750000 1.000000 48
 0 0 10.416667 1.000000 24
 222962.691068 5
 1 0 7.083333 1.000000 56
 6 0 9.583333 1.000000 262
 0 1 0.416667 1.000000 1
 0 0 0.416667 1.000000 0
 1 1 10.416667 1.000000 65
 1237190.339527 9
 0 0 8.750000 1.000000 20
 0 0 13.750000 1.000000 32
 1 1 12.083333 1.000000 69
 1 1 5.416667 1.000000 53
 0 1 10.416667 1.000000 25
 3 0 16.250000 1.000000 158
 1 0 2.916667 1.000000 46
 1 0 16.250000 1.000000 78
 0 1 13.750000 1.000000 33
 1338203.600896 9
 1 0 8.750000 1.000000 60
 0 0 2.916667 1.000000 6
 8 1 11.250000 1.000000 347
 0 1 7.083333 1.000000 17
 3 0 13.750000 1.000000 152
 4 1 1.250000 1.000000 163
 0 1 11.250000 1.000000 27
 1 0 9.583333 1.000000 62
 1 1 16.250000 1.000000 79
 855705.494590 2
 0 1 7.083333 1.000000 17
 0 1 6.250000 1.000000 15
 574968.936171 7
 0 1 9.583333 1.000000 23
 7 1 7.916667 1.000000 299
 1 1 11.250000 1.000000 67
 0 1 15.416667 1.000000 37
 6 1 0.416667 1.000000 241
 0 1 13.750000 1.000000 33
 1 1 0.416667 1.000000 41
 932140.801294 4
 0 1 13.750000 1.000000 33
 1 0 9.583333 1.000000 62
 1 1 1.250000 1.000000 43
 0 0 10.416667 1.000000 24
 1188537.260046 2
 1 1 7.083333 1.000000 57
 2 1 5.416667 1.000000 93
 1277406.892310 7
 0 1 13.750000 1.000000 33
 1 1 0.416667 1.000000 41
 0 1 1.250000 1.000000 3
 0 0 15.416667 1.000000 36
 3 0 4.583333 1.000000 130
 1 0 6.250000 1.000000 54
 7 1 11.250000 1.000000 307
 539476.224715 8
 0 1 11.250000 1.000000 27
 3 0 12.916667 1.000000 150
 0 1 14.583333 1.000000 35
 1 0 16.250000 1.000000 78
 1 1 16.250000 1.000000 79
 0 0 10.416667 1.000000 24
 0 1 16.250000 1.000000 39
 0 1 8.750000 1.000000 21
 1985849.645094 2
 0 1 2.916667 1.000000 7
 0 0 16.250000 1.000000 38
 1014473.654635 7
 1 1 0.416667 1.000000 41
 1 0 5.416667 1.000000 52
 0 1 15.416667 1.000000 37
 2 1 5.416667 1.000000 93
 2 0 14.583333 1.000000 114
 1 1 7.083333 1.000000 57
 0 1 5.416667 1.000000 13
 956831.636390 2
 0 0 15.416667 1.000000 36
 1 1 12.083333 1.000000 69
 740372.292074 8
 0 1 1.250000 1.000000 3
 0 1 11.250000 1.000000 27
 0 0 0.416667 1.000000 0
 1 1 10.416667 1.000000 65
 0 1 9.583333 1.000000 23
 1 1 15.416667 1.000000 77
 3 1 10.416667 1.000000 145
 0 1 7.083333 1.000000 17
 516195.658462 7
 6 0 2.083333 1.000000 244
 1 1 10.416667 1.000000 65
 0 1 12.916667 1.000000 31
 2 0 8.750000 1.000000 100
 0 1 8.750000 1.000000 21
 0 0 5.416667 1.000000 12
 1 1 15.416667 1.000000 77
 436832.628863 5
 0 0 16.250000 1.000000 38
 0 1 4.583333 1.000000 11
 1 1 6.250000 1.000000 55
 0 0 11.250000 1.000000 26
 1 0 9.583333 1.000000 62
 809490.917367 8
 4 1 7.916667 1.000000 179
 1 1 7.083333 1.000000 57
 0 1 16.250000 1.000000 39
 0 0 1.250000 1.000000 2
 0 1 14.583333 1.000000 35
 1 0 1.250000 1.000000 42
 1 0 10.416667 1.000000 64
 1 0 14.583333 1.000000 74
 526394.829548 5
 1 0 11.250000 1.000000 66
 1 1 1.250000 1.000000 43
 3 0 11.250000 1.000000 146
 7 0 15.416667 1.000000 316
 0 1 12.916667 1.000000 31
 1988925.633649 8
 1 0 3.750000 1.000000 48
 0 0 2.916667 1.000000 6
 8 0 8.750000 1.000000 340
 0 0 0.416667 1.000000 0
 9 0 5.416667 1.000000 372
 1 0 12.916667 1.000000 70
 1 0 6.250000 1.000000 54
 1 0 10.416667 1.000000 64
 127439.273152 2
 1 0 7.916667 1.000000 58
 0 0 16.250000 1.000000 38
 496057.806153 8
 0 1 4.583333 1.000000 11
 7 0 12.083333 1.000000 308
 0 1 15.416667 1.000000 37
 0 0 8.750000 1.000000 20
 0 1 7.083333 1.000000 17
 7 0 7.916667 1.000000 298
 0 0 16.250000 1.000000 38
 2 0 6.250000 1.000000 94
 871427.749522 7
 3 1 1.250000 1.000000 123
 1 0 14.583333 1.000000 74
 0 1 3.750000 1.000000 9
 9 0 1.250000 1.000000 362
 8 0 11.250000 1.000000 346
 0 1 2.916667 1.000000 7
 1 1 10.416667 1.000000 65
 131669.882541 5
 2 0 9.583333 1.000000 102
 2 0 1.250000 1.000000 82
 2 0 6.250000 1.000000 94
 3 0 0.416667 1.000000 120
 0 1 0.416667 1.000000 1
 1536673.865252 2
 0 0 8.750000 1.000000 20
 1 0 12.916667 1.000000 70
 1758725.985065 9
 1 0 7.083333 1.000000 56
 5 0 7.083333 1.000000 216
 0 0 4.583333 1.000000 10
 1 0 3.750000 1.000000 48
 3 0 5.416667 1.000000 132
 1 0 12.083333 1.000000 68
 0 0 9.583333 1.000000 22
 0 1 10.416667 1.000000 25
 1 0 12.916667 1.000000 70
 1873867.550601 2
 0 1 6.250000 1.000000 15
 0 0 9.583333 1.000000 22
 509091.173424 5
 1 1 12.916667 1.000000 71
 0 1 11.250000 1.000000 27
 4 0 11.250000 1.000000 186
 1 0 5.416667 1.000000 52
 0 1 4.583333 1.000000 11
 1296635.928367 5
 1 1 3.750000 1.000000 49
 1 1 0.416667 1.000000 41
 1 1 2.083333 1.000000 45
 0 1 9.583333 1.000000 23
 8 1 5.416667 1.000000 333
 847709.795557 7
 1 1 2.916667 1.000000 47
 3 0 15.416667 1.000000 156
 6 0 6.250000 1.000000 254
 1 1 12.083333 1.000000 69
 0 1 16.250000 1.000000 39
 0 1 9.583333 1.000000 23
 3 0 7.916667 1.000000 138
 1859653.900219 2
 0 0 12.083333 1.000000 28
 2 1 12.083333 1.000000 109
 1198173.680044 6
 1 0 13.750000 1.000000 72
 1 0 14.583333 1.000000 74
 3 0 1.250000 1.000000 122
 3 0 0.416667 1.000000 120
 2 1 12.916667 1.000000 111
 0 1 11.250000 1.000000 27
 1455635.737989 4
 0 1 9.583333 1.000000 23
 1 0 6.250000 1.000000 54
 1 1 16.250000 1.000000 79
 6 1 2.083333 1.000000 245
 1901721.255622 2
 1 0 3.750000 1.000000 48
 0 0 0.416667 1.000000 0