 Numero de pedidos 
 50
 duedate num_referencias // pasillo lado altura peso
 1644676.868415 5
 4 1 5.416667 1.000000 53
 3 0 16.250000 1.000000 158
 2 0 4.583333 1.000000 210
 5 0 12.916667 1.000000 30
 5 0 13.750000 1.000000 32
 810016.940651 2
 5 0 15.416667 1.000000 36
 5 1 7.916667 1.000000 19
 1484478.957115 9
 5 0 3.750000 1.000000 8
 5 0 15.416667 1.000000 36
 5 1 2.916667 1.000000 7
 5 0 10.416667 1.000000 24
 5 1 3.750000 1.000000 9
 4 1 13.750000 1.000000 73
 3 0 13.750000 1.000000 152
 3 1 12.916667 1.000000 151
 4 1 4.583333 1.000000 51
 846309.844743 5
 5 0 5.416667 1.000000 12
 4 0 14.583333 1.000000 74
 5 1 12.916667 1.000000 31
 5 0 2.083333 1.000000 4
 4 1 9.583333 1.000000 63
 1964838.003071 2
 4 0 2.083333 1.000000 44
 4 0 1.250000 1.000000 42
 282260.784564 5
 5 1 13.750000 1.000000 33
 4 1 10.416667 1.000000 65
 7 0 3.750000 1.000000 168
 5 0 8.750000 1.000000 20
 5 0 2.916667 1.000000 6
 682574.961243 5
 4 0 2.083333 1.000000 44
 4 1 6.250000 1.000000 55
 5 1 12.916667 1.000000 31
 3 1 14.583333 1.000000 155
 6 1 7.916667 1.000000 99
 978150.066611 2
 4 1 3.750000 1.000000 49
 5 1 7.083333 1.000000 17
 145429.403626 7
 4 0 0.416667 1.000000 40
 5 0 2.083333 1.000000 4
 5 0 15.416667 1.000000 36
 5 0 7.083333 1.000000 16
 4 0 7.916667 1.000000 58
 5 0 16.250000 1.000000 38
 4 1 10.416667 1.000000 65
 601202.488747 2
 4 0 11.250000 1.000000 66
 5 1 2.083333 1.000000 5
 1428243.778715 4
 5 0 7.083333 1.000000 16
 5 1 11.250000 1.000000 27
 5 1 2.916667 1.000000 7
 5 1 12.083333 1.000000 29
 225227.210627 3
 5 0 0.416667 1.000000 0
 4 0 12.083333 1.000000 68
 5 1 8.750000 1.000000 21
 483317.951003 4
 5 0 2.916667 1.000000 6
 5 0 10.416667 1.000000 24
 5 1 6.250000 1.000000 15
 5 1 2.916667 1.000000 7
 395677.804386 5
 5 1 16.250000 1.000000 39
 1 0 5.416667 1.000000 292
 4 0 14.583333 1.000000 74
 5 0 12.083333 1.000000 28
 0 1 13.750000 1.000000 393
 157734.966016 9
 5 1 4.583333 1.000000 11
 5 1 1.250000 1.000000 3
 4 1 14.583333 1.000000 75
 5 0 4.583333 1.000000 10
 5 0 9.583333 1.000000 22
 4 0 4.583333 1.000000 50
 5 0 16.250000 1.000000 38
 5 0 1.250000 1.000000 2
 2 1 8.750000 1.000000 221
 521447.071005 6
 4 1 6.250000 1.000000 55
 6 0 11.250000 1.000000 106
 4 1 13.750000 1.000000 73
 5 0 5.416667 1.000000 12
 8 1 9.583333 1.000000 263
 4 1 15.416667 1.000000 77
 1822552.058037 5
 0 0 13.750000 1.000000 392
 5 1 3.750000 1.000000 9
 5 0 7.916667 1.000000 18
 5 0 11.250000 1.000000 26
 4 1 14.583333 1.000000 75
 369378.208206 5
 4 0 14.583333 1.000000 74
 4 1 9.583333 1.000000 63
 1 0 8.750000 1.000000 300
 4 0 2.916667 1.000000 46
 3 0 11.250000 1.000000 146
 1218091.846396 5
 5 0 11.250000 1.000000 26
 5 1 4.583333 1.000000 11
 1 1 8.750000 1.000000 301
 2 0 7.083333 1.000000 216
 5 1 16.250000 1.000000 39
 735652.739506 3
 5 0 11.250000 1.000000 26
 5 1 13.750000 1.000000 33
 5 0 13.750000 1.000000 32
 449504.500930 3
 4 0 15.416667 1.000000 76
 4 1 0.416667 1.000000 41
 4 0 11.250000 1.000000 66
 1826813.104016 6
 6 0 15.416667 1.000000 116
 5 1 2.083333 1.000000 5
 5 0 3.750000 1.000000 8
 5 1 16.250000 1.000000 39
 6 1 14.583333 1.000000 115
 6 0 2.916667 1.000000 86
 473425.903988 9
 6 0 12.083333 1.000000 108
 5 1 9.583333 1.000000 23
 5 1 5.416667 1.000000 13
 5 0 5.416667 1.000000 12
 9 1 7.083333 1.000000 337
 6 0 7.916667 1.000000 98
 3 0 6.250000 1.000000 134
 5 1 13.750000 1.000000 33
 4 0 1.250000 1.000000 42
 272004.872985 7
 5 1 3.750000 1.000000 9
 5 0 7.083333 1.000000 16
 7 0 10.416667 1.000000 184
 5 0 3.750000 1.000000 8
 5 1 16.250000 1.000000 39
 5 1 6.250000 1.000000 15
 4 1 9.583333 1.000000 63
 225703.919113 5
 4 1 14.583333 1.000000 75
 5 0 0.416667 1.000000 0
 5 0 3.750000 1.000000 8
 5 1 4.583333 1.000000 11
 5 0 14.583333 1.000000 34
 951854.933515 5
 4 0 1.250000 1.000000 42
 4 0 13.750000 1.000000 72
 9 0 2.083333 1.000000 324
 4 1 0.416667 1.000000 41
 3 1 2.083333 1.000000 125
 1636562.963369 3
 5 0 3.750000 1.000000 8
 5 1 0.416667 1.000000 1
 4 0 7.083333 1.000000 56
 421732.564355 6
 5 1 7.916667 1.000000 19
 5 0 1.250000 1.000000 2
 8 1 2.083333 1.000000 245
 4 1 11.250000 1.000000 67
 5 0 10.416667 1.000000 24
 6 1 3.750000 1.000000 89
 1447621.664557 4
 5 0 7.083333 1.000000 16
 5 1 7.083333 1.000000 17
 5 1 10.416667 1.000000 25
 5 1 3.750000 1.000000 9
 993654.459153 4
 4 0 3.750000 1.000000 48
 5 1 0.416667 1.000000 1
 4 1 15.416667 1.000000 77
 4 1 1.250000 1.000000 43
 1009243.863863 6
 5 0 4.583333 1.000000 10
 4 1 13.750000 1.000000 73
 4 1 7.083333 1.000000 57
 4 1 10.416667 1.000000 65
 8 0 15.416667 1.000000 276
 4 0 12.916667 1.000000 70
 1786306.385969 4
 4 1 0.416667 1.000000 41
 5 0 0.416667 1.000000 0
 4 0 10.416667 1.000000 64
 4 1 3.750000 1.000000 49
 46870.523601 6
 8 1 15.416667 1.000000 277
 5 0 12.083333 1.000000 28
 4 0 12.916667 1.000000 70
 6 0 1.250000 1.000000 82
 6 1 15.416667 1.000000 117
 5 0 6.250000 1.000000 14
 105021.902036 9
 5 1 3.750000 1.000000 9
 5 0 12.083333 1.000000 28
 7 1 12.083333 1.000000 189
 5 1 2.083333 1.000000 5
 5 0 9.583333 1.000000 22
 4 1 15.416667 1.000000 77
 7 0 12.083333 1.000000 188
 4 0 3.750000 1.000000 48
 5 1 11.250000 1.000000 27
 328185.039539 6
 5 0 13.750000 1.000000 32
 6 1 12.083333 1.000000 109
 5 1 0.416667 1.000000 1
 9 1 8.750000 1.000000 341
 4 1 6.250000 1.000000 55
 5 1 4.583333 1.000000 11
 241847.172473 3
 5 1 0.416667 1.000000 1
 8 0 14.583333 1.000000 274
 4 0 8.750000 1.000000 60
 1104393.939778 8
 5 1 2.083333 1.000000 5
 4 0 5.416667 1.000000 52
 5 0 4.583333 1.000000 10
 4 1 1.250000 1.000000 43
 7 1 11.250000 1.000000 187
 9 1 9.583333 1.000000 343
 5 1 13.750000 1.000000 33
 3 1 0.416667 1.000000 121
 452992.334484 3
 5 0 8.750000 1.000000 20
 5 1 7.916667 1.000000 19
 4 0 1.250000 1.000000 42
 1158361.298311 5
 4 0 11.250000 1.000000 66
 5 0 7.083333 1.000000 16
 4 0 6.250000 1.000000 54
 5 0 12.083333 1.000000 28
 4 0 7.916667 1.000000 58
 572289.182773 9
 5 1 7.083333 1.000000 17
 4 1 10.416667 1.000000 65
 5 0 13.750000 1.000000 32
 4 1 15.416667 1.000000 77
 4 0 7.083333 1.000000 56
 2 0 4.583333 1.000000 210
 5 0 16.250000 1.000000 38
 4 0 8.750000 1.000000 60
 4 1 12.083333 1.000000 69
 683808.157911 5
 1 1 7.916667 1.000000 299
 5 0 2.083333 1.000000 4
 6 0 0.416667 1.000000 80
 5 0 15.416667 1.000000 36
 5 0 10.416667 1.000000 24
 1634263.877270 7
 0 0 3.750000 1.000000 368
 5 1 3.750000 1.000000 9
 2 0 7.916667 1.000000 218
 4 1 10.416667 1.000000 65
 5 1 12.083333 1.000000 29
 3 0 15.416667 1.000000 156
 4 0 11.250000 1.000000 66
 1703530.274454 8
 0 0 7.083333 1.000000 376
 5 1 2.083333 1.000000 5
 4 1 2.916667 1.000000 47
 7 1 12.916667 1.000000 191
 3 1 2.083333 1.000000 125
 5 0 14.583333 1.000000 34
 4 1 7.916667 1.000000 59
 4 0 14.583333 1.000000 74
 1495512.640949 8
 4 1 2.083333 1.000000 45
 4 1 7.916667 1.000000 59
 4 1 7.083333 1.000000 57
 4 1 8.750000 1.000000 61
 5 1 7.083333 1.000000 17
 5 0 15.416667 1.000000 36
 5 0 7.083333 1.000000 16
 5 1 1.250000 1.000000 3
 434747.932346 2
 5 0 10.416667 1.000000 24
 3 1 5.416667 1.000000 133
 1761658.699495 9
 4 1 5.416667 1.000000 53
 4 0 12.916667 1.000000 70
 4 0 16.250000 1.000000 78
 5 1 3.750000 1.000000 9
 4 0 5.416667 1.000000 52
 5 1 15.416667 1.000000 37
 4 1 12.916667 1.000000 71
 4 0 4.583333 1.000000 50
 4 0 7.083333 1.000000 56
 1632761.113976 3
 3 1 9.583333 1.000000 143
 2 0 3.750000 1.000000 208
 5 1 7.916667 1.000000 19
 1147761.289341 9
 4 1 1.250000 1.000000 43
 5 1 7.083333 1.000000 17
 4 1 5.416667 1.000000 53
 5 1 11.250000 1.000000 27
 5 0 11.250000 1.000000 26
 4 0 12.916667 1.000000 70
 5 0 13.750000 1.000000 32
 4 1 12.083333 1.000000 69
 4 0 0.416667 1.000000 40
 1439234.615117 2
 7 0 9.583333 1.000000 182
 5 1 3.750000 1.000000 9
 1434581.046828 5
 4 1 7.083333 1.000000 57
 4 1 12.916667 1.000000 71
 5 0 10.416667 1.000000 24
 7 0 12.083333 1.000000 188
 5 0 12.916667 1.000000 30