 Numero de pedidos 
 250
 duedate num_referencias // pasillo lado altura peso
 686516.189373 5
 4 1 9.583333 1.000000 183
 3 1 13.750000 1.000000 153
 2 0 0.416667 1.000000 80
 7 1 0.416667 1.000000 281
 5 0 13.750000 1.000000 232
 775764.998503 9
 9 0 10.416667 1.000000 384
 4 1 10.416667 1.000000 185
 8 1 12.083333 1.000000 349
 7 0 13.750000 1.000000 312
 9 0 7.083333 1.000000 376
 5 1 2.083333 1.000000 205
 9 0 4.583333 1.000000 370
 2 0 10.416667 1.000000 104
 5 1 8.750000 1.000000 221
 1957596.930320 3
 7 0 6.250000 1.000000 294
 3 0 6.250000 1.000000 134
 3 0 12.083333 1.000000 148
 1093830.465122 5
 4 1 9.583333 1.000000 183
 0 1 10.416667 1.000000 25
 9 0 10.416667 1.000000 384
 4 1 6.250000 1.000000 175
 2 0 12.083333 1.000000 108
 1959136.069119 6
 8 0 2.083333 1.000000 324
 1 0 3.750000 1.000000 48
 5 1 2.083333 1.000000 205
 4 0 7.083333 1.000000 176
 8 1 13.750000 1.000000 353
 4 0 15.416667 1.000000 196
 549150.484181 6
 8 0 3.750000 1.000000 328
 5 1 7.083333 1.000000 217
 1 0 8.750000 1.000000 60
 1 1 2.916667 1.000000 47
 0 0 14.583333 1.000000 34
 8 1 13.750000 1.000000 353
 1037389.400731 9
 6 0 12.083333 1.000000 268
 7 1 0.416667 1.000000 281
 6 1 12.916667 1.000000 271
 0 0 7.916667 1.000000 18
 8 1 12.916667 1.000000 351
 2 0 8.750000 1.000000 100
 8 0 2.916667 1.000000 326
 0 1 11.250000 1.000000 27
 6 0 4.583333 1.000000 250
 761324.737538 6
 8 0 7.083333 1.000000 336
 5 1 7.916667 1.000000 219
 8 0 4.583333 1.000000 330
 2 0 10.416667 1.000000 104
 7 1 1.250000 1.000000 283
 7 0 0.416667 1.000000 280
 445982.220399 4
 1 0 8.750000 1.000000 60
 5 1 1.250000 1.000000 203
 9 1 1.250000 1.000000 363
 6 1 9.583333 1.000000 263
 1516832.714936 4
 3 0 12.083333 1.000000 148
 1 1 12.083333 1.000000 69
 3 1 7.083333 1.000000 137
 7 1 3.750000 1.000000 289
 1602935.677750 8
 1 0 7.916667 1.000000 58
 4 1 6.250000 1.000000 175
 2 1 5.416667 1.000000 93
 9 1 11.250000 1.000000 387
 3 0 11.250000 1.000000 146
 4 1 15.416667 1.000000 197
 6 1 11.250000 1.000000 267
 3 0 6.250000 1.000000 134
 1903285.214279 3
 2 1 2.916667 1.000000 87
 6 1 11.250000 1.000000 267
 7 1 3.750000 1.000000 289
 1341341.634533 7
 3 0 6.250000 1.000000 134
 0 0 7.916667 1.000000 18
 8 0 4.583333 1.000000 330
 0 1 11.250000 1.000000 27
 4 1 6.250000 1.000000 175
 6 0 9.583333 1.000000 262
 8 0 2.916667 1.000000 326
 1808793.539092 2
 4 0 1.250000 1.000000 162
 1 0 16.250000 1.000000 78
 184692.691855 5
 8 0 2.916667 1.000000 326
 0 0 13.750000 1.000000 32
 7 0 13.750000 1.000000 312
 5 1 12.083333 1.000000 229
 3 0 11.250000 1.000000 146
 760349.962562 7
 3 1 7.916667 1.000000 139
 4 0 7.083333 1.000000 176
 2 1 7.916667 1.000000 99
 3 1 6.250000 1.000000 135
 3 0 2.916667 1.000000 126
 0 1 4.583333 1.000000 11
 3 0 1.250000 1.000000 122
 1241978.792437 2
 2 0 9.583333 1.000000 102
 9 0 11.250000 1.000000 386
 1246457.601323 9
 7 1 4.583333 1.000000 291
 3 1 5.416667 1.000000 133
 8 0 3.750000 1.000000 328
 3 1 6.250000 1.000000 135
 7 0 4.583333 1.000000 290
 4 0 3.750000 1.000000 168
 7 0 3.750000 1.000000 288
 0 1 15.416667 1.000000 37
 8 1 11.250000 1.000000 347
 1341658.724333 4
 1 0 8.750000 1.000000 60
 9 1 6.250000 1.000000 375
 5 0 3.750000 1.000000 208
 5 1 5.416667 1.000000 213
 1788986.733532 7
 1 0 16.250000 1.000000 78
 0 0 13.750000 1.000000 32
 1 1 2.916667 1.000000 47
 2 1 4.583333 1.000000 91
 5 1 15.416667 1.000000 237
 7 0 0.416667 1.000000 280
 1 1 13.750000 1.000000 73
 1532159.326138 6
 8 0 8.750000 1.000000 340
 6 0 3.750000 1.000000 248
 6 0 9.583333 1.000000 262
 1 1 3.750000 1.000000 49
 5 1 7.083333 1.000000 217
 1 1 13.750000 1.000000 73
 798517.613857 4
 7 0 7.083333 1.000000 296
 1 0 12.083333 1.000000 68
 8 1 13.750000 1.000000 353
 9 1 0.416667 1.000000 361
 965225.044584 4
 0 0 5.416667 1.000000 12
 9 0 8.750000 1.000000 380
 9 1 3.750000 1.000000 369
 8 1 12.083333 1.000000 349
 1130034.891539 8
 1 1 2.083333 1.000000 45
 6 0 12.083333 1.000000 268
 9 0 15.416667 1.000000 396
 1 0 12.916667 1.000000 70
 8 1 12.083333 1.000000 349
 9 1 0.416667 1.000000 361
 2 0 8.750000 1.000000 100
 3 1 6.250000 1.000000 135
 1646243.157185 2
 8 1 4.583333 1.000000 331
 8 0 5.416667 1.000000 332
 1940321.393451 6
 2 1 2.083333 1.000000 85
 0 0 13.750000 1.000000 32
 8 0 4.583333 1.000000 330
 7 0 15.416667 1.000000 316
 1 1 12.083333 1.000000 69
 1 1 16.250000 1.000000 79
 1475061.969345 4
 1 1 2.916667 1.000000 47
 4 0 1.250000 1.000000 162
 8 1 11.250000 1.000000 347
 2 1 5.416667 1.000000 93
 1801158.873439 7
 7 1 15.416667 1.000000 317
 1 1 2.083333 1.000000 45
 4 0 2.083333 1.000000 164
 5 0 13.750000 1.000000 232
 1 1 2.916667 1.000000 47
 0 1 10.416667 1.000000 25
 1 1 11.250000 1.000000 67
 1743346.879232 9
 4 1 6.250000 1.000000 175
 1 1 12.083333 1.000000 69
 1 0 12.916667 1.000000 70
 9 0 8.750000 1.000000 380
 5 1 5.416667 1.000000 213
 8 0 2.916667 1.000000 326
 4 1 7.083333 1.000000 177
 3 0 4.583333 1.000000 130
 4 1 12.083333 1.000000 189
 1644536.843488 3
 2 1 4.583333 1.000000 91
 0 0 14.583333 1.000000 34
 0 1 10.416667 1.000000 25
 1994015.433264 9
 8 1 12.083333 1.000000 349
 1 1 12.083333 1.000000 69
 6 0 9.583333 1.000000 262
 5 1 7.916667 1.000000 219
 4 0 2.916667 1.000000 166
 4 0 15.416667 1.000000 196
 0 0 13.750000 1.000000 32
 6 0 6.250000 1.000000 254
 7 1 4.583333 1.000000 291
 221083.412329 7
 9 1 8.750000 1.000000 381
 3 1 0.416667 1.000000 121
 6 0 6.250000 1.000000 254
 7 0 6.250000 1.000000 294
 8 1 13.750000 1.000000 353
 6 1 2.916667 1.000000 247
 8 0 3.750000 1.000000 328
 1827471.596928 8
 1 0 3.750000 1.000000 48
 1 0 7.916667 1.000000 58
 3 0 5.416667 1.000000 132
 7 1 3.750000 1.000000 289
 8 1 12.916667 1.000000 351
 9 1 7.916667 1.000000 379
 1 1 12.083333 1.000000 69
 1 0 8.750000 1.000000 60
 502683.450646 6
 8 0 2.916667 1.000000 326
 2 0 0.416667 1.000000 80
 8 0 0.416667 1.000000 320
 4 0 8.750000 1.000000 180
 9 0 4.583333 1.000000 370
 5 0 7.083333 1.000000 216
 969432.186731 6
 6 1 2.916667 1.000000 247
 4 0 8.750000 1.000000 180
 4 0 1.250000 1.000000 162
 8 1 12.916667 1.000000 351
 3 1 7.083333 1.000000 137
 9 0 10.416667 1.000000 384
 1975417.825941 9
 2 0 0.416667 1.000000 80
 8 0 9.583333 1.000000 342
 4 1 10.416667 1.000000 185
 0 1 4.583333 1.000000 11
 6 0 9.583333 1.000000 262
 0 1 2.083333 1.000000 5
 8 0 8.750000 1.000000 340
 2 1 2.916667 1.000000 87
 1 1 12.083333 1.000000 69
 941645.041901 3
 8 1 13.750000 1.000000 353
 7 1 2.083333 1.000000 285
 3 0 4.583333 1.000000 130
 1960465.280507 6
 8 1 1.250000 1.000000 323
 3 0 1.250000 1.000000 122
 3 0 4.583333 1.000000 130
 9 1 0.416667 1.000000 361
 2 1 2.916667 1.000000 87
 9 1 11.250000 1.000000 387
 507063.045812 9
 9 0 11.250000 1.000000 386
 6 0 16.250000 1.000000 278
 2 1 2.916667 1.000000 87
 9 1 0.416667 1.000000 361
 2 1 16.250000 1.000000 119
 5 1 2.083333 1.000000 205
 8 1 11.250000 1.000000 347
 2 1 5.416667 1.000000 93
 1 1 2.083333 1.000000 45
 1684537.572844 2
 0 0 5.416667 1.000000 12
 0 1 11.250000 1.000000 27
 259022.246142 9
 0 1 10.416667 1.000000 25
 9 1 6.250000 1.000000 375
 4 0 15.416667 1.000000 196
 6 0 12.083333 1.000000 268
 1 1 9.583333 1.000000 63
 6 0 9.583333 1.000000 262
 3 1 7.083333 1.000000 137
 8 0 2.916667 1.000000 326
 6 0 4.583333 1.000000 250
 1195612.041389 2
 4 1 7.916667 1.000000 179
 7 1 0.416667 1.000000 281
 618865.958889 4
 1 0 8.750000 1.000000 60
 2 0 12.083333 1.000000 108
 4 0 7.083333 1.000000 176
 9 1 9.583333 1.000000 383
 954912.187157 8
 9 1 1.250000 1.000000 363
 1 0 7.916667 1.000000 58
 7 1 1.250000 1.000000 283
 5 1 15.416667 1.000000 237
 4 0 15.416667 1.000000 196
 9 0 4.583333 1.000000 370
 1 1 12.083333 1.000000 69
 2 0 12.083333 1.000000 108
 600221.240930 4
 9 1 9.583333 1.000000 383
 3 0 4.583333 1.000000 130
 7 1 2.916667 1.000000 287
 9 0 7.916667 1.000000 378
 526893.068537 9
 9 1 0.416667 1.000000 361
 4 0 15.416667 1.000000 196
 9 0 7.916667 1.000000 378
 0 1 12.916667 1.000000 31
 8 1 11.250000 1.000000 347
 8 0 5.416667 1.000000 332
 3 0 4.583333 1.000000 130
 7 0 7.083333 1.000000 296
 4 1 7.916667 1.000000 179
 451250.318853 2
 4 0 2.083333 1.000000 164
 5 1 7.916667 1.000000 219
 499284.097505 5
 9 0 11.250000 1.000000 386
 1 0 12.916667 1.000000 70
 1 0 8.750000 1.000000 60
 3 0 12.083333 1.000000 148
 9 1 9.583333 1.000000 383
 1244578.144608 4
 2 0 8.750000 1.000000 100
 2 1 14.583333 1.000000 115
 3 1 5.416667 1.000000 133
 4 1 1.250000 1.000000 163
 658197.353416 4
 5 0 14.583333 1.000000 234
 0 1 10.416667 1.000000 25
 8 0 9.583333 1.000000 342
 3 0 11.250000 1.000000 146
 97386.162140 2
 5 1 15.416667 1.000000 237
 2 1 2.916667 1.000000 87
 279685.003683 2
 6 1 2.916667 1.000000 247
 6 1 11.250000 1.000000 267
 1456871.716556 4
 2 1 4.583333 1.000000 91
 4 1 15.416667 1.000000 197
 2 0 8.750000 1.000000 100
 5 0 14.583333 1.000000 234
 455104.456607 7
 1 0 3.750000 1.000000 48
 0 0 14.583333 1.000000 34
 2 1 7.916667 1.000000 99
 5 0 7.083333 1.000000 216
 3 0 10.416667 1.000000 144
 3 1 7.083333 1.000000 137
 2 1 2.916667 1.000000 87
 1341025.507628 6
 2 0 12.083333 1.000000 108
 5 0 2.083333 1.000000 204
 7 0 4.583333 1.000000 290
 8 1 12.916667 1.000000 351
 4 0 8.750000 1.000000 180
 8 0 14.583333 1.000000 354
 1382438.667092 4
 7 1 0.416667 1.000000 281
 7 0 12.916667 1.000000 310
 2 1 4.583333 1.000000 91
 0 1 9.583333 1.000000 23
 553968.848881 5
 4 0 2.083333 1.000000 164
 4 0 13.750000 1.000000 192
 3 1 7.083333 1.000000 137
 4 1 9.583333 1.000000 183
 8 1 12.916667 1.000000 351
 725987.800493 4
 9 0 9.583333 1.000000 382
 1 0 3.750000 1.000000 48
 6 1 9.583333 1.000000 263
 9 0 8.750000 1.000000 380
 1915194.080600 4
 7 0 4.583333 1.000000 290
 0 0 7.083333 1.000000 16
 2 1 12.083333 1.000000 109
 4 0 7.916667 1.000000 178
 1560850.537550 8
 6 1 11.250000 1.000000 267
 9 0 8.750000 1.000000 380
 3 1 5.416667 1.000000 133
 1 0 12.083333 1.000000 68
 6 1 2.916667 1.000000 247
 2 1 2.916667 1.000000 87
 4 1 15.416667 1.000000 197
 7 1 3.750000 1.000000 289
 1006248.453598 4
 9 1 6.250000 1.000000 375
 6 0 4.583333 1.000000 250
 4 1 10.416667 1.000000 185
 2 1 5.416667 1.000000 93
 605862.222298 6
 4 1 15.416667 1.000000 197
 6 1 15.416667 1.000000 277
 9 1 0.416667 1.000000 361
 4 0 8.750000 1.000000 180
 2 0 13.750000 1.000000 112
 1 1 2.083333 1.000000 45
 1263316.461380 4
 4 0 2.916667 1.000000 166
 4 1 15.416667 1.000000 197
 2 0 4.583333 1.000000 90
 1 0 3.750000 1.000000 48
 1994185.801686 9
 9 0 10.416667 1.000000 384
 2 1 2.916667 1.000000 87
 6 1 11.250000 1.000000 267
 4 0 15.416667 1.000000 196
 9 0 4.583333 1.000000 370
 3 0 4.583333 1.000000 130
 0 1 1.250000 1.000000 3
 4 1 15.416667 1.000000 197
 6 0 12.083333 1.000000 268
 1203481.950817 3
 0 1 1.250000 1.000000 3
 4 0 2.916667 1.000000 166
 6 0 9.583333 1.000000 262
 1684147.558624 8
 8 0 5.416667 1.000000 332
 0 1 11.250000 1.000000 27
 3 0 2.916667 1.000000 126
 1 1 12.083333 1.000000 69
 2 1 14.583333 1.000000 115
 2 1 10.416667 1.000000 105
 8 0 4.583333 1.000000 330
 5 0 14.583333 1.000000 234
 535054.679296 6
 3 1 7.083333 1.000000 137
 0 1 10.416667 1.000000 25
 8 0 2.916667 1.000000 326
 7 1 0.416667 1.000000 281
 4 0 7.083333 1.000000 176
 3 0 6.250000 1.000000 134
 1522885.667255 2
 2 1 10.416667 1.000000 105
 5 1 7.916667 1.000000 219
 896282.583334 7
 3 1 6.250000 1.000000 135
 1 1 16.250000 1.000000 79
 8 0 8.750000 1.000000 340
 5 1 7.916667 1.000000 219
 6 0 4.583333 1.000000 250
 9 1 6.250000 1.000000 375
 5 1 15.416667 1.000000 237
 661545.488789 6
 7 1 5.416667 1.000000 293
 8 1 12.083333 1.000000 349
 2 0 10.416667 1.000000 104
 2 0 8.750000 1.000000 100
 3 0 11.250000 1.000000 146
 3 1 5.416667 1.000000 133
 790368.033345 8
 2 1 14.583333 1.000000 115
 5 1 5.416667 1.000000 213
 9 0 8.750000 1.000000 380
 3 0 1.250000 1.000000 122
 8 0 4.583333 1.000000 330
 8 1 12.083333 1.000000 349
 7 0 10.416667 1.000000 304
 8 0 3.750000 1.000000 328
 1460777.305728 5
 6 0 12.083333 1.000000 268
 6 0 6.250000 1.000000 254
 2 0 9.583333 1.000000 102
 1 0 7.916667 1.000000 58
 9 1 1.250000 1.000000 363
 1649118.616362 3
 0 0 7.083333 1.000000 16
 3 0 1.250000 1.000000 122
 5 1 2.083333 1.000000 205
 467304.394500 3
 7 1 3.750000 1.000000 289
 8 0 9.583333 1.000000 342
 4 1 12.083333 1.000000 189
 75183.474494 3
 1 0 14.583333 1.000000 74
 8 0 8.750000 1.000000 340
 8 1 11.250000 1.000000 347
 478311.162013 7
 3 0 8.750000 1.000000 140
 5 1 8.750000 1.000000 221
 3 1 6.250000 1.000000 135
 8 1 5.416667 1.000000 333
 3 0 11.250000 1.000000 146
 0 1 3.750000 1.000000 9
 7 0 6.250000 1.000000 294
 1269037.707070 6
 2 1 14.583333 1.000000 115
 4 0 15.416667 1.000000 196
 4 1 15.416667 1.000000 197
 8 1 12.916667 1.000000 351
 2 1 2.916667 1.000000 87
 4 0 13.750000 1.000000 192
 175092.371728 9
 0 0 14.583333 1.000000 34
 1 0 16.250000 1.000000 78
 8 1 13.750000 1.000000 353
 6 0 12.083333 1.000000 268
 6 1 2.916667 1.000000 247
 4 0 15.416667 1.000000 196
 6 1 11.250000 1.000000 267
 1 0 7.916667 1.000000 58
 2 1 7.916667 1.000000 99
 1981824.593126 5
 4 0 15.416667 1.000000 196
 9 0 5.416667 1.000000 372
 5 0 7.083333 1.000000 216
 0 0 14.583333 1.000000 34
 7 0 7.083333 1.000000 296
 1817522.979182 3
 2 0 0.416667 1.000000 80
 0 1 11.250000 1.000000 27
 3 0 11.250000 1.000000 146
 427648.527374 4
 2 1 14.583333 1.000000 115
 2 0 4.583333 1.000000 90
 6 1 1.250000 1.000000 243
 9 1 11.250000 1.000000 387
 934546.456530 2
 4 1 10.416667 1.000000 185
 6 0 3.750000 1.000000 248
 1370383.192566 7
 3 1 7.083333 1.000000 137
 3 0 11.250000 1.000000 146
 6 0 9.583333 1.000000 262
 0 1 11.250000 1.000000 27
 5 1 15.416667 1.000000 237
 7 0 2.083333 1.000000 284
 8 0 9.583333 1.000000 342
 1945609.320228 2
 8 0 8.750000 1.000000 340
 2 0 0.416667 1.000000 80
 1748070.276076 6
 6 1 7.083333 1.000000 257
 8 0 4.583333 1.000000 330
 6 1 12.916667 1.000000 271
 4 0 6.250000 1.000000 174
 5 1 15.416667 1.000000 237
 8 0 3.750000 1.000000 328
 1784068.772692 7
 1 1 12.083333 1.000000 69
 4 0 7.916667 1.000000 178
 0 1 0.416667 1.000000 1
 5 1 7.916667 1.000000 219
 5 1 12.083333 1.000000 229
 4 0 2.916667 1.000000 166
 0 1 7.916667 1.000000 19
 279372.054785 5
 9 1 11.250000 1.000000 387
 8 0 3.750000 1.000000 328
 5 1 2.083333 1.000000 205
 5 0 14.583333 1.000000 234
 3 1 7.083333 1.000000 137
 1059090.340985 6
 1 0 12.083333 1.000000 68
 6 0 12.083333 1.000000 268
 6 1 12.916667 1.000000 271
 2 1 7.916667 1.000000 99
 3 0 6.250000 1.000000 134
 2 1 4.583333 1.000000 91
 863108.954235 7
 5 0 13.750000 1.000000 232
 9 1 1.250000 1.000000 363
 7 0 7.083333 1.000000 296
 6 1 13.750000 1.000000 273
 9 0 2.916667 1.000000 366
 0 1 13.750000 1.000000 33
 2 0 10.416667 1.000000 104
 161801.462603 3
 0 1 1.250000 1.000000 3
 1 1 2.083333 1.000000 45
 8 0 2.916667 1.000000 326
 1677264.460808 5
 0 0 13.750000 1.000000 32
 6 0 3.750000 1.000000 248
 8 0 7.083333 1.000000 336
 4 0 3.750000 1.000000 168
 4 1 15.416667 1.000000 197
 85662.570393 6
 7 0 15.416667 1.000000 316
 6 1 1.250000 1.000000 243
 8 1 6.250000 1.000000 335
 5 1 5.416667 1.000000 213
 1 1 2.916667 1.000000 47
 0 0 12.916667 1.000000 30
 1581880.309368 6
 4 0 8.750000 1.000000 180
 6 0 6.250000 1.000000 254
 5 1 15.416667 1.000000 237
 6 1 9.583333 1.000000 263
 3 1 6.250000 1.000000 135
 1 0 7.916667 1.000000 58
 1477043.728343 6
 5 1 2.083333 1.000000 205
 5 0 14.583333 1.000000 234
 1 0 3.750000 1.000000 48
 1 1 12.083333 1.000000 69
 0 1 11.250000 1.000000 27
 7 0 7.083333 1.000000 296
 147511.131143 7
 0 0 9.583333 1.000000 22
 2 0 10.416667 1.000000 104
 0 0 4.583333 1.000000 10
 8 0 7.916667 1.000000 338
 6 1 1.250000 1.000000 243
 5 1 7.083333 1.000000 217
 8 1 12.916667 1.000000 351
 1819882.040368 9
 4 1 10.416667 1.000000 185
 1 0 7.916667 1.000000 58
 3 0 1.250000 1.000000 122
 7 0 7.083333 1.000000 296
 5 1 5.416667 1.000000 213
 5 1 10.416667 1.000000 225
 3 1 7.083333 1.000000 137
 9 0 10.416667 1.000000 384
 3 0 4.583333 1.000000 130
 343674.366206 5
 3 0 3.750000 1.000000 128
 6 0 9.583333 1.000000 262
 4 1 10.416667 1.000000 185
 3 1 7.083333 1.000000 137
 6 0 12.083333 1.000000 268
 528894.629389 2
 7 0 0.416667 1.000000 280
 9 0 4.583333 1.000000 370
 451551.622661 4
 4 0 2.083333 1.000000 164
 6 1 1.250000 1.000000 243
 0 1 2.916667 1.000000 7
 1 0 7.916667 1.000000 58
 327413.192507 2
 6 0 3.750000 1.000000 248
 2 1 4.583333 1.000000 91
 999188.552852 6
 1 0 3.750000 1.000000 48
 7 1 7.916667 1.000000 299
 2 0 0.416667 1.000000 80
 2 0 12.083333 1.000000 108
 6 0 9.583333 1.000000 262
 8 0 4.583333 1.000000 330
 464915.012636 2
 3 1 5.416667 1.000000 133
 7 0 4.583333 1.000000 290
 518112.223576 7
 4 0 1.250000 1.000000 162
 3 0 6.250000 1.000000 134
 6 0 7.916667 1.000000 258
 4 1 1.250000 1.000000 163
 1 1 13.750000 1.000000 73
 7 1 14.583333 1.000000 315
 4 0 13.750000 1.000000 192
 1244539.036492 8
 9 1 3.750000 1.000000 369
 4 0 2.083333 1.000000 164
 4 1 1.250000 1.000000 163
 8 1 5.416667 1.000000 333
 2 1 7.916667 1.000000 99
 9 0 4.583333 1.000000 370
 7 0 14.583333 1.000000 314
 2 0 7.083333 1.000000 96
 143336.426217 9
 9 1 6.250000 1.000000 375
 8 1 11.250000 1.000000 347
 1 0 14.583333 1.000000 74
 5 0 7.083333 1.000000 216
 1 1 12.083333 1.000000 69
 3 0 12.083333 1.000000 148
 3 0 11.250000 1.000000 146
 1 0 12.083333 1.000000 68
 7 0 5.416667 1.000000 292
 686360.697898 2
 6 1 12.916667 1.000000 271
 8 0 8.750000 1.000000 340
 1882622.057890 6
 9 0 4.583333 1.000000 370
 4 0 13.750000 1.000000 192
 0 1 11.250000 1.000000 27
 9 0 11.250000 1.000000 386
 1 1 12.916667 1.000000 71
 7 0 7.083333 1.000000 296
 135335.658982 5
 2 0 10.416667 1.000000 104
 5 0 13.750000 1.000000 232
 2 0 12.083333 1.000000 108
 9 0 11.250000 1.000000 386
 3 0 5.416667 1.000000 132
 1129544.046302 6
 1 1 2.916667 1.000000 47
 6 0 14.583333 1.000000 274
 6 1 9.583333 1.000000 263
 2 0 4.583333 1.000000 90
 6 0 12.083333 1.000000 268
 1 0 3.750000 1.000000 48
 415657.097649 8
 6 0 9.583333 1.000000 262
 6 0 4.583333 1.000000 250
 3 1 7.083333 1.000000 137
 4 1 13.750000 1.000000 193
 4 0 13.750000 1.000000 192
 8 0 5.416667 1.000000 332
 4 1 15.416667 1.000000 197
 0 0 14.583333 1.000000 34
 636925.244349 4
 6 1 1.250000 1.000000 243
 4 1 1.250000 1.000000 163
 0 0 14.583333 1.000000 34
 4 1 10.416667 1.000000 185
 311743.780855 7
 0 1 10.416667 1.000000 25
 0 1 4.583333 1.000000 11
 6 1 12.916667 1.000000 271
 9 1 9.583333 1.000000 383
 4 0 7.083333 1.000000 176
 0 0 13.750000 1.000000 32
 0 0 14.583333 1.000000 34
 1001209.116038 3
 1 1 2.916667 1.000000 47
 3 1 5.416667 1.000000 133
 4 1 1.250000 1.000000 163
 1674044.632257 4
 4 0 2.083333 1.000000 164
 5 1 2.083333 1.000000 205
 8 1 12.916667 1.000000 351
 6 0 9.583333 1.000000 262
 533904.745157 9
 4 0 2.916667 1.000000 166
 7 0 0.416667 1.000000 280
 1 1 11.250000 1.000000 67
 6 0 6.250000 1.000000 254
 0 1 11.250000 1.000000 27
 2 0 8.750000 1.000000 100
 5 1 5.416667 1.000000 213
 5 0 14.583333 1.000000 234
 4 0 16.250000 1.000000 198
 470457.772385 3
 6 1 13.750000 1.000000 273
 3 0 12.083333 1.000000 148
 2 0 8.750000 1.000000 100
 1838328.274301 3
 4 1 6.250000 1.000000 175
 8 0 4.583333 1.000000 330
 2 1 2.916667 1.000000 87
 1707029.995875 7
 7 1 4.583333 1.000000 291
 0 1 4.583333 1.000000 11
 8 1 5.416667 1.000000 333
 5 1 8.750000 1.000000 221
 2 1 4.583333 1.000000 91
 0 1 0.416667 1.000000 1
 7 0 4.583333 1.000000 290
 1375254.342135 8
 7 0 0.416667 1.000000 280
 3 1 6.250000 1.000000 135
 1 1 13.750000 1.000000 73
 9 1 6.250000 1.000000 375
 6 0 4.583333 1.000000 250
 7 0 12.083333 1.000000 308
 2 1 7.916667 1.000000 99
 2 1 4.583333 1.000000 91
 372829.084868 8
 9 1 6.250000 1.000000 375
 9 0 4.583333 1.000000 370
 7 0 15.416667 1.000000 316
 9 1 8.750000 1.000000 381
 3 0 1.250000 1.000000 122
 4 1 15.416667 1.000000 197
 4 0 12.083333 1.000000 188
 4 0 7.083333 1.000000 176
 102529.754239 2
 3 1 13.750000 1.000000 153
 1 0 12.083333 1.000000 68
 1498678.003447 3
 9 0 11.250000 1.000000 386
 8 1 13.750000 1.000000 353
 3 1 7.083333 1.000000 137
 674377.103669 3
 2 0 8.750000 1.000000 100
 6 0 4.583333 1.000000 250
 2 1 14.583333 1.000000 115
 118746.815510 8
 4 1 6.250000 1.000000 175
 4 1 15.416667 1.000000 197
 6 0 3.750000 1.000000 248
 8 1 12.083333 1.000000 349
 0 0 7.916667 1.000000 18
 6 1 11.250000 1.000000 267
 9 1 6.250000 1.000000 375
 0 1 2.916667 1.000000 7
 79006.070382 4
 8 0 4.583333 1.000000 330
 4 0 7.083333 1.000000 176
 3 1 7.083333 1.000000 137
 6 0 9.583333 1.000000 262
 1683788.510358 5
 3 0 10.416667 1.000000 144
 2 1 4.583333 1.000000 91
 4 1 15.416667 1.000000 197
 4 0 15.416667 1.000000 196
 8 1 12.916667 1.000000 351
 446676.310285 5
 2 1 5.416667 1.000000 93
 2 1 14.583333 1.000000 115
 9 0 15.416667 1.000000 396
 6 1 12.916667 1.000000 271
 3 0 7.916667 1.000000 138
 50244.054743 3
 2 1 5.416667 1.000000 93
 5 1 2.083333 1.000000 205
 4 0 2.083333 1.000000 164
 874355.737099 8
 5 0 9.583333 1.000000 222
 2 1 14.583333 1.000000 115
 3 0 4.583333 1.000000 130
 2 1 7.916667 1.000000 99
 8 0 2.916667 1.000000 326
 4 0 2.916667 1.000000 166
 9 1 6.250000 1.000000 375
 1 0 16.250000 1.000000 78
 1391522.050738 6
 7 0 4.583333 1.000000 290
 9 1 9.583333 1.000000 383
 4 1 10.416667 1.000000 185
 3 1 5.416667 1.000000 133
 5 1 5.416667 1.000000 213
 0 0 14.583333 1.000000 34
 1491238.847343 4
 3 1 6.250000 1.000000 135
 3 0 12.083333 1.000000 148
 7 0 6.250000 1.000000 294
 5 1 7.916667 1.000000 219
 1921657.725182 4
 3 0 4.583333 1.000000 130
 0 0 2.916667 1.000000 6
 0 0 12.916667 1.000000 30
 8 0 8.750000 1.000000 340
 813616.226266 3
 3 0 12.083333 1.000000 148
 4 0 2.083333 1.000000 164
 3 0 1.250000 1.000000 122
 1744917.263270 8
 9 1 3.750000 1.000000 369
 4 1 15.416667 1.000000 197
 0 1 11.250000 1.000000 27
 1 0 7.916667 1.000000 58
 0 1 12.916667 1.000000 31
 3 1 5.416667 1.000000 133
 5 1 12.083333 1.000000 229
 6 0 3.750000 1.000000 248
 1226549.877127 7
 0 1 1.250000 1.000000 3
 2 0 12.083333 1.000000 108
 9 0 10.416667 1.000000 384
 5 1 7.083333 1.000000 217
 4 1 9.583333 1.000000 183
 4 1 6.250000 1.000000 175
 7 0 0.416667 1.000000 280
 1912356.648907 7
 5 1 12.916667 1.000000 231
 1 0 13.750000 1.000000 72
 1 0 16.250000 1.000000 78
 3 1 5.416667 1.000000 133
 1 0 12.083333 1.000000 68
 6 1 11.250000 1.000000 267
 9 0 8.750000 1.000000 380
 136875.787143 5
 6 0 6.250000 1.000000 254
 1 0 14.583333 1.000000 74
 6 0 4.583333 1.000000 250
 5 0 14.583333 1.000000 234
 4 1 12.916667 1.000000 191
 1735310.265857 7
 1 0 8.750000 1.000000 60
 2 1 5.416667 1.000000 93
 6 1 1.250000 1.000000 243
 1 1 2.083333 1.000000 45
 4 0 1.250000 1.000000 162
 7 0 0.416667 1.000000 280
 1 0 3.750000 1.000000 48
 1800326.719098 4
 2 1 7.916667 1.000000 99
 0 0 14.583333 1.000000 34
 5 0 7.083333 1.000000 216
 9 1 3.750000 1.000000 369
 1538545.137820 8
 7 0 6.250000 1.000000 294
 4 1 13.750000 1.000000 193
 9 0 5.416667 1.000000 372
 3 0 1.250000 1.000000 122
 9 0 11.250000 1.000000 386
 1 0 9.583333 1.000000 62
 2 1 1.250000 1.000000 83
 8 0 8.750000 1.000000 340
 1463468.647629 2
 0 1 10.416667 1.000000 25
 3 0 1.250000 1.000000 122
 202631.525156 3
 0 1 1.250000 1.000000 3
 1 0 14.583333 1.000000 74
 9 0 8.750000 1.000000 380
 963798.840066 6
 5 1 7.083333 1.000000 217
 5 1 15.416667 1.000000 237
 9 0 10.416667 1.000000 384
 4 0 15.416667 1.000000 196
 8 1 3.750000 1.000000 329
 3 0 1.250000 1.000000 122
 1853646.155565 6
 1 0 3.750000 1.000000 48
 4 1 1.250000 1.000000 163
 9 1 12.083333 1.000000 389
 5 1 12.083333 1.000000 229
 2 0 12.083333 1.000000 108
 1 0 16.250000 1.000000 78
 591082.496788 2
 6 1 13.750000 1.000000 273
 3 0 1.250000 1.000000 122
 459710.950767 6
 7 0 15.416667 1.000000 316
 9 0 10.416667 1.000000 384
 6 1 12.916667 1.000000 271
 2 0 8.750000 1.000000 100
 4 0 2.083333 1.000000 164
 2 1 2.916667 1.000000 87
 1446072.574633 2
 3 0 4.583333 1.000000 130
 8 0 3.750000 1.000000 328
 1231586.355209 2
 1 0 7.916667 1.000000 58
 4 1 15.416667 1.000000 197
 632709.343970 8
 2 1 5.416667 1.000000 93
 1 0 14.583333 1.000000 74
 6 1 2.916667 1.000000 247
 6 1 1.250000 1.000000 243
 5 1 2.083333 1.000000 205
 4 1 10.416667 1.000000 185
 5 1 5.416667 1.000000 213
 4 0 15.416667 1.000000 196
 962595.403680 5
 8 0 11.250000 1.000000 346
 2 1 4.583333 1.000000 91
 0 0 10.416667 1.000000 24
 4 0 2.083333 1.000000 164
 2 1 14.583333 1.000000 115
 1300741.993981 4
 0 1 11.250000 1.000000 27
 0 0 13.750000 1.000000 32
 4 0 4.583333 1.000000 170
 4 1 6.250000 1.000000 175
 1394490.816665 8
 4 1 7.083333 1.000000 177
 9 1 8.750000 1.000000 381
 3 0 12.083333 1.000000 148
 4 0 2.083333 1.000000 164
 5 0 14.583333 1.000000 234
 3 0 1.250000 1.000000 122
 9 1 9.583333 1.000000 383
 3 0 11.250000 1.000000 146
 745690.454648 8
 5 1 8.750000 1.000000 221
 9 1 0.416667 1.000000 361
 3 1 7.083333 1.000000 137
 6 1 2.916667 1.000000 247
 5 0 14.583333 1.000000 234
 3 1 6.250000 1.000000 135
 9 1 1.250000 1.000000 363
 2 1 2.916667 1.000000 87
 1933541.354543 4
 0 1 10.416667 1.000000 25
 6 0 9.583333 1.000000 262
 5 0 6.250000 1.000000 214
 7 1 2.916667 1.000000 287
 736420.433771 2
 9 0 15.416667 1.000000 396
 2 1 4.583333 1.000000 91
 678168.459795 8
 6 0 6.250000 1.000000 254
 1 0 16.250000 1.000000 78
 1 0 7.916667 1.000000 58
 6 0 3.750000 1.000000 248
 4 1 9.583333 1.000000 183
 4 0 2.083333 1.000000 164
 4 0 8.750000 1.000000 180
 5 0 13.750000 1.000000 232
 784415.537838 4
 9 0 4.583333 1.000000 370
 8 1 11.250000 1.000000 347
 8 0 5.416667 1.000000 332
 1 1 12.083333 1.000000 69
 1850282.340986 4
 2 0 4.583333 1.000000 90
 9 0 11.250000 1.000000 386
 9 0 15.416667 1.000000 396
 4 0 8.750000 1.000000 180
 510282.103135 3
 6 1 12.916667 1.000000 271
 0 1 12.916667 1.000000 31
 4 1 12.916667 1.000000 191
 943410.675369 7
 7 0 15.416667 1.000000 316
 5 1 7.083333 1.000000 217
 2 1 4.583333 1.000000 91
 9 0 8.750000 1.000000 380
 1 1 13.750000 1.000000 73
 5 1 2.083333 1.000000 205
 0 1 10.416667 1.000000 25
 274096.291510 7
 4 0 2.083333 1.000000 164
 6 1 12.916667 1.000000 271
 6 1 11.250000 1.000000 267
 9 0 2.083333 1.000000 364
 0 0 6.250000 1.000000 14
 7 0 15.416667 1.000000 316
 4 0 1.250000 1.000000 162
 794123.098848 5
 8 0 4.583333 1.000000 330
 7 1 7.083333 1.000000 297
 2 1 4.583333 1.000000 91
 4 1 15.416667 1.000000 197
 2 1 5.416667 1.000000 93
 1723603.016848 6
 9 1 0.416667 1.000000 361
 0 1 12.916667 1.000000 31
 6 0 4.583333 1.000000 250
 5 1 10.416667 1.000000 225
 9 1 6.250000 1.000000 375
 2 1 7.916667 1.000000 99
 1761165.628192 9
 6 0 12.083333 1.000000 268
 8 0 10.416667 1.000000 344
 1 1 12.083333 1.000000 69
 9 1 9.583333 1.000000 383
 4 0 1.250000 1.000000 162
 5 0 13.750000 1.000000 232
 7 1 3.750000 1.000000 289
 1 0 14.583333 1.000000 74
 8 0 3.750000 1.000000 328
 753671.103322 9
 2 0 12.083333 1.000000 108
 3 0 13.750000 1.000000 152
 1 0 14.583333 1.000000 74
 5 1 7.916667 1.000000 219
 9 0 4.583333 1.000000 370
 2 1 2.916667 1.000000 87
 4 0 1.250000 1.000000 162
 5 0 7.083333 1.000000 216
 7 1 6.250000 1.000000 295
 534928.488105 7
 7 0 8.750000 1.000000 300
 4 0 2.083333 1.000000 164
 5 1 10.416667 1.000000 225
 4 0 7.083333 1.000000 176
 3 1 6.250000 1.000000 135
 9 1 11.250000 1.000000 387
 2 1 7.916667 1.000000 99
 194663.736371 2
 1 1 8.750000 1.000000 61
 4 0 2.083333 1.000000 164
 1122584.183441 3
 0 1 11.250000 1.000000 27
 8 1 12.083333 1.000000 349
 3 0 10.416667 1.000000 144
 1180906.103710 3
 4 0 15.416667 1.000000 196
 2 0 8.750000 1.000000 100
 4 0 7.083333 1.000000 176
 411140.084216 4
 7 1 3.750000 1.000000 289
 3 0 1.250000 1.000000 122
 9 0 10.416667 1.000000 384
 3 1 5.416667 1.000000 133
 462787.307139 6
 3 0 9.583333 1.000000 142
 6 1 11.250000 1.000000 267
 8 1 11.250000 1.000000 347
 9 1 9.583333 1.000000 383
 6 0 12.083333 1.000000 268
 0 1 2.083333 1.000000 5
 578106.291675 5
 0 0 0.416667 1.000000 0
 8 1 4.583333 1.000000 331
 9 1 6.250000 1.000000 375
 2 1 14.583333 1.000000 115
 3 0 1.250000 1.000000 122
 449378.728666 4
 6 1 11.250000 1.000000 267
 6 1 2.916667 1.000000 247
 8 1 11.250000 1.000000 347
 0 1 2.916667 1.000000 7
 1235246.898250 5
 3 0 4.583333 1.000000 130
 5 0 7.083333 1.000000 216
 6 1 15.416667 1.000000 277
 1 0 3.750000 1.000000 48
 3 0 1.250000 1.000000 122
 1719732.187707 3
 2 1 5.416667 1.000000 93
 8 1 12.916667 1.000000 351
 5 1 7.083333 1.000000 217
 1775807.876110 7
 6 1 1.250000 1.000000 243
 2 1 16.250000 1.000000 119
 4 1 12.083333 1.000000 189
 3 0 3.750000 1.000000 128
 5 1 7.916667 1.000000 219
 9 0 4.583333 1.000000 370
 0 0 14.583333 1.000000 34
 1020329.853399 6
 9 1 11.250000 1.000000 387
 5 0 14.583333 1.000000 234
 6 0 6.250000 1.000000 254
 5 1 8.750000 1.000000 221
 7 0 7.083333 1.000000 296
 3 0 6.250000 1.000000 134
 1960981.839132 4
 0 1 11.250000 1.000000 27
 7 0 12.916667 1.000000 310
 7 1 1.250000 1.000000 283
 4 1 12.083333 1.000000 189
 1373295.605897 5
 8 1 12.083333 1.000000 349
 3 0 1.250000 1.000000 122
 1 1 12.083333 1.000000 69
 5 1 5.416667 1.000000 213
 5 0 7.083333 1.000000 216
 146260.413447 2
 0 1 1.250000 1.000000 3
 3 1 6.250000 1.000000 135
 907167.020360 3
 9 0 15.416667 1.000000 396
 4 0 7.083333 1.000000 176
 4 0 13.750000 1.000000 192
 1320671.727844 9
 8 1 13.750000 1.000000 353
 6 1 2.916667 1.000000 247
 7 0 15.416667 1.000000 316
 3 1 7.083333 1.000000 137
 7 1 0.416667 1.000000 281
 1 1 11.250000 1.000000 67
 1 1 2.083333 1.000000 45
 8 1 12.916667 1.000000 351
 3 0 6.250000 1.000000 134
 889964.594101 8
 7 0 7.083333 1.000000 296
 1 0 8.750000 1.000000 60
 9 1 3.750000 1.000000 369
 3 1 6.250000 1.000000 135
 7 0 4.583333 1.000000 290
 8 1 12.916667 1.000000 351
 8 1 12.083333 1.000000 349
 2 0 12.083333 1.000000 108
 1119746.815637 5
 0 1 1.250000 1.000000 3
 1 0 12.083333 1.000000 68
 4 1 15.416667 1.000000 197
 7 1 3.750000 1.000000 289
 5 1 5.416667 1.000000 213
 163915.886546 8
 9 1 11.250000 1.000000 387
 2 1 4.583333 1.000000 91
 2 0 0.416667 1.000000 80
 9 0 11.250000 1.000000 386
 7 1 11.250000 1.000000 307
 2 1 14.583333 1.000000 115
 8 1 12.083333 1.000000 349
 1 0 1.250000 1.000000 42
 1346999.996373 6
 3 0 4.583333 1.000000 130
 1 1 11.250000 1.000000 67
 3 0 8.750000 1.000000 140
 8 0 2.916667 1.000000 326
 3 0 11.250000 1.000000 146
 4 1 10.416667 1.000000 185
 338452.168153 6
 4 1 12.083333 1.000000 189
 1 0 14.583333 1.000000 74
 0 0 14.583333 1.000000 34
 6 1 12.916667 1.000000 271
 4 1 15.416667 1.000000 197
 5 0 13.750000 1.000000 232
 1873574.122448 3
 7 0 15.416667 1.000000 316
 5 1 8.750000 1.000000 221
 7 1 0.416667 1.000000 281
 758526.897691 9
 3 0 1.250000 1.000000 122
 4 1 9.583333 1.000000 183
 9 1 8.750000 1.000000 381
 1 0 14.583333 1.000000 74
 9 0 8.750000 1.000000 380
 8 1 12.916667 1.000000 351
 2 0 0.416667 1.000000 80
 2 0 7.916667 1.000000 98
 3 0 11.250000 1.000000 146
 938322.720313 4
 3 0 6.250000 1.000000 134
 8 0 0.416667 1.000000 320
 1 0 12.083333 1.000000 68
 8 0 2.916667 1.000000 326
 1822677.033517 2
 3 1 12.083333 1.000000 149
 0 1 12.916667 1.000000 31
 1289265.877963 5
 2 0 12.083333 1.000000 108
 3 0 12.083333 1.000000 148
 4 1 6.250000 1.000000 175
 7 0 0.416667 1.000000 280
 3 1 6.250000 1.000000 135
 1144717.831102 5
 2 1 2.916667 1.000000 87
 9 0 11.250000 1.000000 386
 0 0 3.750000 1.000000 8
 6 0 3.750000 1.000000 248
 3 1 5.416667 1.000000 133
 895165.194112 9
 4 0 15.416667 1.000000 196
 6 0 9.583333 1.000000 262
 7 1 0.416667 1.000000 281
 6 1 15.416667 1.000000 277
 5 1 2.083333 1.000000 205
 4 1 10.416667 1.000000 185
 1 1 2.083333 1.000000 45
 1 0 3.750000 1.000000 48
 6 1 9.583333 1.000000 263
 343038.827601 2
 8 1 12.916667 1.000000 351
 4 0 7.083333 1.000000 176
 843365.811968 6
 3 1 6.250000 1.000000 135
 7 0 2.083333 1.000000 284
 9 0 11.250000 1.000000 386
 1 0 7.916667 1.000000 58
 7 1 1.250000 1.000000 283
 7 0 12.916667 1.000000 310
 1813727.343424 8
 1 1 13.750000 1.000000 73
 9 1 3.750000 1.000000 369
 9 0 4.583333 1.000000 370
 2 1 14.583333 1.000000 115
 4 0 13.750000 1.000000 192
 3 1 5.416667 1.000000 133
 1 0 8.750000 1.000000 60
 8 1 12.083333 1.000000 349
 191830.142565 7
 3 0 12.083333 1.000000 148
 4 1 12.083333 1.000000 189
 6 0 12.083333 1.000000 268
 8 0 3.750000 1.000000 328
 5 1 2.083333 1.000000 205
 3 0 6.250000 1.000000 134
 9 0 11.250000 1.000000 386
 1886751.751381 9
 1 1 13.750000 1.000000 73
 4 1 9.583333 1.000000 183
 4 0 13.750000 1.000000 192
 1 0 7.916667 1.000000 58
 6 0 12.083333 1.000000 268
 1 0 16.250000 1.000000 78
 7 1 6.250000 1.000000 295
 7 0 7.083333 1.000000 296
 2 0 12.083333 1.000000 108
 1172625.202654 9
 2 0 0.416667 1.000000 80
 4 1 15.416667 1.000000 197
 3 0 12.083333 1.000000 148
 6 1 1.250000 1.000000 243
 2 1 7.916667 1.000000 99
 0 1 12.916667 1.000000 31
 2 1 14.583333 1.000000 115
 5 1 12.083333 1.000000 229
 8 0 3.750000 1.000000 328
 1063426.459871 4
 9 1 9.583333 1.000000 383
 9 1 6.250000 1.000000 375
 0 1 12.916667 1.000000 31
 3 0 7.916667 1.000000 138
 1965239.468890 9
 8 0 8.750000 1.000000 340
 3 1 6.250000 1.000000 135
 5 0 14.583333 1.000000 234
 5 1 10.416667 1.000000 225
 7 1 3.750000 1.000000 289
 6 1 12.916667 1.000000 271
 4 0 15.416667 1.000000 196
 7 0 4.583333 1.000000 290
 9 0 4.583333 1.000000 370
 799298.902731 9
 4 0 15.416667 1.000000 196
 5 0 7.083333 1.000000 216
 2 0 10.416667 1.000000 104
 6 0 6.250000 1.000000 254
 6 1 2.916667 1.000000 247
 1 0 3.750000 1.000000 48
 1 1 12.083333 1.000000 69
 1 1 2.916667 1.000000 47
 6 0 9.583333 1.000000 262
 1694383.612673 9
 3 1 11.250000 1.000000 147
 1 0 11.250000 1.000000 66
 8 0 2.083333 1.000000 324
 1 0 7.916667 1.000000 58
 9 0 10.416667 1.000000 384
 5 1 2.083333 1.000000 205
 2 0 10.416667 1.000000 104
 8 0 4.583333 1.000000 330
 9 1 6.250000 1.000000 375
 1251318.724924 4
 2 1 9.583333 1.000000 103
 5 0 8.750000 1.000000 220
 5 0 5.416667 1.000000 212
 7 1 12.916667 1.000000 311
 1841377.093718 2
 1 0 7.083333 1.000000 56
 5 0 13.750000 1.000000 232
 1570915.820678 8
 8 0 4.583333 1.000000 330
 4 0 8.750000 1.000000 180
 1 1 2.916667 1.000000 47
 6 1 6.250000 1.000000 255
 5 1 12.083333 1.000000 229
 6 1 12.916667 1.000000 271
 4 1 12.083333 1.000000 189
 6 0 4.583333 1.000000 250
 724111.401310 6
 1 1 3.750000 1.000000 49
 5 1 2.083333 1.000000 205
 1 1 0.416667 1.000000 41
 1 0 3.750000 1.000000 48
 5 1 12.083333 1.000000 229
 5 1 7.916667 1.000000 219
 548849.657713 4
 1 0 12.083333 1.000000 68
 7 0 0.416667 1.000000 280
 4 1 9.583333 1.000000 183
 2 1 4.583333 1.000000 91
 806016.175526 5
 2 1 7.916667 1.000000 99
 3 0 6.250000 1.000000 134
 3 1 6.250000 1.000000 135
 4 0 15.416667 1.000000 196
 5 0 13.750000 1.000000 232
 759791.561384 6
 4 0 7.083333 1.000000 176
 5 1 10.416667 1.000000 225
 3 0 12.083333 1.000000 148
 8 0 3.750000 1.000000 328
 3 0 4.583333 1.000000 130
 1 0 8.750000 1.000000 60
 1649947.282379 3
 2 1 11.250000 1.000000 107
 8 0 4.583333 1.000000 330
 8 1 12.083333 1.000000 349
 1186750.620877 4
 0 1 1.250000 1.000000 3
 3 1 12.916667 1.000000 151
 2 0 4.583333 1.000000 90
 4 0 13.750000 1.000000 192
 333075.415964 5
 5 0 13.750000 1.000000 232
 3 0 1.250000 1.000000 122
 6 1 12.083333 1.000000 269
 0 1 1.250000 1.000000 3
 7 0 0.416667 1.000000 280
 580155.184036 2
 5 1 7.083333 1.000000 217
 6 0 3.750000 1.000000 248
 1269264.452732 8
 2 0 4.583333 1.000000 90
 4 0 2.083333 1.000000 164
 6 1 9.583333 1.000000 263
 1 1 2.083333 1.000000 45
 6 0 12.083333 1.000000 268
 3 1 7.083333 1.000000 137
 6 1 12.916667 1.000000 271
 5 0 0.416667 1.000000 200
 1332271.172838 9
 1 0 3.750000 1.000000 48
 6 1 12.916667 1.000000 271
 8 0 2.916667 1.000000 326
 1 1 13.750000 1.000000 73
 5 0 14.583333 1.000000 234
 4 0 13.750000 1.000000 192
 3 0 6.250000 1.000000 134
 5 1 5.416667 1.000000 213
 2 1 2.916667 1.000000 87
 1483052.421288 3
 1 0 14.583333 1.000000 74
 9 0 11.250000 1.000000 386
 0 0 13.750000 1.000000 32
 103415.600668 3
 2 0 7.916667 1.000000 98
 0 1 10.416667 1.000000 25
 4 0 2.083333 1.000000 164
 1909281.481779 8
 3 0 4.583333 1.000000 130
 5 0 14.583333 1.000000 234
 1 1 11.250000 1.000000 67
 6 0 4.583333 1.000000 250
 9 0 8.750000 1.000000 380
 9 1 11.250000 1.000000 387
 4 0 2.916667 1.000000 166
 8 1 12.916667 1.000000 351
 1776568.453171 2
 4 0 2.916667 1.000000 166
 1 1 2.083333 1.000000 45
 1774916.809059 2
 1 1 2.916667 1.000000 47
 5 1 7.916667 1.000000 219
 1793275.944401 9
 4 0 8.750000 1.000000 180
 5 0 14.583333 1.000000 234
 0 0 13.750000 1.000000 32
 9 1 3.750000 1.000000 369
 4 1 1.250000 1.000000 163
 1 0 7.916667 1.000000 58
 9 0 13.750000 1.000000 392
 2 1 7.916667 1.000000 99
 9 1 1.250000 1.000000 363
 1880431.469456 4
 2 1 2.916667 1.000000 87
 1 1 15.416667 1.000000 77
 1 0 9.583333 1.000000 62
 7 1 11.250000 1.000000 307
 801895.850860 7
 2 0 8.750000 1.000000 100
 9 1 0.416667 1.000000 361
 0 1 11.250000 1.000000 27
 3 0 12.083333 1.000000 148
 7 0 0.416667 1.000000 280
 9 0 10.416667 1.000000 384
 5 0 7.083333 1.000000 216
 183876.785330 4
 4 1 10.416667 1.000000 185
 4 1 6.250000 1.000000 175
 5 0 13.750000 1.000000 232
 8 0 4.583333 1.000000 330
 1801529.089455 7
 2 0 8.750000 1.000000 100
 9 1 11.250000 1.000000 387
 5 0 13.750000 1.000000 232
 1 0 13.750000 1.000000 72
 5 1 5.416667 1.000000 213
 9 1 8.750000 1.000000 381
 8 0 8.750000 1.000000 340
 844621.659017 2
 9 1 11.250000 1.000000 387
 1 1 2.916667 1.000000 47
 1241486.318038 7
 4 0 14.583333 1.000000 194
 4 0 2.916667 1.000000 166
 4 0 7.083333 1.000000 176
 9 0 7.083333 1.000000 376
 2 1 2.916667 1.000000 87
 6 1 12.916667 1.000000 271
 1 1 12.083333 1.000000 69
 417765.944105 7
 0 0 13.750000 1.000000 32
 1 1 2.083333 1.000000 45
 4 1 9.583333 1.000000 183
 6 1 11.250000 1.000000 267
 2 0 12.083333 1.000000 108
 3 0 11.250000 1.000000 146
 9 0 11.250000 1.000000 386
 644911.027851 4
 1 0 7.916667 1.000000 58
 8 0 5.416667 1.000000 332
 8 0 0.416667 1.000000 320
 7 1 3.750000 1.000000 289
 935059.257585 2
 0 1 12.916667 1.000000 31
 1 1 16.250000 1.000000 79
 1176111.133236 3
 8 1 12.916667 1.000000 351
 9 0 8.750000 1.000000 380
 7 0 1.250000 1.000000 282
 1852649.628302 3
 8 1 12.916667 1.000000 351
 2 0 12.083333 1.000000 108
 3 0 12.083333 1.000000 148
 1504473.629307 5
 2 0 0.416667 1.000000 80
 5 0 7.083333 1.000000 216
 7 0 4.583333 1.000000 290
 1 0 14.583333 1.000000 74
 7 1 3.750000 1.000000 289
 172491.339283 8
 0 1 10.416667 1.000000 25
 3 1 7.083333 1.000000 137
 2 1 7.916667 1.000000 99
 1 1 12.083333 1.000000 69
 8 1 11.250000 1.000000 347
 5 1 5.416667 1.000000 213
 6 1 1.250000 1.000000 243
 2 0 12.083333 1.000000 108
 294391.616757 2
 1 0 14.583333 1.000000 74
 7 0 2.083333 1.000000 284
 367005.514077 5
 4 0 15.416667 1.000000 196
 9 1 6.250000 1.000000 375
 7 1 1.250000 1.000000 283
 9 0 13.750000 1.000000 392
 3 0 12.083333 1.000000 148
 1733380.678395 2
 2 0 0.416667 1.000000 80
 1 1 2.083333 1.000000 45
 1421544.307145 7
 7 1 1.250000 1.000000 283
 7 0 8.750000 1.000000 300
 1 1 10.416667 1.000000 65
 6 0 4.583333 1.000000 250
 7 0 4.583333 1.000000 290
 4 0 8.750000 1.000000 180
 9 0 10.416667 1.000000 384
 205338.352772 7
 5 1 10.416667 1.000000 225
 4 0 13.750000 1.000000 192
 9 1 0.416667 1.000000 361
 8 0 9.583333 1.000000 342
 7 1 3.750000 1.000000 289
 4 0 2.083333 1.000000 164
 0 0 14.583333 1.000000 34
 1088548.542060 8
 5 0 14.583333 1.000000 234
 4 0 13.750000 1.000000 192
 9 1 11.250000 1.000000 387
 5 1 12.083333 1.000000 229
 7 1 0.416667 1.000000 281
 1 0 3.750000 1.000000 48
 5 1 15.416667 1.000000 237
 1 1 11.250000 1.000000 67
 227045.757653 4
 4 0 8.750000 1.000000 180
 8 0 8.750000 1.000000 340
 6 0 9.583333 1.000000 262
 4 1 6.250000 1.000000 175
 567353.458129 9
 2 0 12.083333 1.000000 108
 1 0 7.916667 1.000000 58
 1 1 2.083333 1.000000 45
 4 0 2.083333 1.000000 164
 7 1 1.250000 1.000000 283
 5 1 2.083333 1.000000 205
 5 1 4.583333 1.000000 211
 8 0 9.583333 1.000000 342
 1 0 12.083333 1.000000 68
 1155878.450887 2
 3 0 11.250000 1.000000 146
 7 0 7.083333 1.000000 296
 508102.057254 7
 6 0 6.250000 1.000000 254
 4 1 10.416667 1.000000 185
 2 1 4.583333 1.000000 91
 6 1 2.916667 1.000000 247
 5 1 7.916667 1.000000 219
 7 0 7.083333 1.000000 296
 4 0 1.250000 1.000000 162
 420232.917005 9
 2 1 4.583333 1.000000 91
 1 1 2.083333 1.000000 45
 8 0 8.750000 1.000000 340
 4 0 7.083333 1.000000 176
 4 1 10.416667 1.000000 185
 1 0 12.083333 1.000000 68
 8 1 12.916667 1.000000 351
 2 0 4.583333 1.000000 90
 0 1 1.250000 1.000000 3
 1029069.772153 5
 8 1 10.416667 1.000000 345
 8 1 5.416667 1.000000 333
 2 0 0.416667 1.000000 80
 6 1 11.250000 1.000000 267
 9 1 11.250000 1.000000 387
 607215.191166 4
 0 1 12.916667 1.000000 31
 4 0 13.750000 1.000000 192
 4 1 6.250000 1.000000 175
 7 1 1.250000 1.000000 283
 1081334.741582 8
 8 1 14.583333 1.000000 355
 6 0 3.750000 1.000000 248
 5 1 15.416667 1.000000 237
 8 1 11.250000 1.000000 347
 7 1 1.250000 1.000000 283
 8 0 2.916667 1.000000 326
 4 1 10.416667 1.000000 185
 3 1 6.250000 1.000000 135