 Numero de pedidos 
 250
 duedate num_referencias // pasillo lado altura peso
 1114031.801836 9
 2 0 11.250000 1.000000 106
 1 0 4.583333 1.000000 50
 7 1 16.250000 1.000000 319
 3 1 1.250000 1.000000 123
 1 1 11.250000 1.000000 67
 0 1 4.583333 1.000000 11
 3 1 16.250000 1.000000 159
 6 1 15.416667 1.000000 277
 2 0 9.583333 1.000000 102
 297443.501920 8
 2 1 2.083333 1.000000 85
 5 1 14.583333 1.000000 235
 6 0 5.416667 1.000000 252
 9 0 9.583333 1.000000 382
 1 0 12.083333 1.000000 68
 5 0 13.750000 1.000000 232
 2 1 3.750000 1.000000 89
 6 0 2.083333 1.000000 244
 1868334.869756 6
 9 0 6.250000 1.000000 374
 5 0 9.583333 1.000000 222
 7 1 6.250000 1.000000 295
 7 0 12.083333 1.000000 308
 5 1 14.583333 1.000000 235
 0 1 7.916667 1.000000 19
 309592.274069 9
 9 1 12.916667 1.000000 391
 3 0 5.416667 1.000000 132
 5 1 0.416667 1.000000 201
 9 1 15.416667 1.000000 397
 1 0 7.083333 1.000000 56
 6 1 1.250000 1.000000 243
 4 0 4.583333 1.000000 170
 6 0 1.250000 1.000000 242
 4 0 2.916667 1.000000 166
 586022.357059 8
 9 0 1.250000 1.000000 362
 5 0 12.083333 1.000000 228
 3 1 7.916667 1.000000 139
 8 0 9.583333 1.000000 342
 1 1 11.250000 1.000000 67
 4 1 2.083333 1.000000 165
 5 0 4.583333 1.000000 210
 2 1 6.250000 1.000000 95
 1509729.336998 3
 3 0 14.583333 1.000000 154
 4 0 16.250000 1.000000 198
 6 1 1.250000 1.000000 243
 1591199.531868 9
 4 1 14.583333 1.000000 195
 0 1 5.416667 1.000000 13
 5 0 14.583333 1.000000 234
 4 1 12.083333 1.000000 189
 4 0 3.750000 1.000000 168
 1 1 12.916667 1.000000 71
 6 0 4.583333 1.000000 250
 3 1 3.750000 1.000000 129
 5 0 9.583333 1.000000 222
 653019.737831 6
 3 1 15.416667 1.000000 157
 7 1 2.083333 1.000000 285
 4 0 2.083333 1.000000 164
 0 1 3.750000 1.000000 9
 2 0 13.750000 1.000000 112
 6 1 1.250000 1.000000 243
 1885687.016512 7
 0 0 15.416667 1.000000 36
 8 0 7.083333 1.000000 336
 9 0 4.583333 1.000000 370
 3 0 5.416667 1.000000 132
 4 0 7.083333 1.000000 176
 0 1 3.750000 1.000000 9
 9 0 9.583333 1.000000 382
 1925328.645578 8
 1 1 13.750000 1.000000 73
 4 1 14.583333 1.000000 195
 0 1 13.750000 1.000000 33
 3 1 15.416667 1.000000 157
 8 1 1.250000 1.000000 323
 5 0 4.583333 1.000000 210
 7 0 12.083333 1.000000 308
 6 1 13.750000 1.000000 273
 1086555.398091 7
 0 0 7.083333 1.000000 16
 0 1 11.250000 1.000000 27
 3 1 1.250000 1.000000 123
 0 1 4.583333 1.000000 11
 8 1 14.583333 1.000000 355
 9 1 12.916667 1.000000 391
 5 1 14.583333 1.000000 235
 308049.676152 3
 1 0 15.416667 1.000000 76
 2 0 5.416667 1.000000 92
 5 0 9.583333 1.000000 222
 95396.895304 6
 0 1 2.083333 1.000000 5
 1 0 15.416667 1.000000 76
 0 1 14.583333 1.000000 35
 4 1 12.083333 1.000000 189
 0 0 8.750000 1.000000 20
 3 1 1.250000 1.000000 123
 1874836.025236 2
 5 1 14.583333 1.000000 235
 5 0 12.083333 1.000000 228
 1662605.558924 7
 5 0 4.583333 1.000000 210
 8 0 7.083333 1.000000 336
 8 1 10.416667 1.000000 345
 1 1 13.750000 1.000000 73
 2 0 2.083333 1.000000 84
 7 0 13.750000 1.000000 312
 7 1 16.250000 1.000000 319
 1445764.133542 8
 0 1 11.250000 1.000000 27
 3 0 14.583333 1.000000 154
 4 0 14.583333 1.000000 194
 7 0 12.083333 1.000000 308
 5 0 12.083333 1.000000 228
 7 0 4.583333 1.000000 290
 3 0 5.416667 1.000000 132
 9 1 12.916667 1.000000 391
 177470.832270 5
 6 0 5.416667 1.000000 252
 5 1 7.916667 1.000000 219
 5 0 16.250000 1.000000 238
 2 1 9.583333 1.000000 103
 8 0 12.916667 1.000000 350
 1575796.918634 8
 3 1 7.916667 1.000000 139
 2 0 3.750000 1.000000 88
 7 1 5.416667 1.000000 293
 9 1 2.083333 1.000000 365
 4 0 2.083333 1.000000 164
 1 1 11.250000 1.000000 67
 1 0 4.583333 1.000000 50
 8 0 12.916667 1.000000 350
 644637.056554 5
 6 1 5.416667 1.000000 253
 9 1 12.916667 1.000000 391
 1 1 13.750000 1.000000 73
 0 1 9.583333 1.000000 23
 7 1 16.250000 1.000000 319
 1424727.548447 8
 2 0 12.916667 1.000000 110
 9 0 13.750000 1.000000 392
 1 0 12.083333 1.000000 68
 4 0 2.916667 1.000000 166
 2 0 5.416667 1.000000 92
 5 1 10.416667 1.000000 225
 9 1 15.416667 1.000000 397
 3 0 15.416667 1.000000 156
 1804682.119603 2
 1 0 12.916667 1.000000 70
 0 0 1.250000 1.000000 2
 420607.785033 3
 5 1 12.916667 1.000000 231
 2 1 16.250000 1.000000 119
 6 1 7.916667 1.000000 259
 1008632.636745 7
 7 1 6.250000 1.000000 295
 4 0 7.083333 1.000000 176
 4 1 9.583333 1.000000 183
 0 1 4.583333 1.000000 11
 8 0 2.916667 1.000000 326
 4 1 2.083333 1.000000 165
 0 1 3.750000 1.000000 9
 1654020.596805 2
 5 0 15.416667 1.000000 236
 5 0 12.083333 1.000000 228
 1533631.772405 3
 4 1 12.916667 1.000000 191
 1 0 4.583333 1.000000 50
 5 1 7.916667 1.000000 219
 784497.445926 9
 2 1 0.416667 1.000000 81
 2 0 11.250000 1.000000 106
 4 0 2.083333 1.000000 164
 6 0 0.416667 1.000000 240
 5 1 7.916667 1.000000 219
 0 0 15.416667 1.000000 36
 2 1 10.416667 1.000000 105
 4 1 8.750000 1.000000 181
 9 0 1.250000 1.000000 362
 1057896.152035 2
 2 0 9.583333 1.000000 102
 2 0 11.250000 1.000000 106
 1762308.947110 5
 3 0 8.750000 1.000000 140
 8 0 7.083333 1.000000 336
 2 0 4.583333 1.000000 90
 5 1 12.916667 1.000000 231
 4 0 3.750000 1.000000 168
 1049757.613321 8
 4 1 2.083333 1.000000 165
 7 1 5.416667 1.000000 293
 6 0 5.416667 1.000000 252
 8 0 12.916667 1.000000 350
 5 1 7.083333 1.000000 217
 2 1 6.250000 1.000000 95
 1 0 9.583333 1.000000 62
 7 1 6.250000 1.000000 295
 972416.682063 7
 9 0 13.750000 1.000000 392
 2 1 9.583333 1.000000 103
 4 0 12.916667 1.000000 190
 0 1 9.583333 1.000000 23
 0 1 13.750000 1.000000 33
 3 0 7.916667 1.000000 138
 7 1 5.416667 1.000000 293
 1077461.517527 5
 5 0 4.583333 1.000000 210
 2 0 11.250000 1.000000 106
 3 1 0.416667 1.000000 121
 9 1 1.250000 1.000000 363
 2 1 3.750000 1.000000 89
 1691220.865963 3
 4 1 9.583333 1.000000 183
 9 0 9.583333 1.000000 382
 9 1 14.583333 1.000000 395
 986799.157498 3
 6 1 1.250000 1.000000 243
 1 0 15.416667 1.000000 76
 0 1 0.416667 1.000000 1
 527194.039210 8
 8 0 12.916667 1.000000 350
 9 0 9.583333 1.000000 382
 7 0 10.416667 1.000000 304
 7 0 12.083333 1.000000 308
 6 0 7.916667 1.000000 258
 7 1 2.083333 1.000000 285
 3 0 7.916667 1.000000 138
 0 1 3.750000 1.000000 9
 257245.776233 7
 1 1 12.916667 1.000000 71
 9 1 16.250000 1.000000 399
 0 1 6.250000 1.000000 15
 9 1 1.250000 1.000000 363
 1 0 15.416667 1.000000 76
 8 0 9.583333 1.000000 342
 4 1 12.916667 1.000000 191
 1415590.127714 9
 1 1 14.583333 1.000000 75
 2 1 3.750000 1.000000 89
 5 0 9.583333 1.000000 222
 2 0 11.250000 1.000000 106
 7 1 5.416667 1.000000 293
 7 1 16.250000 1.000000 319
 7 0 13.750000 1.000000 312
 0 1 4.583333 1.000000 11
 0 0 16.250000 1.000000 38
 1207893.904712 7
 2 1 16.250000 1.000000 119
 4 1 14.583333 1.000000 195
 0 0 8.750000 1.000000 20
 0 1 0.416667 1.000000 1
 2 1 6.250000 1.000000 95
 5 1 7.916667 1.000000 219
 6 0 1.250000 1.000000 242
 1499104.967257 7
 8 0 14.583333 1.000000 354
 7 0 13.750000 1.000000 312
 2 0 3.750000 1.000000 88
 8 0 9.583333 1.000000 342
 6 0 0.416667 1.000000 240
 4 1 16.250000 1.000000 199
 5 0 12.083333 1.000000 228
 742942.438881 8
 0 0 14.583333 1.000000 34
 1 0 4.583333 1.000000 50
 4 1 12.083333 1.000000 189
 0 1 0.416667 1.000000 1
 9 0 0.416667 1.000000 360
 6 0 5.416667 1.000000 252
 9 1 11.250000 1.000000 387
 0 0 3.750000 1.000000 8
 1735677.135929 7
 3 1 1.250000 1.000000 123
 4 0 7.083333 1.000000 176
 7 0 12.083333 1.000000 308
 6 1 13.750000 1.000000 273
 0 1 13.750000 1.000000 33
 7 1 6.250000 1.000000 295
 9 0 9.583333 1.000000 382
 475240.086501 5
 0 1 3.750000 1.000000 9
 1 0 15.416667 1.000000 76
 4 0 7.083333 1.000000 176
 2 0 13.750000 1.000000 112
 6 1 14.583333 1.000000 275
 329182.694894 3
 3 0 14.583333 1.000000 154
 4 1 9.583333 1.000000 183
 0 0 15.416667 1.000000 36
 466640.084063 7
 5 1 14.583333 1.000000 235
 1 0 12.083333 1.000000 68
 9 0 1.250000 1.000000 362
 2 1 16.250000 1.000000 119
 6 0 2.083333 1.000000 244
 7 0 4.583333 1.000000 290
 2 1 9.583333 1.000000 103
 1179077.143734 5
 1 0 4.583333 1.000000 50
 6 0 16.250000 1.000000 278
 7 1 14.583333 1.000000 315
 2 1 16.250000 1.000000 119
 9 1 6.250000 1.000000 375
 886439.723338 6
 5 0 12.083333 1.000000 228
 8 1 11.250000 1.000000 347
 0 1 2.916667 1.000000 7
 7 0 7.916667 1.000000 298
 7 0 1.250000 1.000000 282
 4 1 12.083333 1.000000 189
 213450.635957 3
 6 1 1.250000 1.000000 243
 0 1 3.750000 1.000000 9
 1 1 12.916667 1.000000 71
 1981239.838759 4
 7 1 2.083333 1.000000 285
 1 1 1.250000 1.000000 43
 1 0 7.916667 1.000000 58
 0 1 6.250000 1.000000 15
 222185.571390 3
 7 0 4.583333 1.000000 290
 4 0 12.916667 1.000000 190
 4 1 9.583333 1.000000 183
 242679.597886 3
 8 0 14.583333 1.000000 354
 3 0 5.416667 1.000000 132
 5 0 15.416667 1.000000 236
 1439972.915091 9
 2 1 12.083333 1.000000 109
 1 0 7.916667 1.000000 58
 1 0 7.083333 1.000000 56
 3 0 5.416667 1.000000 132
 1 0 9.583333 1.000000 62
 4 0 3.750000 1.000000 168
 1 1 11.250000 1.000000 67
 0 1 7.916667 1.000000 19
 6 1 5.416667 1.000000 253
 1063475.325621 8
 1 0 12.083333 1.000000 68
 3 1 7.916667 1.000000 139
 1 1 0.416667 1.000000 41
 6 0 5.416667 1.000000 252
 1 0 7.083333 1.000000 56
 2 1 9.583333 1.000000 103
 4 1 12.083333 1.000000 189
 0 0 15.416667 1.000000 36
 1050266.751726 4
 4 0 7.916667 1.000000 178
 1 1 12.916667 1.000000 71
 4 1 4.583333 1.000000 171
 6 1 5.416667 1.000000 253
 1050302.738422 2
 9 1 2.916667 1.000000 367
 5 0 9.583333 1.000000 222
 1841062.184349 4
 4 0 3.750000 1.000000 168
 0 1 4.583333 1.000000 11
 1 0 7.083333 1.000000 56
 0 1 3.750000 1.000000 9
 108523.339326 2
 0 1 11.250000 1.000000 27
 7 0 15.416667 1.000000 316
 778368.490664 6
 8 1 11.250000 1.000000 347
 4 0 13.750000 1.000000 192
 7 0 1.250000 1.000000 282
 3 0 2.916667 1.000000 126
 4 1 5.416667 1.000000 173
 7 0 4.583333 1.000000 290
 693934.436521 6
 0 1 4.583333 1.000000 11
 4 0 14.583333 1.000000 194
 1 0 4.583333 1.000000 50
 8 0 8.750000 1.000000 340
 8 0 7.083333 1.000000 336
 9 1 1.250000 1.000000 363
 706074.776270 5
 3 0 14.583333 1.000000 154
 6 1 1.250000 1.000000 243
 8 1 0.416667 1.000000 321
 8 0 1.250000 1.000000 322
 4 1 2.083333 1.000000 165
 839617.940336 6
 4 0 7.083333 1.000000 176
 0 0 8.750000 1.000000 20
 0 1 4.583333 1.000000 11
 2 1 16.250000 1.000000 119
 5 0 4.583333 1.000000 210
 0 1 6.250000 1.000000 15
 1121360.075400 7
 3 1 3.750000 1.000000 129
 6 0 1.250000 1.000000 242
 5 0 13.750000 1.000000 232
 7 0 13.750000 1.000000 312
 0 1 4.583333 1.000000 11
 5 1 14.583333 1.000000 235
 1 0 4.583333 1.000000 50
 237249.179165 7
 1 0 12.083333 1.000000 68
 5 0 12.916667 1.000000 230
 3 0 16.250000 1.000000 158
 1 0 7.083333 1.000000 56
 3 0 2.916667 1.000000 126
 0 1 9.583333 1.000000 23
 1 0 7.916667 1.000000 58
 1279546.053055 5
 2 1 1.250000 1.000000 83
 8 1 6.250000 1.000000 335
 2 1 3.750000 1.000000 89
 7 0 13.750000 1.000000 312
 2 1 9.583333 1.000000 103
 343808.966979 2
 2 1 9.583333 1.000000 103
 8 0 12.916667 1.000000 350
 1835909.264496 3
 2 0 5.416667 1.000000 92
 4 1 5.416667 1.000000 173
 8 0 12.083333 1.000000 348
 229788.486170 9
 3 0 16.250000 1.000000 158
 8 0 14.583333 1.000000 354
 6 1 4.583333 1.000000 251
 5 1 10.416667 1.000000 225
 0 1 7.916667 1.000000 19
 9 1 6.250000 1.000000 375
 9 1 12.916667 1.000000 391
 8 1 6.250000 1.000000 335
 4 0 7.083333 1.000000 176
 768340.518553 5
 2 0 5.416667 1.000000 92
 5 1 14.583333 1.000000 235
 7 1 6.250000 1.000000 295
 2 1 8.750000 1.000000 101
 8 0 12.916667 1.000000 350
 1495038.902375 6
 2 1 8.750000 1.000000 101
 4 0 11.250000 1.000000 186
 8 0 7.083333 1.000000 336
 6 1 13.750000 1.000000 273
 0 0 16.250000 1.000000 38
 1 0 15.416667 1.000000 76
 1973177.680845 9
 2 1 2.083333 1.000000 85
 1 0 15.416667 1.000000 76
 5 0 15.416667 1.000000 236
 4 0 14.583333 1.000000 194
 4 1 5.416667 1.000000 173
 4 0 12.916667 1.000000 190
 8 1 11.250000 1.000000 347
 6 1 9.583333 1.000000 263
 3 0 5.416667 1.000000 132
 1397930.927164 9
 3 0 2.916667 1.000000 126
 9 1 12.916667 1.000000 391
 2 0 5.416667 1.000000 92
 6 0 7.083333 1.000000 256
 1 1 14.583333 1.000000 75
 2 1 3.750000 1.000000 89
 5 0 0.416667 1.000000 200
 4 1 14.583333 1.000000 195
 4 1 9.583333 1.000000 183
 375420.446384 4
 2 1 12.083333 1.000000 109
 4 0 1.250000 1.000000 162
 6 1 4.583333 1.000000 251
 2 0 11.250000 1.000000 106
 272132.527229 3
 4 1 2.083333 1.000000 165
 7 0 4.583333 1.000000 290
 7 0 7.916667 1.000000 298
 1269871.661249 6
 0 1 6.250000 1.000000 15
 6 0 5.416667 1.000000 252
 0 0 3.750000 1.000000 8
 1 1 13.750000 1.000000 73
 6 1 13.750000 1.000000 273
 7 1 4.583333 1.000000 291
 1149229.821055 3
 3 0 16.250000 1.000000 158
 0 0 8.750000 1.000000 20
 1 0 7.083333 1.000000 56
 1100690.688948 7
 6 1 13.750000 1.000000 273
 3 0 15.416667 1.000000 156
 9 1 11.250000 1.000000 387
 7 0 12.083333 1.000000 308
 8 0 7.083333 1.000000 336
 0 0 15.416667 1.000000 36
 1 0 15.416667 1.000000 76
 1232437.147718 5
 0 1 6.250000 1.000000 15
 5 0 4.583333 1.000000 210
 4 0 7.083333 1.000000 176
 6 1 4.583333 1.000000 251
 6 0 12.083333 1.000000 268
 1098527.561714 3
 4 0 7.083333 1.000000 176
 3 1 9.583333 1.000000 143
 6 0 7.083333 1.000000 256
 1328577.856705 8
 2 1 9.583333 1.000000 103
 0 0 14.583333 1.000000 34
 1 0 4.583333 1.000000 50
 0 1 3.750000 1.000000 9
 5 0 13.750000 1.000000 232
 8 0 9.583333 1.000000 342
 0 0 12.083333 1.000000 28
 5 0 15.416667 1.000000 236
 1848592.153717 6
 4 1 12.083333 1.000000 189
 9 1 1.250000 1.000000 363
 2 1 9.583333 1.000000 103
 1 1 11.250000 1.000000 67
 9 0 6.250000 1.000000 374
 6 1 5.416667 1.000000 253
 840686.398093 7
 9 1 12.916667 1.000000 391
 0 0 15.416667 1.000000 36
 9 0 9.583333 1.000000 382
 3 0 15.416667 1.000000 156
 6 1 1.250000 1.000000 243
 6 0 16.250000 1.000000 278
 0 1 2.916667 1.000000 7
 1432226.790987 9
 5 0 13.750000 1.000000 232
 9 1 2.916667 1.000000 367
 0 1 13.750000 1.000000 33
 6 0 2.083333 1.000000 244
 8 0 7.083333 1.000000 336
 4 0 3.750000 1.000000 168
 7 1 15.416667 1.000000 317
 2 1 10.416667 1.000000 105
 5 0 9.583333 1.000000 222
 1848540.947814 4
 6 1 4.583333 1.000000 251
 0 1 0.416667 1.000000 1
 2 1 16.250000 1.000000 119
 6 0 0.416667 1.000000 240
 1240397.069063 3
 0 0 3.750000 1.000000 8
 6 1 11.250000 1.000000 267
 7 1 5.416667 1.000000 293
 1222503.981917 5
 8 0 12.916667 1.000000 350
 8 1 11.250000 1.000000 347
 5 1 9.583333 1.000000 223
 5 0 16.250000 1.000000 238
 1 0 7.916667 1.000000 58
 895609.035499 9
 2 1 6.250000 1.000000 95
 1 0 15.416667 1.000000 76
 3 0 2.916667 1.000000 126
 2 1 2.083333 1.000000 85
 4 0 2.083333 1.000000 164
 5 0 16.250000 1.000000 238
 5 0 13.750000 1.000000 232
 3 1 7.916667 1.000000 139
 2 0 3.750000 1.000000 88
 1189289.715937 8
 0 1 2.083333 1.000000 5
 2 1 14.583333 1.000000 115
 0 1 4.583333 1.000000 11
 2 1 9.583333 1.000000 103
 6 1 5.416667 1.000000 253
 4 1 12.916667 1.000000 191
 3 0 2.916667 1.000000 126
 3 1 1.250000 1.000000 123
 1202445.608099 3
 2 1 6.250000 1.000000 95
 4 1 12.083333 1.000000 189
 9 1 2.083333 1.000000 365
 236777.574474 9
 6 0 7.083333 1.000000 256
 1 1 12.916667 1.000000 71
 1 1 16.250000 1.000000 79
 0 1 13.750000 1.000000 33
 5 0 15.416667 1.000000 236
 4 1 2.916667 1.000000 167
 9 1 12.916667 1.000000 391
 5 0 16.250000 1.000000 238
 6 0 16.250000 1.000000 278
 1907259.211851 4
 6 1 9.583333 1.000000 263
 4 1 12.916667 1.000000 191
 8 0 9.583333 1.000000 342
 2 1 9.583333 1.000000 103
 615137.731216 7
 6 0 5.416667 1.000000 252
 7 0 7.916667 1.000000 298
 3 0 5.416667 1.000000 132
 9 0 0.416667 1.000000 360
 2 1 6.250000 1.000000 95
 5 0 15.416667 1.000000 236
 4 0 2.083333 1.000000 164
 434660.761652 8
 4 1 9.583333 1.000000 183
 7 1 5.416667 1.000000 293
 4 1 2.083333 1.000000 165
 9 1 12.916667 1.000000 391
 1 0 12.083333 1.000000 68
 2 1 6.250000 1.000000 95
 0 0 8.750000 1.000000 20
 0 0 15.416667 1.000000 36
 1678147.478792 3
 0 1 3.750000 1.000000 9
 5 1 14.583333 1.000000 235
 0 1 9.583333 1.000000 23
 1210479.355608 2
 0 1 4.583333 1.000000 11
 4 1 12.916667 1.000000 191
 1984824.350562 8
 3 1 0.416667 1.000000 121
 8 0 10.416667 1.000000 344
 6 1 13.750000 1.000000 273
 0 1 4.583333 1.000000 11
 8 0 14.583333 1.000000 354
 7 0 1.250000 1.000000 282
 0 1 9.583333 1.000000 23
 5 0 6.250000 1.000000 214
 86357.597619 8
 2 0 3.750000 1.000000 88
 4 0 13.750000 1.000000 192
 3 0 11.250000 1.000000 146
 0 1 0.416667 1.000000 1
 4 1 9.583333 1.000000 183
 5 1 7.916667 1.000000 219
 1 1 12.916667 1.000000 71
 7 0 4.583333 1.000000 290
 290336.158318 6
 7 1 6.250000 1.000000 295
 1 0 4.583333 1.000000 50
 3 0 2.916667 1.000000 126
 3 0 14.583333 1.000000 154
 7 1 5.416667 1.000000 293
 4 1 12.083333 1.000000 189
 814487.339041 7
 3 0 14.583333 1.000000 154
 9 0 9.583333 1.000000 382
 2 0 9.583333 1.000000 102
 0 0 3.750000 1.000000 8
 0 1 11.250000 1.000000 27
 8 1 11.250000 1.000000 347
 6 0 5.416667 1.000000 252
 1343073.311142 3
 5 1 9.583333 1.000000 223
 0 1 4.583333 1.000000 11
 4 0 7.083333 1.000000 176
 390145.131755 8
 9 1 9.583333 1.000000 383
 5 0 11.250000 1.000000 226
 7 0 7.083333 1.000000 296
 7 0 12.083333 1.000000 308
 5 1 14.583333 1.000000 235
 7 0 13.750000 1.000000 312
 3 1 0.416667 1.000000 121
 0 0 15.416667 1.000000 36
 318562.649506 5
 2 1 6.250000 1.000000 95
 9 1 2.916667 1.000000 367
 4 1 5.416667 1.000000 173
 1 1 8.750000 1.000000 61
 1 0 12.083333 1.000000 68
 61421.826827 7
 9 0 13.750000 1.000000 392
 0 1 13.750000 1.000000 33
 6 1 4.583333 1.000000 251
 1 0 7.083333 1.000000 56
 2 1 16.250000 1.000000 119
 2 0 10.416667 1.000000 104
 4 0 12.916667 1.000000 190
 467011.646306 7
 6 1 13.750000 1.000000 273
 1 1 12.083333 1.000000 69
 5 0 10.416667 1.000000 224
 9 1 12.916667 1.000000 391
 0 0 3.750000 1.000000 8
 4 1 5.416667 1.000000 173
 0 0 8.750000 1.000000 20
 316097.445412 6
 4 1 12.083333 1.000000 189
 5 0 9.583333 1.000000 222
 6 1 5.416667 1.000000 253
 2 0 11.250000 1.000000 106
 3 1 1.250000 1.000000 123
 6 0 16.250000 1.000000 278
 1480920.588579 6
 4 0 2.083333 1.000000 164
 8 0 9.583333 1.000000 342
 9 1 2.916667 1.000000 367
 4 1 2.083333 1.000000 165
 9 1 15.416667 1.000000 397
 0 1 4.583333 1.000000 11
 528208.821308 9
 4 1 12.083333 1.000000 189
 7 1 14.583333 1.000000 315
 4 0 2.083333 1.000000 164
 4 0 3.750000 1.000000 168
 7 0 4.583333 1.000000 290
 1 0 12.916667 1.000000 70
 6 1 2.083333 1.000000 245
 4 0 12.916667 1.000000 190
 1 1 14.583333 1.000000 75
 1082963.920591 5
 7 0 7.916667 1.000000 298
 4 1 12.916667 1.000000 191
 7 1 6.250000 1.000000 295
 1 0 15.416667 1.000000 76
 6 1 5.416667 1.000000 253
 646935.396980 5
 9 0 1.250000 1.000000 362
 6 0 2.083333 1.000000 244
 3 0 14.583333 1.000000 154
 5 0 9.583333 1.000000 222
 1 0 7.916667 1.000000 58
 1188838.928933 5
 0 1 7.916667 1.000000 19
 4 1 2.083333 1.000000 165
 1 1 14.583333 1.000000 75
 1 0 7.916667 1.000000 58
 4 1 4.583333 1.000000 171
 351161.891553 4
 6 1 5.416667 1.000000 253
 6 1 4.583333 1.000000 251
 1 1 12.916667 1.000000 71
 4 1 12.083333 1.000000 189
 1195790.060943 3
 3 1 0.416667 1.000000 121
 6 1 1.250000 1.000000 243
 7 1 2.083333 1.000000 285
 976569.385536 9
 8 0 2.916667 1.000000 326
 8 1 11.250000 1.000000 347
 2 1 3.750000 1.000000 89
 3 0 7.083333 1.000000 136
 9 0 11.250000 1.000000 386
 0 1 3.750000 1.000000 9
 5 0 4.583333 1.000000 210
 3 0 15.416667 1.000000 156
 7 0 13.750000 1.000000 312
 545137.740832 2
 8 1 11.250000 1.000000 347
 4 0 7.083333 1.000000 176
 1680916.086808 6
 2 1 9.583333 1.000000 103
 7 1 16.250000 1.000000 319
 1 1 12.916667 1.000000 71
 5 0 12.083333 1.000000 228
 1 0 7.916667 1.000000 58
 3 0 15.416667 1.000000 156
 929272.703011 8
 2 1 15.416667 1.000000 117
 5 1 7.916667 1.000000 219
 4 0 16.250000 1.000000 198
 5 0 0.416667 1.000000 200
 2 1 9.583333 1.000000 103
 5 0 16.250000 1.000000 238
 5 0 9.583333 1.000000 222
 9 1 2.083333 1.000000 365
 411986.553283 6
 8 1 11.250000 1.000000 347
 3 1 7.916667 1.000000 139
 0 1 6.250000 1.000000 15
 6 0 1.250000 1.000000 242
 0 1 4.583333 1.000000 11
 8 0 7.083333 1.000000 336
 743380.753893 8
 9 0 0.416667 1.000000 360
 5 1 1.250000 1.000000 203
 1 0 7.916667 1.000000 58
 3 0 5.416667 1.000000 132
 1 0 6.250000 1.000000 54
 5 0 16.250000 1.000000 238
 2 0 13.750000 1.000000 112
 6 1 5.416667 1.000000 253
 1677765.898797 5
 7 0 1.250000 1.000000 282
 7 1 2.083333 1.000000 285
 4 0 3.750000 1.000000 168
 9 1 1.250000 1.000000 363
 5 1 14.583333 1.000000 235
 586284.241521 8
 3 0 2.916667 1.000000 126
 3 0 7.916667 1.000000 138
 9 0 1.250000 1.000000 362
 7 1 6.250000 1.000000 295
 5 0 15.416667 1.000000 236
 8 0 9.583333 1.000000 342
 0 1 7.916667 1.000000 19
 8 1 6.250000 1.000000 335
 1108401.421434 5
 8 0 9.583333 1.000000 342
 6 0 5.416667 1.000000 252
 5 0 8.750000 1.000000 220
 7 0 7.916667 1.000000 298
 6 0 1.250000 1.000000 242
 1151382.303513 6
 7 0 15.416667 1.000000 316
 0 1 4.583333 1.000000 11
 2 0 3.750000 1.000000 88
 7 1 6.250000 1.000000 295
 0 1 13.750000 1.000000 33
 4 1 9.583333 1.000000 183
 759112.677015 2
 4 1 5.416667 1.000000 173
 0 0 3.750000 1.000000 8
 1978854.854265 5
 3 0 7.916667 1.000000 138
 1 1 14.583333 1.000000 75
 3 1 6.250000 1.000000 135
 0 0 12.083333 1.000000 28
 1 0 7.083333 1.000000 56
 173278.337071 7
 0 0 16.250000 1.000000 38
 3 0 16.250000 1.000000 158
 4 1 12.083333 1.000000 189
 2 0 13.750000 1.000000 112
 9 0 1.250000 1.000000 362
 9 1 1.250000 1.000000 363
 3 0 2.916667 1.000000 126
 570525.262435 8
 7 0 1.250000 1.000000 282
 7 0 12.083333 1.000000 308
 6 1 4.583333 1.000000 251
 9 1 2.916667 1.000000 367
 3 0 14.583333 1.000000 154
 2 1 2.083333 1.000000 85
 6 0 1.250000 1.000000 242
 8 1 11.250000 1.000000 347
 207176.702566 4
 0 1 0.416667 1.000000 1
 6 0 7.083333 1.000000 256
 3 0 0.416667 1.000000 120
 7 0 15.416667 1.000000 316
 1124347.160051 6
 2 0 2.916667 1.000000 86
 2 0 5.416667 1.000000 92
 5 1 7.916667 1.000000 219
 0 1 9.583333 1.000000 23
 1 1 11.250000 1.000000 67
 4 1 12.916667 1.000000 191
 1637794.596589 4
 4 0 3.750000 1.000000 168
 7 1 14.583333 1.000000 315
 5 0 13.750000 1.000000 232
 5 1 14.583333 1.000000 235
 442353.440096 2
 1 1 0.416667 1.000000 41
 3 0 15.416667 1.000000 156
 1697077.605043 3
 3 0 3.750000 1.000000 128
 6 0 7.083333 1.000000 256
 4 1 14.583333 1.000000 195
 1736875.698518 5
 4 1 9.583333 1.000000 183
 2 1 6.250000 1.000000 95
 7 1 14.583333 1.000000 315
 4 1 1.250000 1.000000 163
 3 1 0.416667 1.000000 121
 221038.426450 7
 2 0 13.750000 1.000000 112
 8 0 7.083333 1.000000 336
 4 0 3.750000 1.000000 168
 4 1 2.083333 1.000000 165
 5 0 9.583333 1.000000 222
 3 1 7.916667 1.000000 139
 1 1 11.250000 1.000000 67
 1110033.611427 5
 3 0 15.416667 1.000000 156
 4 1 12.083333 1.000000 189
 4 0 14.583333 1.000000 194
 8 0 12.916667 1.000000 350
 1 1 12.916667 1.000000 71
 1666232.795858 6
 5 0 9.583333 1.000000 222
 2 1 3.750000 1.000000 89
 8 1 10.416667 1.000000 345
 3 0 0.416667 1.000000 120
 5 0 12.083333 1.000000 228
 4 1 4.583333 1.000000 171
 421935.733250 9
 6 0 7.083333 1.000000 256
 7 1 16.250000 1.000000 319
 2 1 14.583333 1.000000 115
 8 0 7.083333 1.000000 336
 7 0 7.916667 1.000000 298
 6 0 14.583333 1.000000 274
 9 1 15.416667 1.000000 397
 6 1 13.750000 1.000000 273
 5 0 15.416667 1.000000 236
 871879.569698 2
 6 0 7.083333 1.000000 256
 3 0 5.416667 1.000000 132
 788474.908093 4
 2 0 9.583333 1.000000 102
 8 0 14.583333 1.000000 354
 4 1 5.416667 1.000000 173
 4 1 12.083333 1.000000 189
 953882.079978 3
 1 0 7.916667 1.000000 58
 9 0 13.750000 1.000000 392
 3 1 12.083333 1.000000 149
 458541.701240 6
 8 0 8.750000 1.000000 340
 4 0 14.583333 1.000000 194
 5 0 13.750000 1.000000 232
 9 1 1.250000 1.000000 363
 9 1 15.416667 1.000000 397
 4 0 12.916667 1.000000 190
 914592.151062 9
 1 1 15.416667 1.000000 77
 2 0 13.750000 1.000000 112
 7 0 7.916667 1.000000 298
 7 1 5.416667 1.000000 293
 0 1 11.250000 1.000000 27
 0 0 12.083333 1.000000 28
 3 1 1.250000 1.000000 123
 7 0 15.416667 1.000000 316
 7 0 1.250000 1.000000 282
 1364657.930101 7
 6 1 13.750000 1.000000 273
 2 1 6.250000 1.000000 95
 9 1 12.916667 1.000000 391
 6 1 4.583333 1.000000 251
 6 1 5.416667 1.000000 253
 9 0 13.750000 1.000000 392
 7 1 6.250000 1.000000 295
 45003.738760 9
 1 1 13.750000 1.000000 73
 0 1 9.583333 1.000000 23
 9 1 2.916667 1.000000 367
 7 0 7.916667 1.000000 298
 4 0 14.583333 1.000000 194
 4 0 3.750000 1.000000 168
 2 1 6.250000 1.000000 95
 7 0 13.750000 1.000000 312
 8 1 6.250000 1.000000 335
 1912035.667371 9
 3 0 15.416667 1.000000 156
 4 1 7.083333 1.000000 177
 0 0 16.250000 1.000000 38
 5 1 14.583333 1.000000 235
 9 0 9.583333 1.000000 382
 7 1 6.250000 1.000000 295
 5 1 12.916667 1.000000 231
 9 1 15.416667 1.000000 397
 1 0 12.916667 1.000000 70
 397510.453480 7
 4 0 12.916667 1.000000 190
 3 0 16.250000 1.000000 158
 4 1 14.583333 1.000000 195
 0 0 12.083333 1.000000 28
 4 0 14.583333 1.000000 194
 0 1 0.416667 1.000000 1
 2 1 9.583333 1.000000 103
 1006885.089263 7
 3 1 7.916667 1.000000 139
 8 0 14.583333 1.000000 354
 8 0 12.916667 1.000000 350
 0 0 0.416667 1.000000 0
 4 1 5.416667 1.000000 173
 8 1 11.250000 1.000000 347
 4 1 9.583333 1.000000 183
 503896.881968 2
 0 0 8.750000 1.000000 20
 5 0 13.750000 1.000000 232
 484159.541709 9
 6 1 13.750000 1.000000 273
 2 0 9.583333 1.000000 102
 4 0 2.083333 1.000000 164
 1 0 3.750000 1.000000 48
 3 1 1.250000 1.000000 123
 5 0 15.416667 1.000000 236
 6 0 1.250000 1.000000 242
 1 1 14.583333 1.000000 75
 6 0 5.416667 1.000000 252
 540095.105702 7
 2 1 9.583333 1.000000 103
 4 1 14.583333 1.000000 195
 3 1 1.250000 1.000000 123
 8 1 6.250000 1.000000 335
 5 0 16.250000 1.000000 238
 2 0 9.583333 1.000000 102
 6 0 1.250000 1.000000 242
 306882.516698 4
 0 0 15.416667 1.000000 36
 4 0 2.083333 1.000000 164
 6 0 1.250000 1.000000 242
 1 0 14.583333 1.000000 74
 1958124.773520 6
 3 1 11.250000 1.000000 147
 1 1 12.916667 1.000000 71
 4 1 7.916667 1.000000 179
 0 1 3.750000 1.000000 9
 4 1 4.583333 1.000000 171
 4 0 9.583333 1.000000 182
 653159.725337 9
 2 1 16.250000 1.000000 119
 4 1 4.583333 1.000000 171
 0 1 13.750000 1.000000 33
 7 1 16.250000 1.000000 319
 2 0 13.750000 1.000000 112
 7 0 12.083333 1.000000 308
 8 1 14.583333 1.000000 355
 0 1 9.583333 1.000000 23
 6 0 1.250000 1.000000 242
 1891311.868714 8
 7 1 6.250000 1.000000 295
 5 0 12.083333 1.000000 228
 7 1 3.750000 1.000000 289
 3 0 14.583333 1.000000 154
 8 0 9.583333 1.000000 342
 7 0 12.083333 1.000000 308
 5 1 14.583333 1.000000 235
 4 0 2.083333 1.000000 164
 1611599.588996 9
 3 1 12.083333 1.000000 149
 7 0 12.083333 1.000000 308
 5 0 12.083333 1.000000 228
 2 1 16.250000 1.000000 119
 7 0 13.750000 1.000000 312
 1 0 7.083333 1.000000 56
 3 0 15.416667 1.000000 156
 6 1 5.416667 1.000000 253
 9 0 1.250000 1.000000 362
 149833.432580 5
 7 1 5.416667 1.000000 293
 0 0 8.750000 1.000000 20
 1 1 14.583333 1.000000 75
 8 0 9.583333 1.000000 342
 7 0 15.416667 1.000000 316
 136635.581039 8
 4 1 12.083333 1.000000 189
 0 1 7.916667 1.000000 19
 1 0 12.916667 1.000000 70
 2 0 9.583333 1.000000 102
 4 1 9.583333 1.000000 183
 1 0 4.583333 1.000000 50
 9 0 16.250000 1.000000 398
 8 1 11.250000 1.000000 347
 736304.375332 7
 2 1 16.250000 1.000000 119
 8 1 4.583333 1.000000 331
 6 1 1.250000 1.000000 243
 6 1 13.750000 1.000000 273
 2 0 11.250000 1.000000 106
 1 1 12.916667 1.000000 71
 6 1 5.416667 1.000000 253
 1961693.501157 8
 2 1 2.083333 1.000000 85
 9 1 2.916667 1.000000 367
 7 0 4.583333 1.000000 290
 9 1 15.416667 1.000000 397
 4 0 12.916667 1.000000 190
 0 1 11.250000 1.000000 27
 4 0 7.916667 1.000000 178
 4 1 12.916667 1.000000 191
 880895.781648 6
 4 0 5.416667 1.000000 172
 3 0 5.416667 1.000000 132
 4 1 9.583333 1.000000 183
 0 1 0.416667 1.000000 1
 2 1 16.250000 1.000000 119
 4 1 4.583333 1.000000 171
 184020.720247 7
 2 1 2.083333 1.000000 85
 9 0 1.250000 1.000000 362
 5 0 4.583333 1.000000 210
 9 1 12.916667 1.000000 391
 8 0 9.583333 1.000000 342
 3 0 15.416667 1.000000 156
 0 0 3.750000 1.000000 8
 1612984.031277 9
 2 1 8.750000 1.000000 101
 9 1 2.916667 1.000000 367
 3 1 7.916667 1.000000 139
 2 1 10.416667 1.000000 105
 7 0 15.416667 1.000000 316
 4 1 14.583333 1.000000 195
 6 0 12.916667 1.000000 270
 5 0 15.416667 1.000000 236
 2 1 9.583333 1.000000 103
 1828060.917513 4
 5 0 15.416667 1.000000 236
 2 0 13.750000 1.000000 112
 7 1 5.416667 1.000000 293
 2 0 3.750000 1.000000 88
 301786.855749 6
 7 1 16.250000 1.000000 319
 6 0 1.250000 1.000000 242
 6 1 4.583333 1.000000 251
 3 0 0.416667 1.000000 120
 4 1 9.583333 1.000000 183
 4 1 4.583333 1.000000 171
 422556.741732 8
 1 0 7.916667 1.000000 58
 6 0 5.416667 1.000000 252
 2 0 13.750000 1.000000 112
 8 0 7.083333 1.000000 336
 6 1 13.750000 1.000000 273
 5 1 13.750000 1.000000 233
 5 0 12.083333 1.000000 228
 0 1 7.916667 1.000000 19
 397497.398275 5
 2 1 6.250000 1.000000 95
 3 0 15.416667 1.000000 156
 6 0 1.250000 1.000000 242
 7 1 5.416667 1.000000 293
 3 0 16.250000 1.000000 158
 1954502.753557 6
 6 0 16.250000 1.000000 278
 4 1 12.916667 1.000000 191
 8 0 9.583333 1.000000 342
 4 0 3.750000 1.000000 168
 7 0 15.416667 1.000000 316
 4 1 14.583333 1.000000 195
 1422182.297251 8
 5 1 14.583333 1.000000 235
 1 0 2.916667 1.000000 46
 5 0 13.750000 1.000000 232
 2 0 5.416667 1.000000 92
 6 0 1.250000 1.000000 242
 6 1 1.250000 1.000000 243
 3 1 0.416667 1.000000 121
 7 1 14.583333 1.000000 315
 499445.117181 3
 3 1 0.416667 1.000000 121
 7 0 14.583333 1.000000 314
 8 1 6.250000 1.000000 335
 1557511.340211 7
 3 1 0.416667 1.000000 121
 8 1 6.250000 1.000000 335
 0 0 8.750000 1.000000 20
 1 0 4.583333 1.000000 50
 0 0 3.750000 1.000000 8
 2 1 9.583333 1.000000 103
 9 0 13.750000 1.000000 392
 606402.783006 7
 2 0 13.750000 1.000000 112
 2 0 9.583333 1.000000 102
 7 1 14.583333 1.000000 315
 8 1 11.250000 1.000000 347
 6 1 15.416667 1.000000 277
 0 1 6.250000 1.000000 15
 0 1 7.916667 1.000000 19
 523824.095877 9
 1 1 14.583333 1.000000 75
 6 1 4.583333 1.000000 251
 7 1 16.250000 1.000000 319
 0 1 11.250000 1.000000 27
 7 0 15.416667 1.000000 316
 2 0 3.750000 1.000000 88
 4 1 14.583333 1.000000 195
 4 0 13.750000 1.000000 192
 8 0 9.583333 1.000000 342
 1595000.515112 8
 8 0 9.583333 1.000000 342
 4 0 7.083333 1.000000 176
 3 0 2.916667 1.000000 126
 1 1 13.750000 1.000000 73
 2 1 9.583333 1.000000 103
 9 1 3.750000 1.000000 369
 4 1 8.750000 1.000000 181
 5 0 9.583333 1.000000 222
 261443.555030 3
 9 0 1.250000 1.000000 362
 5 0 4.583333 1.000000 210
 8 0 9.583333 1.000000 342
 1386482.683060 9
 6 1 5.416667 1.000000 253
 6 0 7.083333 1.000000 256
 6 0 1.250000 1.000000 242
 9 1 5.416667 1.000000 373
 3 0 16.250000 1.000000 158
 3 1 0.416667 1.000000 121
 2 1 6.250000 1.000000 95
 0 1 9.583333 1.000000 23
 1 0 12.916667 1.000000 70
 1891557.120202 2
 2 1 5.416667 1.000000 93
 7 1 5.416667 1.000000 293
 926755.476150 2
 3 0 16.250000 1.000000 158
 8 1 6.250000 1.000000 335
 807608.025264 9
 7 0 7.083333 1.000000 296
 9 1 12.916667 1.000000 391
 3 0 15.416667 1.000000 156
 6 0 16.250000 1.000000 278
 0 1 0.416667 1.000000 1
 8 1 11.250000 1.000000 347
 9 0 13.750000 1.000000 392
 7 0 12.083333 1.000000 308
 8 1 6.250000 1.000000 335
 1590793.699711 3
 7 1 6.250000 1.000000 295
 3 0 14.583333 1.000000 154
 0 1 11.250000 1.000000 27
 1553495.804925 2
 2 1 3.750000 1.000000 89
 9 1 12.916667 1.000000 391
 516705.366390 3
 7 1 14.583333 1.000000 315
 4 0 3.750000 1.000000 168
 7 1 5.416667 1.000000 293
 670695.095840 7
 2 1 3.750000 1.000000 89
 6 0 1.250000 1.000000 242
 3 0 15.416667 1.000000 156
 6 1 9.583333 1.000000 263
 1 1 13.750000 1.000000 73
 9 1 12.916667 1.000000 391
 4 0 12.916667 1.000000 190
 1960548.931845 3
 4 0 12.916667 1.000000 190
 0 1 3.750000 1.000000 9
 8 0 11.250000 1.000000 346
 179540.549619 7
 7 0 7.916667 1.000000 298
 9 1 2.916667 1.000000 367
 8 0 9.583333 1.000000 342
 1 1 13.750000 1.000000 73
 9 1 2.083333 1.000000 365
 0 0 8.750000 1.000000 20
 0 1 10.416667 1.000000 25
 1019198.285443 6
 3 1 5.416667 1.000000 133
 9 1 12.916667 1.000000 391
 2 1 6.250000 1.000000 95
 9 0 9.583333 1.000000 382
 5 1 14.583333 1.000000 235
 4 1 4.583333 1.000000 171
 780979.121933 7
 8 0 9.583333 1.000000 342
 4 0 10.416667 1.000000 184
 2 1 2.083333 1.000000 85
 0 1 7.916667 1.000000 19
 4 0 14.583333 1.000000 194
 7 1 16.250000 1.000000 319
 9 0 0.416667 1.000000 360
 1171886.500182 9
 4 1 9.583333 1.000000 183
 8 1 0.416667 1.000000 321
 7 0 1.250000 1.000000 282
 9 1 1.250000 1.000000 363
 6 0 7.083333 1.000000 256
 4 0 7.083333 1.000000 176
 5 1 14.583333 1.000000 235
 5 0 9.583333 1.000000 222
 0 1 11.250000 1.000000 27
 1418529.621651 9
 9 1 14.583333 1.000000 395
 9 0 9.583333 1.000000 382
 7 1 2.083333 1.000000 285
 2 0 3.750000 1.000000 88
 1 1 14.583333 1.000000 75
 1 0 12.083333 1.000000 68
 1 0 12.916667 1.000000 70
 2 1 9.583333 1.000000 103
 2 1 16.250000 1.000000 119
 1089660.509867 9
 4 1 9.583333 1.000000 183
 1 0 7.083333 1.000000 56
 0 0 8.750000 1.000000 20
 7 0 1.250000 1.000000 282
 4 1 4.583333 1.000000 171
 8 0 2.916667 1.000000 326
 9 1 2.916667 1.000000 367
 1 1 14.583333 1.000000 75
 9 0 0.416667 1.000000 360
 1850007.740841 8
 3 1 1.250000 1.000000 123
 0 1 7.916667 1.000000 19
 2 1 16.250000 1.000000 119
 0 0 3.750000 1.000000 8
 0 0 16.250000 1.000000 38
 0 0 8.750000 1.000000 20
 7 0 7.916667 1.000000 298
 1 1 14.583333 1.000000 75
 1726059.773940 8
 7 0 4.583333 1.000000 290
 4 1 4.583333 1.000000 171
 2 1 3.750000 1.000000 89
 4 0 6.250000 1.000000 174
 7 0 7.916667 1.000000 298
 0 1 4.583333 1.000000 11
 7 1 16.250000 1.000000 319
 4 0 2.083333 1.000000 164
 1552497.507032 9
 1 0 4.583333 1.000000 50
 4 1 4.583333 1.000000 171
 7 1 12.916667 1.000000 311
 5 0 15.416667 1.000000 236
 8 0 7.083333 1.000000 336
 1 0 12.916667 1.000000 70
 2 1 3.750000 1.000000 89
 3 0 16.250000 1.000000 158
 6 0 2.083333 1.000000 244
 1070810.863334 7
 4 0 2.083333 1.000000 164
 3 0 14.583333 1.000000 154
 7 0 4.583333 1.000000 290
 3 1 1.250000 1.000000 123
 5 1 14.583333 1.000000 235
 2 1 9.583333 1.000000 103
 0 1 11.250000 1.000000 27
 812213.858632 3
 5 0 13.750000 1.000000 232
 7 1 2.083333 1.000000 285
 2 0 9.583333 1.000000 102
 1238457.880038 7
 7 1 6.250000 1.000000 295
 3 1 15.416667 1.000000 157
 6 1 11.250000 1.000000 267
 3 0 7.916667 1.000000 138
 1 1 12.916667 1.000000 71
 6 0 14.583333 1.000000 274
 9 1 12.916667 1.000000 391
 1279760.288391 8
 8 0 12.916667 1.000000 350
 4 1 4.583333 1.000000 171
 6 0 5.416667 1.000000 252
 6 0 16.250000 1.000000 278
 9 0 13.750000 1.000000 392
 7 0 7.916667 1.000000 298
 5 1 13.750000 1.000000 233
 1 0 7.916667 1.000000 58
 1523602.094466 9
 9 0 0.416667 1.000000 360
 4 1 5.416667 1.000000 173
 4 1 14.583333 1.000000 195
 6 1 1.250000 1.000000 243
 6 1 4.583333 1.000000 251
 6 0 6.250000 1.000000 254
 4 0 12.916667 1.000000 190
 5 0 15.416667 1.000000 236
 0 1 7.916667 1.000000 19
 1891114.874208 9
 0 1 3.750000 1.000000 9
 7 1 5.416667 1.000000 293
 1 0 15.416667 1.000000 76
 9 0 9.583333 1.000000 382
 2 0 10.416667 1.000000 104
 4 1 9.583333 1.000000 183
 5 1 7.916667 1.000000 219
 1 0 12.083333 1.000000 68
 5 0 9.583333 1.000000 222
 1899489.789353 4
 0 0 12.083333 1.000000 28
 3 1 1.250000 1.000000 123
 8 0 7.083333 1.000000 336
 2 0 5.416667 1.000000 92
 1860572.209424 2
 8 1 6.250000 1.000000 335
 6 1 5.416667 1.000000 253
 699432.563605 5
 8 1 2.916667 1.000000 327
 9 0 9.583333 1.000000 382
 7 0 7.916667 1.000000 298
 4 1 5.416667 1.000000 173
 6 1 5.416667 1.000000 253
 1122895.903849 7
 3 0 5.416667 1.000000 132
 0 1 7.916667 1.000000 19
 1 0 5.416667 1.000000 52
 5 0 9.583333 1.000000 222
 4 0 12.916667 1.000000 190
 2 1 6.250000 1.000000 95
 9 1 1.250000 1.000000 363
 1480956.311506 8
 0 1 11.250000 1.000000 27
 1 1 11.250000 1.000000 67
 8 0 9.583333 1.000000 342
 8 1 3.750000 1.000000 329
 0 1 6.250000 1.000000 15
 2 1 6.250000 1.000000 95
 3 0 14.583333 1.000000 154
 9 1 11.250000 1.000000 387
 1290703.551420 3
 4 0 13.750000 1.000000 192
 9 0 9.583333 1.000000 382
 5 1 7.916667 1.000000 219
 232644.348849 8
 8 0 14.583333 1.000000 354
 2 1 6.250000 1.000000 95
 1 1 13.750000 1.000000 73
 3 0 14.583333 1.000000 154
 8 1 11.250000 1.000000 347
 1 0 12.916667 1.000000 70
 7 0 7.916667 1.000000 298
 2 1 9.583333 1.000000 103
 769539.044634 9
 2 0 11.250000 1.000000 106
 2 1 2.083333 1.000000 85
 4 0 12.916667 1.000000 190
 4 0 13.750000 1.000000 192
 7 1 14.583333 1.000000 315
 8 0 12.916667 1.000000 350
 5 0 9.583333 1.000000 222
 8 0 1.250000 1.000000 322
 5 0 13.750000 1.000000 232
 728274.651900 8
 9 1 12.083333 1.000000 389
 9 1 2.916667 1.000000 367
 5 0 13.750000 1.000000 232
 0 1 6.250000 1.000000 15
 5 0 9.583333 1.000000 222
 6 1 8.750000 1.000000 261
 1 1 11.250000 1.000000 67
 7 0 12.083333 1.000000 308
 115858.254580 9
 1 0 3.750000 1.000000 48
 7 0 12.083333 1.000000 308
 7 0 0.416667 1.000000 280
 4 1 9.583333 1.000000 183
 3 0 14.583333 1.000000 154
 0 0 8.750000 1.000000 20
 4 1 2.083333 1.000000 165
 8 1 11.250000 1.000000 347
 6 0 5.416667 1.000000 252
 1111123.430837 5
 5 0 15.416667 1.000000 236
 9 1 10.416667 1.000000 385
 4 1 12.916667 1.000000 191
 1 1 14.583333 1.000000 75
 1 0 7.916667 1.000000 58
 1275285.233425 9
 0 1 6.250000 1.000000 15
 7 1 5.416667 1.000000 293
 5 0 13.750000 1.000000 232
 2 1 2.083333 1.000000 85
 0 1 0.416667 1.000000 1
 1 0 12.916667 1.000000 70
 1 1 14.583333 1.000000 75
 0 1 13.750000 1.000000 33
 8 0 7.083333 1.000000 336
 1457649.331827 6
 1 0 12.916667 1.000000 70
 2 1 2.083333 1.000000 85
 3 0 2.083333 1.000000 124
 5 0 15.416667 1.000000 236
 4 1 12.916667 1.000000 191
 3 1 0.416667 1.000000 121
 322652.363257 4
 3 1 7.916667 1.000000 139
 4 1 5.416667 1.000000 173
 9 1 10.416667 1.000000 385
 7 0 7.916667 1.000000 298
 1331418.596921 7
 1 1 14.583333 1.000000 75
 3 0 15.416667 1.000000 156
 5 0 13.750000 1.000000 232
 4 1 5.416667 1.000000 173
 5 0 4.583333 1.000000 210
 4 0 12.916667 1.000000 190
 1 0 15.416667 1.000000 76
 968551.661320 9
 7 0 7.916667 1.000000 298
 5 0 11.250000 1.000000 226
 5 0 14.583333 1.000000 234
 5 0 12.083333 1.000000 228
 4 1 9.583333 1.000000 183
 9 0 13.750000 1.000000 392
 1 1 8.750000 1.000000 61
 4 1 5.416667 1.000000 173
 1 1 11.250000 1.000000 67
 1300811.901940 4
 1 0 12.916667 1.000000 70
 1 1 13.750000 1.000000 73
 6 0 1.250000 1.000000 242
 2 1 8.750000 1.000000 101
 1662781.155269 5
 1 0 12.916667 1.000000 70
 7 1 6.250000 1.000000 295
 7 0 7.916667 1.000000 298
 5 0 12.083333 1.000000 228
 3 0 16.250000 1.000000 158
 1347125.620780 4
 7 0 1.250000 1.000000 282
 2 1 10.416667 1.000000 105
 8 1 14.583333 1.000000 355
 2 1 3.750000 1.000000 89
 324139.882701 6
 6 0 5.416667 1.000000 252
 4 1 9.583333 1.000000 183
 3 0 14.583333 1.000000 154
 0 1 7.916667 1.000000 19
 7 0 15.416667 1.000000 316
 9 1 7.083333 1.000000 377
 1996677.950396 5
 2 1 16.250000 1.000000 119
 2 1 6.250000 1.000000 95
 3 0 2.916667 1.000000 126
 4 1 4.583333 1.000000 171
 9 0 13.750000 1.000000 392
 290803.051670 6
 6 1 1.250000 1.000000 243
 7 1 5.416667 1.000000 293
 7 1 16.250000 1.000000 319
 4 1 4.583333 1.000000 171
 0 0 3.750000 1.000000 8
 4 0 11.250000 1.000000 186
 190571.885999 7
 8 0 7.083333 1.000000 336
 4 0 14.583333 1.000000 194
 0 1 3.750000 1.000000 9
 9 0 2.083333 1.000000 364
 2 1 2.083333 1.000000 85
 5 0 16.250000 1.000000 238
 0 1 11.250000 1.000000 27
 1949861.808768 3
 9 0 1.250000 1.000000 362
 2 1 6.250000 1.000000 95
 9 1 14.583333 1.000000 395
 1267446.776418 2
 0 1 4.583333 1.000000 11
 9 0 0.416667 1.000000 360
 242853.447331 4
 0 1 4.583333 1.000000 11
 2 0 11.250000 1.000000 106
 1 1 11.250000 1.000000 67
 6 1 13.750000 1.000000 273
 1805214.450529 5
 1 1 12.916667 1.000000 71
 1 1 11.250000 1.000000 67
 7 0 4.583333 1.000000 290
 2 0 11.250000 1.000000 106
 9 0 9.583333 1.000000 382
 1491693.473147 7
 1 1 14.583333 1.000000 75
 4 0 14.583333 1.000000 194
 4 0 13.750000 1.000000 192
 7 1 14.583333 1.000000 315
 1 0 4.583333 1.000000 50
 9 1 12.916667 1.000000 391
 0 0 8.750000 1.000000 20
 1298897.824836 4
 7 0 1.250000 1.000000 282
 8 0 2.083333 1.000000 324
 9 1 12.916667 1.000000 391
 9 1 15.416667 1.000000 397
 1976215.285052 2
 0 1 0.416667 1.000000 1
 3 0 14.583333 1.000000 154
 602588.973643 2
 0 1 0.416667 1.000000 1
 8 0 7.083333 1.000000 336
 1894348.197884 3
 6 0 9.583333 1.000000 262
 9 1 2.916667 1.000000 367
 3 0 2.916667 1.000000 126
 1290009.164908 2
 4 0 7.083333 1.000000 176
 1 0 4.583333 1.000000 50
 229661.961845 8
 8 1 3.750000 1.000000 329
 1 0 16.250000 1.000000 78
 8 0 7.083333 1.000000 336
 2 1 3.750000 1.000000 89
 5 0 13.750000 1.000000 232
 6 1 12.916667 1.000000 271
 2 1 15.416667 1.000000 117
 4 0 14.583333 1.000000 194
 1377984.950048 4
 7 0 13.750000 1.000000 312
 5 0 13.750000 1.000000 232
 0 1 13.750000 1.000000 33
 5 1 0.416667 1.000000 201
 923036.124447 3
 8 1 11.250000 1.000000 347
 8 0 7.083333 1.000000 336
 4 0 14.583333 1.000000 194
 689136.396651 2
 6 1 4.583333 1.000000 251
 0 0 3.750000 1.000000 8
 1438884.530439 4
 7 0 7.916667 1.000000 298
 0 0 8.750000 1.000000 20
 1 0 7.916667 1.000000 58
 4 1 4.583333 1.000000 171
 1018132.691727 5
 2 1 16.250000 1.000000 119
 3 0 5.416667 1.000000 132
 4 1 12.916667 1.000000 191
 8 1 11.250000 1.000000 347
 8 0 7.083333 1.000000 336
 1970647.625127 5
 7 1 16.250000 1.000000 319
 2 1 6.250000 1.000000 95
 3 1 5.416667 1.000000 133
 7 1 6.250000 1.000000 295
 3 0 2.916667 1.000000 126
 1999058.124069 4
 0 0 12.083333 1.000000 28
 3 0 16.250000 1.000000 158
 0 1 6.250000 1.000000 15
 5 0 12.083333 1.000000 228
 1641774.932836 9
 9 1 15.416667 1.000000 397
 8 0 7.083333 1.000000 336
 0 1 8.750000 1.000000 21
 1 0 12.083333 1.000000 68
 7 0 15.416667 1.000000 316
 6 1 4.583333 1.000000 251
 4 0 7.083333 1.000000 176
 6 0 15.416667 1.000000 276
 7 1 5.416667 1.000000 293
 754829.299187 3
 5 0 16.250000 1.000000 238
 4 1 14.583333 1.000000 195
 7 1 16.250000 1.000000 319
 960270.595979 7
 7 0 13.750000 1.000000 312
 1 1 14.583333 1.000000 75
 7 0 8.750000 1.000000 300
 9 0 9.583333 1.000000 382
 0 1 6.250000 1.000000 15
 0 1 13.750000 1.000000 33
 4 1 9.583333 1.000000 183
 626566.620686 4
 2 0 13.750000 1.000000 112
 6 1 5.416667 1.000000 253
 4 1 12.916667 1.000000 191
 0 0 3.750000 1.000000 8
 113466.774427 8
 0 0 8.750000 1.000000 20
 4 1 12.916667 1.000000 191
 0 1 9.583333 1.000000 23
 5 1 13.750000 1.000000 233
 9 1 2.916667 1.000000 367
 3 0 7.916667 1.000000 138
 7 1 1.250000 1.000000 283
 4 0 14.583333 1.000000 194
 759517.295286 9
 4 1 2.083333 1.000000 165
 2 0 11.250000 1.000000 106
 9 0 4.583333 1.000000 370
 1 0 6.250000 1.000000 54
 6 0 1.250000 1.000000 242
 6 0 10.416667 1.000000 264
 4 0 2.083333 1.000000 164
 3 0 14.583333 1.000000 154
 8 0 11.250000 1.000000 346
 1185672.655565 8
 2 0 3.750000 1.000000 88
 4 0 3.750000 1.000000 168
 5 1 7.916667 1.000000 219
 4 0 7.916667 1.000000 178
 7 1 2.083333 1.000000 285
 9 0 12.083333 1.000000 388
 4 1 13.750000 1.000000 193
 1 0 10.416667 1.000000 64
 1533096.089146 3
 0 1 9.583333 1.000000 23
 1 1 14.583333 1.000000 75
 0 0 12.083333 1.000000 28
 1402351.892107 4
 0 0 8.750000 1.000000 20
 3 0 5.416667 1.000000 132
 5 0 15.416667 1.000000 236
 7 0 1.250000 1.000000 282
 1508639.236478 3
 7 1 4.583333 1.000000 291
 2 0 11.250000 1.000000 106
 8 1 3.750000 1.000000 329
 975415.148034 6
 3 1 7.916667 1.000000 139
 6 1 4.583333 1.000000 251
 6 1 5.416667 1.000000 253
 4 1 12.083333 1.000000 189
 1 0 7.083333 1.000000 56
 2 1 6.250000 1.000000 95
 1059394.499706 3
 0 1 2.916667 1.000000 7
 7 0 1.250000 1.000000 282
 2 0 13.750000 1.000000 112
 1573632.620412 4
 6 0 0.416667 1.000000 240
 3 0 14.583333 1.000000 154
 2 1 2.916667 1.000000 87
 1 1 12.916667 1.000000 71
 1205332.677683 9
 7 1 14.583333 1.000000 315
 3 0 15.416667 1.000000 156
 3 1 15.416667 1.000000 157
 1 0 2.083333 1.000000 44
 1 1 13.750000 1.000000 73
 9 1 16.250000 1.000000 399
 7 0 13.750000 1.000000 312
 3 0 5.416667 1.000000 132
 4 0 7.083333 1.000000 176
 1296478.395190 7
 3 1 7.916667 1.000000 139
 2 1 8.750000 1.000000 101
 0 0 15.416667 1.000000 36
 7 0 12.083333 1.000000 308
 7 1 14.583333 1.000000 315
 4 0 12.916667 1.000000 190
 3 0 7.916667 1.000000 138