 Numero de pedidos 
 250
 duedate num_referencias // pasillo lado altura peso
 1968248.230074 8
 7 1 13.750000 1.000000 193
 5 1 12.083333 1.000000 29
 5 1 1.250000 1.000000 3
 4 1 8.750000 1.000000 61
 4 0 11.250000 1.000000 66
 4 0 2.916667 1.000000 46
 4 1 5.416667 1.000000 53
 5 1 3.750000 1.000000 9
 283882.384544 7
 5 1 12.083333 1.000000 29
 5 1 7.916667 1.000000 19
 5 0 8.750000 1.000000 20
 6 0 16.250000 1.000000 118
 5 1 1.250000 1.000000 3
 4 0 5.416667 1.000000 52
 4 0 14.583333 1.000000 74
 740832.036278 4
 4 1 1.250000 1.000000 43
 4 1 12.083333 1.000000 69
 5 1 6.250000 1.000000 15
 5 0 11.250000 1.000000 26
 1194710.935594 7
 4 0 9.583333 1.000000 62
 6 1 6.250000 1.000000 95
 4 1 2.083333 1.000000 45
 5 1 13.750000 1.000000 33
 4 0 2.083333 1.000000 44
 5 0 16.250000 1.000000 38
 5 0 15.416667 1.000000 36
 1814913.747988 7
 5 0 7.916667 1.000000 18
 5 0 15.416667 1.000000 36
 5 0 5.416667 1.000000 12
 5 1 1.250000 1.000000 3
 4 1 9.583333 1.000000 63
 4 0 6.250000 1.000000 54
 5 1 2.083333 1.000000 5
 1476471.806484 9
 5 0 11.250000 1.000000 26
 6 0 14.583333 1.000000 114
 5 1 7.083333 1.000000 17
 5 1 16.250000 1.000000 39
 3 1 16.250000 1.000000 159
 5 0 15.416667 1.000000 36
 4 1 6.250000 1.000000 55
 4 1 15.416667 1.000000 77
 5 1 5.416667 1.000000 13
 1337924.257469 7
 5 1 1.250000 1.000000 3
 4 1 3.750000 1.000000 49
 5 0 2.083333 1.000000 4
 4 0 4.583333 1.000000 50
 6 1 14.583333 1.000000 115
 4 1 14.583333 1.000000 75
 4 1 2.083333 1.000000 45
 891788.604526 7
 6 0 7.083333 1.000000 96
 0 0 7.916667 1.000000 378
 4 0 7.916667 1.000000 58
 5 0 9.583333 1.000000 22
 5 1 2.916667 1.000000 7
 4 0 15.416667 1.000000 76
 5 0 2.916667 1.000000 6
 1958773.979749 2
 5 1 2.083333 1.000000 5
 4 0 5.416667 1.000000 52
 1864308.332831 5
 5 1 4.583333 1.000000 11
 3 0 7.916667 1.000000 138
 5 1 13.750000 1.000000 33
 2 0 9.583333 1.000000 222
 5 0 0.416667 1.000000 0
 1089158.233110 5
 6 1 10.416667 1.000000 105
 4 0 2.083333 1.000000 44
 3 0 6.250000 1.000000 134
 5 0 5.416667 1.000000 12
 4 0 5.416667 1.000000 52
 1578260.554717 6
 5 1 16.250000 1.000000 39
 0 0 12.083333 1.000000 388
 4 0 1.250000 1.000000 42
 4 0 7.083333 1.000000 56
 5 0 13.750000 1.000000 32
 5 0 4.583333 1.000000 10
 1220575.036081 6
 5 0 16.250000 1.000000 38
 5 1 11.250000 1.000000 27
 5 0 2.083333 1.000000 4
 4 1 8.750000 1.000000 61
 1 0 15.416667 1.000000 316
 4 1 0.416667 1.000000 41
 1440114.150252 5
 4 0 1.250000 1.000000 42
 4 1 12.916667 1.000000 71
 5 0 4.583333 1.000000 10
 1 0 2.916667 1.000000 286
 5 0 9.583333 1.000000 22
 700926.705571 9
 4 0 9.583333 1.000000 62
 5 1 12.083333 1.000000 29
 4 0 16.250000 1.000000 78
 4 1 8.750000 1.000000 61
 4 1 2.916667 1.000000 47
 5 1 2.083333 1.000000 5
 5 1 1.250000 1.000000 3
 4 1 16.250000 1.000000 79
 3 1 16.250000 1.000000 159
 687009.160280 5
 4 1 16.250000 1.000000 79
 4 0 5.416667 1.000000 52
 5 0 3.750000 1.000000 8
 4 1 13.750000 1.000000 73
 8 0 2.083333 1.000000 244
 735307.885490 2
 8 0 13.750000 1.000000 272
 4 1 12.083333 1.000000 69
 1685461.288861 4
 9 0 11.250000 1.000000 346
 8 0 2.916667 1.000000 246
 5 1 7.083333 1.000000 17
 4 1 9.583333 1.000000 63
 210800.771532 8
 5 1 4.583333 1.000000 11
 4 1 9.583333 1.000000 63
 4 0 7.083333 1.000000 56
 6 1 15.416667 1.000000 117
 8 1 0.416667 1.000000 241
 5 0 13.750000 1.000000 32
 3 1 11.250000 1.000000 147
 1 1 11.250000 1.000000 307
 947899.975697 6
 5 0 16.250000 1.000000 38
 4 0 0.416667 1.000000 40
 5 1 15.416667 1.000000 37
 4 1 13.750000 1.000000 73
 3 1 4.583333 1.000000 131
 4 0 11.250000 1.000000 66
 421971.837684 3
 5 0 15.416667 1.000000 36
 5 0 2.916667 1.000000 6
 5 1 7.083333 1.000000 17
 1600653.369744 5
 5 1 6.250000 1.000000 15
 4 0 5.416667 1.000000 52
 5 1 10.416667 1.000000 25
 3 1 6.250000 1.000000 135
 5 1 12.916667 1.000000 31
 1341035.418595 6
 6 0 4.583333 1.000000 90
 5 1 11.250000 1.000000 27
 4 1 4.583333 1.000000 51
 4 1 15.416667 1.000000 77
 7 0 3.750000 1.000000 168
 4 1 12.916667 1.000000 71
 145367.902511 5
 5 1 16.250000 1.000000 39
 4 0 2.916667 1.000000 46
 5 0 12.916667 1.000000 30
 5 0 7.916667 1.000000 18
 4 1 8.750000 1.000000 61
 1498262.660083 6
 3 0 2.083333 1.000000 124
 4 1 3.750000 1.000000 49
 5 1 4.583333 1.000000 11
 5 1 1.250000 1.000000 3
 4 0 7.083333 1.000000 56
 4 0 16.250000 1.000000 78
 94484.300490 6
 5 1 2.916667 1.000000 7
 5 1 6.250000 1.000000 15
 5 1 7.083333 1.000000 17
 5 1 5.416667 1.000000 13
 4 1 1.250000 1.000000 43
 4 0 7.083333 1.000000 56
 1507436.607828 3
 4 0 1.250000 1.000000 42
 3 1 11.250000 1.000000 147
 6 0 5.416667 1.000000 92
 1227958.299587 4
 5 0 16.250000 1.000000 38
 7 0 7.916667 1.000000 178
 5 0 5.416667 1.000000 12
 4 0 4.583333 1.000000 50
 1677321.653998 7
 5 1 15.416667 1.000000 37
 4 0 6.250000 1.000000 54
 3 0 9.583333 1.000000 142
 6 0 9.583333 1.000000 102
 5 1 2.916667 1.000000 7
 4 0 4.583333 1.000000 50
 5 1 6.250000 1.000000 15
 1426216.728998 2
 4 0 0.416667 1.000000 40
 4 1 6.250000 1.000000 55
 1291539.337380 8
 4 0 14.583333 1.000000 74
 5 1 2.083333 1.000000 5
 6 1 15.416667 1.000000 117
 5 1 7.083333 1.000000 17
 5 1 5.416667 1.000000 13
 5 0 1.250000 1.000000 2
 5 1 16.250000 1.000000 39
 5 0 4.583333 1.000000 10
 1199609.772712 9
 4 1 7.083333 1.000000 57
 4 0 7.083333 1.000000 56
 5 0 8.750000 1.000000 20
 4 1 8.750000 1.000000 61
 5 1 7.083333 1.000000 17
 5 1 13.750000 1.000000 33
 4 1 10.416667 1.000000 65
 4 1 5.416667 1.000000 53
 4 1 7.916667 1.000000 59
 889602.090367 7
 4 0 6.250000 1.000000 54
 5 1 0.416667 1.000000 1
 4 1 15.416667 1.000000 77
 5 1 16.250000 1.000000 39
 5 1 5.416667 1.000000 13
 5 0 7.083333 1.000000 16
 3 1 8.750000 1.000000 141
 1027319.262972 4
 5 0 9.583333 1.000000 22
 4 0 4.583333 1.000000 50
 5 1 12.916667 1.000000 31
 4 0 2.083333 1.000000 44
 1730451.328163 4
 2 1 13.750000 1.000000 233
 5 1 13.750000 1.000000 33
 6 0 5.416667 1.000000 92
 3 1 2.916667 1.000000 127
 1365293.451364 6
 5 0 12.916667 1.000000 30
 1 1 12.083333 1.000000 309
 7 1 2.916667 1.000000 167
 4 1 0.416667 1.000000 41
 3 1 8.750000 1.000000 141
 5 0 1.250000 1.000000 2
 712065.325730 5
 5 0 2.083333 1.000000 4
 5 0 16.250000 1.000000 38
 4 1 11.250000 1.000000 67
 6 1 6.250000 1.000000 95
 4 0 7.083333 1.000000 56
 1109729.033778 9
 5 0 11.250000 1.000000 26
 5 1 11.250000 1.000000 27
 4 1 14.583333 1.000000 75
 4 1 16.250000 1.000000 79
 4 0 7.916667 1.000000 58
 6 0 12.083333 1.000000 108
 8 0 3.750000 1.000000 248
 7 0 12.083333 1.000000 188
 4 0 6.250000 1.000000 54
 219053.404564 9
 5 1 3.750000 1.000000 9
 4 0 1.250000 1.000000 42
 4 1 7.916667 1.000000 59
 0 1 0.416667 1.000000 361
 4 0 8.750000 1.000000 60
 4 1 8.750000 1.000000 61
 5 0 5.416667 1.000000 12
 5 0 1.250000 1.000000 2
 6 1 6.250000 1.000000 95
 318399.834558 5
 3 1 6.250000 1.000000 135
 9 1 5.416667 1.000000 333
 4 0 5.416667 1.000000 52
 4 0 12.916667 1.000000 70
 4 0 15.416667 1.000000 76
 268223.247113 4
 4 1 11.250000 1.000000 67
 4 1 7.916667 1.000000 59
 5 1 7.083333 1.000000 17
 5 0 2.916667 1.000000 6
 195779.609604 2
 7 0 12.916667 1.000000 190
 4 0 13.750000 1.000000 72
 491929.277262 8
 4 0 6.250000 1.000000 54
 5 1 15.416667 1.000000 37
 5 1 6.250000 1.000000 15
 4 1 11.250000 1.000000 67
 4 0 8.750000 1.000000 60
 4 0 9.583333 1.000000 62
 4 0 5.416667 1.000000 52
 5 0 8.750000 1.000000 20
 1484884.840383 4
 5 1 6.250000 1.000000 15
 4 0 16.250000 1.000000 78
 5 1 15.416667 1.000000 37
 4 0 11.250000 1.000000 66
 663421.404242 9
 5 1 12.916667 1.000000 31
 3 1 6.250000 1.000000 135
 5 0 7.083333 1.000000 16
 4 1 10.416667 1.000000 65
 4 1 8.750000 1.000000 61
 5 1 5.416667 1.000000 13
 5 0 4.583333 1.000000 10
 5 0 10.416667 1.000000 24
 9 0 9.583333 1.000000 342
 755258.133111 8
 4 1 6.250000 1.000000 55
 5 0 12.916667 1.000000 30
 1 0 15.416667 1.000000 316
 6 1 12.083333 1.000000 109
 6 1 12.916667 1.000000 111
 5 0 3.750000 1.000000 8
 4 0 12.916667 1.000000 70
 6 1 15.416667 1.000000 117
 89854.625673 4
 4 0 0.416667 1.000000 40
 0 0 15.416667 1.000000 396
 5 1 1.250000 1.000000 3
 7 0 7.916667 1.000000 178
 1800772.750955 6
 4 1 12.083333 1.000000 69
 4 1 7.083333 1.000000 57
 5 1 5.416667 1.000000 13
 3 0 8.750000 1.000000 140
 5 1 6.250000 1.000000 15
 5 1 13.750000 1.000000 33
 1778551.451610 7
 4 1 3.750000 1.000000 49
 4 0 8.750000 1.000000 60
 5 0 15.416667 1.000000 36
 5 1 3.750000 1.000000 9
 4 1 1.250000 1.000000 43
 5 1 15.416667 1.000000 37
 4 1 2.083333 1.000000 45
 1352769.011665 2
 4 1 1.250000 1.000000 43
 5 1 5.416667 1.000000 13
 1569694.243544 9
 5 1 12.083333 1.000000 29
 1 1 16.250000 1.000000 319
 5 0 3.750000 1.000000 8
 4 0 2.916667 1.000000 46
 4 1 7.916667 1.000000 59
 5 0 8.750000 1.000000 20
 4 1 16.250000 1.000000 79
 3 0 4.583333 1.000000 130
 4 1 12.083333 1.000000 69
 1258856.057925 3
 5 1 2.916667 1.000000 7
 5 1 16.250000 1.000000 39
 8 1 13.750000 1.000000 273
 1097414.641053 7
 4 1 2.083333 1.000000 45
 4 1 12.916667 1.000000 71
 7 0 5.416667 1.000000 172
 4 1 4.583333 1.000000 51
 5 0 3.750000 1.000000 8
 5 1 5.416667 1.000000 13
 4 0 2.916667 1.000000 46
 1027732.263444 4
 9 1 11.250000 1.000000 347
 4 1 2.083333 1.000000 45
 4 0 10.416667 1.000000 64
 4 0 11.250000 1.000000 66
 1021639.890867 8
 4 1 16.250000 1.000000 79
 4 1 11.250000 1.000000 67
 5 0 6.250000 1.000000 14
 4 1 14.583333 1.000000 75
 5 1 1.250000 1.000000 3
 5 1 2.083333 1.000000 5
 5 0 8.750000 1.000000 20
 5 0 1.250000 1.000000 2
 1241021.909956 6
 4 1 5.416667 1.000000 53
 5 0 6.250000 1.000000 14
 4 0 2.083333 1.000000 44
 5 1 1.250000 1.000000 3
 3 1 4.583333 1.000000 131
 5 0 4.583333 1.000000 10
 1389379.740278 8
 4 1 1.250000 1.000000 43
 1 1 12.083333 1.000000 309
 4 1 7.916667 1.000000 59
 4 0 12.916667 1.000000 70
 5 0 3.750000 1.000000 8
 5 1 9.583333 1.000000 23
 6 1 6.250000 1.000000 95
 5 0 16.250000 1.000000 38
 1810568.616228 9
 9 0 9.583333 1.000000 342
 9 0 7.916667 1.000000 338
 4 1 4.583333 1.000000 51
 5 0 14.583333 1.000000 34
 4 1 9.583333 1.000000 63
 5 0 12.083333 1.000000 28
 6 1 5.416667 1.000000 93
 5 1 3.750000 1.000000 9
 5 1 7.083333 1.000000 17
 500451.780847 7
 4 0 11.250000 1.000000 66
 4 1 16.250000 1.000000 79
 5 0 15.416667 1.000000 36
 4 0 5.416667 1.000000 52
 5 1 8.750000 1.000000 21
 4 1 11.250000 1.000000 67
 5 1 12.083333 1.000000 29
 367123.438980 4
 5 1 13.750000 1.000000 33
 4 1 2.083333 1.000000 45
 4 0 12.916667 1.000000 70
 5 1 7.916667 1.000000 19
 439618.072472 2
 5 1 1.250000 1.000000 3
 5 1 12.916667 1.000000 31
 1206522.838905 7
 4 0 7.916667 1.000000 58
 5 1 7.083333 1.000000 17
 2 0 13.750000 1.000000 232
 5 1 1.250000 1.000000 3
 9 1 13.750000 1.000000 353
 4 0 10.416667 1.000000 64
 4 0 6.250000 1.000000 54
 1423810.613762 9
 4 0 3.750000 1.000000 48
 9 0 0.416667 1.000000 320
 4 1 9.583333 1.000000 63
 3 0 2.916667 1.000000 126
 4 1 12.916667 1.000000 71
 5 0 0.416667 1.000000 0
 4 0 2.916667 1.000000 46
 5 1 6.250000 1.000000 15
 5 0 9.583333 1.000000 22
 531404.765514 3
 2 0 14.583333 1.000000 234
 4 0 10.416667 1.000000 64
 5 0 8.750000 1.000000 20
 218461.025533 8
 4 1 14.583333 1.000000 75
 4 1 10.416667 1.000000 65
 5 0 3.750000 1.000000 8
 5 1 0.416667 1.000000 1
 4 0 13.750000 1.000000 72
 5 1 8.750000 1.000000 21
 5 1 6.250000 1.000000 15
 4 0 7.916667 1.000000 58
 944365.416665 4
 5 1 15.416667 1.000000 37
 3 0 14.583333 1.000000 154
 4 0 14.583333 1.000000 74
 5 1 3.750000 1.000000 9
 939378.224173 9
 4 0 1.250000 1.000000 42
 5 0 11.250000 1.000000 26
 5 1 15.416667 1.000000 37
 5 0 10.416667 1.000000 24
 4 1 3.750000 1.000000 49
 6 1 2.916667 1.000000 87
 1 0 8.750000 1.000000 300
 4 0 2.083333 1.000000 44
 7 1 13.750000 1.000000 193
 338522.601825 3
 9 1 7.083333 1.000000 337
 5 1 8.750000 1.000000 21
 4 1 13.750000 1.000000 73
 1682765.763161 8
 5 0 9.583333 1.000000 22
 4 1 7.916667 1.000000 59
 5 0 16.250000 1.000000 38
 3 0 5.416667 1.000000 132
 4 1 8.750000 1.000000 61
 3 1 9.583333 1.000000 143
 4 0 7.083333 1.000000 56
 4 0 5.416667 1.000000 52
 1717615.000120 7
 4 1 10.416667 1.000000 65
 1 1 3.750000 1.000000 289
 0 0 1.250000 1.000000 362
 5 0 7.916667 1.000000 18
 4 0 7.916667 1.000000 58
 4 1 1.250000 1.000000 43
 5 1 1.250000 1.000000 3
 1525084.245431 6
 7 0 7.083333 1.000000 176
 1 0 10.416667 1.000000 304
 5 0 5.416667 1.000000 12
 5 1 5.416667 1.000000 13
 3 1 11.250000 1.000000 147
 4 0 12.916667 1.000000 70
 1174045.305799 6
 6 1 16.250000 1.000000 119
 4 1 8.750000 1.000000 61
 3 1 13.750000 1.000000 153
 5 0 11.250000 1.000000 26
 5 1 16.250000 1.000000 39
 4 1 9.583333 1.000000 63
 1652792.271195 5
 0 1 16.250000 1.000000 399
 4 0 15.416667 1.000000 76
 4 1 12.083333 1.000000 69
 4 1 15.416667 1.000000 77
 5 1 6.250000 1.000000 15
 911181.589100 7
 4 1 12.083333 1.000000 69
 5 1 3.750000 1.000000 9
 1 0 8.750000 1.000000 300
 2 0 12.916667 1.000000 230
 5 1 15.416667 1.000000 37
 4 1 12.916667 1.000000 71
 4 0 7.083333 1.000000 56
 825274.562978 5
 1 0 2.916667 1.000000 286
 4 0 7.083333 1.000000 56
 5 0 9.583333 1.000000 22
 4 0 12.083333 1.000000 68
 4 0 0.416667 1.000000 40
 1310533.768549 7
 4 0 5.416667 1.000000 52
 4 1 3.750000 1.000000 49
 4 0 16.250000 1.000000 78
 5 1 10.416667 1.000000 25
 4 0 3.750000 1.000000 48
 5 0 4.583333 1.000000 10
 4 0 11.250000 1.000000 66
 993752.888867 8
 5 0 2.083333 1.000000 4
 4 1 16.250000 1.000000 79
 5 0 4.583333 1.000000 10
 5 0 12.916667 1.000000 30
 4 0 2.916667 1.000000 46
 3 0 4.583333 1.000000 130
 4 1 0.416667 1.000000 41
 4 0 6.250000 1.000000 54
 407057.971399 5
 7 1 2.916667 1.000000 167
 2 1 2.083333 1.000000 205
 5 1 5.416667 1.000000 13
 5 1 8.750000 1.000000 21
 4 0 14.583333 1.000000 74
 68321.863370 6
 4 1 9.583333 1.000000 63
 5 0 14.583333 1.000000 34
 1 0 11.250000 1.000000 306
 5 0 4.583333 1.000000 10
 2 0 0.416667 1.000000 200
 4 1 1.250000 1.000000 43
 1327631.647292 8
 4 1 2.916667 1.000000 47
 4 1 15.416667 1.000000 77
 5 1 13.750000 1.000000 33
 3 0 15.416667 1.000000 156
 5 1 14.583333 1.000000 35
 4 0 12.916667 1.000000 70
 5 1 5.416667 1.000000 13
 4 0 5.416667 1.000000 52
 429187.603197 5
 4 1 11.250000 1.000000 67
 5 1 16.250000 1.000000 39
 5 0 2.916667 1.000000 6
 5 0 0.416667 1.000000 0
 4 1 1.250000 1.000000 43
 240696.007107 4
 5 0 10.416667 1.000000 24
 6 0 0.416667 1.000000 80
 5 1 3.750000 1.000000 9
 4 0 12.083333 1.000000 68
 1140792.682851 9
 4 1 4.583333 1.000000 51
 5 0 9.583333 1.000000 22
 5 0 12.916667 1.000000 30
 4 1 6.250000 1.000000 55
 5 1 2.083333 1.000000 5
 4 0 2.083333 1.000000 44
 0 0 14.583333 1.000000 394
 6 0 4.583333 1.000000 90
 5 1 11.250000 1.000000 27
 1945743.214575 4
 5 0 16.250000 1.000000 38
 4 1 12.916667 1.000000 71
 4 0 12.916667 1.000000 70
 3 0 10.416667 1.000000 144
 1466998.786473 7
 5 0 16.250000 1.000000 38
 4 1 7.916667 1.000000 59
 4 0 15.416667 1.000000 76
 5 0 5.416667 1.000000 12
 4 0 13.750000 1.000000 72
 5 0 9.583333 1.000000 22
 4 1 2.083333 1.000000 45
 1571709.503053 6
 4 0 7.916667 1.000000 58
 5 0 1.250000 1.000000 2
 9 0 4.583333 1.000000 330
 9 1 7.916667 1.000000 339
 5 0 12.916667 1.000000 30
 4 1 15.416667 1.000000 77
 1750455.353665 5
 4 0 9.583333 1.000000 62
 5 0 4.583333 1.000000 10
 9 1 12.083333 1.000000 349
 5 0 10.416667 1.000000 24
 5 0 13.750000 1.000000 32
 690010.612593 3
 4 0 7.083333 1.000000 56
 4 0 8.750000 1.000000 60
 6 1 3.750000 1.000000 89
 1484860.764372 8
 4 0 7.916667 1.000000 58
 4 0 7.083333 1.000000 56
 5 1 8.750000 1.000000 21
 4 0 0.416667 1.000000 40
 4 1 8.750000 1.000000 61
 2 0 4.583333 1.000000 210
 2 1 10.416667 1.000000 225
 5 1 5.416667 1.000000 13
 986207.084221 7
 5 0 2.083333 1.000000 4
 4 0 2.916667 1.000000 46
 4 0 14.583333 1.000000 74
 5 0 15.416667 1.000000 36
 7 0 2.083333 1.000000 164
 4 0 5.416667 1.000000 52
 4 0 7.083333 1.000000 56
 1280871.316120 7
 4 1 7.083333 1.000000 57
 2 1 13.750000 1.000000 233
 6 0 12.083333 1.000000 108
 4 0 7.916667 1.000000 58
 4 1 14.583333 1.000000 75
 5 0 2.083333 1.000000 4
 5 0 10.416667 1.000000 24
 238077.374230 5
 5 0 9.583333 1.000000 22
 4 1 0.416667 1.000000 41
 4 1 2.916667 1.000000 47
 5 1 0.416667 1.000000 1
 5 0 12.916667 1.000000 30
 286934.862960 6
 4 1 13.750000 1.000000 73
 5 0 2.916667 1.000000 6
 5 1 3.750000 1.000000 9
 5 0 9.583333 1.000000 22
 5 0 2.083333 1.000000 4
 4 0 5.416667 1.000000 52
 1261303.486350 5
 5 1 11.250000 1.000000 27
 5 0 16.250000 1.000000 38
 4 0 10.416667 1.000000 64
 5 0 2.083333 1.000000 4
 5 1 3.750000 1.000000 9
 1971190.601742 7
 4 1 5.416667 1.000000 53
 9 0 8.750000 1.000000 340
 5 0 2.083333 1.000000 4
 5 0 13.750000 1.000000 32
 4 0 7.916667 1.000000 58
 5 0 12.083333 1.000000 28
 5 1 3.750000 1.000000 9
 1613395.179889 9
 5 1 1.250000 1.000000 3
 1 0 1.250000 1.000000 282
 1 0 8.750000 1.000000 300
 5 1 16.250000 1.000000 39
 4 1 11.250000 1.000000 67
 5 1 12.083333 1.000000 29
 5 0 4.583333 1.000000 10
 5 0 6.250000 1.000000 14
 5 1 2.916667 1.000000 7
 1334512.080948 8
 5 0 12.083333 1.000000 28
 4 1 4.583333 1.000000 51
 5 1 8.750000 1.000000 21
 4 1 2.916667 1.000000 47
 0 0 8.750000 1.000000 380
 5 1 2.916667 1.000000 7
 5 1 9.583333 1.000000 23
 5 1 6.250000 1.000000 15
 959324.675891 5
 5 1 2.083333 1.000000 5
 8 1 4.583333 1.000000 251
 5 0 15.416667 1.000000 36
 5 0 0.416667 1.000000 0
 4 1 2.083333 1.000000 45
 574220.599278 3
 4 0 0.416667 1.000000 40
 4 0 9.583333 1.000000 62
 0 0 0.416667 1.000000 360
 281976.350118 9
 5 1 3.750000 1.000000 9
 4 0 1.250000 1.000000 42
 4 0 8.750000 1.000000 60
 4 1 4.583333 1.000000 51
 5 0 13.750000 1.000000 32
 3 1 14.583333 1.000000 155
 5 1 6.250000 1.000000 15
 5 1 7.916667 1.000000 19
 4 1 3.750000 1.000000 49
 1271804.836519 9
 4 1 12.916667 1.000000 71
 4 0 8.750000 1.000000 60
 5 0 0.416667 1.000000 0
 0 1 12.083333 1.000000 389
 4 0 13.750000 1.000000 72
 4 0 15.416667 1.000000 76
 4 0 2.083333 1.000000 44
 5 1 11.250000 1.000000 27
 2 0 4.583333 1.000000 210
 1675100.806949 7
 4 0 13.750000 1.000000 72
 4 0 2.083333 1.000000 44
 5 0 14.583333 1.000000 34
 4 0 11.250000 1.000000 66
 4 0 16.250000 1.000000 78
 6 1 16.250000 1.000000 119
 5 0 9.583333 1.000000 22
 383087.912511 9
 6 0 3.750000 1.000000 88
 5 1 1.250000 1.000000 3
 4 0 8.750000 1.000000 60
 4 1 2.083333 1.000000 45
 5 1 9.583333 1.000000 23
 4 1 12.916667 1.000000 71
 4 1 10.416667 1.000000 65
 5 1 16.250000 1.000000 39
 5 1 7.916667 1.000000 19
 1075337.706504 9
 4 1 5.416667 1.000000 53
 5 0 3.750000 1.000000 8
 5 1 8.750000 1.000000 21
 5 0 16.250000 1.000000 38
 5 1 7.916667 1.000000 19
 4 0 3.750000 1.000000 48
 4 1 8.750000 1.000000 61
 6 0 6.250000 1.000000 94
 5 1 11.250000 1.000000 27
 323829.267567 2
 4 0 12.916667 1.000000 70
 5 0 3.750000 1.000000 8
 309460.167694 8
 4 0 13.750000 1.000000 72
 5 1 7.916667 1.000000 19
 4 1 8.750000 1.000000 61
 6 1 11.250000 1.000000 107
 5 1 8.750000 1.000000 21
 4 1 7.916667 1.000000 59
 4 1 15.416667 1.000000 77
 4 1 0.416667 1.000000 41
 244846.712688 6
 4 0 6.250000 1.000000 54
 5 0 7.083333 1.000000 16
 5 0 4.583333 1.000000 10
 4 1 16.250000 1.000000 79
 5 0 3.750000 1.000000 8
 5 0 1.250000 1.000000 2
 733481.145191 6
 0 0 2.916667 1.000000 366
 4 1 2.083333 1.000000 45
 5 1 2.083333 1.000000 5
 5 1 10.416667 1.000000 25
 4 1 11.250000 1.000000 67
 5 0 3.750000 1.000000 8
 1964566.425776 6
 4 0 14.583333 1.000000 74
 2 1 6.250000 1.000000 215
 5 0 12.916667 1.000000 30
 7 0 13.750000 1.000000 192
 4 0 8.750000 1.000000 60
 4 0 7.916667 1.000000 58
 818220.942495 3
 5 0 10.416667 1.000000 24
 4 0 2.083333 1.000000 44
 5 0 6.250000 1.000000 14
 1388166.176615 3
 5 0 2.083333 1.000000 4
 4 0 3.750000 1.000000 48
 8 1 4.583333 1.000000 251
 192801.870961 6
 6 0 4.583333 1.000000 90
 5 0 5.416667 1.000000 12
 0 0 15.416667 1.000000 396
 4 0 6.250000 1.000000 54
 4 1 3.750000 1.000000 49
 2 0 4.583333 1.000000 210
 947407.008441 4
 5 0 6.250000 1.000000 14
 4 1 3.750000 1.000000 49
 6 1 5.416667 1.000000 93
 2 0 10.416667 1.000000 224
 1493685.209739 2
 5 1 3.750000 1.000000 9
 1 1 3.750000 1.000000 289
 1548606.045483 4
 5 0 3.750000 1.000000 8
 5 0 2.083333 1.000000 4
 4 1 15.416667 1.000000 77
 5 1 7.916667 1.000000 19
 1980705.132997 4
 5 1 2.916667 1.000000 7
 5 1 15.416667 1.000000 37
 4 1 10.416667 1.000000 65
 4 1 3.750000 1.000000 49
 598903.376180 6
 5 0 5.416667 1.000000 12
 4 0 9.583333 1.000000 62
 5 1 10.416667 1.000000 25
 3 0 0.416667 1.000000 120
 5 0 16.250000 1.000000 38
 5 0 4.583333 1.000000 10
 1113433.610757 6
 5 0 2.083333 1.000000 4
 5 0 2.916667 1.000000 6
 5 1 8.750000 1.000000 21
 5 0 6.250000 1.000000 14
 4 0 1.250000 1.000000 42
 4 1 0.416667 1.000000 41
 1643444.688489 7
 5 1 9.583333 1.000000 23
 4 0 15.416667 1.000000 76
 5 1 0.416667 1.000000 1
 3 1 12.083333 1.000000 149
 6 1 4.583333 1.000000 91
 3 1 5.416667 1.000000 133
 4 0 2.916667 1.000000 46
 1198771.273307 6
 6 0 4.583333 1.000000 90
 6 0 9.583333 1.000000 102
 5 1 14.583333 1.000000 35
 1 0 15.416667 1.000000 316
 1 1 15.416667 1.000000 317
 5 0 10.416667 1.000000 24
 1761422.133223 5
 3 0 9.583333 1.000000 142
 5 1 10.416667 1.000000 25
 4 1 4.583333 1.000000 51
 4 1 7.916667 1.000000 59
 0 0 10.416667 1.000000 384
 1756245.488746 3
 4 0 14.583333 1.000000 74
 8 1 16.250000 1.000000 279
 4 1 14.583333 1.000000 75
 1498711.248403 8
 4 0 2.083333 1.000000 44
 4 1 0.416667 1.000000 41
 4 1 4.583333 1.000000 51
 4 1 6.250000 1.000000 55
 4 0 11.250000 1.000000 66
 5 0 5.416667 1.000000 12
 4 0 16.250000 1.000000 78
 6 0 0.416667 1.000000 80
 1191686.008736 5
 4 0 14.583333 1.000000 74
 4 1 0.416667 1.000000 41
 5 1 15.416667 1.000000 37
 5 1 12.083333 1.000000 29
 5 1 3.750000 1.000000 9
 767615.226324 7
 3 0 0.416667 1.000000 120
 7 0 7.916667 1.000000 178
 4 1 6.250000 1.000000 55
 4 1 16.250000 1.000000 79
 4 0 11.250000 1.000000 66
 5 0 2.083333 1.000000 4
 5 0 15.416667 1.000000 36
 1232195.591737 4
 4 0 9.583333 1.000000 62
 4 0 13.750000 1.000000 72
 6 1 4.583333 1.000000 91
 5 0 13.750000 1.000000 32
 992519.890253 2
 4 1 11.250000 1.000000 67
 4 0 14.583333 1.000000 74
 816596.213792 8
 4 0 5.416667 1.000000 52
 5 1 7.083333 1.000000 17
 4 0 7.916667 1.000000 58
 4 0 7.083333 1.000000 56
 4 1 1.250000 1.000000 43
 4 0 12.083333 1.000000 68
 5 1 7.916667 1.000000 19
 4 1 10.416667 1.000000 65
 1503295.102223 4
 5 0 15.416667 1.000000 36
 1 1 8.750000 1.000000 301
 4 1 12.083333 1.000000 69
 5 1 5.416667 1.000000 13
 1441042.624154 8
 5 1 2.083333 1.000000 5
 9 1 1.250000 1.000000 323
 4 0 14.583333 1.000000 74
 5 0 13.750000 1.000000 32
 4 0 7.916667 1.000000 58
 4 1 8.750000 1.000000 61
 4 1 13.750000 1.000000 73
 6 0 12.916667 1.000000 110
 77424.827999 9
 5 1 9.583333 1.000000 23
 4 1 16.250000 1.000000 79
 5 1 11.250000 1.000000 27
 5 1 10.416667 1.000000 25
 5 1 12.083333 1.000000 29
 5 0 2.916667 1.000000 6
 5 1 4.583333 1.000000 11
 3 1 2.083333 1.000000 125
 4 1 10.416667 1.000000 65
 327847.019792 9
 4 0 3.750000 1.000000 48
 4 0 5.416667 1.000000 52
 5 0 14.583333 1.000000 34
 5 0 7.916667 1.000000 18
 5 1 10.416667 1.000000 25
 4 0 8.750000 1.000000 60
 5 1 6.250000 1.000000 15
 5 1 2.083333 1.000000 5
 5 0 6.250000 1.000000 14
 1389520.887821 4
 3 1 9.583333 1.000000 143
 4 0 12.083333 1.000000 68
 4 1 5.416667 1.000000 53
 5 0 5.416667 1.000000 12
 217869.779159 3
 4 0 7.916667 1.000000 58
 2 0 2.916667 1.000000 206
 4 0 15.416667 1.000000 76
 77585.366684 3
 9 1 3.750000 1.000000 329
 5 0 2.916667 1.000000 6
 4 0 8.750000 1.000000 60
 1972768.086555 4
 5 0 9.583333 1.000000 22
 5 1 9.583333 1.000000 23
 1 1 7.083333 1.000000 297
 5 0 13.750000 1.000000 32
 1908832.051041 5
 0 1 12.916667 1.000000 391
 5 1 12.083333 1.000000 29
 4 0 0.416667 1.000000 40
 4 1 2.916667 1.000000 47
 3 1 12.916667 1.000000 151
 1836984.970885 3
 5 1 13.750000 1.000000 33
 5 0 6.250000 1.000000 14
 4 1 7.916667 1.000000 59
 1859957.530489 3
 5 1 11.250000 1.000000 27
 4 0 3.750000 1.000000 48
 4 1 12.083333 1.000000 69
 1594353.849829 3
 5 1 12.916667 1.000000 31
 5 1 15.416667 1.000000 37
 4 0 6.250000 1.000000 54
 1404651.241063 6
 5 0 12.083333 1.000000 28
 6 1 5.416667 1.000000 93
 5 1 8.750000 1.000000 21
 4 1 3.750000 1.000000 49
 4 0 12.916667 1.000000 70
 7 0 4.583333 1.000000 170
 1957292.177434 9
 5 0 7.916667 1.000000 18
 4 0 5.416667 1.000000 52
 6 1 14.583333 1.000000 115
 4 0 4.583333 1.000000 50
 5 1 14.583333 1.000000 35
 4 0 14.583333 1.000000 74
 4 1 7.083333 1.000000 57
 4 0 11.250000 1.000000 66
 7 1 1.250000 1.000000 163
 1106350.639791 8
 5 0 0.416667 1.000000 0
 3 1 10.416667 1.000000 145
 4 1 13.750000 1.000000 73
 4 0 16.250000 1.000000 78
 6 1 7.916667 1.000000 99
 5 1 14.583333 1.000000 35
 5 1 16.250000 1.000000 39
 4 0 6.250000 1.000000 54
 1736382.524993 9
 4 0 6.250000 1.000000 54
 4 0 12.083333 1.000000 68
 4 1 8.750000 1.000000 61
 4 1 16.250000 1.000000 79
 4 0 14.583333 1.000000 74
 2 1 11.250000 1.000000 227
 5 1 1.250000 1.000000 3
 3 0 5.416667 1.000000 132
 4 1 1.250000 1.000000 43
 1826773.162608 5
 5 1 13.750000 1.000000 33
 5 0 16.250000 1.000000 38
 4 0 12.083333 1.000000 68
 5 1 10.416667 1.000000 25
 4 0 11.250000 1.000000 66
 1734323.850355 6
 5 0 14.583333 1.000000 34
 4 1 0.416667 1.000000 41
 1 0 16.250000 1.000000 318
 4 0 15.416667 1.000000 76
 5 1 7.083333 1.000000 17
 0 0 13.750000 1.000000 392
 1355741.334369 8
 5 0 6.250000 1.000000 14
 5 1 11.250000 1.000000 27
 4 0 8.750000 1.000000 60
 4 0 9.583333 1.000000 62
 5 1 2.916667 1.000000 7
 5 1 2.083333 1.000000 5
 4 1 12.916667 1.000000 71
 4 1 8.750000 1.000000 61
 45556.222929 5
 4 0 0.416667 1.000000 40
 4 1 10.416667 1.000000 65
 5 1 8.750000 1.000000 21
 5 0 0.416667 1.000000 0
 5 0 7.083333 1.000000 16
 1975485.334422 7
 5 0 9.583333 1.000000 22
 4 1 14.583333 1.000000 75
 4 0 2.083333 1.000000 44
 4 0 0.416667 1.000000 40
 3 1 1.250000 1.000000 123
 4 1 8.750000 1.000000 61
 5 1 9.583333 1.000000 23
 1576759.124872 8
 4 0 12.916667 1.000000 70
 5 1 2.083333 1.000000 5
 4 1 13.750000 1.000000 73
 4 0 7.083333 1.000000 56
 5 0 13.750000 1.000000 32
 4 0 3.750000 1.000000 48
 5 0 3.750000 1.000000 8
 5 0 6.250000 1.000000 14
 1011154.666213 7
 5 0 7.083333 1.000000 16
 1 1 7.083333 1.000000 297
 5 1 5.416667 1.000000 13
 5 0 11.250000 1.000000 26
 4 1 2.916667 1.000000 47
 4 1 12.916667 1.000000 71
 5 1 10.416667 1.000000 25
 1556007.895133 7
 5 1 16.250000 1.000000 39
 5 0 0.416667 1.000000 0
 1 1 7.916667 1.000000 299
 5 1 9.583333 1.000000 23
 5 1 15.416667 1.000000 37
 5 0 3.750000 1.000000 8
 5 1 5.416667 1.000000 13
 1503527.421720 8
 0 0 2.916667 1.000000 366
 4 0 7.916667 1.000000 58
 5 0 15.416667 1.000000 36
 5 0 3.750000 1.000000 8
 5 1 3.750000 1.000000 9
 5 0 2.083333 1.000000 4
 4 1 14.583333 1.000000 75
 5 0 11.250000 1.000000 26
 1228714.918284 7
 1 0 9.583333 1.000000 302
 4 1 14.583333 1.000000 75
 4 0 11.250000 1.000000 66
 4 1 10.416667 1.000000 65
 7 0 12.916667 1.000000 190
 5 0 2.083333 1.000000 4
 4 1 4.583333 1.000000 51
 1492309.742911 3
 4 0 11.250000 1.000000 66
 5 1 2.916667 1.000000 7
 4 0 1.250000 1.000000 42
 933891.416348 6
 4 1 3.750000 1.000000 49
 6 1 12.916667 1.000000 111
 5 1 6.250000 1.000000 15
 4 0 12.916667 1.000000 70
 5 1 16.250000 1.000000 39
 4 1 11.250000 1.000000 67
 571732.635280 2
 3 1 16.250000 1.000000 159
 4 0 3.750000 1.000000 48
 1392142.176643 6
 4 0 9.583333 1.000000 62
 4 1 9.583333 1.000000 63
 5 0 5.416667 1.000000 12
 4 0 12.916667 1.000000 70
 6 0 16.250000 1.000000 118
 5 0 10.416667 1.000000 24
 630656.052414 6
 6 0 11.250000 1.000000 106
 5 1 7.916667 1.000000 19
 3 0 15.416667 1.000000 156
 5 1 4.583333 1.000000 11
 4 1 9.583333 1.000000 63
 4 0 5.416667 1.000000 52
 118917.533494 9
 4 1 5.416667 1.000000 53
 4 0 12.083333 1.000000 68
 7 1 13.750000 1.000000 193
 4 1 12.916667 1.000000 71
 4 1 8.750000 1.000000 61
 5 0 2.083333 1.000000 4
 5 1 2.916667 1.000000 7
 5 1 1.250000 1.000000 3
 4 0 2.916667 1.000000 46
 1804191.412183 7
 5 1 7.083333 1.000000 17
 5 1 13.750000 1.000000 33
 9 0 5.416667 1.000000 332
 5 0 2.916667 1.000000 6
 5 1 2.083333 1.000000 5
 0 1 8.750000 1.000000 381
 4 0 7.083333 1.000000 56
 879945.504349 9
 4 1 10.416667 1.000000 65
 5 1 15.416667 1.000000 37
 5 1 7.083333 1.000000 17
 4 1 3.750000 1.000000 49
 5 0 3.750000 1.000000 8
 5 1 4.583333 1.000000 11
 4 0 8.750000 1.000000 60
 4 0 10.416667 1.000000 64
 0 1 7.083333 1.000000 377
 207329.531707 6
 5 0 7.916667 1.000000 18
 4 1 1.250000 1.000000 43
 5 0 12.083333 1.000000 28
 6 0 12.916667 1.000000 110
 5 1 2.916667 1.000000 7
 5 0 9.583333 1.000000 22
 613863.193977 8
 6 0 5.416667 1.000000 92
 4 1 4.583333 1.000000 51
 4 1 11.250000 1.000000 67
 4 1 2.083333 1.000000 45
 2 0 7.083333 1.000000 216
 5 0 15.416667 1.000000 36
 4 0 5.416667 1.000000 52
 5 1 5.416667 1.000000 13
 1730483.619352 9
 4 1 7.083333 1.000000 57
 4 0 7.916667 1.000000 58
 2 0 8.750000 1.000000 220
 4 0 10.416667 1.000000 64
 4 1 15.416667 1.000000 77
 0 1 10.416667 1.000000 385
 5 0 15.416667 1.000000 36
 5 0 11.250000 1.000000 26
 4 1 4.583333 1.000000 51
 986904.681598 9
 1 0 9.583333 1.000000 302
 5 0 7.916667 1.000000 18
 4 0 15.416667 1.000000 76
 4 1 16.250000 1.000000 79
 4 1 0.416667 1.000000 41
 6 1 15.416667 1.000000 117
 5 1 5.416667 1.000000 13
 4 1 6.250000 1.000000 55
 4 1 3.750000 1.000000 49
 793733.530936 7
 5 0 6.250000 1.000000 14
 5 1 12.916667 1.000000 31
 4 1 7.083333 1.000000 57
 4 0 12.083333 1.000000 68
 6 0 12.916667 1.000000 110
 4 0 5.416667 1.000000 52
 5 0 1.250000 1.000000 2
 670713.117938 4
 2 0 2.083333 1.000000 204
 5 1 4.583333 1.000000 11
 3 1 16.250000 1.000000 159
 5 0 4.583333 1.000000 10
 677071.694768 4
 5 1 9.583333 1.000000 23
 5 0 11.250000 1.000000 26
 4 1 12.083333 1.000000 69
 1 0 2.083333 1.000000 284
 1170330.272061 9
 4 0 14.583333 1.000000 74
 6 0 8.750000 1.000000 100
 5 0 14.583333 1.000000 34
 4 1 0.416667 1.000000 41
 4 1 15.416667 1.000000 77
 5 1 10.416667 1.000000 25
 5 0 2.916667 1.000000 6
 4 0 16.250000 1.000000 78
 5 1 13.750000 1.000000 33
 172661.025008 6
 0 1 4.583333 1.000000 371
 5 1 12.083333 1.000000 29
 5 1 10.416667 1.000000 25
 4 0 12.083333 1.000000 68
 4 0 8.750000 1.000000 60
 5 0 4.583333 1.000000 10
 511869.714312 6
 2 1 2.083333 1.000000 205
 5 0 5.416667 1.000000 12
 5 0 8.750000 1.000000 20
 4 1 5.416667 1.000000 53
 4 0 13.750000 1.000000 72
 4 1 6.250000 1.000000 55
 85896.065443 4
 5 1 16.250000 1.000000 39
 2 1 7.083333 1.000000 217
 1 0 5.416667 1.000000 292
 5 0 10.416667 1.000000 24
 234068.015159 6
 5 0 8.750000 1.000000 20
 4 1 9.583333 1.000000 63
 4 1 3.750000 1.000000 49
 5 1 3.750000 1.000000 9
 4 0 1.250000 1.000000 42
 2 1 7.083333 1.000000 217
 425013.681364 3
 9 0 4.583333 1.000000 330
 4 1 7.083333 1.000000 57
 8 0 8.750000 1.000000 260
 791642.229236 5
 6 1 7.916667 1.000000 99
 4 0 5.416667 1.000000 52
 4 0 8.750000 1.000000 60
 4 0 12.083333 1.000000 68
 5 1 11.250000 1.000000 27
 1742494.227561 4
 4 1 14.583333 1.000000 75
 4 1 13.750000 1.000000 73
 4 1 12.916667 1.000000 71
 4 1 11.250000 1.000000 67
 1291468.708390 9
 4 1 12.916667 1.000000 71
 4 1 11.250000 1.000000 67
 5 0 10.416667 1.000000 24
 4 1 16.250000 1.000000 79
 4 0 12.083333 1.000000 68
 5 1 1.250000 1.000000 3
 4 1 3.750000 1.000000 49
 4 0 0.416667 1.000000 40
 6 0 15.416667 1.000000 116
 1098208.273229 4
 4 1 6.250000 1.000000 55
 4 1 14.583333 1.000000 75
 4 1 10.416667 1.000000 65
 5 0 10.416667 1.000000 24
 1594302.653966 3
 5 0 4.583333 1.000000 10
 5 0 15.416667 1.000000 36
 4 0 1.250000 1.000000 42
 720316.624399 3
 7 1 7.083333 1.000000 177
 5 0 7.916667 1.000000 18
 5 1 11.250000 1.000000 27
 1836066.212634 7
 3 0 12.083333 1.000000 148
 5 1 7.916667 1.000000 19
 9 1 14.583333 1.000000 355
 4 0 4.583333 1.000000 50
 4 0 12.083333 1.000000 68
 7 1 8.750000 1.000000 181
 4 0 3.750000 1.000000 48
 954178.784710 4
 0 0 6.250000 1.000000 374
 4 1 4.583333 1.000000 51
 5 0 8.750000 1.000000 20
 5 1 2.916667 1.000000 7
 641598.467548 2
 4 1 15.416667 1.000000 77
 5 0 10.416667 1.000000 24
 398693.625274 7
 4 0 2.916667 1.000000 46
 4 0 6.250000 1.000000 54
 8 0 1.250000 1.000000 242
 5 1 0.416667 1.000000 1
 5 1 10.416667 1.000000 25
 5 0 12.916667 1.000000 30
 6 1 7.083333 1.000000 97
 514109.371116 8
 4 1 2.916667 1.000000 47
 4 1 9.583333 1.000000 63
 4 1 7.083333 1.000000 57
 9 1 12.083333 1.000000 349
 4 0 2.916667 1.000000 46
 5 0 11.250000 1.000000 26
 5 0 10.416667 1.000000 24
 4 0 12.083333 1.000000 68
 859085.533255 5
 4 0 7.083333 1.000000 56
 6 1 6.250000 1.000000 95
 5 1 0.416667 1.000000 1
 6 0 13.750000 1.000000 112
 4 0 15.416667 1.000000 76
 1078584.514353 7
 5 1 5.416667 1.000000 13
 5 0 12.083333 1.000000 28
 5 0 8.750000 1.000000 20
 3 1 15.416667 1.000000 157
 6 0 7.916667 1.000000 98
 4 1 1.250000 1.000000 43
 5 1 8.750000 1.000000 21
 379341.416312 8
 5 1 2.916667 1.000000 7
 4 1 1.250000 1.000000 43
 5 0 6.250000 1.000000 14
 5 0 5.416667 1.000000 12
 4 1 2.916667 1.000000 47
 5 1 11.250000 1.000000 27
 5 1 4.583333 1.000000 11
 5 1 5.416667 1.000000 13
 828766.032713 8
 5 1 12.916667 1.000000 31
 4 1 11.250000 1.000000 67
 4 1 0.416667 1.000000 41
 4 1 15.416667 1.000000 77
 3 1 14.583333 1.000000 155
 4 0 4.583333 1.000000 50
 0 1 7.083333 1.000000 377
 6 1 10.416667 1.000000 105
 733315.969097 7
 4 0 2.083333 1.000000 44
 3 1 6.250000 1.000000 135
 5 0 6.250000 1.000000 14
 4 1 1.250000 1.000000 43
 2 0 2.916667 1.000000 206
 4 1 4.583333 1.000000 51
 4 0 16.250000 1.000000 78
 1606382.310375 3
 4 1 10.416667 1.000000 65
 4 1 16.250000 1.000000 79
 4 0 5.416667 1.000000 52
 1472321.985305 7
 4 1 0.416667 1.000000 41
 5 0 0.416667 1.000000 0
 1 1 11.250000 1.000000 307
 3 1 3.750000 1.000000 129
 5 0 12.083333 1.000000 28
 4 0 9.583333 1.000000 62
 5 1 8.750000 1.000000 21
 687064.548157 3
 6 1 12.916667 1.000000 111
 5 0 9.583333 1.000000 22
 4 0 2.083333 1.000000 44
 1719641.947616 6
 4 0 7.916667 1.000000 58
 5 0 10.416667 1.000000 24
 4 1 12.916667 1.000000 71
 4 0 2.916667 1.000000 46
 4 0 0.416667 1.000000 40
 7 0 10.416667 1.000000 184
 983596.865490 9
 4 1 7.083333 1.000000 57
 2 1 9.583333 1.000000 223
 5 1 13.750000 1.000000 33
 1 0 10.416667 1.000000 304
 4 1 13.750000 1.000000 73
 4 0 13.750000 1.000000 72
 2 0 5.416667 1.000000 212
 4 0 2.083333 1.000000 44
 5 1 6.250000 1.000000 15
 1694876.524254 4
 4 0 11.250000 1.000000 66
 5 1 11.250000 1.000000 27
 7 0 12.083333 1.000000 188
 6 0 13.750000 1.000000 112
 132947.402472 6
 3 1 4.583333 1.000000 131
 5 1 2.916667 1.000000 7
 5 0 5.416667 1.000000 12
 4 1 6.250000 1.000000 55
 4 1 3.750000 1.000000 49
 4 1 11.250000 1.000000 67
 1937214.645211 2
 5 0 12.916667 1.000000 30
 4 0 16.250000 1.000000 78
 232485.788889 6
 5 0 14.583333 1.000000 34
 4 1 7.083333 1.000000 57
 9 1 2.083333 1.000000 325
 4 0 7.916667 1.000000 58
 2 0 16.250000 1.000000 238
 5 1 6.250000 1.000000 15
 1425510.378864 6
 3 1 7.916667 1.000000 139
 5 1 5.416667 1.000000 13
 5 1 1.250000 1.000000 3
 5 0 2.083333 1.000000 4
 5 0 4.583333 1.000000 10
 3 1 0.416667 1.000000 121
 901796.068354 8
 4 0 7.083333 1.000000 56
 5 1 4.583333 1.000000 11
 4 0 14.583333 1.000000 74
 4 1 16.250000 1.000000 79
 6 0 7.916667 1.000000 98
 5 0 7.916667 1.000000 18
 4 0 13.750000 1.000000 72
 5 1 13.750000 1.000000 33
 1835634.343082 9
 5 1 0.416667 1.000000 1
 3 1 14.583333 1.000000 155
 4 0 0.416667 1.000000 40
 9 0 8.750000 1.000000 340
 5 1 16.250000 1.000000 39
 5 0 7.916667 1.000000 18
 5 0 11.250000 1.000000 26
 4 0 7.916667 1.000000 58
 5 0 6.250000 1.000000 14
 855015.361242 6
 3 0 1.250000 1.000000 122
 4 0 2.916667 1.000000 46
 4 0 3.750000 1.000000 48
 4 1 13.750000 1.000000 73
 5 0 16.250000 1.000000 38
 2 1 16.250000 1.000000 239
 505528.333590 8
 5 0 0.416667 1.000000 0
 4 0 3.750000 1.000000 48
 4 0 0.416667 1.000000 40
 4 1 4.583333 1.000000 51
 5 0 2.916667 1.000000 6
 5 1 8.750000 1.000000 21
 5 1 10.416667 1.000000 25
 7 0 15.416667 1.000000 196
 187431.642724 9
 4 0 4.583333 1.000000 50
 7 0 2.916667 1.000000 166
 5 1 14.583333 1.000000 35
 4 1 12.083333 1.000000 69
 4 0 14.583333 1.000000 74
 4 0 9.583333 1.000000 62
 8 1 15.416667 1.000000 277
 8 0 12.916667 1.000000 270
 5 1 8.750000 1.000000 21
 108922.978839 3
 5 0 10.416667 1.000000 24
 4 0 7.916667 1.000000 58
 4 0 15.416667 1.000000 76
 889463.022859 2
 5 1 6.250000 1.000000 15
 7 0 9.583333 1.000000 182
 218271.689461 3
 4 1 3.750000 1.000000 49
 4 1 12.083333 1.000000 69
 4 0 8.750000 1.000000 60
 710073.023266 7
 5 1 2.916667 1.000000 7
 7 1 5.416667 1.000000 173
 5 0 7.916667 1.000000 18
 4 1 1.250000 1.000000 43
 4 1 14.583333 1.000000 75
 5 1 6.250000 1.000000 15
 4 1 13.750000 1.000000 73
 1735300.661556 9
 5 0 12.916667 1.000000 30
 5 1 2.083333 1.000000 5
 5 0 2.083333 1.000000 4
 4 0 13.750000 1.000000 72
 4 0 9.583333 1.000000 62
 5 0 12.083333 1.000000 28
 5 0 10.416667 1.000000 24
 5 0 7.083333 1.000000 16
 4 0 12.916667 1.000000 70
 1462923.243243 3
 6 0 1.250000 1.000000 82
 4 1 2.083333 1.000000 45
 3 1 8.750000 1.000000 141
 802882.206125 6
 4 0 7.916667 1.000000 58
 4 1 12.083333 1.000000 69
 4 0 16.250000 1.000000 78
 4 0 6.250000 1.000000 54
 6 1 1.250000 1.000000 83
 3 1 14.583333 1.000000 155
 1252733.895859 7
 5 0 0.416667 1.000000 0
 2 0 13.750000 1.000000 232
 5 0 5.416667 1.000000 12
 5 0 16.250000 1.000000 38
 5 0 4.583333 1.000000 10
 4 0 15.416667 1.000000 76
 3 1 10.416667 1.000000 145
 803536.938729 3
 5 1 5.416667 1.000000 13
 5 1 9.583333 1.000000 23
 4 1 10.416667 1.000000 65
 1408044.628821 4
 5 1 2.916667 1.000000 7
 5 0 2.083333 1.000000 4
 4 0 8.750000 1.000000 60
 6 1 12.916667 1.000000 111
 249418.944237 9
 5 1 15.416667 1.000000 37
 5 0 12.083333 1.000000 28
 5 1 8.750000 1.000000 21
 5 0 14.583333 1.000000 34
 4 1 0.416667 1.000000 41
 5 1 13.750000 1.000000 33
 5 1 3.750000 1.000000 9
 3 1 12.916667 1.000000 151
 0 0 15.416667 1.000000 396
 978537.099053 8
 5 1 13.750000 1.000000 33
 4 0 12.916667 1.000000 70
 4 0 13.750000 1.000000 72
 5 1 16.250000 1.000000 39
 5 0 12.083333 1.000000 28
 3 1 13.750000 1.000000 153
 5 1 5.416667 1.000000 13
 6 1 10.416667 1.000000 105
 390847.397573 9
 5 0 9.583333 1.000000 22
 5 0 13.750000 1.000000 32
 5 1 2.916667 1.000000 7
 4 1 9.583333 1.000000 63
 4 1 4.583333 1.000000 51
 5 0 8.750000 1.000000 20
 9 0 15.416667 1.000000 356
 5 0 2.916667 1.000000 6
 5 1 8.750000 1.000000 21
 1430366.114821 6
 5 0 11.250000 1.000000 26
 6 1 2.083333 1.000000 85
 4 1 2.083333 1.000000 45
 7 1 7.083333 1.000000 177
 0 0 6.250000 1.000000 374
 6 1 8.750000 1.000000 101
 485090.155883 5
 5 0 6.250000 1.000000 14
 5 1 12.083333 1.000000 29
 1 0 3.750000 1.000000 288
 8 0 2.916667 1.000000 246
 5 0 14.583333 1.000000 34
 810575.091751 7
 4 0 0.416667 1.000000 40
 5 0 0.416667 1.000000 0
 4 1 6.250000 1.000000 55
 5 1 12.916667 1.000000 31
 4 0 9.583333 1.000000 62
 4 0 1.250000 1.000000 42
 5 1 4.583333 1.000000 11
 995456.722768 7
 4 1 12.916667 1.000000 71
 4 1 6.250000 1.000000 55
 4 0 2.083333 1.000000 44
 3 0 1.250000 1.000000 122
 5 1 2.083333 1.000000 5
 5 0 4.583333 1.000000 10
 3 0 12.916667 1.000000 150
 1552549.977020 2
 4 0 14.583333 1.000000 74
 5 1 9.583333 1.000000 23
 1023579.885803 2
 4 0 6.250000 1.000000 54
 5 0 14.583333 1.000000 34
 1473584.787098 3
 4 1 7.083333 1.000000 57
 3 1 13.750000 1.000000 153
 4 1 7.916667 1.000000 59
 737996.998587 9
 4 0 9.583333 1.000000 62
 4 1 14.583333 1.000000 75
 5 1 16.250000 1.000000 39
 4 1 12.083333 1.000000 69
 4 1 2.083333 1.000000 45
 0 1 1.250000 1.000000 363
 5 1 3.750000 1.000000 9
 6 1 16.250000 1.000000 119
 5 0 15.416667 1.000000 36
 1777028.052256 4
 4 0 9.583333 1.000000 62
 5 0 14.583333 1.000000 34
 4 0 10.416667 1.000000 64
 4 0 5.416667 1.000000 52
 660995.789255 2
 5 0 5.416667 1.000000 12
 5 0 0.416667 1.000000 0
 1357629.950902 2
 5 1 11.250000 1.000000 27
 5 0 7.083333 1.000000 16
 950971.531286 7
 4 0 10.416667 1.000000 64
 4 0 6.250000 1.000000 54
 6 0 6.250000 1.000000 94
 4 0 2.916667 1.000000 46
 4 1 1.250000 1.000000 43
 4 1 16.250000 1.000000 79
 4 0 12.083333 1.000000 68
 1732024.913939 6
 5 0 0.416667 1.000000 0
 4 1 10.416667 1.000000 65
 5 1 2.083333 1.000000 5
 0 0 9.583333 1.000000 382
 4 1 3.750000 1.000000 49
 5 0 6.250000 1.000000 14
 1799045.665208 2
 8 1 15.416667 1.000000 277
 4 1 7.083333 1.000000 57
 521945.604795 8
 4 1 1.250000 1.000000 43
 4 1 14.583333 1.000000 75
 5 1 2.916667 1.000000 7
 6 0 15.416667 1.000000 116
 5 0 11.250000 1.000000 26
 4 0 2.083333 1.000000 44
 5 1 10.416667 1.000000 25
 4 1 12.083333 1.000000 69
 1238819.660916 7
 4 0 3.750000 1.000000 48
 5 0 8.750000 1.000000 20
 4 1 10.416667 1.000000 65
 4 0 0.416667 1.000000 40
 5 0 2.916667 1.000000 6
 4 0 1.250000 1.000000 42
 4 1 2.916667 1.000000 47
 1023448.550656 9
 1 1 12.083333 1.000000 309
 4 1 8.750000 1.000000 61
 5 0 16.250000 1.000000 38
 5 0 14.583333 1.000000 34
 4 1 12.083333 1.000000 69
 5 1 3.750000 1.000000 9
 5 0 9.583333 1.000000 22
 5 1 8.750000 1.000000 21
 5 1 12.916667 1.000000 31
 1425293.865439 2
 5 1 4.583333 1.000000 11
 4 1 8.750000 1.000000 61
 1058097.298396 9
 4 1 12.916667 1.000000 71
 6 0 10.416667 1.000000 104
 5 0 15.416667 1.000000 36
 8 0 9.583333 1.000000 262
 4 1 2.916667 1.000000 47
 4 0 6.250000 1.000000 54
 5 1 14.583333 1.000000 35
 4 0 9.583333 1.000000 62
 6 0 4.583333 1.000000 90
 230599.342748 3
 4 0 2.916667 1.000000 46
 1 0 7.083333 1.000000 296
 5 0 7.083333 1.000000 16
 121941.071228 5
 6 1 11.250000 1.000000 107
 5 1 12.916667 1.000000 31
 4 0 4.583333 1.000000 50
 4 0 14.583333 1.000000 74
 5 1 8.750000 1.000000 21
 498483.368204 7
 4 1 15.416667 1.000000 77
 4 0 5.416667 1.000000 52
 4 1 11.250000 1.000000 67
 7 1 7.083333 1.000000 177
 4 1 10.416667 1.000000 65
 4 1 0.416667 1.000000 41
 5 1 16.250000 1.000000 39
 995840.175616 5
 4 0 7.083333 1.000000 56
 3 1 2.083333 1.000000 125
 4 0 0.416667 1.000000 40
 5 0 12.916667 1.000000 30
 5 0 5.416667 1.000000 12
 51205.979870 4
 5 0 5.416667 1.000000 12
 5 1 14.583333 1.000000 35
 4 0 0.416667 1.000000 40
 5 0 12.083333 1.000000 28
 234141.400491 2
 4 0 16.250000 1.000000 78
 5 0 14.583333 1.000000 34
 1004890.757876 8
 5 1 2.083333 1.000000 5
 4 1 3.750000 1.000000 49
 5 0 13.750000 1.000000 32
 4 0 12.083333 1.000000 68
 4 0 16.250000 1.000000 78
 4 0 0.416667 1.000000 40
 7 1 5.416667 1.000000 173
 6 0 6.250000 1.000000 94
 328802.546919 9
 7 1 1.250000 1.000000 163
 5 1 2.083333 1.000000 5
 4 0 11.250000 1.000000 66
 5 0 6.250000 1.000000 14
 5 1 6.250000 1.000000 15
 5 1 14.583333 1.000000 35
 5 1 15.416667 1.000000 37
 5 1 9.583333 1.000000 23
 4 1 0.416667 1.000000 41
 592712.579366 5
 4 0 10.416667 1.000000 64
 5 0 7.083333 1.000000 16
 4 0 12.916667 1.000000 70
 5 1 1.250000 1.000000 3
 1 0 6.250000 1.000000 294
 1521885.910873 6
 1 0 5.416667 1.000000 292
 4 1 0.416667 1.000000 41
 5 1 12.083333 1.000000 29
 5 0 10.416667 1.000000 24
 5 1 3.750000 1.000000 9
 4 1 16.250000 1.000000 79
 1063512.592830 3
 4 0 12.083333 1.000000 68
 5 1 9.583333 1.000000 23
 5 0 8.750000 1.000000 20
 954159.056784 6
 4 0 12.916667 1.000000 70
 5 0 5.416667 1.000000 12
 4 0 16.250000 1.000000 78
 5 0 16.250000 1.000000 38
 5 0 10.416667 1.000000 24
 5 1 14.583333 1.000000 35