 Numero de pedidos 
 250
 duedate num_referencias // pasillo lado altura peso
 1038145.915381 7
 1 1 2.916667 1.000000 47
 0 0 12.916667 1.000000 30
 1 1 15.416667 1.000000 77
 1 0 6.250000 1.000000 54
 3 1 9.583333 1.000000 143
 1 1 7.083333 1.000000 57
 1 1 8.750000 1.000000 61
 585509.443742 2
 0 1 5.416667 1.000000 13
 0 1 15.416667 1.000000 37
 1352871.430774 7
 0 0 0.416667 1.000000 0
 0 0 8.750000 1.000000 20
 1 1 0.416667 1.000000 41
 0 1 7.916667 1.000000 19
 1 0 8.750000 1.000000 60
 1 0 7.083333 1.000000 56
 1 1 10.416667 1.000000 65
 872785.419688 8
 8 1 2.916667 1.000000 327
 0 0 15.416667 1.000000 36
 1 1 15.416667 1.000000 77
 0 1 16.250000 1.000000 39
 1 0 14.583333 1.000000 74
 0 0 14.583333 1.000000 34
 0 1 8.750000 1.000000 21
 0 1 0.416667 1.000000 1
 1029935.744624 3
 1 1 0.416667 1.000000 41
 1 0 11.250000 1.000000 66
 0 0 13.750000 1.000000 32
 556558.507307 7
 6 1 15.416667 1.000000 277
 0 0 3.750000 1.000000 8
 0 1 10.416667 1.000000 25
 1 0 11.250000 1.000000 66
 0 0 1.250000 1.000000 2
 1 0 15.416667 1.000000 76
 0 0 7.916667 1.000000 18
 1974545.730192 5
 9 0 7.083333 1.000000 376
 0 1 15.416667 1.000000 37
 1 1 2.916667 1.000000 47
 1 0 6.250000 1.000000 54
 0 1 10.416667 1.000000 25
 1997741.246856 7
 3 1 15.416667 1.000000 157
 1 0 5.416667 1.000000 52
 0 1 14.583333 1.000000 35
 2 1 7.916667 1.000000 99
 0 0 14.583333 1.000000 34
 9 0 1.250000 1.000000 362
 1 0 11.250000 1.000000 66
 903133.546032 7
 0 0 9.583333 1.000000 22
 0 0 15.416667 1.000000 36
 1 1 15.416667 1.000000 77
 1 0 4.583333 1.000000 50
 0 1 2.083333 1.000000 5
 1 0 10.416667 1.000000 64
 4 1 0.416667 1.000000 161
 495531.441521 4
 0 0 4.583333 1.000000 10
 0 0 9.583333 1.000000 22
 1 0 0.416667 1.000000 40
 0 0 7.083333 1.000000 16
 1490883.401488 3
 1 1 8.750000 1.000000 61
 0 1 12.916667 1.000000 31
 0 1 3.750000 1.000000 9
 225392.966282 4
 2 1 7.083333 1.000000 97
 6 0 10.416667 1.000000 264
 1 0 3.750000 1.000000 48
 1 1 2.083333 1.000000 45
 1873433.189389 7
 0 0 4.583333 1.000000 10
 5 0 4.583333 1.000000 210
 0 1 11.250000 1.000000 27
 1 1 10.416667 1.000000 65
 0 0 15.416667 1.000000 36
 0 0 0.416667 1.000000 0
 1 1 14.583333 1.000000 75
 217530.953501 7
 3 0 11.250000 1.000000 146
 1 1 5.416667 1.000000 53
 4 0 10.416667 1.000000 184
 0 0 0.416667 1.000000 0
 0 1 4.583333 1.000000 11
 0 1 1.250000 1.000000 3
 0 1 16.250000 1.000000 39
 935439.898416 4
 5 1 0.416667 1.000000 201
 0 1 16.250000 1.000000 39
 3 0 7.916667 1.000000 138
 1 1 7.916667 1.000000 59
 1109633.608660 5
 0 1 15.416667 1.000000 37
 1 0 10.416667 1.000000 64
 0 0 9.583333 1.000000 22
 1 0 7.916667 1.000000 58
 0 0 10.416667 1.000000 24
 865140.488942 2
 0 0 15.416667 1.000000 36
 0 1 2.083333 1.000000 5
 1793803.569467 6
 3 0 13.750000 1.000000 152
 1 1 5.416667 1.000000 53
 0 1 2.916667 1.000000 7
 5 1 7.083333 1.000000 217
 1 1 7.083333 1.000000 57
 2 0 6.250000 1.000000 94
 582199.251886 8
 1 1 7.916667 1.000000 59
 6 0 6.250000 1.000000 254
 0 0 13.750000 1.000000 32
 1 1 6.250000 1.000000 55
 1 0 0.416667 1.000000 40
 0 0 8.750000 1.000000 20
 1 0 5.416667 1.000000 52
 0 0 12.083333 1.000000 28
 1484003.852235 4
 0 1 2.916667 1.000000 7
 1 0 15.416667 1.000000 76
 1 0 16.250000 1.000000 78
 0 0 15.416667 1.000000 36
 597084.646615 4
 3 0 8.750000 1.000000 140
 1 0 2.916667 1.000000 46
 5 1 12.916667 1.000000 231
 0 0 1.250000 1.000000 2
 426585.151510 2
 0 0 10.416667 1.000000 24
 0 1 6.250000 1.000000 15
 1412392.327996 9
 2 0 3.750000 1.000000 88
 0 0 1.250000 1.000000 2
 1 0 9.583333 1.000000 62
 1 1 11.250000 1.000000 67
 0 0 7.083333 1.000000 16
 0 0 0.416667 1.000000 0
 0 1 9.583333 1.000000 23
 0 1 8.750000 1.000000 21
 0 1 15.416667 1.000000 37
 1256403.141458 4
 8 0 11.250000 1.000000 346
 0 1 2.083333 1.000000 5
 1 0 2.916667 1.000000 46
 1 0 7.083333 1.000000 56
 347667.274842 7
 2 0 14.583333 1.000000 114
 0 1 7.916667 1.000000 19
 1 0 6.250000 1.000000 54
 1 0 12.916667 1.000000 70
 1 1 9.583333 1.000000 63
 0 0 2.916667 1.000000 6
 1 1 7.083333 1.000000 57
 710112.565826 3
 0 1 9.583333 1.000000 23
 9 1 9.583333 1.000000 383
 1 0 3.750000 1.000000 48
 1489656.414804 3
 0 1 7.916667 1.000000 19
 0 1 11.250000 1.000000 27
 1 1 7.916667 1.000000 59
 1496175.786786 8
 1 0 8.750000 1.000000 60
 3 1 13.750000 1.000000 153
 1 0 16.250000 1.000000 78
 0 1 10.416667 1.000000 25
 1 1 9.583333 1.000000 63
 1 1 7.916667 1.000000 59
 1 1 11.250000 1.000000 67
 1 1 7.083333 1.000000 57
 1600107.628573 7
 0 0 10.416667 1.000000 24
 1 0 0.416667 1.000000 40
 0 0 0.416667 1.000000 0
 1 0 7.916667 1.000000 58
 0 0 6.250000 1.000000 14
 0 0 8.750000 1.000000 20
 0 0 2.916667 1.000000 6
 887896.202899 9
 1 1 3.750000 1.000000 49
 3 0 7.916667 1.000000 138
 0 1 4.583333 1.000000 11
 1 1 15.416667 1.000000 77
 6 0 11.250000 1.000000 266
 3 1 13.750000 1.000000 153
 0 1 6.250000 1.000000 15
 0 0 9.583333 1.000000 22
 0 1 13.750000 1.000000 33
 1920181.545988 7
 9 0 12.916667 1.000000 390
 7 0 2.916667 1.000000 286
 1 0 16.250000 1.000000 78
 2 1 7.916667 1.000000 99
 0 0 11.250000 1.000000 26
 0 0 12.916667 1.000000 30
 3 0 1.250000 1.000000 122
 848111.523319 6
 5 1 3.750000 1.000000 209
 1 1 3.750000 1.000000 49
 8 1 15.416667 1.000000 357
 1 1 7.916667 1.000000 59
 1 1 1.250000 1.000000 43
 4 0 11.250000 1.000000 186
 1889328.604680 6
 1 1 0.416667 1.000000 41
 1 1 4.583333 1.000000 51
 1 0 8.750000 1.000000 60
 0 1 2.083333 1.000000 5
 4 0 2.916667 1.000000 166
 0 0 4.583333 1.000000 10
 1489854.541053 9
 0 0 9.583333 1.000000 22
 1 1 16.250000 1.000000 79
 1 1 3.750000 1.000000 49
 1 0 15.416667 1.000000 76
 0 0 7.916667 1.000000 18
 1 0 11.250000 1.000000 66
 0 0 0.416667 1.000000 0
 1 0 8.750000 1.000000 60
 0 0 2.916667 1.000000 6
 1417725.889579 6
 0 1 12.916667 1.000000 31
 3 0 7.083333 1.000000 136
 1 0 16.250000 1.000000 78
 4 1 2.916667 1.000000 167
 0 0 16.250000 1.000000 38
 0 0 12.916667 1.000000 30
 1312649.478481 9
 1 0 12.083333 1.000000 68
 0 0 11.250000 1.000000 26
 1 0 4.583333 1.000000 50
 1 0 10.416667 1.000000 64
 0 1 6.250000 1.000000 15
 1 1 16.250000 1.000000 79
 0 1 1.250000 1.000000 3
 6 0 5.416667 1.000000 252
 0 0 9.583333 1.000000 22
 1323505.672125 9
 0 1 9.583333 1.000000 23
 0 1 10.416667 1.000000 25
 1 0 7.916667 1.000000 58
 1 0 9.583333 1.000000 62
 1 1 8.750000 1.000000 61
 0 1 5.416667 1.000000 13
 3 0 6.250000 1.000000 134
 0 0 4.583333 1.000000 10
 2 0 15.416667 1.000000 116
 1126397.894233 2
 3 1 15.416667 1.000000 157
 0 0 6.250000 1.000000 14
 1366463.007557 8
 1 1 14.583333 1.000000 75
 1 0 13.750000 1.000000 72
 7 0 7.916667 1.000000 298
 0 0 2.916667 1.000000 6
 1 1 12.916667 1.000000 71
 1 0 5.416667 1.000000 52
 7 1 7.083333 1.000000 297
 1 1 0.416667 1.000000 41
 1629071.508864 5
 0 1 5.416667 1.000000 13
 0 0 4.583333 1.000000 10
 1 1 3.750000 1.000000 49
 1 1 12.083333 1.000000 69
 0 0 15.416667 1.000000 36
 1185288.338394 4
 1 0 12.916667 1.000000 70
 0 0 12.083333 1.000000 28
 0 1 12.083333 1.000000 29
 0 1 7.083333 1.000000 17
 1924520.758001 8
 1 0 4.583333 1.000000 50
 1 1 0.416667 1.000000 41
 0 1 0.416667 1.000000 1
 0 0 7.916667 1.000000 18
 1 1 1.250000 1.000000 43
 3 1 9.583333 1.000000 143
 2 0 4.583333 1.000000 90
 1 0 6.250000 1.000000 54
 1522107.511667 8
 1 1 7.916667 1.000000 59
 9 0 16.250000 1.000000 398
 1 1 0.416667 1.000000 41
 1 1 9.583333 1.000000 63
 1 1 11.250000 1.000000 67
 0 0 2.916667 1.000000 6
 2 1 16.250000 1.000000 119
 0 0 6.250000 1.000000 14
 1282808.338405 2
 1 0 5.416667 1.000000 52
 0 1 1.250000 1.000000 3
 1610231.326078 2
 1 0 0.416667 1.000000 40
 0 0 10.416667 1.000000 24
 1941531.958907 7
 0 1 8.750000 1.000000 21
 0 0 5.416667 1.000000 12
 0 1 12.916667 1.000000 31
 0 1 16.250000 1.000000 39
 0 0 11.250000 1.000000 26
 0 1 6.250000 1.000000 15
 1 1 2.083333 1.000000 45
 933625.976021 7
 2 1 16.250000 1.000000 119
 1 1 8.750000 1.000000 61
 1 0 13.750000 1.000000 72
 2 1 5.416667 1.000000 93
 2 0 8.750000 1.000000 100
 0 1 12.916667 1.000000 31
 1 0 12.083333 1.000000 68
 49464.243524 8
 5 0 2.083333 1.000000 204
 0 0 16.250000 1.000000 38
 0 1 12.916667 1.000000 31
 0 0 13.750000 1.000000 32
 1 0 5.416667 1.000000 52
 0 0 15.416667 1.000000 36
 7 1 1.250000 1.000000 283
 0 1 16.250000 1.000000 39
 66168.016431 3
 1 0 3.750000 1.000000 48
 2 1 2.083333 1.000000 85
 2 1 14.583333 1.000000 115
 397182.842119 5
 1 0 10.416667 1.000000 64
 8 0 9.583333 1.000000 342
 1 1 6.250000 1.000000 55
 0 1 12.083333 1.000000 29
 0 0 7.083333 1.000000 16
 306153.334559 8
 3 0 5.416667 1.000000 132
 0 0 16.250000 1.000000 38
 2 1 9.583333 1.000000 103
 0 1 2.916667 1.000000 7
 0 1 5.416667 1.000000 13
 0 0 13.750000 1.000000 32
 0 0 9.583333 1.000000 22
 3 1 14.583333 1.000000 155
 491737.453179 4
 1 0 7.916667 1.000000 58
 1 0 14.583333 1.000000 74
 0 1 7.083333 1.000000 17
 0 0 1.250000 1.000000 2
 129451.909573 7
 0 1 15.416667 1.000000 37
 0 1 16.250000 1.000000 39
 3 0 14.583333 1.000000 154
 1 0 16.250000 1.000000 78
 0 1 3.750000 1.000000 9
 0 0 4.583333 1.000000 10
 0 0 7.083333 1.000000 16
 910034.979912 2
 1 0 0.416667 1.000000 40
 1 1 0.416667 1.000000 41
 149484.590995 6
 0 1 0.416667 1.000000 1
 0 0 12.916667 1.000000 30
 0 0 11.250000 1.000000 26
 1 1 1.250000 1.000000 43
 7 1 11.250000 1.000000 307
 0 0 2.916667 1.000000 6
 1982943.429883 8
 0 0 3.750000 1.000000 8
 2 1 4.583333 1.000000 91
 6 1 0.416667 1.000000 241
 1 1 4.583333 1.000000 51
 1 1 14.583333 1.000000 75
 1 1 11.250000 1.000000 67
 1 0 7.083333 1.000000 56
 0 0 7.083333 1.000000 16
 1389136.350690 7
 1 0 4.583333 1.000000 50
 4 1 13.750000 1.000000 193
 0 0 14.583333 1.000000 34
 0 1 9.583333 1.000000 23
 0 1 12.916667 1.000000 31
 0 1 6.250000 1.000000 15
 8 0 4.583333 1.000000 330
 1196104.840709 8
 1 0 16.250000 1.000000 78
 0 0 15.416667 1.000000 36
 0 0 12.083333 1.000000 28
 1 1 2.916667 1.000000 47
 0 0 16.250000 1.000000 38
 1 1 12.083333 1.000000 69
 1 1 0.416667 1.000000 41
 0 1 6.250000 1.000000 15
 1109364.670883 6
 0 1 9.583333 1.000000 23
 1 0 9.583333 1.000000 62
 0 1 3.750000 1.000000 9
 1 0 7.083333 1.000000 56
 1 1 7.916667 1.000000 59
 5 0 9.583333 1.000000 222
 239375.934545 8
 0 0 3.750000 1.000000 8
 1 1 11.250000 1.000000 67
 1 0 14.583333 1.000000 74
 1 0 9.583333 1.000000 62
 2 1 16.250000 1.000000 119
 2 1 15.416667 1.000000 117
 1 1 13.750000 1.000000 73
 1 1 7.916667 1.000000 59
 1355110.569166 7
 0 1 4.583333 1.000000 11
 3 1 3.750000 1.000000 129
 2 0 11.250000 1.000000 106
 0 1 16.250000 1.000000 39
 0 1 11.250000 1.000000 27
 0 1 2.083333 1.000000 5
 0 1 6.250000 1.000000 15
 247586.103476 2
 1 0 12.916667 1.000000 70
 3 0 7.916667 1.000000 138
 868433.376080 2
 0 0 16.250000 1.000000 38
 3 1 9.583333 1.000000 143
 1748003.286919 8
 1 1 11.250000 1.000000 67
 0 1 14.583333 1.000000 35
 1 0 7.916667 1.000000 58
 1 0 11.250000 1.000000 66
 0 1 2.916667 1.000000 7
 9 0 10.416667 1.000000 384
 0 1 2.083333 1.000000 5
 1 1 0.416667 1.000000 41
 845157.538506 3
 0 1 5.416667 1.000000 13
 0 1 3.750000 1.000000 9
 0 0 6.250000 1.000000 14
 1173655.795387 3
 1 1 9.583333 1.000000 63
 3 0 13.750000 1.000000 152
 1 0 6.250000 1.000000 54
 1162188.452204 2
 0 0 5.416667 1.000000 12
 1 0 7.916667 1.000000 58
 1581205.945584 8
 1 0 13.750000 1.000000 72
 0 1 2.916667 1.000000 7
 0 0 16.250000 1.000000 38
 1 0 14.583333 1.000000 74
 1 1 2.083333 1.000000 45
 1 1 12.916667 1.000000 71
 0 0 0.416667 1.000000 0
 1 1 8.750000 1.000000 61
 839014.059510 8
 1 0 6.250000 1.000000 54
 0 0 5.416667 1.000000 12
 1 0 10.416667 1.000000 64
 0 1 3.750000 1.000000 9
 7 0 4.583333 1.000000 290
 0 1 6.250000 1.000000 15
 1 1 16.250000 1.000000 79
 1 0 13.750000 1.000000 72
 494481.544352 6
 0 1 16.250000 1.000000 39
 0 0 4.583333 1.000000 10
 0 1 12.083333 1.000000 29
 7 1 15.416667 1.000000 317
 2 0 12.083333 1.000000 108
 1 1 14.583333 1.000000 75
 1086837.657581 3
 5 0 9.583333 1.000000 222
 1 1 12.916667 1.000000 71
 0 1 12.083333 1.000000 29
 787903.476352 7
 1 1 12.916667 1.000000 71
 1 1 0.416667 1.000000 41
 1 0 1.250000 1.000000 42
 1 0 4.583333 1.000000 50
 0 1 5.416667 1.000000 13
 4 1 16.250000 1.000000 199
 0 1 1.250000 1.000000 3
 1430447.982750 4
 0 1 5.416667 1.000000 13
 0 0 1.250000 1.000000 2
 1 1 3.750000 1.000000 49
 7 1 10.416667 1.000000 305
 108885.117466 2
 5 1 16.250000 1.000000 239
 1 0 2.083333 1.000000 44
 1708614.558647 7
 1 1 14.583333 1.000000 75
 1 0 7.916667 1.000000 58
 1 0 0.416667 1.000000 40
 0 0 15.416667 1.000000 36
 4 0 2.083333 1.000000 164
 1 0 14.583333 1.000000 74
 0 1 14.583333 1.000000 35
 1818763.431785 4
 1 1 16.250000 1.000000 79
 0 0 15.416667 1.000000 36
 0 1 1.250000 1.000000 3
 1 0 15.416667 1.000000 76
 545577.184849 9
 6 1 11.250000 1.000000 267
 6 0 8.750000 1.000000 260
 1 0 10.416667 1.000000 64
 1 1 0.416667 1.000000 41
 1 0 2.916667 1.000000 46
 2 1 12.083333 1.000000 109
 1 0 12.083333 1.000000 68
 0 1 2.083333 1.000000 5
 1 0 7.083333 1.000000 56
 1059002.958545 4
 4 1 7.916667 1.000000 179
 0 1 0.416667 1.000000 1
 0 0 10.416667 1.000000 24
 1 1 7.083333 1.000000 57
 1726734.709072 9
 1 0 12.083333 1.000000 68
 0 0 8.750000 1.000000 20
 1 1 10.416667 1.000000 65
 1 0 6.250000 1.000000 54
 3 1 16.250000 1.000000 159
 0 0 7.083333 1.000000 16
 0 0 10.416667 1.000000 24
 5 0 0.416667 1.000000 200
 1 1 11.250000 1.000000 67
 902131.716005 8
 0 0 9.583333 1.000000 22
 0 1 11.250000 1.000000 27
 1 1 14.583333 1.000000 75
 0 0 7.916667 1.000000 18
 0 0 8.750000 1.000000 20
 1 1 11.250000 1.000000 67
 0 1 7.083333 1.000000 17
 0 1 2.916667 1.000000 7
 949206.314920 8
 1 1 4.583333 1.000000 51
 7 0 12.083333 1.000000 308
 1 1 14.583333 1.000000 75
 1 1 12.916667 1.000000 71
 8 0 3.750000 1.000000 328
 4 1 13.750000 1.000000 193
 0 0 14.583333 1.000000 34
 4 0 6.250000 1.000000 174
 1679421.498533 5
 1 0 7.916667 1.000000 58
 1 0 16.250000 1.000000 78
 1 1 12.916667 1.000000 71
 0 0 4.583333 1.000000 10
 0 0 2.083333 1.000000 4
 734081.778645 2
 1 1 13.750000 1.000000 73
 1 0 12.916667 1.000000 70
 609002.538588 8
 5 1 6.250000 1.000000 215
 0 0 10.416667 1.000000 24
 1 0 13.750000 1.000000 72
 0 1 2.916667 1.000000 7
 1 1 12.083333 1.000000 69
 0 1 7.083333 1.000000 17
 8 0 9.583333 1.000000 342
 0 0 7.916667 1.000000 18
 209380.472158 3
 8 1 6.250000 1.000000 335
 5 0 5.416667 1.000000 212
 0 0 13.750000 1.000000 32
 1768510.240842 5
 8 1 8.750000 1.000000 341
 1 0 12.916667 1.000000 70
 1 0 14.583333 1.000000 74
 0 1 0.416667 1.000000 1
 0 0 7.083333 1.000000 16
 280864.124932 9
 1 0 15.416667 1.000000 76
 0 1 2.083333 1.000000 5
 0 1 2.916667 1.000000 7
 1 1 7.916667 1.000000 59
 1 0 8.750000 1.000000 60
 1 0 12.083333 1.000000 68
 1 1 8.750000 1.000000 61
 1 0 5.416667 1.000000 52
 1 1 6.250000 1.000000 55
 1425276.590840 5
 1 0 15.416667 1.000000 76
 1 0 5.416667 1.000000 52
 3 1 12.916667 1.000000 151
 0 0 15.416667 1.000000 36
 8 0 14.583333 1.000000 354
 1811293.574409 7
 0 1 10.416667 1.000000 25
 0 0 2.083333 1.000000 4
 0 0 7.083333 1.000000 16
 1 0 16.250000 1.000000 78
 0 1 3.750000 1.000000 9
 0 1 13.750000 1.000000 33
 1 1 16.250000 1.000000 79
 483347.389104 8
 2 0 13.750000 1.000000 112
 0 0 2.083333 1.000000 4
 0 1 2.083333 1.000000 5
 2 0 8.750000 1.000000 100
 4 1 7.083333 1.000000 177
 1 1 5.416667 1.000000 53
 7 0 13.750000 1.000000 312
 1 1 14.583333 1.000000 75
 1610522.592967 7
 0 0 14.583333 1.000000 34
 1 1 2.083333 1.000000 45
 1 0 16.250000 1.000000 78
 0 0 12.083333 1.000000 28
 9 1 15.416667 1.000000 397
 1 1 12.083333 1.000000 69
 0 1 11.250000 1.000000 27
 748390.881526 3
 1 0 14.583333 1.000000 74
 1 1 1.250000 1.000000 43
 0 0 7.916667 1.000000 18
 1128254.890408 5
 8 1 6.250000 1.000000 335
 1 1 2.083333 1.000000 45
 1 1 1.250000 1.000000 43
 2 1 13.750000 1.000000 113
 3 0 2.916667 1.000000 126
 63604.684725 8
 9 0 2.916667 1.000000 366
 8 0 10.416667 1.000000 344
 1 1 7.916667 1.000000 59
 0 0 2.916667 1.000000 6
 1 0 13.750000 1.000000 72
 1 1 2.083333 1.000000 45
 0 1 10.416667 1.000000 25
 0 1 2.916667 1.000000 7
 1515322.932096 5
 9 0 5.416667 1.000000 372
 8 0 4.583333 1.000000 330
 8 1 4.583333 1.000000 331
 1 1 12.916667 1.000000 71
 1 1 14.583333 1.000000 75
 1719194.618817 9
 1 0 11.250000 1.000000 66
 1 1 0.416667 1.000000 41
 6 0 3.750000 1.000000 248
 1 0 6.250000 1.000000 54
 1 0 7.083333 1.000000 56
 1 1 5.416667 1.000000 53
 1 1 12.916667 1.000000 71
 0 1 5.416667 1.000000 13
 0 0 7.916667 1.000000 18
 909804.526879 2
 0 1 12.083333 1.000000 29
 0 0 5.416667 1.000000 12
 351574.732303 6
 0 1 7.083333 1.000000 17
 1 1 13.750000 1.000000 73
 1 1 2.916667 1.000000 47
 8 1 2.083333 1.000000 325
 0 0 7.083333 1.000000 16
 0 1 1.250000 1.000000 3
 449517.290541 8
 0 0 7.916667 1.000000 18
 0 0 9.583333 1.000000 22
 3 0 0.416667 1.000000 120
 1 0 5.416667 1.000000 52
 0 1 5.416667 1.000000 13
 1 0 8.750000 1.000000 60
 1 0 15.416667 1.000000 76
 1 1 11.250000 1.000000 67
 335302.594386 6
 0 1 6.250000 1.000000 15
 1 0 16.250000 1.000000 78
 1 0 5.416667 1.000000 52
 0 0 2.083333 1.000000 4
 1 1 3.750000 1.000000 49
 0 1 15.416667 1.000000 37
 599451.244846 3
 1 1 8.750000 1.000000 61
 1 0 14.583333 1.000000 74
 1 1 4.583333 1.000000 51
 811157.783424 4
 2 0 10.416667 1.000000 104
 1 1 13.750000 1.000000 73
 1 1 12.083333 1.000000 69
 0 0 4.583333 1.000000 10
 91007.771590 7
 1 0 14.583333 1.000000 74
 1 1 5.416667 1.000000 53
 0 1 6.250000 1.000000 15
 5 0 16.250000 1.000000 238
 1 1 8.750000 1.000000 61
 0 0 1.250000 1.000000 2
 1 0 6.250000 1.000000 54
 660894.538397 5
 0 0 8.750000 1.000000 20
 1 0 7.916667 1.000000 58
 0 1 2.916667 1.000000 7
 4 1 14.583333 1.000000 195
 0 1 12.916667 1.000000 31
 816541.668333 3
 0 0 14.583333 1.000000 34
 1 1 9.583333 1.000000 63
 0 0 2.916667 1.000000 6
 1321342.814137 8
 5 0 16.250000 1.000000 238
 1 0 1.250000 1.000000 42
 1 1 11.250000 1.000000 67
 0 0 14.583333 1.000000 34
 3 0 12.916667 1.000000 150
 1 0 7.083333 1.000000 56
 0 1 11.250000 1.000000 27
 3 1 6.250000 1.000000 135
 837687.707598 6
 0 1 14.583333 1.000000 35
 9 0 12.916667 1.000000 390
 0 1 9.583333 1.000000 23
 4 0 0.416667 1.000000 160
 1 1 16.250000 1.000000 79
 1 0 7.916667 1.000000 58
 748033.877699 3
 1 0 1.250000 1.000000 42
 0 1 16.250000 1.000000 39
 0 0 7.083333 1.000000 16
 343381.585154 5
 0 1 2.083333 1.000000 5
 1 1 10.416667 1.000000 65
 6 0 8.750000 1.000000 260
 1 1 5.416667 1.000000 53
 0 0 15.416667 1.000000 36
 1288502.268926 5
 0 1 12.083333 1.000000 29
 0 1 11.250000 1.000000 27
 1 0 2.083333 1.000000 44
 2 0 12.916667 1.000000 110
 0 0 7.083333 1.000000 16
 451807.740709 9
 1 0 10.416667 1.000000 64
 0 1 1.250000 1.000000 3
 0 1 16.250000 1.000000 39
 1 0 12.916667 1.000000 70
 0 0 11.250000 1.000000 26
 1 0 2.916667 1.000000 46
 1 0 6.250000 1.000000 54
 0 0 4.583333 1.000000 10
 0 0 10.416667 1.000000 24
 1776824.119434 4
 0 0 15.416667 1.000000 36
 1 0 5.416667 1.000000 52
 3 0 7.916667 1.000000 138
 7 1 14.583333 1.000000 315
 1046365.679487 4
 0 1 10.416667 1.000000 25
 0 1 1.250000 1.000000 3
 0 0 0.416667 1.000000 0
 1 1 13.750000 1.000000 73
 1778095.078905 6
 0 1 3.750000 1.000000 9
 0 0 1.250000 1.000000 2
 0 0 4.583333 1.000000 10
 9 1 5.416667 1.000000 373
 0 0 2.916667 1.000000 6
 0 1 6.250000 1.000000 15
 479408.960212 3
 0 0 11.250000 1.000000 26
 0 0 14.583333 1.000000 34
 9 1 3.750000 1.000000 369
 688644.281853 9
 4 1 14.583333 1.000000 195
 1 1 13.750000 1.000000 73
 0 0 4.583333 1.000000 10
 0 1 11.250000 1.000000 27
 0 1 2.916667 1.000000 7
 0 0 1.250000 1.000000 2
 1 0 10.416667 1.000000 64
 0 0 12.916667 1.000000 30
 5 1 13.750000 1.000000 233
 268934.388901 2
 0 1 2.916667 1.000000 7
 1 0 15.416667 1.000000 76
 1709362.871810 2
 1 0 3.750000 1.000000 48
 1 0 5.416667 1.000000 52
 1645762.199185 8
 0 1 7.916667 1.000000 19
 2 1 7.083333 1.000000 97
 0 1 12.916667 1.000000 31
 2 1 9.583333 1.000000 103
 1 1 7.083333 1.000000 57
 0 1 10.416667 1.000000 25
 0 0 1.250000 1.000000 2
 1 1 13.750000 1.000000 73
 609498.885558 5
 0 1 0.416667 1.000000 1
 1 1 13.750000 1.000000 73
 4 0 15.416667 1.000000 196
 1 0 7.916667 1.000000 58
 0 1 14.583333 1.000000 35
 1263148.908626 5
 0 0 12.083333 1.000000 28
 8 1 12.083333 1.000000 349
 1 1 10.416667 1.000000 65
 2 0 14.583333 1.000000 114
 0 0 5.416667 1.000000 12
 608177.049667 6
 1 1 14.583333 1.000000 75
 0 1 3.750000 1.000000 9
 0 1 0.416667 1.000000 1
 1 1 7.916667 1.000000 59
 7 0 12.083333 1.000000 308
 2 1 13.750000 1.000000 113
 1220693.677450 2
 0 0 12.916667 1.000000 30
 1 0 2.083333 1.000000 44
 650392.381405 5
 0 1 2.083333 1.000000 5
 2 0 11.250000 1.000000 106
 0 0 12.083333 1.000000 28
 0 0 11.250000 1.000000 26
 0 0 12.916667 1.000000 30
 564998.214750 2
 0 1 7.916667 1.000000 19
 0 0 5.416667 1.000000 12
 1676085.505670 8
 1 1 7.083333 1.000000 57
 0 1 13.750000 1.000000 33
 0 0 15.416667 1.000000 36
 1 0 2.916667 1.000000 46
 2 0 16.250000 1.000000 118
 0 1 10.416667 1.000000 25
 0 1 12.916667 1.000000 31
 6 0 15.416667 1.000000 276
 1959417.482540 5
 0 1 12.083333 1.000000 29
 0 0 1.250000 1.000000 2
 2 1 0.416667 1.000000 81
 1 1 11.250000 1.000000 67
 1 0 4.583333 1.000000 50
 1155366.251299 2
 0 1 5.416667 1.000000 13
 1 1 12.916667 1.000000 71
 81842.793823 4
 0 0 2.083333 1.000000 4
 0 0 0.416667 1.000000 0
 1 0 12.916667 1.000000 70
 0 1 2.083333 1.000000 5
 1004049.006535 8
 0 1 0.416667 1.000000 1
 1 0 3.750000 1.000000 48
 0 0 14.583333 1.000000 34
 1 1 14.583333 1.000000 75
 5 0 2.083333 1.000000 204
 0 1 13.750000 1.000000 33
 0 0 8.750000 1.000000 20
 6 1 14.583333 1.000000 275
 1849109.847736 7
 1 1 10.416667 1.000000 65
 1 1 7.916667 1.000000 59
 0 1 15.416667 1.000000 37
 1 1 8.750000 1.000000 61
 1 0 8.750000 1.000000 60
 1 1 7.083333 1.000000 57
 1 0 9.583333 1.000000 62
 987615.520371 2
 1 0 8.750000 1.000000 60
 1 1 7.916667 1.000000 59
 993047.292620 8
 0 1 7.083333 1.000000 17
 0 1 16.250000 1.000000 39
 0 0 3.750000 1.000000 8
 0 1 13.750000 1.000000 33
 0 1 3.750000 1.000000 9
 1 1 11.250000 1.000000 67
 0 0 16.250000 1.000000 38
 0 0 10.416667 1.000000 24
 1291732.194634 5
 7 1 2.916667 1.000000 287
 0 1 16.250000 1.000000 39
 0 1 12.083333 1.000000 29
 4 0 15.416667 1.000000 196
 0 1 4.583333 1.000000 11
 400564.012528 6
 0 0 14.583333 1.000000 34
 3 0 6.250000 1.000000 134
 1 1 7.083333 1.000000 57
 0 1 16.250000 1.000000 39
 1 0 1.250000 1.000000 42
 1 0 4.583333 1.000000 50
 1019209.215892 8
 0 0 7.083333 1.000000 16
 2 0 5.416667 1.000000 92
 0 1 15.416667 1.000000 37
 0 1 8.750000 1.000000 21
 1 0 2.916667 1.000000 46
 1 0 4.583333 1.000000 50
 0 1 6.250000 1.000000 15
 1 0 5.416667 1.000000 52
 1362218.694949 7
 0 1 6.250000 1.000000 15
 0 1 9.583333 1.000000 23
 0 1 1.250000 1.000000 3
 1 0 10.416667 1.000000 64
 7 1 2.916667 1.000000 287
 0 0 7.916667 1.000000 18
 0 0 9.583333 1.000000 22
 768087.134030 2
 0 0 10.416667 1.000000 24
 1 1 11.250000 1.000000 67
 1918751.933462 4
 0 1 0.416667 1.000000 1
 1 1 7.083333 1.000000 57
 1 0 4.583333 1.000000 50
 1 0 7.083333 1.000000 56
 1254004.971243 4
 1 1 3.750000 1.000000 49
 0 1 7.916667 1.000000 19
 3 1 1.250000 1.000000 123
 1 1 15.416667 1.000000 77
 1618966.444050 2
 0 0 15.416667 1.000000 36
 1 0 16.250000 1.000000 78
 805784.670154 7
 1 1 16.250000 1.000000 79
 1 1 0.416667 1.000000 41
 5 0 8.750000 1.000000 220
 2 1 1.250000 1.000000 83
 1 1 12.083333 1.000000 69
 0 1 8.750000 1.000000 21
 1 0 10.416667 1.000000 64
 1622265.033714 6
 0 0 1.250000 1.000000 2
 0 0 6.250000 1.000000 14
 1 1 2.916667 1.000000 47
 5 0 1.250000 1.000000 202
 0 1 9.583333 1.000000 23
 2 1 7.916667 1.000000 99
 462261.011872 9
 1 1 10.416667 1.000000 65
 4 0 2.083333 1.000000 164
 1 0 10.416667 1.000000 64
 0 1 1.250000 1.000000 3
 1 1 4.583333 1.000000 51
 0 1 2.916667 1.000000 7
 0 1 7.916667 1.000000 19
 1 1 12.083333 1.000000 69
 0 1 3.750000 1.000000 9
 1191430.865448 9
 0 0 1.250000 1.000000 2
 1 0 8.750000 1.000000 60
 1 1 12.083333 1.000000 69
 0 1 9.583333 1.000000 23
 0 1 7.083333 1.000000 17
 1 0 2.916667 1.000000 46
 1 1 3.750000 1.000000 49
 1 1 2.916667 1.000000 47
 1 0 16.250000 1.000000 78
 263625.463724 6
 8 0 2.916667 1.000000 326
 1 0 2.916667 1.000000 46
 1 1 2.916667 1.000000 47
 1 0 4.583333 1.000000 50
 1 1 0.416667 1.000000 41
 0 0 2.916667 1.000000 6
 868166.617820 6
 1 1 3.750000 1.000000 49
 0 1 4.583333 1.000000 11
 0 0 13.750000 1.000000 32
 1 0 10.416667 1.000000 64
 0 1 2.916667 1.000000 7
 1 0 2.916667 1.000000 46
 1342225.380848 6
 1 1 2.916667 1.000000 47
 0 1 13.750000 1.000000 33
 1 0 9.583333 1.000000 62
 2 1 8.750000 1.000000 101
 1 1 15.416667 1.000000 77
 0 1 2.916667 1.000000 7
 909234.003271 6
 0 0 12.916667 1.000000 30
 0 1 11.250000 1.000000 27
 2 0 12.083333 1.000000 108
 0 0 2.916667 1.000000 6
 3 1 4.583333 1.000000 131
 0 0 7.083333 1.000000 16
 593135.071878 7
 2 0 0.416667 1.000000 80
 0 1 7.916667 1.000000 19
 0 0 6.250000 1.000000 14
 2 1 1.250000 1.000000 83
 0 0 2.916667 1.000000 6
 1 1 11.250000 1.000000 67
 0 1 0.416667 1.000000 1
 799347.983878 3
 6 1 3.750000 1.000000 249
 1 0 15.416667 1.000000 76
 1 1 5.416667 1.000000 53
 863530.179012 5
 1 0 8.750000 1.000000 60
 9 1 14.583333 1.000000 395
 1 1 0.416667 1.000000 41
 6 1 12.083333 1.000000 269
 1 1 5.416667 1.000000 53
 1975527.583126 8
 0 0 15.416667 1.000000 36
 0 1 9.583333 1.000000 23
 0 0 4.583333 1.000000 10
 1 1 9.583333 1.000000 63
 0 0 0.416667 1.000000 0
 1 0 12.916667 1.000000 70
 7 1 2.916667 1.000000 287
 2 1 10.416667 1.000000 105
 1349816.893316 3
 1 1 13.750000 1.000000 73
 0 0 16.250000 1.000000 38
 0 1 5.416667 1.000000 13
 843783.869689 7
 0 0 10.416667 1.000000 24
 0 0 11.250000 1.000000 26
 0 1 12.916667 1.000000 31
 3 0 3.750000 1.000000 128
 7 0 4.583333 1.000000 290
 1 1 10.416667 1.000000 65
 5 0 12.083333 1.000000 228
 812648.744645 5
 0 0 2.083333 1.000000 4
 4 1 12.916667 1.000000 191
 2 1 13.750000 1.000000 113
 0 0 8.750000 1.000000 20
 1 0 8.750000 1.000000 60
 813105.337309 5
 8 1 1.250000 1.000000 323
 0 1 9.583333 1.000000 23
 2 0 11.250000 1.000000 106
 3 1 14.583333 1.000000 155
 1 0 2.916667 1.000000 46
 1099654.996069 5
 0 1 12.916667 1.000000 31
 2 1 11.250000 1.000000 107
 1 0 12.083333 1.000000 68
 6 1 12.083333 1.000000 269
 1 0 14.583333 1.000000 74
 1068681.273120 6
 0 1 9.583333 1.000000 23
 9 1 16.250000 1.000000 399
 0 1 0.416667 1.000000 1
 3 0 12.916667 1.000000 150
 0 1 12.916667 1.000000 31
 0 1 4.583333 1.000000 11
 1606164.196081 9
 6 1 0.416667 1.000000 241
 1 1 13.750000 1.000000 73
 0 1 11.250000 1.000000 27
 0 0 3.750000 1.000000 8
 0 1 2.083333 1.000000 5
 0 1 12.083333 1.000000 29
 0 0 6.250000 1.000000 14
 0 0 12.083333 1.000000 28
 2 1 8.750000 1.000000 101
 222753.625243 8
 1 0 6.250000 1.000000 54
 0 1 12.083333 1.000000 29
 3 0 7.083333 1.000000 136
 1 0 7.916667 1.000000 58
 1 1 1.250000 1.000000 43
 1 1 11.250000 1.000000 67
 0 0 0.416667 1.000000 0
 0 1 1.250000 1.000000 3
 116260.016112 2
 0 1 5.416667 1.000000 13
 3 0 7.083333 1.000000 136
 879918.531440 9
 1 0 8.750000 1.000000 60
 0 1 0.416667 1.000000 1
 1 1 16.250000 1.000000 79
 1 1 2.083333 1.000000 45
 0 1 9.583333 1.000000 23
 4 0 7.916667 1.000000 178
 0 1 11.250000 1.000000 27
 0 0 7.083333 1.000000 16
 1 0 5.416667 1.000000 52
 1508273.661522 4
 1 1 0.416667 1.000000 41
 1 0 2.916667 1.000000 46
 1 0 7.083333 1.000000 56
 1 1 11.250000 1.000000 67
 1618659.675931 5
 0 0 10.416667 1.000000 24
 0 1 14.583333 1.000000 35
 0 0 8.750000 1.000000 20
 1 1 8.750000 1.000000 61
 1 1 9.583333 1.000000 63
 1924849.853406 2
 1 0 9.583333 1.000000 62
 0 1 14.583333 1.000000 35
 1988508.567116 6
 0 0 5.416667 1.000000 12
 2 1 10.416667 1.000000 105
 1 0 16.250000 1.000000 78
 0 1 2.083333 1.000000 5
 2 1 2.916667 1.000000 87
 4 1 13.750000 1.000000 193
 834592.201949 5
 1 0 5.416667 1.000000 52
 1 0 2.083333 1.000000 44
 5 1 2.083333 1.000000 205
 9 1 16.250000 1.000000 399
 0 1 12.083333 1.000000 29
 59107.418386 7
 1 0 0.416667 1.000000 40
 1 1 11.250000 1.000000 67
 1 0 8.750000 1.000000 60
 0 0 12.083333 1.000000 28
 1 0 2.083333 1.000000 44
 3 1 0.416667 1.000000 121
 1 1 16.250000 1.000000 79
 1246290.155354 8
 0 0 1.250000 1.000000 2
 0 0 16.250000 1.000000 38
 0 1 14.583333 1.000000 35
 1 1 7.916667 1.000000 59
 0 1 12.083333 1.000000 29
 9 0 3.750000 1.000000 368
 0 0 4.583333 1.000000 10
 0 1 13.750000 1.000000 33
 719895.549305 9
 0 0 1.250000 1.000000 2
 0 0 8.750000 1.000000 20
 0 1 2.916667 1.000000 7
 1 1 1.250000 1.000000 43
 1 1 8.750000 1.000000 61
 3 1 6.250000 1.000000 135
 1 1 10.416667 1.000000 65
 1 1 2.916667 1.000000 47
 1 0 0.416667 1.000000 40
 1143846.712850 2
 0 1 5.416667 1.000000 13
 0 1 16.250000 1.000000 39
 1710124.757676 5
 2 0 13.750000 1.000000 112
 0 1 6.250000 1.000000 15
 1 1 7.916667 1.000000 59
 1 1 5.416667 1.000000 53
 0 0 5.416667 1.000000 12
 1665718.021554 4
 1 1 7.916667 1.000000 59
 0 0 14.583333 1.000000 34
 0 1 8.750000 1.000000 21
 0 0 9.583333 1.000000 22
 1822199.780150 6
 0 0 3.750000 1.000000 8
 9 1 11.250000 1.000000 387
 0 1 15.416667 1.000000 37
 6 1 8.750000 1.000000 261
 0 0 8.750000 1.000000 20
 0 1 6.250000 1.000000 15
 1745732.233369 4
 1 1 8.750000 1.000000 61
 0 1 16.250000 1.000000 39
 1 1 12.083333 1.000000 69
 1 1 3.750000 1.000000 49
 268140.305853 7
 6 1 15.416667 1.000000 277
 1 1 10.416667 1.000000 65
 1 0 2.916667 1.000000 46
 0 0 9.583333 1.000000 22
 0 0 2.916667 1.000000 6
 0 0 10.416667 1.000000 24
 1 1 6.250000 1.000000 55
 1182644.489548 4
 2 1 16.250000 1.000000 119
 3 1 12.083333 1.000000 149
 1 0 2.083333 1.000000 44
 1 0 9.583333 1.000000 62
 823681.732092 3
 1 1 3.750000 1.000000 49
 2 0 9.583333 1.000000 102
 0 1 9.583333 1.000000 23
 1649412.012570 2
 0 0 6.250000 1.000000 14
 1 0 9.583333 1.000000 62
 994376.403612 7
 3 0 15.416667 1.000000 156
 0 1 13.750000 1.000000 33
 0 0 2.916667 1.000000 6
 0 0 7.083333 1.000000 16
 1 0 10.416667 1.000000 64
 1 0 3.750000 1.000000 48
 0 0 10.416667 1.000000 24
 330097.632599 8
 5 1 15.416667 1.000000 237
 3 0 16.250000 1.000000 158
 2 1 2.916667 1.000000 87
 1 1 16.250000 1.000000 79
 0 1 0.416667 1.000000 1
 0 1 2.083333 1.000000 5
 1 1 3.750000 1.000000 49
 1 1 1.250000 1.000000 43
 162743.741946 6
 1 1 14.583333 1.000000 75
 2 1 10.416667 1.000000 105
 6 0 3.750000 1.000000 248
 0 0 14.583333 1.000000 34
 1 0 10.416667 1.000000 64
 1 0 14.583333 1.000000 74
 349306.152160 6
 3 0 6.250000 1.000000 134
 0 1 5.416667 1.000000 13
 1 0 12.916667 1.000000 70
 6 1 12.916667 1.000000 271
 0 1 15.416667 1.000000 37
 4 0 12.916667 1.000000 190
 788615.559129 4
 7 0 3.750000 1.000000 288
 1 0 9.583333 1.000000 62
 0 1 0.416667 1.000000 1
 0 1 10.416667 1.000000 25
 230332.013141 5
 3 0 6.250000 1.000000 134
 0 0 15.416667 1.000000 36
 1 0 2.916667 1.000000 46
 1 0 13.750000 1.000000 72
 0 1 5.416667 1.000000 13
 1004558.625018 2
 1 1 13.750000 1.000000 73
 3 1 1.250000 1.000000 123
 337193.968174 2
 1 1 3.750000 1.000000 49
 0 1 11.250000 1.000000 27
 281156.194993 5
 1 1 14.583333 1.000000 75
 0 0 7.916667 1.000000 18
 0 1 2.083333 1.000000 5
 0 0 0.416667 1.000000 0
 0 1 5.416667 1.000000 13
 1708512.502792 9
 0 0 3.750000 1.000000 8
 9 0 14.583333 1.000000 394
 0 1 1.250000 1.000000 3
 1 0 7.916667 1.000000 58
 1 1 7.083333 1.000000 57
 0 0 11.250000 1.000000 26
 1 1 8.750000 1.000000 61
 0 0 8.750000 1.000000 20
 3 0 10.416667 1.000000 144
 1245670.030362 5
 1 1 11.250000 1.000000 67
 9 1 3.750000 1.000000 369
 0 1 12.916667 1.000000 31
 2 0 12.083333 1.000000 108
 1 0 3.750000 1.000000 48
 1838292.408995 6
 1 1 2.083333 1.000000 45
 1 1 3.750000 1.000000 49
 0 0 10.416667 1.000000 24
 1 1 7.083333 1.000000 57
 1 0 15.416667 1.000000 76
 3 1 3.750000 1.000000 129
 1885541.163108 4
 0 0 14.583333 1.000000 34
 1 0 9.583333 1.000000 62
 0 1 4.583333 1.000000 11
 0 1 12.083333 1.000000 29
 1148709.576963 6
 0 0 15.416667 1.000000 36
 0 0 1.250000 1.000000 2
 0 0 10.416667 1.000000 24
 1 1 14.583333 1.000000 75
 0 0 2.083333 1.000000 4
 1 1 1.250000 1.000000 43
 1901264.625537 3
 0 1 14.583333 1.000000 35
 0 1 16.250000 1.000000 39
 1 0 14.583333 1.000000 74
 753418.201615 4
 7 1 0.416667 1.000000 281
 1 0 13.750000 1.000000 72
 1 0 14.583333 1.000000 74
 5 0 0.416667 1.000000 200
 142281.777552 6
 0 1 7.916667 1.000000 19
 0 1 12.916667 1.000000 31
 1 0 8.750000 1.000000 60
 1 1 11.250000 1.000000 67
 0 0 12.916667 1.000000 30
 1 1 0.416667 1.000000 41
 702293.810277 2
 3 1 4.583333 1.000000 131
 8 1 16.250000 1.000000 359
 1009262.452745 3
 1 0 7.083333 1.000000 56
 1 1 10.416667 1.000000 65
 1 0 12.083333 1.000000 68
 1845363.365228 5
 1 0 8.750000 1.000000 60
 0 0 16.250000 1.000000 38
 8 0 2.083333 1.000000 324
 1 1 9.583333 1.000000 63
 2 1 2.916667 1.000000 87
 688254.817989 9
 1 1 11.250000 1.000000 67
 1 1 13.750000 1.000000 73
 0 0 16.250000 1.000000 38
 1 1 2.916667 1.000000 47
 0 0 7.083333 1.000000 16
 1 0 1.250000 1.000000 42
 0 0 10.416667 1.000000 24
 1 1 10.416667 1.000000 65
 0 0 11.250000 1.000000 26
 1166847.872700 8
 1 0 1.250000 1.000000 42
 0 0 3.750000 1.000000 8
 0 0 2.083333 1.000000 4
 0 0 2.916667 1.000000 6
 1 0 16.250000 1.000000 78
 3 1 3.750000 1.000000 129
 1 1 8.750000 1.000000 61
 1 0 12.083333 1.000000 68
 1186054.415361 7
 9 0 12.083333 1.000000 388
 0 1 11.250000 1.000000 27
 0 1 2.083333 1.000000 5
 3 1 13.750000 1.000000 153
 1 0 3.750000 1.000000 48
 0 1 7.916667 1.000000 19
 1 1 7.083333 1.000000 57
 1986661.961072 5
 0 1 2.083333 1.000000 5
 1 1 7.083333 1.000000 57
 0 0 13.750000 1.000000 32
 1 0 7.916667 1.000000 58
 0 1 7.083333 1.000000 17
 1012763.759518 7
 1 1 14.583333 1.000000 75
 1 1 2.916667 1.000000 47
 1 0 3.750000 1.000000 48
 1 1 3.750000 1.000000 49
 2 0 15.416667 1.000000 116
 1 1 12.916667 1.000000 71
 1 1 10.416667 1.000000 65
 708135.555586 5
 2 1 13.750000 1.000000 113
 0 0 9.583333 1.000000 22
 1 0 3.750000 1.000000 48
 0 0 14.583333 1.000000 34
 0 0 7.083333 1.000000 16
 1949883.106532 4
 1 1 3.750000 1.000000 49
 1 0 6.250000 1.000000 54
 0 0 7.916667 1.000000 18
 0 0 11.250000 1.000000 26
 158647.965155 3
 1 0 7.916667 1.000000 58
 5 0 14.583333 1.000000 234
 0 1 12.083333 1.000000 29
 1420477.177361 5
 2 1 0.416667 1.000000 81
 1 1 2.916667 1.000000 47
 4 0 13.750000 1.000000 192
 1 1 15.416667 1.000000 77
 0 1 2.916667 1.000000 7
 653935.863866 6
 5 1 9.583333 1.000000 223
 1 1 3.750000 1.000000 49
 1 0 12.916667 1.000000 70
 3 0 9.583333 1.000000 142
 1 1 11.250000 1.000000 67
 1 0 7.916667 1.000000 58
 135702.992704 6
 3 1 9.583333 1.000000 143
 0 0 0.416667 1.000000 0
 1 0 5.416667 1.000000 52
 0 0 16.250000 1.000000 38
 0 0 8.750000 1.000000 20
 0 1 12.083333 1.000000 29
 1414002.312093 7
 1 1 14.583333 1.000000 75
 0 1 7.916667 1.000000 19
 0 1 10.416667 1.000000 25
 2 1 12.083333 1.000000 109
 1 0 4.583333 1.000000 50
 2 1 2.916667 1.000000 87
 1 1 2.083333 1.000000 45
 1155058.008262 2
 1 1 4.583333 1.000000 51
 0 1 4.583333 1.000000 11
 93379.323936 6
 0 0 0.416667 1.000000 0
 0 0 9.583333 1.000000 22
 0 0 16.250000 1.000000 38
 0 1 13.750000 1.000000 33
 0 0 11.250000 1.000000 26
 1 1 3.750000 1.000000 49
 1020210.690880 7
 0 1 3.750000 1.000000 9
 1 1 11.250000 1.000000 67
 7 1 11.250000 1.000000 307
 1 0 5.416667 1.000000 52
 0 0 16.250000 1.000000 38
 1 1 7.083333 1.000000 57
 1 1 1.250000 1.000000 43
 578872.629674 4
 1 0 6.250000 1.000000 54
 0 0 8.750000 1.000000 20
 1 1 4.583333 1.000000 51
 0 0 3.750000 1.000000 8
 1726342.453270 8
 0 0 14.583333 1.000000 34
 1 1 13.750000 1.000000 73
 7 0 1.250000 1.000000 282
 5 0 8.750000 1.000000 220
 0 1 10.416667 1.000000 25
 1 1 8.750000 1.000000 61
 0 1 7.083333 1.000000 17
 1 1 6.250000 1.000000 55
 1066821.097111 5
 1 0 2.083333 1.000000 44
 0 1 6.250000 1.000000 15
 1 0 16.250000 1.000000 78
 9 0 6.250000 1.000000 374
 0 1 12.083333 1.000000 29
 404820.892962 9
 0 0 9.583333 1.000000 22
 1 1 2.916667 1.000000 47
 1 0 8.750000 1.000000 60
 3 0 2.083333 1.000000 124
 0 1 8.750000 1.000000 21
 0 1 7.916667 1.000000 19
 1 1 10.416667 1.000000 65
 1 0 6.250000 1.000000 54
 0 1 12.083333 1.000000 29
 459865.344269 4
 0 0 6.250000 1.000000 14
 8 0 15.416667 1.000000 356
 0 1 2.916667 1.000000 7
 0 0 4.583333 1.000000 10
 1828895.608237 4
 0 1 4.583333 1.000000 11
 0 1 7.083333 1.000000 17
 1 1 6.250000 1.000000 55
 1 1 12.083333 1.000000 69
 1571874.566885 8
 0 0 10.416667 1.000000 24
 5 0 1.250000 1.000000 202
 0 1 2.083333 1.000000 5
 0 0 14.583333 1.000000 34
 0 1 15.416667 1.000000 37
 0 1 10.416667 1.000000 25
 1 0 8.750000 1.000000 60
 0 1 8.750000 1.000000 21
 1757509.503512 8
 0 0 4.583333 1.000000 10
 0 0 3.750000 1.000000 8
 1 0 8.750000 1.000000 60
 1 1 11.250000 1.000000 67
 1 0 3.750000 1.000000 48
 1 1 2.916667 1.000000 47
 1 0 12.083333 1.000000 68
 9 0 7.083333 1.000000 376
 1184535.765678 7
 0 0 13.750000 1.000000 32
 1 1 8.750000 1.000000 61
 2 1 16.250000 1.000000 119
 0 1 12.083333 1.000000 29
 2 0 9.583333 1.000000 102
 0 0 8.750000 1.000000 20
 1 1 9.583333 1.000000 63
 359281.752854 5
 0 1 6.250000 1.000000 15
 2 1 11.250000 1.000000 107
 0 1 7.916667 1.000000 19
 2 1 16.250000 1.000000 119
 0 0 12.083333 1.000000 28
 438661.064952 8
 0 1 15.416667 1.000000 37
 1 0 2.916667 1.000000 46
 0 1 6.250000 1.000000 15
 0 1 0.416667 1.000000 1
 1 1 1.250000 1.000000 43
 0 0 13.750000 1.000000 32
 7 0 5.416667 1.000000 292
 5 1 15.416667 1.000000 237
 1308918.105657 6
 1 1 6.250000 1.000000 55
 0 1 16.250000 1.000000 39
 3 0 2.916667 1.000000 126
 0 1 1.250000 1.000000 3
 6 1 12.916667 1.000000 271
 0 1 8.750000 1.000000 21
 255987.081572 9
 1 0 2.916667 1.000000 46
 1 0 2.083333 1.000000 44
 1 0 5.416667 1.000000 52
 0 1 10.416667 1.000000 25
 1 1 10.416667 1.000000 65
 1 1 12.083333 1.000000 69
 1 0 13.750000 1.000000 72
 1 1 5.416667 1.000000 53
 0 1 11.250000 1.000000 27
 1207949.100010 2
 1 0 7.083333 1.000000 56
 0 0 9.583333 1.000000 22
 1004671.364894 3
 4 0 9.583333 1.000000 182
 1 1 12.916667 1.000000 71
 1 0 0.416667 1.000000 40
 481729.457249 2
 1 0 8.750000 1.000000 60
 1 1 3.750000 1.000000 49
 866991.790806 8
 0 1 15.416667 1.000000 37
 1 1 15.416667 1.000000 77
 0 0 7.916667 1.000000 18
 1 1 6.250000 1.000000 55
 0 0 10.416667 1.000000 24
 0 0 4.583333 1.000000 10
 3 1 15.416667 1.000000 157
 1 0 7.916667 1.000000 58
 1148995.205215 5
 1 1 13.750000 1.000000 73
 0 1 2.916667 1.000000 7
 7 1 6.250000 1.000000 295
 2 0 0.416667 1.000000 80
 0 1 15.416667 1.000000 37
 1412831.457133 7
 1 0 5.416667 1.000000 52
 0 1 2.083333 1.000000 5
 1 0 11.250000 1.000000 66
 0 0 13.750000 1.000000 32
 0 0 12.916667 1.000000 30
 0 1 12.083333 1.000000 29
 1 0 12.916667 1.000000 70
 1848637.670785 2
 1 1 0.416667 1.000000 41
 1 0 7.916667 1.000000 58
 685910.074267 2
 1 0 2.916667 1.000000 46
 3 1 11.250000 1.000000 147
 140055.933492 7
 1 1 8.750000 1.000000 61
 1 0 12.916667 1.000000 70
 1 1 12.916667 1.000000 71
 1 1 13.750000 1.000000 73
 1 1 12.083333 1.000000 69
 6 1 1.250000 1.000000 243
 1 1 5.416667 1.000000 53
 1287160.429474 9
 0 0 2.083333 1.000000 4
 0 1 16.250000 1.000000 39
 1 0 16.250000 1.000000 78
 1 0 3.750000 1.000000 48
 1 1 8.750000 1.000000 61
 9 1 12.916667 1.000000 391
 1 1 13.750000 1.000000 73
 1 1 4.583333 1.000000 51
 2 0 10.416667 1.000000 104
 578495.151335 5
 1 0 10.416667 1.000000 64
 1 0 7.916667 1.000000 58
 1 0 11.250000 1.000000 66
 1 0 1.250000 1.000000 42
 1 1 2.083333 1.000000 45
 1358554.373346 6
 0 1 13.750000 1.000000 33
 2 0 5.416667 1.000000 92
 9 1 10.416667 1.000000 385
 1 1 7.916667 1.000000 59
 3 0 15.416667 1.000000 156
 1 1 1.250000 1.000000 43
 530836.181385 6
 3 0 15.416667 1.000000 156
 0 1 5.416667 1.000000 13
 1 0 15.416667 1.000000 76
 3 1 16.250000 1.000000 159
 1 0 7.916667 1.000000 58
 1 1 12.083333 1.000000 69
 1474908.981395 9
 0 1 1.250000 1.000000 3
 1 0 2.083333 1.000000 44
 0 1 12.083333 1.000000 29
 1 1 2.916667 1.000000 47
 2 1 3.750000 1.000000 89
 1 1 0.416667 1.000000 41
 0 0 15.416667 1.000000 36
 0 0 12.916667 1.000000 30
 1 1 12.916667 1.000000 71
 571995.571168 4
 0 1 12.083333 1.000000 29
 6 1 7.083333 1.000000 257
 0 1 16.250000 1.000000 39
 1 1 7.916667 1.000000 59
 72616.865296 8
 2 0 0.416667 1.000000 80
 0 1 7.083333 1.000000 17
 1 0 5.416667 1.000000 52
 1 1 11.250000 1.000000 67
 0 1 16.250000 1.000000 39
 2 1 0.416667 1.000000 81
 6 1 12.916667 1.000000 271
 1 0 13.750000 1.000000 72
 906144.696654 7
 6 1 7.083333 1.000000 257
 0 1 1.250000 1.000000 3
 1 0 0.416667 1.000000 40
 7 1 0.416667 1.000000 281
 0 1 7.083333 1.000000 17
 0 0 11.250000 1.000000 26
 5 0 15.416667 1.000000 236
 697336.466600 3
 1 1 8.750000 1.000000 61
 9 1 2.083333 1.000000 365
 0 0 9.583333 1.000000 22
 1999580.761250 7
 1 1 14.583333 1.000000 75
 1 0 4.583333 1.000000 50
 3 1 10.416667 1.000000 145
 1 1 4.583333 1.000000 51
 1 0 2.083333 1.000000 44
 0 0 2.083333 1.000000 4
 6 0 3.750000 1.000000 248
 629678.798555 5
 0 0 1.250000 1.000000 2
 1 1 6.250000 1.000000 55
 1 0 3.750000 1.000000 48
 0 1 12.083333 1.000000 29
 0 1 12.916667 1.000000 31
 411914.215727 5
 1 0 6.250000 1.000000 54
 1 1 15.416667 1.000000 77
 0 0 2.083333 1.000000 4
 0 1 11.250000 1.000000 27
 0 1 0.416667 1.000000 1
 174050.022556 3
 1 0 16.250000 1.000000 78
 0 1 11.250000 1.000000 27
 3 1 5.416667 1.000000 133