 Numero de pedidos 
 50
 duedate num_referencias // pasillo lado altura peso
 907671.835324 21
 6 1 72.500000 1.307258 221
 7 0 12.500000 2.201780 228
 2 1 2.500000 1.684716 65
 1 1 77.500000 2.896492 63
 6 1 2.500000 2.841650 193
 8 1 27.500000 1.232291 267
 0 1 27.500000 1.017144 11
 4 1 57.500000 2.949080 151
 1 0 7.500000 1.279681 34
 8 0 12.500000 2.598398 260
 11 1 47.500000 2.750819 371
 9 0 72.500000 1.217078 316
 4 0 57.500000 2.631929 150
 3 0 42.500000 1.562277 112
 10 1 27.500000 2.264727 331
 9 0 27.500000 1.493128 298
 2 0 22.500000 2.204476 72
 3 1 22.500000 1.793155 105
 6 1 77.500000 2.935746 223
 5 1 77.500000 1.664366 191
 5 1 32.500000 2.843756 173
 1213333.013213 11
 4 0 12.500000 1.399491 132
 2 0 2.500000 2.841989 64
 10 0 77.500000 2.814139 350
 11 0 67.500000 1.788020 378
 7 0 2.500000 1.164051 224
 7 0 52.500000 1.447979 244
 4 0 52.500000 1.149536 148
 5 0 42.500000 2.598513 176
 2 1 2.500000 1.684716 65
 3 1 12.500000 2.525134 101
 3 0 2.500000 1.388299 96
 427242.415020 12
 7 1 12.500000 2.821628 229
 9 0 47.500000 2.615053 306
 9 0 62.500000 1.603570 312
 1 1 77.500000 2.896492 63
 9 1 77.500000 2.450487 319
 9 0 52.500000 1.245973 308
 10 1 27.500000 2.264727 331
 10 1 17.500000 1.428170 327
 8 0 77.500000 2.530447 286
 0 1 62.500000 2.467138 25
 6 0 7.500000 2.159308 194
 0 1 72.500000 1.582958 29
 1086104.642118 22
 8 0 22.500000 2.447507 264
 6 1 22.500000 1.749802 201
 0 0 67.500000 1.041910 26
 1 1 77.500000 2.896492 63
 9 0 27.500000 1.493128 298
 0 0 47.500000 1.674162 18
 6 0 17.500000 2.350492 198
 2 0 47.500000 2.054097 82
 8 1 77.500000 1.329527 287
 6 1 2.500000 2.841650 193
 4 0 27.500000 2.810337 138
 4 0 77.500000 1.071681 158
 9 0 7.500000 2.397898 290
 3 0 17.500000 2.247957 102
 2 1 22.500000 1.192555 73
 8 0 27.500000 2.707747 266
 11 1 12.500000 2.966224 357
 10 0 77.500000 2.814139 350
 10 0 2.500000 2.178914 320
 3 0 37.500000 1.387136 110
 2 0 62.500000 2.101586 88
 10 0 32.500000 2.943242 332
 382444.161467 13
 7 0 17.500000 2.677999 230
 0 1 27.500000 1.017144 11
 9 0 62.500000 1.603570 312
 0 0 2.500000 2.513104 0
 3 0 42.500000 1.562277 112
 8 0 77.500000 2.530447 286
 5 1 42.500000 1.436653 177
 8 0 7.500000 1.331059 258
 4 0 57.500000 2.631929 150
 8 0 12.500000 2.598398 260
 0 1 52.500000 1.202990 21
 8 1 27.500000 1.232291 267
 3 1 77.500000 2.115681 127
 258854.173151 17
 5 0 37.500000 2.198201 174
 5 0 57.500000 2.628403 182
 7 1 62.500000 1.145876 249
 11 1 12.500000 2.966224 357
 7 0 12.500000 2.201780 228
 8 1 27.500000 1.232291 267
 1 1 32.500000 2.094740 45
 10 1 72.500000 2.913858 349
 4 1 37.500000 2.701338 143
 0 0 72.500000 2.980490 28
 9 0 62.500000 1.603570 312
 6 1 22.500000 1.749802 201
 2 0 12.500000 2.557360 68
 2 0 47.500000 2.054097 82
 10 1 17.500000 1.428170 327
 4 1 57.500000 2.949080 151
 10 0 27.500000 1.719220 330
 1815586.375825 24
 8 0 27.500000 2.707747 266
 7 1 12.500000 2.821628 229
 0 0 12.500000 2.488387 4
 8 0 12.500000 2.598398 260
 7 1 62.500000 1.145876 249
 10 0 52.500000 1.209096 340
 4 0 42.500000 1.566677 144
 4 1 17.500000 1.017808 135
 2 0 62.500000 2.101586 88
 4 0 77.500000 1.071681 158
 2 0 47.500000 2.054097 82
 4 1 57.500000 2.949080 151
 3 0 62.500000 1.844532 120
 10 0 62.500000 1.810051 344
 5 1 37.500000 2.663617 175
 9 0 57.500000 2.804262 310
 11 1 12.500000 2.966224 357
 8 1 27.500000 1.232291 267
 7 0 12.500000 2.201780 228
 9 0 52.500000 1.245973 308
 11 0 27.500000 1.791008 362
 10 1 52.500000 1.760051 341
 5 0 2.500000 1.518746 160
 1 1 77.500000 2.896492 63
 1752150.300644 23
 2 1 47.500000 2.546759 83
 7 0 17.500000 2.677999 230
 9 0 62.500000 1.603570 312
 4 0 32.500000 2.366298 140
 10 0 57.500000 2.207113 342
 2 0 67.500000 1.856351 90
 8 0 32.500000 2.728204 268
 0 0 62.500000 2.706910 24
 2 1 27.500000 1.140098 75
 11 0 67.500000 1.788020 378
 11 1 12.500000 2.966224 357
 10 1 17.500000 1.428170 327
 9 0 27.500000 1.493128 298
 4 0 12.500000 1.399491 132
 3 0 42.500000 1.562277 112
 10 1 72.500000 2.913858 349
 0 0 27.500000 2.842115 10
 3 0 2.500000 1.388299 96
 8 0 77.500000 2.530447 286
 9 0 57.500000 2.804262 310
 6 0 12.500000 1.190758 196
 3 0 62.500000 1.844532 120
 9 1 42.500000 2.232693 305
 299954.044195 25
 7 1 12.500000 2.821628 229
 0 1 62.500000 2.467138 25
 2 1 2.500000 1.684716 65
 8 0 7.500000 1.331059 258
 6 1 27.500000 2.941945 203
 4 0 32.500000 2.366298 140
 8 1 77.500000 1.329527 287
 4 0 12.500000 1.399491 132
 8 0 12.500000 2.598398 260
 5 0 37.500000 2.198201 174
 2 0 2.500000 2.841989 64
 0 0 62.500000 2.706910 24
 10 1 72.500000 2.913858 349
 1 1 77.500000 2.896492 63
 5 1 52.500000 1.869402 181
 4 1 27.500000 1.684585 139
 10 0 52.500000 1.209096 340
 9 1 77.500000 2.450487 319
 8 1 27.500000 1.232291 267
 3 1 57.500000 1.152805 119
 4 0 27.500000 2.810337 138
 0 1 27.500000 1.017144 11
 9 1 67.500000 2.845864 315
 0 0 72.500000 2.980490 28
 11 1 12.500000 2.966224 357
 722503.091098 4
 9 1 77.500000 2.450487 319
 1 1 77.500000 2.896492 63
 8 1 27.500000 1.232291 267
 9 0 72.500000 1.217078 316
 1121189.561859 17
 6 1 77.500000 2.935746 223
 7 0 12.500000 2.201780 228
 6 1 72.500000 1.307258 221
 10 1 67.500000 2.841084 347
 4 0 12.500000 1.399491 132
 11 0 67.500000 1.788020 378
 5 0 27.500000 2.848248 170
 7 0 17.500000 2.677999 230
 7 1 12.500000 2.821628 229
 3 1 67.500000 2.635325 123
 5 1 22.500000 2.898053 169
 10 1 17.500000 1.428170 327
 9 0 47.500000 2.615053 306
 2 0 32.500000 2.469344 76
 10 1 37.500000 1.902844 335
 7 1 22.500000 1.666636 233
 3 0 22.500000 1.898945 104
 1382414.343740 8
 9 1 22.500000 1.761500 297
 9 1 37.500000 2.183329 303
 11 1 57.500000 2.746739 375
 9 1 32.500000 2.450388 301
 10 1 72.500000 2.913858 349
 11 0 67.500000 1.788020 378
 8 0 27.500000 2.707747 266
 5 0 37.500000 2.198201 174
 1569142.978736 8
 9 1 2.500000 1.904866 289
 4 0 42.500000 1.566677 144
 8 0 7.500000 1.331059 258
 9 1 77.500000 2.450487 319
 9 1 37.500000 2.183329 303
 3 1 57.500000 1.152805 119
 4 1 2.500000 1.448638 129
 7 1 57.500000 1.323369 247
 674996.911043 15
 4 0 37.500000 1.956690 142
 2 1 37.500000 2.111470 79
 8 0 47.500000 2.599835 274
 9 0 57.500000 2.804262 310
 6 1 77.500000 2.935746 223
 10 0 2.500000 2.178914 320
 5 1 52.500000 1.869402 181
 8 0 72.500000 2.591987 284
 8 1 27.500000 1.232291 267
 9 0 62.500000 1.603570 312
 7 1 37.500000 1.496393 239
 9 1 77.500000 2.450487 319
 2 1 77.500000 2.112725 95
 6 1 72.500000 1.307258 221
 0 1 27.500000 1.017144 11
 1401055.419129 4
 9 0 62.500000 1.603570 312
 0 0 72.500000 2.980490 28
 1 0 37.500000 1.299186 46
 9 0 77.500000 2.445471 318
 101229.637778 2
 5 0 67.500000 1.458603 186
 5 1 77.500000 1.664366 191
 1857521.880408 2
 9 0 47.500000 2.615053 306
 11 1 12.500000 2.966224 357
 1691083.624759 9
 1 0 67.500000 1.762423 58
 8 0 67.500000 1.680619 282
 3 1 57.500000 1.152805 119
 9 0 62.500000 1.603570 312
 5 0 42.500000 2.598513 176
 9 1 37.500000 2.183329 303
 11 1 12.500000 2.966224 357
 3 0 42.500000 1.562277 112
 6 1 27.500000 2.941945 203
 583695.169959 2
 0 1 27.500000 1.017144 11
 2 1 22.500000 1.192555 73
 994287.132804 7
 9 0 77.500000 2.445471 318
 0 0 72.500000 2.980490 28
 5 1 32.500000 2.843756 173
 7 0 67.500000 2.064344 250
 9 1 37.500000 2.183329 303
 2 1 47.500000 2.546759 83
 2 0 2.500000 2.841989 64
 896423.397742 1
 3 0 62.500000 1.844532 120
 1006713.014099 30
 4 1 57.500000 2.949080 151
 3 0 12.500000 2.331372 100
 9 1 2.500000 1.904866 289
 4 1 52.500000 2.498443 149
 7 0 17.500000 2.677999 230
 9 0 57.500000 2.804262 310
 2 1 37.500000 2.111470 79
 2 0 47.500000 2.054097 82
 0 0 72.500000 2.980490 28
 2 1 22.500000 1.192555 73
 11 1 47.500000 2.750819 371
 6 1 27.500000 2.941945 203
 8 0 22.500000 2.447507 264
 2 1 62.500000 1.669338 89
 4 1 37.500000 2.701338 143
 4 0 27.500000 2.810337 138
 7 0 12.500000 2.201780 228
 2 1 32.500000 1.851213 77
 11 1 42.500000 1.510447 369
 0 0 67.500000 1.041910 26
 8 1 7.500000 1.701791 259
 6 1 77.500000 2.935746 223
 6 1 32.500000 2.267050 205
 8 1 27.500000 1.232291 267
 7 1 22.500000 1.666636 233
 4 0 42.500000 1.566677 144
 8 0 7.500000 1.331059 258
 0 1 7.500000 2.060817 3
 2 1 2.500000 1.684716 65
 3 1 47.500000 1.483646 115
 1529197.241147 20
 5 1 77.500000 1.664366 191
 1 0 52.500000 1.444944 52
 8 1 27.500000 1.232291 267
 5 1 52.500000 1.869402 181
 8 0 12.500000 2.598398 260
 4 0 12.500000 1.399491 132
 1 1 77.500000 2.896492 63
 10 0 2.500000 2.178914 320
 10 1 72.500000 2.913858 349
 10 0 32.500000 2.943242 332
 9 1 52.500000 2.740897 309
 6 0 12.500000 1.190758 196
 4 0 27.500000 2.810337 138
 3 0 2.500000 1.388299 96
 4 0 42.500000 1.566677 144
 10 1 27.500000 2.264727 331
 3 0 52.500000 2.665463 116
 0 1 32.500000 1.630384 13
 0 1 72.500000 1.582958 29
 0 1 27.500000 1.017144 11
 1263020.054187 31
 1 0 52.500000 1.444944 52
 7 0 17.500000 2.677999 230
 4 0 12.500000 1.399491 132
 0 1 57.500000 2.679325 23
 11 0 37.500000 2.151619 366
 3 0 42.500000 1.562277 112
 4 1 57.500000 2.949080 151
 5 1 52.500000 1.869402 181
 5 1 77.500000 1.664366 191
 10 0 32.500000 2.943242 332
 8 1 77.500000 1.329527 287
 9 0 52.500000 1.245973 308
 9 0 57.500000 2.804262 310
 6 1 77.500000 2.935746 223
 8 0 7.500000 1.331059 258
 7 0 72.500000 2.378095 252
 10 1 27.500000 2.264727 331
 11 0 67.500000 1.788020 378
 4 0 77.500000 1.071681 158
 10 1 37.500000 1.902844 335
 2 1 47.500000 2.546759 83
 4 1 2.500000 1.448638 129
 10 1 72.500000 2.913858 349
 4 1 52.500000 2.498443 149
 2 0 47.500000 2.054097 82
 11 0 12.500000 1.421292 356
 0 1 2.500000 1.419332 1
 0 1 37.500000 1.339146 15
 1 1 77.500000 2.896492 63
 0 1 27.500000 1.017144 11
 9 0 2.500000 2.432666 288
 1578514.147335 14
 9 0 27.500000 1.493128 298
 2 0 2.500000 2.841989 64
 2 0 37.500000 1.707115 78
 5 1 77.500000 1.664366 191
 5 1 62.500000 2.146068 185
 3 1 57.500000 1.152805 119
 7 0 12.500000 2.201780 228
 11 1 47.500000 2.750819 371
 9 1 2.500000 1.904866 289
 8 0 12.500000 2.598398 260
 10 0 2.500000 2.178914 320
 8 1 27.500000 1.232291 267
 2 1 22.500000 1.192555 73
 11 1 32.500000 1.688813 365
 778468.770412 27
 4 1 57.500000 2.949080 151
 3 1 57.500000 1.152805 119
 0 0 2.500000 2.513104 0
 10 1 32.500000 1.313728 333
 8 0 37.500000 2.080563 270
 5 0 12.500000 1.313538 164
 2 1 32.500000 1.851213 77
 11 0 67.500000 1.788020 378
 10 0 2.500000 2.178914 320
 4 1 67.500000 1.241137 155
 4 1 77.500000 1.266479 159
 4 1 2.500000 1.448638 129
 1 0 7.500000 1.279681 34
 4 0 27.500000 2.810337 138
 11 1 12.500000 2.966224 357
 8 0 7.500000 1.331059 258
 4 1 37.500000 2.701338 143
 5 0 32.500000 2.126006 172
 0 1 27.500000 1.017144 11
 9 0 47.500000 2.615053 306
 6 1 77.500000 2.935746 223
 10 1 12.500000 1.271247 325
 9 1 17.500000 1.180668 295
 10 0 72.500000 1.206673 348
 11 1 7.500000 1.961670 355
 9 0 62.500000 1.603570 312
 9 0 77.500000 2.445471 318
 1320857.813806 13
 0 0 72.500000 2.980490 28
 11 1 47.500000 2.750819 371
 11 1 52.500000 2.099572 373
 8 0 12.500000 2.598398 260
 10 1 52.500000 1.760051 341
 9 1 62.500000 2.753168 313
 0 1 62.500000 2.467138 25
 8 0 77.500000 2.530447 286
 11 0 67.500000 1.788020 378
 0 0 22.500000 2.137071 8
 9 0 47.500000 2.615053 306
 8 0 7.500000 1.331059 258
 10 0 2.500000 2.178914 320
 328372.374982 13
 5 0 42.500000 2.598513 176
 9 1 37.500000 2.183329 303
 7 1 17.500000 2.176806 231
 8 1 27.500000 1.232291 267
 6 1 77.500000 2.935746 223
 0 1 62.500000 2.467138 25
 4 0 12.500000 1.399491 132
 10 1 77.500000 2.585947 351
 11 0 27.500000 1.791008 362
 3 0 7.500000 2.780966 98
 1 1 27.500000 1.807326 43
 3 0 12.500000 2.331372 100
 1 1 57.500000 1.178883 55
 1787709.610624 28
 9 0 62.500000 1.603570 312
 10 1 52.500000 1.760051 341
 0 0 62.500000 2.706910 24
 10 0 77.500000 2.814139 350
 3 0 2.500000 1.388299 96
 4 1 7.500000 1.730456 131
 3 0 17.500000 2.247957 102
 8 0 7.500000 1.331059 258
 10 1 37.500000 1.902844 335
 1 0 67.500000 1.762423 58
 8 1 37.500000 1.133086 271
 10 0 2.500000 2.178914 320
 5 0 2.500000 1.518746 160
 6 1 27.500000 2.941945 203
 9 1 77.500000 2.450487 319
 10 0 32.500000 2.943242 332
 11 1 12.500000 2.966224 357
 2 1 47.500000 2.546759 83
 2 0 22.500000 2.204476 72
 6 1 77.500000 2.935746 223
 4 1 37.500000 2.701338 143
 11 0 67.500000 1.788020 378
 11 1 22.500000 1.336802 361
 5 1 77.500000 1.664366 191
 4 1 52.500000 2.498443 149
 8 1 67.500000 2.220504 283
 6 1 72.500000 1.307258 221
 6 1 52.500000 1.310512 213
 1560736.717042 22
 2 1 22.500000 1.192555 73
 11 1 47.500000 2.750819 371
 9 1 22.500000 1.761500 297
 6 0 2.500000 2.699466 192
 10 0 52.500000 1.209096 340
 10 1 72.500000 2.913858 349
 1 0 52.500000 1.444944 52
 0 1 62.500000 2.467138 25
 9 0 7.500000 2.397898 290
 8 1 17.500000 2.183830 263
 4 1 2.500000 1.448638 129
 9 0 52.500000 1.245973 308
 1 0 67.500000 1.762423 58
 0 1 27.500000 1.017144 11
 9 1 27.500000 2.099814 299
 4 1 37.500000 2.701338 143
 6 0 12.500000 1.190758 196
 2 0 47.500000 2.054097 82
 4 0 27.500000 2.810337 138
 7 0 12.500000 2.201780 228
 4 0 12.500000 1.399491 132
 6 1 72.500000 1.307258 221
 1369860.287965 12
 10 0 77.500000 2.814139 350
 10 1 72.500000 2.913858 349
 2 1 52.500000 1.412289 85
 2 1 22.500000 1.192555 73
 10 1 22.500000 1.052384 329
 2 1 32.500000 1.851213 77
 9 0 32.500000 1.646964 300
 7 1 12.500000 2.821628 229
 6 1 27.500000 2.941945 203
 3 0 12.500000 2.331372 100
 9 1 37.500000 2.183329 303
 9 0 62.500000 1.603570 312
 1898184.479651 20
 3 1 57.500000 1.152805 119
 1 0 52.500000 1.444944 52
 10 0 32.500000 2.943242 332
 6 1 27.500000 2.941945 203
 2 1 32.500000 1.851213 77
 5 1 32.500000 2.843756 173
 9 0 27.500000 1.493128 298
 4 1 37.500000 2.701338 143
 9 0 47.500000 2.615053 306
 5 0 37.500000 2.198201 174
 4 1 2.500000 1.448638 129
 3 0 42.500000 1.562277 112
 8 1 27.500000 1.232291 267
 7 0 17.500000 2.677999 230
 2 0 47.500000 2.054097 82
 10 0 52.500000 1.209096 340
 4 0 27.500000 2.810337 138
 3 0 2.500000 1.388299 96
 4 1 62.500000 1.959188 153
 5 1 77.500000 1.664366 191
 1337387.598538 33
 9 0 47.500000 2.615053 306
 8 0 77.500000 2.530447 286
 6 1 72.500000 1.307258 221
 2 0 47.500000 2.054097 82
 8 1 27.500000 1.232291 267
 0 0 27.500000 2.842115 10
 3 0 2.500000 1.388299 96
 4 0 27.500000 2.810337 138
 6 0 52.500000 1.148971 212
 10 0 72.500000 1.206673 348
 0 1 67.500000 1.118633 27
 1 0 52.500000 1.444944 52
 11 1 7.500000 1.961670 355
 11 1 47.500000 2.750819 371
 6 1 62.500000 1.500692 217
 9 0 77.500000 2.445471 318
 10 0 2.500000 2.178914 320
 4 1 57.500000 2.949080 151
 5 1 77.500000 1.664366 191
 10 0 32.500000 2.943242 332
 10 1 37.500000 1.902844 335
 4 1 37.500000 2.701338 143
 11 0 67.500000 1.788020 378
 6 1 27.500000 2.941945 203
 4 1 2.500000 1.448638 129
 10 0 52.500000 1.209096 340
 6 1 37.500000 1.191767 207
 3 0 42.500000 1.562277 112
 2 1 2.500000 1.684716 65
 8 0 12.500000 2.598398 260
 8 1 77.500000 1.329527 287
 1 1 77.500000 2.896492 63
 10 0 77.500000 2.814139 350
 306407.821619 4
 4 1 77.500000 1.266479 159
 3 1 22.500000 1.793155 105
 2 1 2.500000 1.684716 65
 10 0 32.500000 2.943242 332
 1827414.652904 16
 8 0 7.500000 1.331059 258
 11 1 52.500000 2.099572 373
 9 0 67.500000 1.032159 314
 0 0 67.500000 1.041910 26
 10 1 12.500000 1.271247 325
 3 0 22.500000 1.898945 104
 9 1 37.500000 2.183329 303
 2 1 7.500000 2.273914 67
 4 1 2.500000 1.448638 129
 11 1 17.500000 2.635191 359
 3 0 42.500000 1.562277 112
 8 0 22.500000 2.447507 264
 3 1 57.500000 1.152805 119
 9 1 67.500000 2.845864 315
 5 1 52.500000 1.869402 181
 8 0 12.500000 2.598398 260
 945368.971687 3
 8 0 77.500000 2.530447 286
 0 0 67.500000 1.041910 26
 5 1 52.500000 1.869402 181
 1674285.748319 19
 1 0 52.500000 1.444944 52
 10 0 32.500000 2.943242 332
 10 0 57.500000 2.207113 342
 11 0 67.500000 1.788020 378
 9 0 77.500000 2.445471 318
 0 1 27.500000 1.017144 11
 5 0 32.500000 2.126006 172
 6 0 57.500000 2.173034 214
 2 1 47.500000 2.546759 83
 0 1 57.500000 2.679325 23
 2 1 22.500000 1.192555 73
 9 0 57.500000 2.804262 310
 9 1 17.500000 1.180668 295
 9 1 2.500000 1.904866 289
 8 1 27.500000 1.232291 267
 7 1 12.500000 2.821628 229
 11 1 12.500000 2.966224 357
 8 0 12.500000 2.598398 260
 2 1 2.500000 1.684716 65
 1813533.202006 1
 4 0 42.500000 1.566677 144
 846486.784577 2
 5 1 52.500000 1.869402 181
 1 0 67.500000 1.762423 58
 1128502.817922 22
 6 1 72.500000 1.307258 221
 11 0 67.500000 1.788020 378
 0 0 62.500000 2.706910 24
 2 0 47.500000 2.054097 82
 10 1 37.500000 1.902844 335
 9 0 47.500000 2.615053 306
 4 1 57.500000 2.949080 151
 10 0 52.500000 1.209096 340
 5 0 42.500000 2.598513 176
 2 0 42.500000 2.792434 80
 2 0 62.500000 2.101586 88
 4 0 12.500000 1.399491 132
 8 0 77.500000 2.530447 286
 11 0 42.500000 2.383448 368
 6 1 27.500000 2.941945 203
 10 1 2.500000 2.569256 321
 10 1 52.500000 1.760051 341
 10 1 27.500000 2.264727 331
 9 0 77.500000 2.445471 318
 3 0 2.500000 1.388299 96
 6 0 67.500000 2.002358 218
 8 0 22.500000 2.447507 264
 689598.449976 32
 7 0 12.500000 2.201780 228
 0 0 72.500000 2.980490 28
 0 0 77.500000 2.194708 30
 9 0 27.500000 1.493128 298
 0 0 62.500000 2.706910 24
 10 1 52.500000 1.760051 341
 8 1 27.500000 1.232291 267
 8 0 7.500000 1.331059 258
 7 0 67.500000 2.064344 250
 0 1 27.500000 1.017144 11
 5 0 42.500000 2.598513 176
 5 1 77.500000 1.664366 191
 7 0 17.500000 2.677999 230
 2 1 22.500000 1.192555 73
 10 0 32.500000 2.943242 332
 11 1 62.500000 2.582711 377
 1 1 62.500000 1.249749 57
 5 1 17.500000 2.224421 167
 7 1 22.500000 1.666636 233
 8 0 22.500000 2.447507 264
 7 1 12.500000 2.821628 229
 6 1 27.500000 2.941945 203
 11 1 12.500000 2.966224 357
 11 1 47.500000 2.750819 371
 1 0 52.500000 1.444944 52
 10 1 72.500000 2.913858 349
 3 0 2.500000 1.388299 96
 2 1 32.500000 1.851213 77
 0 1 37.500000 1.339146 15
 2 1 47.500000 2.546759 83
 2 0 62.500000 2.101586 88
 5 0 27.500000 2.848248 170
 1706983.651904 11
 3 0 42.500000 1.562277 112
 0 1 42.500000 1.152462 17
 3 1 22.500000 1.793155 105
 7 0 17.500000 2.677999 230
 7 0 12.500000 2.201780 228
 4 1 17.500000 1.017808 135
 10 1 52.500000 1.760051 341
 1 0 67.500000 1.762423 58
 9 0 77.500000 2.445471 318
 5 1 52.500000 1.869402 181
 11 0 67.500000 1.788020 378
 1190487.992852 14
 4 0 12.500000 1.399491 132
 11 1 62.500000 2.582711 377
 9 0 52.500000 1.245973 308
 3 0 12.500000 2.331372 100
 11 0 67.500000 1.788020 378
 7 0 12.500000 2.201780 228
 9 0 57.500000 2.804262 310
 2 1 2.500000 1.684716 65
 8 0 22.500000 2.447507 264
 4 0 42.500000 1.566677 144
 7 0 17.500000 2.677999 230
 3 1 57.500000 1.152805 119
 6 1 32.500000 2.267050 205
 8 1 27.500000 1.232291 267
 612441.677978 16
 6 1 72.500000 1.307258 221
 2 1 2.500000 1.684716 65
 7 0 12.500000 2.201780 228
 7 1 42.500000 2.459509 241
 1 0 67.500000 1.762423 58
 9 1 2.500000 1.904866 289
 11 1 47.500000 2.750819 371
 4 1 52.500000 2.498443 149
 9 1 62.500000 2.753168 313
 4 1 37.500000 2.701338 143
 4 0 42.500000 1.566677 144
 8 0 12.500000 2.598398 260
 2 1 47.500000 2.546759 83
 6 0 67.500000 2.002358 218
 7 1 22.500000 1.666636 233
 9 0 62.500000 1.603570 312
 1884945.558610 25
 8 1 27.500000 1.232291 267
 11 1 47.500000 2.750819 371
 4 1 52.500000 2.498443 149
 4 1 2.500000 1.448638 129
 3 0 2.500000 1.388299 96
 8 0 7.500000 1.331059 258
 11 0 67.500000 1.788020 378
 7 1 22.500000 1.666636 233
 8 0 77.500000 2.530447 286
 9 0 52.500000 1.245973 308
 3 0 12.500000 2.331372 100
 10 1 17.500000 1.428170 327
 5 1 77.500000 1.664366 191
 10 1 52.500000 1.760051 341
 1 1 52.500000 2.121224 53
 9 0 57.500000 2.804262 310
 11 1 17.500000 2.635191 359
 11 0 52.500000 1.565526 372
 2 1 37.500000 2.111470 79
 8 1 77.500000 1.329527 287
 11 0 7.500000 1.787583 354
 5 1 52.500000 1.869402 181
 9 1 2.500000 1.904866 289
 10 1 27.500000 2.264727 331
 3 0 62.500000 1.844532 120
 99770.295089 15
 2 1 32.500000 1.851213 77
 4 1 57.500000 2.949080 151
 9 1 37.500000 2.183329 303
 4 0 27.500000 2.810337 138
 5 1 32.500000 2.843756 173
 5 1 52.500000 1.869402 181
 2 0 47.500000 2.054097 82
 4 1 7.500000 1.730456 131
 0 0 62.500000 2.706910 24
 2 1 72.500000 2.409032 93
 3 0 12.500000 2.331372 100
 11 0 72.500000 2.944650 380
 4 0 42.500000 1.566677 144
 10 1 32.500000 1.313728 333
 2 0 62.500000 2.101586 88
 868069.816357 19
 10 1 37.500000 1.902844 335
 3 0 42.500000 1.562277 112
 9 0 47.500000 2.615053 306
 6 1 27.500000 2.941945 203
 2 0 2.500000 2.841989 64
 5 0 57.500000 2.628403 182
 0 0 62.500000 2.706910 24
 5 1 77.500000 1.664366 191
 7 0 17.500000 2.677999 230
 9 1 27.500000 2.099814 299
 8 0 22.500000 2.447507 264
 11 0 67.500000 1.788020 378
 0 0 72.500000 2.980490 28
 2 0 47.500000 2.054097 82
 6 1 77.500000 2.935746 223
 9 0 77.500000 2.445471 318
 11 1 52.500000 2.099572 373
 0 1 62.500000 2.467138 25
 1 1 32.500000 2.094740 45
 1284702.806233 25
 1 0 67.500000 1.762423 58
 10 1 17.500000 1.428170 327
 5 0 2.500000 1.518746 160
 8 0 27.500000 2.707747 266
 10 1 27.500000 2.264727 331
 0 0 67.500000 1.041910 26
 3 0 62.500000 1.844532 120
 11 1 12.500000 2.966224 357
 2 1 2.500000 1.684716 65
 0 0 22.500000 2.137071 8
 10 1 22.500000 1.052384 329
 10 0 2.500000 2.178914 320
 4 1 37.500000 2.701338 143
 5 0 77.500000 2.028424 190
 9 1 37.500000 2.183329 303
 10 1 72.500000 2.913858 349
 8 0 77.500000 2.530447 286
 3 0 2.500000 1.388299 96
 2 0 62.500000 2.101586 88
 2 0 2.500000 2.841989 64
 0 1 62.500000 2.467138 25
 10 1 52.500000 1.760051 341
 10 0 52.500000 1.209096 340
 5 1 52.500000 1.869402 181
 11 1 47.500000 2.750819 371
 1121615.814679 12
 10 0 2.500000 2.178914 320
 0 0 2.500000 2.513104 0
 10 1 37.500000 1.902844 335
 3 0 37.500000 1.387136 110
 11 0 52.500000 1.565526 372
 9 0 52.500000 1.245973 308
 8 0 12.500000 2.598398 260
 3 0 62.500000 1.844532 120
 10 1 27.500000 2.264727 331
 10 0 32.500000 2.943242 332
 0 0 12.500000 2.488387 4
 4 0 27.500000 2.810337 138
 533823.230441 30
 8 1 17.500000 2.183830 263
 3 0 52.500000 2.665463 116
 10 1 52.500000 1.760051 341
 5 1 77.500000 1.664366 191
 3 0 62.500000 1.844532 120
 0 0 72.500000 2.980490 28
 0 1 42.500000 1.152462 17
 9 0 62.500000 1.603570 312
 8 0 7.500000 1.331059 258
 7 0 77.500000 1.077513 254
 10 0 52.500000 1.209096 340
 4 0 62.500000 1.523889 152
 8 0 12.500000 2.598398 260
 2 1 47.500000 2.546759 83
 2 1 22.500000 1.192555 73
 8 1 27.500000 1.232291 267
 5 0 37.500000 2.198201 174
 9 0 52.500000 1.245973 308
 9 0 37.500000 1.501974 302
 4 0 27.500000 2.810337 138
 1 0 37.500000 1.299186 46
 10 1 62.500000 1.630718 345
 10 0 2.500000 2.178914 320
 5 1 37.500000 2.663617 175
 1 0 52.500000 1.444944 52
 7 1 12.500000 2.821628 229
 10 1 17.500000 1.428170 327
 10 0 37.500000 2.354105 334
 2 1 2.500000 1.684716 65
 0 1 37.500000 1.339146 15