 Numero de pedidos 
 50
 duedate num_referencias // pasillo lado altura peso
 368369.210776 30
 11 0 72.500000 2.402412 380
 9 1 57.500000 2.223686 311
 0 1 22.500000 2.683364 9
 2 1 52.500000 2.351360 85
 5 1 67.500000 2.084434 187
 2 0 22.500000 2.325938 72
 7 1 2.500000 2.922415 225
 0 0 17.500000 2.514997 6
 10 1 57.500000 1.054651 343
 1 0 67.500000 1.240615 58
 10 1 72.500000 1.016674 349
 5 0 52.500000 2.665035 180
 5 1 57.500000 2.044936 183
 2 0 72.500000 1.248001 92
 3 0 12.500000 1.100097 100
 0 0 32.500000 2.403953 12
 9 0 62.500000 1.423995 312
 10 0 7.500000 1.890954 322
 7 0 72.500000 2.753420 252
 10 0 27.500000 1.378301 330
 4 1 67.500000 2.289716 155
 10 1 77.500000 1.834669 351
 6 1 42.500000 1.776345 209
 0 0 67.500000 2.829602 26
 7 1 62.500000 1.842644 249
 1 1 47.500000 2.097642 51
 4 0 22.500000 1.898921 136
 9 1 2.500000 1.078795 289
 7 0 27.500000 2.052320 234
 8 0 47.500000 1.590746 274
 1737916.154758 27
 10 0 7.500000 1.890954 322
 0 1 72.500000 1.260278 29
 7 1 52.500000 2.380278 245
 3 1 62.500000 2.264377 121
 6 0 32.500000 1.799526 204
 11 0 2.500000 2.279950 352
 8 1 17.500000 2.846869 263
 9 1 2.500000 1.078795 289
 8 1 77.500000 1.461588 287
 9 1 77.500000 2.997819 319
 3 0 12.500000 1.100097 100
 0 1 17.500000 1.469576 7
 7 1 67.500000 1.255496 251
 5 0 62.500000 2.738092 184
 1 0 77.500000 2.319100 62
 7 0 67.500000 2.651338 250
 1 1 57.500000 2.149186 55
 2 1 37.500000 2.664549 79
 0 1 22.500000 2.683364 9
 8 1 12.500000 1.171374 261
 7 1 7.500000 2.944386 227
 6 0 67.500000 1.224203 218
 2 1 47.500000 1.631655 83
 4 1 7.500000 1.896309 131
 7 0 57.500000 1.073093 246
 4 1 62.500000 1.973412 153
 7 1 37.500000 1.982592 239
 1356398.286650 23
 4 0 22.500000 1.898921 136
 5 0 52.500000 2.665035 180
 1 1 12.500000 2.538229 37
 9 0 7.500000 2.452464 290
 7 1 2.500000 2.922415 225
 10 1 77.500000 1.834669 351
 11 1 22.500000 2.391334 361
 4 1 7.500000 1.896309 131
 8 0 22.500000 2.388390 264
 7 1 77.500000 2.710840 255
 10 0 27.500000 1.378301 330
 5 0 22.500000 2.318281 168
 3 0 67.500000 2.760792 122
 10 0 22.500000 1.881308 328
 11 0 72.500000 2.402412 380
 5 1 77.500000 1.552752 191
 7 1 62.500000 1.842644 249
 10 0 7.500000 1.890954 322
 2 0 37.500000 1.638451 78
 11 0 2.500000 2.279950 352
 3 1 17.500000 1.693525 103
 5 0 57.500000 1.927759 182
 8 1 17.500000 2.846869 263
 1964672.453685 5
 4 1 67.500000 2.289716 155
 11 1 2.500000 2.093247 353
 6 1 32.500000 2.483673 205
 11 0 2.500000 2.279950 352
 1 0 77.500000 2.319100 62
 318124.182074 3
 2 0 77.500000 1.862556 94
 9 0 12.500000 2.473314 292
 0 1 17.500000 1.469576 7
 184384.248939 33
 4 0 12.500000 1.546335 132
 10 1 7.500000 1.211355 323
 1 0 7.500000 2.727216 34
 0 0 72.500000 1.456965 28
 0 1 12.500000 2.510244 5
 11 1 22.500000 2.391334 361
 7 0 57.500000 1.073093 246
 1 0 47.500000 1.181719 50
 9 1 17.500000 2.801777 295
 0 1 22.500000 2.683364 9
 5 1 57.500000 2.044936 183
 8 0 62.500000 1.527719 280
 5 0 12.500000 2.261398 164
 6 1 47.500000 1.665932 211
 6 1 17.500000 1.652956 199
 3 1 37.500000 1.197343 111
 6 1 77.500000 2.961408 223
 8 0 72.500000 2.607849 284
 5 0 27.500000 2.233653 170
 2 1 37.500000 2.664549 79
 0 0 32.500000 2.403953 12
 8 0 77.500000 1.198387 286
 2 0 2.500000 2.040996 64
 10 1 72.500000 1.016674 349
 9 1 32.500000 1.718356 301
 7 1 77.500000 2.710840 255
 7 1 2.500000 2.922415 225
 4 1 12.500000 1.586428 133
 10 1 12.500000 2.703355 325
 0 0 67.500000 2.829602 26
 2 1 47.500000 1.631655 83
 7 1 52.500000 2.380278 245
 1 0 67.500000 1.240615 58
 1150606.310102 4
 3 0 32.500000 2.263176 108
 10 1 72.500000 1.016674 349
 7 1 27.500000 2.810794 235
 1 0 47.500000 1.181719 50
 387157.849961 16
 5 0 12.500000 2.261398 164
 3 0 2.500000 1.530533 96
 10 1 12.500000 2.703355 325
 2 1 52.500000 2.351360 85
 8 1 22.500000 1.850618 265
 10 1 7.500000 1.211355 323
 6 0 2.500000 1.331190 192
 5 1 67.500000 2.084434 187
 9 0 47.500000 2.328379 306
 2 0 17.500000 2.810569 70
 0 0 32.500000 2.403953 12
 11 1 2.500000 2.093247 353
 4 1 7.500000 1.896309 131
 2 1 37.500000 2.664549 79
 5 0 52.500000 2.665035 180
 3 0 12.500000 1.100097 100
 70179.243791 31
 1 1 57.500000 2.149186 55
 9 1 2.500000 1.078795 289
 7 1 2.500000 2.922415 225
 5 1 57.500000 2.044936 183
 4 1 72.500000 2.151187 157
 7 1 67.500000 1.255496 251
 4 1 52.500000 1.312331 149
 3 1 62.500000 2.264377 121
 6 1 47.500000 1.665932 211
 8 1 22.500000 1.850618 265
 1 0 77.500000 2.319100 62
 11 1 2.500000 2.093247 353
 3 0 32.500000 2.263176 108
 3 0 52.500000 2.757998 116
 10 1 72.500000 1.016674 349
 5 1 52.500000 1.879312 181
 7 0 12.500000 1.380480 228
 10 0 22.500000 1.881308 328
 3 0 22.500000 1.185183 104
 3 1 17.500000 1.693525 103
 0 0 72.500000 1.456965 28
 3 0 12.500000 1.100097 100
 6 1 22.500000 2.248559 201
 8 0 57.500000 1.626813 278
 4 1 7.500000 1.896309 131
 5 0 22.500000 2.318281 168
 5 1 42.500000 1.117366 177
 2 0 37.500000 1.638451 78
 7 0 67.500000 2.651338 250
 5 0 52.500000 2.665035 180
 7 1 52.500000 2.380278 245
 764494.588675 28
 3 0 32.500000 2.263176 108
 7 1 77.500000 2.710840 255
 6 1 67.500000 1.338773 219
 3 0 22.500000 1.185183 104
 0 0 67.500000 2.829602 26
 6 1 17.500000 1.652956 199
 9 1 67.500000 2.169826 315
 10 0 27.500000 1.378301 330
 7 0 27.500000 2.052320 234
 0 1 22.500000 2.683364 9
 1 1 22.500000 1.003917 41
 10 1 37.500000 2.760611 335
 6 0 2.500000 1.331190 192
 10 1 57.500000 1.054651 343
 4 1 12.500000 1.586428 133
 3 1 17.500000 1.693525 103
 10 1 77.500000 1.834669 351
 0 0 22.500000 1.590473 8
 6 1 57.500000 2.816694 215
 11 1 47.500000 1.497251 371
 10 0 22.500000 1.881308 328
 5 1 67.500000 2.084434 187
 7 1 62.500000 1.842644 249
 5 0 62.500000 2.738092 184
 1 0 67.500000 1.240615 58
 3 1 2.500000 1.766811 97
 8 1 67.500000 1.592521 283
 11 0 2.500000 2.279950 352
 495181.884382 19
 9 0 67.500000 2.314629 314
 1 1 57.500000 2.149186 55
 1 1 47.500000 2.097642 51
 0 1 17.500000 1.469576 7
 8 1 12.500000 1.171374 261
 10 1 7.500000 1.211355 323
 0 0 22.500000 1.590473 8
 10 0 57.500000 1.517894 342
 7 1 62.500000 1.842644 249
 1 0 77.500000 2.319100 62
 5 1 67.500000 2.084434 187
 4 1 7.500000 1.896309 131
 4 1 77.500000 2.729289 159
 5 0 7.500000 2.592618 162
 6 0 2.500000 1.331190 192
 11 1 32.500000 2.716703 365
 7 1 2.500000 2.922415 225
 2 0 2.500000 2.040996 64
 5 0 52.500000 2.665035 180
 1130964.478017 7
 2 1 42.500000 1.129205 81
 11 0 2.500000 2.279950 352
 10 1 42.500000 2.432878 337
 4 1 67.500000 2.289716 155
 6 1 42.500000 1.776345 209
 5 0 27.500000 2.233653 170
 3 0 22.500000 1.185183 104
 1698086.222791 1
 10 1 2.500000 2.414191 321
 1766400.449745 4
 6 0 62.500000 1.317752 216
 4 1 12.500000 1.586428 133
 5 1 67.500000 2.084434 187
 11 1 52.500000 2.304769 373
 1955321.314202 31
 1 1 47.500000 2.097642 51
 5 1 77.500000 1.552752 191
 2 1 52.500000 2.351360 85
 7 1 52.500000 2.380278 245
 11 0 2.500000 2.279950 352
 7 1 67.500000 1.255496 251
 1 0 47.500000 1.181719 50
 7 0 62.500000 1.200666 248
 3 0 32.500000 2.263176 108
 11 1 22.500000 2.391334 361
 7 1 77.500000 2.710840 255
 10 1 7.500000 1.211355 323
 10 1 77.500000 1.834669 351
 11 0 62.500000 1.810861 376
 10 1 2.500000 2.414191 321
 1 1 57.500000 2.149186 55
 1 0 27.500000 1.763875 42
 4 0 12.500000 1.546335 132
 0 1 67.500000 1.603691 27
 1 0 77.500000 2.319100 62
 2 1 47.500000 1.631655 83
 7 1 27.500000 2.810794 235
 10 0 12.500000 1.418119 324
 6 0 67.500000 1.224203 218
 7 0 17.500000 1.390224 230
 7 0 7.500000 1.415139 226
 5 1 57.500000 2.044936 183
 4 1 12.500000 1.586428 133
 10 0 22.500000 1.881308 328
 4 0 77.500000 1.308231 158
 8 0 77.500000 1.198387 286
 1384303.494200 31
 7 1 72.500000 2.880324 253
 11 0 2.500000 2.279950 352
 2 1 47.500000 1.631655 83
 11 0 62.500000 1.810861 376
 7 1 67.500000 1.255496 251
 11 1 22.500000 2.391334 361
 4 0 27.500000 2.552805 138
 9 0 47.500000 2.328379 306
 5 1 77.500000 1.552752 191
 3 1 17.500000 1.693525 103
 5 0 52.500000 2.665035 180
 6 1 32.500000 2.483673 205
 4 0 37.500000 1.960725 142
 11 0 67.500000 1.668208 378
 10 1 2.500000 2.414191 321
 0 1 17.500000 1.469576 7
 3 1 62.500000 2.264377 121
 0 0 72.500000 1.456965 28
 1 0 77.500000 2.319100 62
 9 0 17.500000 2.296521 294
 11 1 32.500000 2.716703 365
 5 1 52.500000 1.879312 181
 11 0 22.500000 2.886960 360
 6 0 2.500000 1.331190 192
 4 1 67.500000 2.289716 155
 4 1 62.500000 1.973412 153
 4 1 7.500000 1.896309 131
 7 0 42.500000 2.816325 240
 0 0 32.500000 2.403953 12
 3 0 37.500000 2.895424 110
 7 0 67.500000 2.651338 250
 415786.172047 15
 1 1 47.500000 2.097642 51
 9 0 27.500000 2.003288 298
 7 1 27.500000 2.810794 235
 10 1 7.500000 1.211355 323
 11 1 37.500000 1.653605 367
 11 0 62.500000 1.810861 376
 2 1 72.500000 2.072025 93
 6 1 17.500000 1.652956 199
 3 0 22.500000 1.185183 104
 11 0 72.500000 2.402412 380
 2 0 47.500000 2.614246 82
 0 0 32.500000 2.403953 12
 0 0 37.500000 1.699807 14
 9 0 47.500000 2.328379 306
 6 1 37.500000 1.488761 207
 1039777.753986 13
 4 1 7.500000 1.896309 131
 5 0 12.500000 2.261398 164
 2 1 47.500000 1.631655 83
 5 0 27.500000 2.233653 170
 8 0 77.500000 1.198387 286
 5 1 42.500000 1.117366 177
 0 1 17.500000 1.469576 7
 1 0 32.500000 2.806899 44
 3 1 17.500000 1.693525 103
 4 0 12.500000 1.546335 132
 0 1 22.500000 2.683364 9
 7 1 67.500000 1.255496 251
 5 0 62.500000 2.738092 184
 1801945.003253 4
 10 1 42.500000 2.432878 337
 11 1 22.500000 2.391334 361
 7 1 67.500000 1.255496 251
 3 1 7.500000 2.086359 99
 1838304.937574 24
 2 0 17.500000 2.810569 70
 10 0 27.500000 1.378301 330
 7 0 72.500000 2.753420 252
 0 0 47.500000 2.219693 18
 5 0 62.500000 2.738092 184
 11 1 22.500000 2.391334 361
 1 1 67.500000 1.245567 59
 0 1 17.500000 1.469576 7
 4 1 7.500000 1.896309 131
 11 0 67.500000 1.668208 378
 2 1 57.500000 1.684577 87
 0 0 12.500000 1.569803 4
 10 0 32.500000 1.752818 332
 5 0 22.500000 2.318281 168
 11 1 2.500000 2.093247 353
 7 0 67.500000 2.651338 250
 8 1 17.500000 2.846869 263
 8 1 22.500000 1.850618 265
 3 0 37.500000 2.895424 110
 1 1 12.500000 2.538229 37
 0 0 72.500000 1.456965 28
 7 1 62.500000 1.842644 249
 0 1 67.500000 1.603691 27
 8 1 12.500000 1.171374 261
 1139208.131944 17
 5 0 62.500000 2.738092 184
 10 0 57.500000 1.517894 342
 10 1 42.500000 2.432878 337
 6 0 2.500000 1.331190 192
 10 1 2.500000 2.414191 321
 6 1 42.500000 1.776345 209
 10 0 27.500000 1.378301 330
 2 1 47.500000 1.631655 83
 7 1 77.500000 2.710840 255
 3 0 2.500000 1.530533 96
 1 1 57.500000 2.149186 55
 8 1 17.500000 2.846869 263
 1 1 72.500000 2.643931 61
 11 0 22.500000 2.886960 360
 7 1 52.500000 2.380278 245
 6 1 47.500000 1.665932 211
 10 1 12.500000 2.703355 325
 933816.966812 25
 11 0 62.500000 1.810861 376
 0 0 67.500000 2.829602 26
 9 0 62.500000 1.423995 312
 6 1 32.500000 2.483673 205
 3 0 12.500000 1.100097 100
 5 0 52.500000 2.665035 180
 8 0 2.500000 2.146939 256
 9 1 67.500000 2.169826 315
 5 1 67.500000 2.084434 187
 0 0 22.500000 1.590473 8
 7 1 62.500000 1.842644 249
 9 1 2.500000 1.078795 289
 2 1 37.500000 2.664549 79
 5 1 57.500000 2.044936 183
 4 1 72.500000 2.151187 157
 5 0 22.500000 2.318281 168
 11 1 77.500000 1.736682 383
 4 0 77.500000 1.308231 158
 10 0 67.500000 1.695672 346
 10 0 57.500000 1.517894 342
 10 1 2.500000 2.414191 321
 9 0 47.500000 2.328379 306
 10 0 32.500000 1.752818 332
 7 0 27.500000 2.052320 234
 10 1 77.500000 1.834669 351
 1220656.047901 17
 9 0 27.500000 2.003288 298
 6 1 32.500000 2.483673 205
 10 0 67.500000 1.695672 346
 4 1 67.500000 2.289716 155
 2 0 17.500000 2.810569 70
 8 0 77.500000 1.198387 286
 8 1 12.500000 1.171374 261
 2 1 52.500000 2.351360 85
 0 1 17.500000 1.469576 7
 5 0 12.500000 2.261398 164
 11 1 22.500000 2.391334 361
 7 0 27.500000 2.052320 234
 10 1 42.500000 2.432878 337
 10 0 57.500000 1.517894 342
 0 0 67.500000 2.829602 26
 11 0 22.500000 2.886960 360
 7 1 27.500000 2.810794 235
 314316.366387 5
 9 0 27.500000 2.003288 298
 6 0 22.500000 1.803621 200
 5 1 57.500000 2.044936 183
 0 1 22.500000 2.683364 9
 7 0 27.500000 2.052320 234
 1179871.633844 10
 1 0 47.500000 1.181719 50
 0 0 72.500000 1.456965 28
 5 0 52.500000 2.665035 180
 6 0 52.500000 2.842241 212
 4 1 62.500000 1.973412 153
 6 0 27.500000 1.445605 202
 5 1 57.500000 2.044936 183
 4 1 77.500000 2.729289 159
 4 1 7.500000 1.896309 131
 7 1 67.500000 1.255496 251
 758230.988830 14
 10 0 22.500000 1.881308 328
 8 1 27.500000 1.274220 267
 8 0 42.500000 2.391955 272
 5 1 57.500000 2.044936 183
 9 0 27.500000 2.003288 298
 8 1 32.500000 2.439794 269
 10 0 57.500000 1.517894 342
 2 1 52.500000 2.351360 85
 10 0 67.500000 1.695672 346
 0 1 77.500000 1.674352 31
 0 0 67.500000 2.829602 26
 10 1 2.500000 2.414191 321
 3 0 12.500000 1.100097 100
 7 0 27.500000 2.052320 234
 169130.425253 30
 2 1 47.500000 1.631655 83
 2 1 37.500000 2.664549 79
 6 1 62.500000 1.620376 217
 0 1 17.500000 1.469576 7
 9 0 22.500000 1.856856 296
 5 0 32.500000 1.675937 172
 8 1 22.500000 1.850618 265
 3 0 32.500000 2.263176 108
 1 0 2.500000 1.460028 32
 7 1 37.500000 1.982592 239
 2 1 52.500000 2.351360 85
 0 1 22.500000 2.683364 9
 9 0 27.500000 2.003288 298
 6 0 67.500000 1.224203 218
 10 1 52.500000 2.285734 341
 5 0 27.500000 2.233653 170
 10 1 77.500000 1.834669 351
 9 0 47.500000 2.328379 306
 5 0 62.500000 2.738092 184
 3 1 17.500000 1.693525 103
 8 1 72.500000 1.967990 285
 0 0 17.500000 2.514997 6
 11 1 2.500000 2.093247 353
 6 1 17.500000 1.652956 199
 6 1 57.500000 2.816694 215
 2 0 2.500000 2.040996 64
 10 0 27.500000 1.378301 330
 5 0 52.500000 2.665035 180
 6 1 47.500000 1.665932 211
 11 1 22.500000 2.391334 361
 266689.032310 11
 9 0 27.500000 2.003288 298
 10 1 72.500000 1.016674 349
 3 0 37.500000 2.895424 110
 4 1 7.500000 1.896309 131
 7 0 22.500000 2.258132 232
 3 1 17.500000 1.693525 103
 1 0 77.500000 2.319100 62
 1 1 47.500000 2.097642 51
 1 0 32.500000 2.806899 44
 0 0 32.500000 2.403953 12
 5 1 57.500000 2.044936 183
 47338.974014 31
 5 0 27.500000 2.233653 170
 0 0 72.500000 1.456965 28
 9 1 2.500000 1.078795 289
 3 1 62.500000 2.264377 121
 2 0 2.500000 2.040996 64
 8 0 77.500000 1.198387 286
 7 0 27.500000 2.052320 234
 8 1 22.500000 1.850618 265
 10 1 7.500000 1.211355 323
 9 1 22.500000 2.107067 297
 6 0 2.500000 1.331190 192
 6 1 42.500000 1.776345 209
 10 1 2.500000 2.414191 321
 5 1 77.500000 1.552752 191
 10 0 57.500000 1.517894 342
 8 1 17.500000 2.846869 263
 11 0 12.500000 2.829642 356
 2 0 17.500000 2.810569 70
 2 0 27.500000 1.885215 74
 6 1 47.500000 1.665932 211
 9 0 47.500000 2.328379 306
 0 1 32.500000 2.043301 13
 7 1 27.500000 2.810794 235
 11 0 22.500000 2.886960 360
 0 1 67.500000 1.603691 27
 11 0 2.500000 2.279950 352
 0 1 22.500000 2.683364 9
 0 0 22.500000 1.590473 8
 5 0 12.500000 2.261398 164
 1 0 12.500000 2.907452 36
 0 1 17.500000 1.469576 7
 271900.930587 33
 7 1 17.500000 1.311759 231
 8 1 32.500000 2.439794 269
 6 1 32.500000 2.483673 205
 11 0 22.500000 2.886960 360
 1 0 67.500000 1.240615 58
 0 0 22.500000 1.590473 8
 3 0 17.500000 2.878453 102
 9 0 47.500000 2.328379 306
 8 1 12.500000 1.171374 261
 2 0 52.500000 1.442771 84
 7 1 27.500000 2.810794 235
 7 1 62.500000 1.842644 249
 10 0 57.500000 1.517894 342
 4 1 7.500000 1.896309 131
 0 0 67.500000 2.829602 26
 8 0 77.500000 1.198387 286
 4 1 12.500000 1.586428 133
 6 1 17.500000 1.652956 199
 7 1 77.500000 2.710840 255
 5 1 57.500000 2.044936 183
 0 1 67.500000 1.603691 27
 3 0 37.500000 2.895424 110
 7 1 67.500000 1.255496 251
 6 0 67.500000 1.224203 218
 7 1 22.500000 2.926572 233
 10 0 47.500000 2.771018 338
 4 1 67.500000 2.289716 155
 4 1 62.500000 1.973412 153
 11 1 22.500000 2.391334 361
 7 0 67.500000 2.651338 250
 10 1 72.500000 1.016674 349
 10 0 7.500000 1.890954 322
 0 1 22.500000 2.683364 9
 1830938.657518 20
 5 1 57.500000 2.044936 183
 7 1 2.500000 2.922415 225
 9 0 27.500000 2.003288 298
 10 0 57.500000 1.517894 342
 6 0 37.500000 1.120782 206
 11 0 22.500000 2.886960 360
 3 0 12.500000 1.100097 100
 2 1 37.500000 2.664549 79
 9 0 62.500000 1.423995 312
 6 1 32.500000 2.483673 205
 5 0 12.500000 2.261398 164
 7 0 17.500000 1.390224 230
 3 0 57.500000 2.043651 118
 9 1 2.500000 1.078795 289
 1 1 47.500000 2.097642 51
 2 1 47.500000 1.631655 83
 4 1 62.500000 1.973412 153
 4 1 72.500000 2.151187 157
 5 1 42.500000 1.117366 177
 5 0 52.500000 2.665035 180
 226117.693552 11
 0 1 17.500000 1.469576 7
 7 1 2.500000 2.922415 225
 6 0 72.500000 2.100696 220
 6 1 32.500000 2.483673 205
 1 1 32.500000 2.799766 45
 7 1 77.500000 2.710840 255
 6 1 17.500000 1.652956 199
 4 0 22.500000 1.898921 136
 6 1 47.500000 1.665932 211
 7 1 67.500000 1.255496 251
 11 1 22.500000 2.391334 361
 1309370.413213 34
 4 0 12.500000 1.546335 132
 3 0 32.500000 2.263176 108
 8 1 22.500000 1.850618 265
 1 0 77.500000 2.319100 62
 10 1 2.500000 2.414191 321
 7 1 52.500000 2.380278 245
 4 1 7.500000 1.896309 131
 10 1 42.500000 2.432878 337
 11 0 67.500000 1.668208 378
 10 1 72.500000 1.016674 349
 0 1 72.500000 1.260278 29
 1 0 57.500000 2.531958 54
 0 0 67.500000 2.829602 26
 5 0 27.500000 2.233653 170
 7 0 57.500000 1.073093 246
 5 0 62.500000 2.738092 184
 10 1 57.500000 1.054651 343
 9 0 27.500000 2.003288 298
 10 1 12.500000 2.703355 325
 8 0 42.500000 2.391955 272
 6 0 67.500000 1.224203 218
 11 0 12.500000 2.829642 356
 1 0 47.500000 1.181719 50
 1 1 57.500000 2.149186 55
 6 0 2.500000 1.331190 192
 8 1 12.500000 1.171374 261
 7 0 62.500000 1.200666 248
 11 1 22.500000 2.391334 361
 5 0 22.500000 2.318281 168
 10 1 77.500000 1.834669 351
 1 1 72.500000 2.643931 61
 11 0 62.500000 1.810861 376
 3 1 17.500000 1.693525 103
 9 1 2.500000 1.078795 289
 1385502.689288 30
 7 0 67.500000 2.651338 250
 0 1 22.500000 2.683364 9
 10 1 2.500000 2.414191 321
 8 1 22.500000 1.850618 265
 2 0 72.500000 1.248001 92
 9 1 2.500000 1.078795 289
 3 0 12.500000 1.100097 100
 11 0 2.500000 2.279950 352
 7 0 62.500000 1.200666 248
 4 0 22.500000 1.898921 136
 2 1 52.500000 2.351360 85
 6 1 32.500000 2.483673 205
 3 1 62.500000 2.264377 121
 10 1 7.500000 1.211355 323
 4 1 77.500000 2.729289 159
 10 0 67.500000 1.695672 346
 0 0 22.500000 1.590473 8
 5 1 77.500000 1.552752 191
 3 0 2.500000 1.530533 96
 5 0 27.500000 2.233653 170
 11 0 22.500000 2.886960 360
 6 0 22.500000 1.803621 200
 3 1 37.500000 1.197343 111
 10 0 27.500000 1.378301 330
 3 1 17.500000 1.693525 103
 5 1 67.500000 2.084434 187
 8 1 17.500000 2.846869 263
 11 0 72.500000 2.402412 380
 5 0 52.500000 2.665035 180
 7 1 52.500000 2.380278 245
 466731.391096 24
 11 1 2.500000 2.093247 353
 8 1 22.500000 1.850618 265
 2 0 2.500000 2.040996 64
 5 1 72.500000 2.317127 189
 6 1 42.500000 1.776345 209
 2 0 27.500000 1.885215 74
 9 0 27.500000 2.003288 298
 2 1 42.500000 1.129205 81
 5 0 52.500000 2.665035 180
 1 1 47.500000 2.097642 51
 7 0 27.500000 2.052320 234
 2 0 42.500000 1.173236 80
 0 0 32.500000 2.403953 12
 10 1 72.500000 1.016674 349
 11 0 22.500000 2.886960 360
 8 1 12.500000 1.171374 261
 9 0 77.500000 2.733667 318
 9 0 37.500000 1.638880 302
 11 0 62.500000 1.810861 376
 1 1 57.500000 2.149186 55
 5 1 77.500000 1.552752 191
 1 0 77.500000 2.319100 62
 4 1 77.500000 2.729289 159
 0 0 72.500000 1.456965 28
 1515929.859502 8
 7 0 62.500000 1.200666 248
 0 1 32.500000 2.043301 13
 11 0 72.500000 2.402412 380
 7 0 67.500000 2.651338 250
 9 1 2.500000 1.078795 289
 11 1 2.500000 2.093247 353
 2 0 17.500000 2.810569 70
 4 1 67.500000 2.289716 155
 529421.320767 4
 2 0 2.500000 2.040996 64
 7 1 77.500000 2.710840 255
 7 1 62.500000 1.842644 249
 4 1 12.500000 1.586428 133
 1969531.154991 28
 4 1 7.500000 1.896309 131
 7 1 37.500000 1.982592 239
 7 1 52.500000 2.380278 245
 10 0 57.500000 1.517894 342
 3 1 7.500000 2.086359 99
 4 0 22.500000 1.898921 136
 5 0 27.500000 2.233653 170
 3 0 37.500000 2.895424 110
 10 1 7.500000 1.211355 323
 3 1 62.500000 2.264377 121
 1 0 67.500000 1.240615 58
 0 1 17.500000 1.469576 7
 3 0 22.500000 1.185183 104
 9 1 2.500000 1.078795 289
 7 1 27.500000 2.810794 235
 10 1 2.500000 2.414191 321
 1 1 47.500000 2.097642 51
 10 0 22.500000 1.881308 328
 6 1 37.500000 1.488761 207
 10 0 62.500000 1.183287 344
 0 0 72.500000 1.456965 28
 10 0 27.500000 1.378301 330
 10 1 77.500000 1.834669 351
 11 0 72.500000 2.402412 380
 2 1 17.500000 1.626453 71
 8 1 52.500000 2.647087 277
 7 1 62.500000 1.842644 249
 5 1 57.500000 2.044936 183
 619314.676812 26
 5 0 22.500000 2.318281 168
 11 0 22.500000 2.886960 360
 9 1 2.500000 1.078795 289
 6 0 2.500000 1.331190 192
 10 1 42.500000 2.432878 337
 7 1 77.500000 2.710840 255
 7 1 67.500000 1.255496 251
 9 0 27.500000 2.003288 298
 6 1 17.500000 1.652956 199
 4 0 12.500000 1.546335 132
 5 0 32.500000 1.675937 172
 8 1 12.500000 1.171374 261
 5 1 77.500000 1.552752 191
 10 1 2.500000 2.414191 321
 3 0 22.500000 1.185183 104
 4 1 12.500000 1.586428 133
 4 0 22.500000 1.898921 136
 3 1 62.500000 2.264377 121
 11 0 42.500000 2.757445 368
 10 0 22.500000 1.881308 328
 6 1 32.500000 2.483673 205
 0 0 67.500000 2.829602 26
 7 1 62.500000 1.842644 249
 1 1 32.500000 2.799766 45
 7 1 27.500000 2.810794 235
 2 1 47.500000 1.631655 83
 1421711.091409 22
 10 0 57.500000 1.517894 342
 3 0 37.500000 2.895424 110
 10 1 42.500000 2.432878 337
 1 0 22.500000 1.562906 40
 4 0 22.500000 1.898921 136
 9 1 2.500000 1.078795 289
 8 0 77.500000 1.198387 286
 10 1 2.500000 2.414191 321
 4 1 62.500000 1.973412 153
 4 0 32.500000 2.436263 140
 6 0 67.500000 1.224203 218
 10 0 12.500000 1.418119 324
 11 1 22.500000 2.391334 361
 1 0 67.500000 1.240615 58
 9 0 67.500000 2.314629 314
 1 0 42.500000 1.351820 48
 7 1 27.500000 2.810794 235
 5 0 37.500000 2.465080 174
 7 0 77.500000 2.656602 254
 5 0 27.500000 2.233653 170
 1 0 77.500000 2.319100 62
 5 0 52.500000 2.665035 180
 111904.576361 7
 11 0 2.500000 2.279950 352
 5 1 57.500000 2.044936 183
 1 0 47.500000 1.181719 50
 0 0 12.500000 1.569803 4
 5 0 12.500000 2.261398 164
 11 1 22.500000 2.391334 361
 1 1 57.500000 2.149186 55
 711851.099521 21
 6 1 47.500000 1.665932 211
 2 1 52.500000 2.351360 85
 2 1 37.500000 2.664549 79
 9 0 47.500000 2.328379 306
 11 1 47.500000 1.497251 371
 10 0 7.500000 1.890954 322
 8 0 32.500000 2.215532 268
 6 1 17.500000 1.652956 199
 11 0 62.500000 1.810861 376
 10 0 27.500000 1.378301 330
 9 0 27.500000 2.003288 298
 0 1 12.500000 2.510244 5
 8 0 77.500000 1.198387 286
 10 1 42.500000 2.432878 337
 10 0 57.500000 1.517894 342
 9 1 7.500000 2.939620 291
 2 0 17.500000 2.810569 70
 5 0 62.500000 2.738092 184
 7 1 27.500000 2.810794 235
 9 1 17.500000 2.801777 295
 4 1 7.500000 1.896309 131
 548076.553898 5
 11 1 2.500000 2.093247 353
 11 0 17.500000 1.333222 358
 9 0 62.500000 1.423995 312
 0 1 67.500000 1.603691 27
 6 0 12.500000 1.802718 196
 1313390.380551 27
 7 1 27.500000 2.810794 235
 6 0 2.500000 1.331190 192
 3 0 7.500000 1.874809 98
 2 1 37.500000 2.664549 79
 5 1 67.500000 2.084434 187
 5 0 27.500000 2.233653 170
 7 0 62.500000 1.200666 248
 8 1 17.500000 2.846869 263
 10 1 7.500000 1.211355 323
 10 1 77.500000 1.834669 351
 5 0 67.500000 2.771742 186
 2 0 17.500000 2.810569 70
 4 1 12.500000 1.586428 133
 0 1 67.500000 1.603691 27
 3 1 7.500000 2.086359 99
 11 0 2.500000 2.279950 352
 1 0 37.500000 1.658123 46
 7 0 67.500000 2.651338 250
 5 0 47.500000 2.043837 178
 10 0 67.500000 1.695672 346
 3 0 37.500000 2.895424 110
 4 1 72.500000 2.151187 157
 5 0 42.500000 1.487108 176
 3 1 17.500000 1.693525 103
 7 1 52.500000 2.380278 245
 1 0 67.500000 1.240615 58
 2 1 52.500000 2.351360 85
 980298.583405 12
 8 1 12.500000 1.171374 261
 4 1 7.500000 1.896309 131
 8 1 7.500000 1.255114 259
 3 0 32.500000 2.263176 108
 1 0 67.500000 1.240615 58
 0 0 22.500000 1.590473 8
 1 0 77.500000 2.319100 62
 1 1 47.500000 2.097642 51
 4 0 22.500000 1.898921 136
 0 1 67.500000 1.603691 27
 8 0 72.500000 2.607849 284
 6 1 17.500000 1.652956 199
 721740.006861 3
 11 0 72.500000 2.402412 380
 2 1 47.500000 1.631655 83
 7 1 67.500000 1.255496 251
 1671366.708815 33
 2 0 72.500000 1.248001 92
 4 1 7.500000 1.896309 131
 11 0 72.500000 2.402412 380
 10 1 7.500000 1.211355 323
 3 0 37.500000 2.895424 110
 3 0 57.500000 2.043651 118
 6 1 47.500000 1.665932 211
 7 1 62.500000 1.842644 249
 11 0 2.500000 2.279950 352
 10 0 72.500000 1.192852 348
 3 1 62.500000 2.264377 121
 8 1 17.500000 2.846869 263
 7 0 77.500000 2.656602 254
 0 1 67.500000 1.603691 27
 10 0 2.500000 2.257157 320
 4 0 12.500000 1.546335 132
 4 0 22.500000 1.898921 136
 10 1 12.500000 2.703355 325
 1 0 67.500000 1.240615 58
 9 1 17.500000 2.801777 295
 2 1 37.500000 2.664549 79
 4 1 62.500000 1.973412 153
 1 1 47.500000 2.097642 51
 11 1 42.500000 2.591416 369
 9 1 2.500000 1.078795 289
 2 1 52.500000 2.351360 85
 11 1 67.500000 1.791175 379
 5 1 57.500000 2.044936 183
 1 0 77.500000 2.319100 62
 4 1 42.500000 2.609675 145
 0 0 32.500000 2.403953 12
 9 0 62.500000 1.423995 312
 9 0 47.500000 2.328379 306
 1722771.946789 34
 8 1 12.500000 1.171374 261
 3 0 37.500000 2.895424 110
 2 1 52.500000 2.351360 85
 6 0 67.500000 1.224203 218
 0 0 32.500000 2.403953 12
 2 0 72.500000 1.248001 92
 4 0 22.500000 1.898921 136
 8 0 77.500000 1.198387 286
 4 1 77.500000 2.729289 159
 7 1 2.500000 2.922415 225
 4 0 12.500000 1.546335 132
 4 1 67.500000 2.289716 155
 5 1 22.500000 2.668296 169
 5 0 12.500000 2.261398 164
 9 0 27.500000 2.003288 298
 3 0 22.500000 1.185183 104
 11 0 72.500000 2.402412 380
 7 0 67.500000 2.651338 250
 11 0 2.500000 2.279950 352
 5 0 52.500000 2.665035 180
 1 0 77.500000 2.319100 62
 11 1 32.500000 2.716703 365
 7 1 77.500000 2.710840 255
 4 1 62.500000 1.973412 153
 10 1 72.500000 1.016674 349
 1 1 47.500000 2.097642 51
 10 1 7.500000 1.211355 323
 3 0 32.500000 2.263176 108
 1 0 47.500000 1.181719 50
 1 1 57.500000 2.149186 55
 11 0 52.500000 1.900883 372
 6 0 2.500000 1.331190 192
 9 0 47.500000 2.328379 306
 10 1 47.500000 2.928476 339
 119472.822379 27
 6 1 22.500000 2.248559 201
 6 0 67.500000 1.224203 218
 5 0 52.500000 2.665035 180
 11 0 62.500000 1.810861 376
 7 1 77.500000 2.710840 255
 2 1 47.500000 1.631655 83
 3 0 12.500000 1.100097 100
 0 0 22.500000 1.590473 8
 1 0 47.500000 1.181719 50
 6 1 42.500000 1.776345 209
 4 1 72.500000 2.151187 157
 8 1 22.500000 1.850618 265
 0 0 2.500000 2.036468 0
 10 1 12.500000 2.703355 325
 0 1 17.500000 1.469576 7
 11 0 22.500000 2.886960 360
 0 0 67.500000 2.829602 26
 9 0 47.500000 2.328379 306
 10 1 7.500000 1.211355 323
 5 0 27.500000 2.233653 170
 9 1 17.500000 2.801777 295
 5 0 22.500000 2.318281 168
 0 0 17.500000 2.514997 6
 5 1 67.500000 2.084434 187
 9 0 62.500000 1.423995 312
 0 0 72.500000 1.456965 28
 8 0 72.500000 2.607849 284
 330262.088576 17
 2 0 72.500000 1.248001 92
 0 1 22.500000 2.683364 9
 10 1 72.500000 1.016674 349
 4 1 72.500000 2.151187 157
 0 0 22.500000 1.590473 8
 1 0 32.500000 2.806899 44
 7 0 67.500000 2.651338 250
 4 0 7.500000 1.738910 130
 5 0 12.500000 2.261398 164
 8 0 47.500000 1.590746 274
 6 1 32.500000 2.483673 205
 11 0 2.500000 2.279950 352
 2 0 17.500000 2.810569 70
 11 1 52.500000 2.304769 373
 10 0 7.500000 1.890954 322
 9 1 2.500000 1.078795 289
 8 1 12.500000 1.171374 261