 Numero de pedidos 
 150
 duedate num_referencias // pasillo lado altura peso
 355152.490155 5
 1 0 12.083333 1.000000 68
 7 0 13.750000 1.000000 312
 0 0 2.083333 1.000000 4
 0 1 7.916667 1.000000 19
 3 1 1.250000 1.000000 123
 1529610.088286 5
 0 1 15.416667 1.000000 37
 1 0 9.583333 1.000000 62
 1 0 12.916667 1.000000 70
 3 1 2.083333 1.000000 125
 0 1 7.083333 1.000000 17
 361445.737109 5
 1 1 1.250000 1.000000 43
 1 1 12.916667 1.000000 71
 1 1 12.083333 1.000000 69
 1 1 0.416667 1.000000 41
 0 0 2.916667 1.000000 6
 1349927.166174 5
 1 0 15.416667 1.000000 76
 0 0 3.750000 1.000000 8
 1 0 12.916667 1.000000 70
 1 1 10.416667 1.000000 65
 0 1 12.083333 1.000000 29
 1876902.310847 7
 0 0 6.250000 1.000000 14
 0 0 11.250000 1.000000 26
 0 1 8.750000 1.000000 21
 1 0 3.750000 1.000000 48
 0 0 7.083333 1.000000 16
 1 0 10.416667 1.000000 64
 1 0 9.583333 1.000000 62
 1925123.425855 5
 1 0 16.250000 1.000000 78
 4 0 5.416667 1.000000 172
 0 0 1.250000 1.000000 2
 4 0 12.083333 1.000000 188
 0 0 6.250000 1.000000 14
 554093.975869 9
 1 1 15.416667 1.000000 77
 1 0 12.916667 1.000000 70
 0 0 6.250000 1.000000 14
 0 1 2.916667 1.000000 7
 8 0 9.583333 1.000000 342
 2 0 10.416667 1.000000 104
 1 1 12.083333 1.000000 69
 7 1 5.416667 1.000000 293
 0 0 3.750000 1.000000 8
 1323010.220510 4
 0 0 7.916667 1.000000 18
 2 1 5.416667 1.000000 93
 3 0 2.083333 1.000000 124
 1 1 7.083333 1.000000 57
 148226.987919 8
 1 0 9.583333 1.000000 62
 1 0 10.416667 1.000000 64
 0 1 13.750000 1.000000 33
 3 1 2.083333 1.000000 125
 1 0 13.750000 1.000000 72
 0 1 11.250000 1.000000 27
 2 1 7.916667 1.000000 99
 1 1 16.250000 1.000000 79
 440923.855864 2
 0 1 11.250000 1.000000 27
 0 1 6.250000 1.000000 15
 295207.060545 9
 0 0 1.250000 1.000000 2
 3 1 4.583333 1.000000 131
 0 0 11.250000 1.000000 26
 1 0 12.916667 1.000000 70
 0 1 10.416667 1.000000 25
 1 1 4.583333 1.000000 51
 0 0 12.916667 1.000000 30
 0 0 16.250000 1.000000 38
 1 1 5.416667 1.000000 53
 1894095.553557 5
 0 1 1.250000 1.000000 3
 1 0 12.083333 1.000000 68
 1 1 7.916667 1.000000 59
 0 0 13.750000 1.000000 32
 0 1 3.750000 1.000000 9
 1080928.716846 8
 1 1 6.250000 1.000000 55
 0 1 14.583333 1.000000 35
 0 1 10.416667 1.000000 25
 9 0 14.583333 1.000000 394
 1 0 1.250000 1.000000 42
 0 0 4.583333 1.000000 10
 0 0 11.250000 1.000000 26
 1 0 2.916667 1.000000 46
 1402392.952481 9
 0 1 5.416667 1.000000 13
 2 1 7.916667 1.000000 99
 0 1 7.083333 1.000000 17
 3 1 8.750000 1.000000 141
 2 0 7.916667 1.000000 98
 0 1 2.083333 1.000000 5
 0 1 12.916667 1.000000 31
 7 1 7.916667 1.000000 299
 0 1 4.583333 1.000000 11
 767784.686614 6
 0 1 14.583333 1.000000 35
 1 0 16.250000 1.000000 78
 0 1 0.416667 1.000000 1
 0 0 10.416667 1.000000 24
 1 0 11.250000 1.000000 66
 0 0 7.916667 1.000000 18
 489599.693422 8
 1 0 12.916667 1.000000 70
 0 0 8.750000 1.000000 20
 1 0 2.083333 1.000000 44
 1 1 7.916667 1.000000 59
 2 0 11.250000 1.000000 106
 1 0 8.750000 1.000000 60
 2 0 1.250000 1.000000 82
 4 1 1.250000 1.000000 163
 149708.574838 4
 1 1 16.250000 1.000000 79
 0 1 15.416667 1.000000 37
 0 1 2.916667 1.000000 7
 0 1 0.416667 1.000000 1
 1114762.265400 8
 0 0 0.416667 1.000000 0
 0 0 2.083333 1.000000 4
 1 1 7.916667 1.000000 59
 1 1 7.083333 1.000000 57
 0 1 13.750000 1.000000 33
 0 0 2.916667 1.000000 6
 0 1 15.416667 1.000000 37
 1 0 12.083333 1.000000 68
 1134777.746152 2
 1 1 1.250000 1.000000 43
 2 0 15.416667 1.000000 116
 323821.717745 7
 0 1 12.916667 1.000000 31
 1 0 12.916667 1.000000 70
 8 1 7.916667 1.000000 339
 1 0 10.416667 1.000000 64
 0 1 13.750000 1.000000 33
 0 1 1.250000 1.000000 3
 1 1 6.250000 1.000000 55
 151516.467962 8
 5 0 6.250000 1.000000 214
 0 1 13.750000 1.000000 33
 1 0 16.250000 1.000000 78
 0 0 16.250000 1.000000 38
 0 0 7.916667 1.000000 18
 0 1 2.916667 1.000000 7
 0 1 6.250000 1.000000 15
 1 1 10.416667 1.000000 65
 335219.821974 4
 0 1 8.750000 1.000000 21
 3 0 2.083333 1.000000 124
 8 1 2.916667 1.000000 327
 1 0 12.916667 1.000000 70
 281918.105503 6
 5 1 16.250000 1.000000 239
 1 1 15.416667 1.000000 77
 1 1 7.083333 1.000000 57
 5 1 3.750000 1.000000 209
 0 0 14.583333 1.000000 34
 1 1 10.416667 1.000000 65
 849448.073697 5
 1 0 16.250000 1.000000 78
 0 1 14.583333 1.000000 35
 3 1 12.916667 1.000000 151
 0 0 4.583333 1.000000 10
 8 1 5.416667 1.000000 333
 1250135.906343 2
 1 1 0.416667 1.000000 41
 0 0 2.916667 1.000000 6
 188195.874220 9
 5 0 6.250000 1.000000 214
 9 0 12.083333 1.000000 388
 0 1 3.750000 1.000000 9
 0 0 2.083333 1.000000 4
 0 1 12.083333 1.000000 29
 0 1 9.583333 1.000000 23
 1 0 9.583333 1.000000 62
 1 0 10.416667 1.000000 64
 0 1 7.083333 1.000000 17
 231025.235965 8
 0 0 12.916667 1.000000 30
 1 1 16.250000 1.000000 79
 0 1 6.250000 1.000000 15
 0 0 4.583333 1.000000 10
 7 0 7.083333 1.000000 296
 0 1 15.416667 1.000000 37
 1 0 10.416667 1.000000 64
 1 1 2.083333 1.000000 45
 1574608.442250 2
 1 1 7.916667 1.000000 59
 0 1 4.583333 1.000000 11
 162068.386060 4
 1 0 5.416667 1.000000 52
 0 1 9.583333 1.000000 23
 1 1 13.750000 1.000000 73
 1 0 2.083333 1.000000 44
 1707388.088548 7
 0 1 11.250000 1.000000 27
 7 1 10.416667 1.000000 305
 2 0 10.416667 1.000000 104
 1 0 7.916667 1.000000 58
 0 1 8.750000 1.000000 21
 4 0 0.416667 1.000000 160
 1 1 2.916667 1.000000 47
 52306.906792 8
 0 1 7.083333 1.000000 17
 0 1 12.916667 1.000000 31
 0 0 4.583333 1.000000 10
 1 1 16.250000 1.000000 79
 2 0 3.750000 1.000000 88
 1 0 5.416667 1.000000 52
 0 0 2.083333 1.000000 4
 1 1 7.083333 1.000000 57
 1440361.974631 6
 0 0 15.416667 1.000000 36
 0 0 3.750000 1.000000 8
 1 1 6.250000 1.000000 55
 1 1 4.583333 1.000000 51
 0 1 13.750000 1.000000 33
 0 1 12.916667 1.000000 31
 1593931.152874 2
 1 0 8.750000 1.000000 60
 1 0 7.083333 1.000000 56
 1216838.661682 9
 1 0 16.250000 1.000000 78
 3 1 14.583333 1.000000 155
 1 0 7.083333 1.000000 56
 1 1 7.083333 1.000000 57
 0 1 9.583333 1.000000 23
 0 0 0.416667 1.000000 0
 1 1 11.250000 1.000000 67
 0 0 4.583333 1.000000 10
 0 1 7.083333 1.000000 17
 711520.671580 5
 7 1 8.750000 1.000000 301
 1 0 16.250000 1.000000 78
 1 0 12.083333 1.000000 68
 1 0 7.083333 1.000000 56
 0 1 8.750000 1.000000 21
 1953140.947965 4
 1 0 4.583333 1.000000 50
 1 0 9.583333 1.000000 62
 1 1 5.416667 1.000000 53
 1 1 2.916667 1.000000 47
 528389.004864 3
 7 0 7.083333 1.000000 296
 3 1 14.583333 1.000000 155
 0 0 12.083333 1.000000 28
 1197814.894634 9
 0 0 11.250000 1.000000 26
 1 1 5.416667 1.000000 53
 8 1 0.416667 1.000000 321
 1 0 2.916667 1.000000 46
 0 1 5.416667 1.000000 13
 1 0 6.250000 1.000000 54
 1 0 9.583333 1.000000 62
 0 0 4.583333 1.000000 10
 1 1 2.916667 1.000000 47
 1137708.020032 4
 0 0 2.083333 1.000000 4
 2 0 7.083333 1.000000 96
 3 1 9.583333 1.000000 143
 0 0 16.250000 1.000000 38
 607906.111259 8
 1 1 7.916667 1.000000 59
 0 1 7.916667 1.000000 19
 0 0 16.250000 1.000000 38
 2 1 6.250000 1.000000 95
 8 0 12.916667 1.000000 350
 1 0 16.250000 1.000000 78
 0 0 6.250000 1.000000 14
 1 1 10.416667 1.000000 65
 1906499.167805 8
 0 0 3.750000 1.000000 8
 0 1 6.250000 1.000000 15
 0 0 15.416667 1.000000 36
 1 1 6.250000 1.000000 55
 1 1 8.750000 1.000000 61
 0 1 12.916667 1.000000 31
 1 0 5.416667 1.000000 52
 0 1 16.250000 1.000000 39
 1463964.595750 3
 1 1 13.750000 1.000000 73
 0 0 1.250000 1.000000 2
 1 0 12.916667 1.000000 70
 311653.661240 5
 0 1 5.416667 1.000000 13
 1 1 10.416667 1.000000 65
 0 1 8.750000 1.000000 21
 8 0 12.083333 1.000000 348
 0 1 2.916667 1.000000 7
 920454.653818 5
 0 0 6.250000 1.000000 14
 1 0 9.583333 1.000000 62
 0 0 16.250000 1.000000 38
 0 0 11.250000 1.000000 26
 1 1 1.250000 1.000000 43
 1450553.434347 9
 0 0 4.583333 1.000000 10
 1 0 7.916667 1.000000 58
 3 1 2.916667 1.000000 127
 0 0 6.250000 1.000000 14
 0 0 10.416667 1.000000 24
 1 0 5.416667 1.000000 52
 4 0 0.416667 1.000000 160
 0 1 0.416667 1.000000 1
 1 0 11.250000 1.000000 66
 474990.995300 5
 1 1 10.416667 1.000000 65
 0 0 16.250000 1.000000 38
 2 1 7.916667 1.000000 99
 0 0 3.750000 1.000000 8
 0 0 10.416667 1.000000 24
 270256.359871 2
 0 0 2.916667 1.000000 6
 0 1 6.250000 1.000000 15
 708299.687555 5
 0 0 11.250000 1.000000 26
 0 0 2.916667 1.000000 6
 2 1 4.583333 1.000000 91
 3 1 13.750000 1.000000 153
 1 0 7.083333 1.000000 56
 1368777.135801 7
 0 1 5.416667 1.000000 13
 0 0 12.916667 1.000000 30
 0 1 2.083333 1.000000 5
 0 1 0.416667 1.000000 1
 0 0 0.416667 1.000000 0
 1 0 7.916667 1.000000 58
 0 1 12.083333 1.000000 29
 100875.118310 4
 0 1 0.416667 1.000000 1
 6 0 8.750000 1.000000 260
 1 1 11.250000 1.000000 67
 1 1 7.083333 1.000000 57
 1162532.853523 2
 0 0 10.416667 1.000000 24
 7 0 3.750000 1.000000 288
 1829473.036392 7
 0 1 10.416667 1.000000 25
 1 0 15.416667 1.000000 76
 1 1 2.916667 1.000000 47
 5 1 7.083333 1.000000 217
 0 1 2.916667 1.000000 7
 0 1 9.583333 1.000000 23
 0 1 11.250000 1.000000 27
 1493714.141293 7
 2 0 2.083333 1.000000 84
 1 1 12.916667 1.000000 71
 0 1 9.583333 1.000000 23
 1 1 5.416667 1.000000 53
 0 0 14.583333 1.000000 34
 4 1 11.250000 1.000000 187
 6 0 3.750000 1.000000 248
 796644.891927 6
 1 0 0.416667 1.000000 40
 3 0 12.916667 1.000000 150
 0 1 12.083333 1.000000 29
 2 0 14.583333 1.000000 114
 0 0 16.250000 1.000000 38
 1 0 5.416667 1.000000 52
 1491747.542178 3
 1 0 6.250000 1.000000 54
 1 1 3.750000 1.000000 49
 0 0 10.416667 1.000000 24
 181908.307887 7
 2 0 3.750000 1.000000 88
 0 0 16.250000 1.000000 38
 0 0 2.916667 1.000000 6
 1 1 1.250000 1.000000 43
 9 0 3.750000 1.000000 368
 0 1 12.083333 1.000000 29
 0 0 4.583333 1.000000 10
 1765447.228088 8
 1 0 8.750000 1.000000 60
 0 0 12.916667 1.000000 30
 2 0 2.083333 1.000000 84
 0 0 15.416667 1.000000 36
 3 0 3.750000 1.000000 128
 6 0 14.583333 1.000000 274
 1 0 9.583333 1.000000 62
 0 0 4.583333 1.000000 10
 1310457.207947 7
 0 1 7.916667 1.000000 19
 0 0 15.416667 1.000000 36
 0 0 4.583333 1.000000 10
 1 1 16.250000 1.000000 79
 1 1 2.083333 1.000000 45
 5 1 7.083333 1.000000 217
 1 0 12.083333 1.000000 68
 1158744.510207 3
 4 1 6.250000 1.000000 175
 0 1 0.416667 1.000000 1
 0 0 6.250000 1.000000 14
 1568032.088824 3
 1 0 0.416667 1.000000 40
 1 1 14.583333 1.000000 75
 0 1 15.416667 1.000000 37
 1690445.410130 9
 1 0 4.583333 1.000000 50
 5 1 6.250000 1.000000 215
 0 0 12.083333 1.000000 28
 1 0 7.916667 1.000000 58
 1 1 10.416667 1.000000 65
 0 0 12.916667 1.000000 30
 7 1 5.416667 1.000000 293
 3 0 15.416667 1.000000 156
 0 1 11.250000 1.000000 27
 1547328.474441 6
 1 0 9.583333 1.000000 62
 3 1 6.250000 1.000000 135
 0 0 10.416667 1.000000 24
 1 0 1.250000 1.000000 42
 1 1 11.250000 1.000000 67
 1 1 14.583333 1.000000 75
 862576.726443 4
 1 0 7.916667 1.000000 58
 1 1 6.250000 1.000000 55
 0 1 12.083333 1.000000 29
 7 1 7.083333 1.000000 297
 783705.092437 6
 0 0 10.416667 1.000000 24
 1 0 9.583333 1.000000 62
 3 1 9.583333 1.000000 143
 1 1 16.250000 1.000000 79
 0 1 14.583333 1.000000 35
 0 0 1.250000 1.000000 2
 1048830.491122 4
 1 1 10.416667 1.000000 65
 0 0 8.750000 1.000000 20
 6 0 7.083333 1.000000 256
 0 1 14.583333 1.000000 35
 1218548.470092 7
 2 0 0.416667 1.000000 80
 2 0 2.083333 1.000000 84
 1 0 2.916667 1.000000 46
 0 1 6.250000 1.000000 15
 1 0 13.750000 1.000000 72
 0 0 14.583333 1.000000 34
 0 1 5.416667 1.000000 13
 1947880.600126 2
 1 1 2.916667 1.000000 47
 0 1 1.250000 1.000000 3
 1582975.569359 2
 0 1 16.250000 1.000000 39
 1 0 6.250000 1.000000 54
 1275736.203881 2
 1 0 13.750000 1.000000 72
 0 1 1.250000 1.000000 3
 1209560.065255 5
 0 1 4.583333 1.000000 11
 0 0 6.250000 1.000000 14
 0 0 14.583333 1.000000 34
 1 0 6.250000 1.000000 54
 0 0 2.916667 1.000000 6
 1693445.849350 9
 9 0 14.583333 1.000000 394
 0 0 9.583333 1.000000 22
 0 1 0.416667 1.000000 1
 0 1 9.583333 1.000000 23
 1 0 0.416667 1.000000 40
 0 0 13.750000 1.000000 32
 0 0 10.416667 1.000000 24
 0 0 12.916667 1.000000 30
 0 0 6.250000 1.000000 14
 323269.469050 4
 0 1 13.750000 1.000000 33
 1 0 7.916667 1.000000 58
 0 0 10.416667 1.000000 24
 0 0 11.250000 1.000000 26
 1924095.509147 2
 0 0 14.583333 1.000000 34
 0 1 2.916667 1.000000 7
 1766169.861632 2
 6 1 11.250000 1.000000 267
 0 0 6.250000 1.000000 14
 1240929.870941 9
 6 1 12.916667 1.000000 271
 0 0 14.583333 1.000000 34
 0 1 15.416667 1.000000 37
 1 0 3.750000 1.000000 48
 1 1 7.083333 1.000000 57
 2 0 3.750000 1.000000 88
 0 1 12.916667 1.000000 31
 1 0 7.083333 1.000000 56
 2 0 2.916667 1.000000 86
 85647.086504 9
 0 0 16.250000 1.000000 38
 3 0 15.416667 1.000000 156
 0 1 0.416667 1.000000 1
 1 0 1.250000 1.000000 42
 0 1 16.250000 1.000000 39
 0 0 12.083333 1.000000 28
 0 0 6.250000 1.000000 14
 0 1 4.583333 1.000000 11
 6 1 10.416667 1.000000 265
 526271.645690 5
 1 1 3.750000 1.000000 49
 1 1 6.250000 1.000000 55
 8 1 6.250000 1.000000 335
 0 1 10.416667 1.000000 25
 1 0 5.416667 1.000000 52
 1478047.088961 8
 1 0 11.250000 1.000000 66
 1 1 0.416667 1.000000 41
 1 1 5.416667 1.000000 53
 2 1 0.416667 1.000000 81
 1 1 1.250000 1.000000 43
 9 1 7.083333 1.000000 377
 7 0 8.750000 1.000000 300
 1 0 12.083333 1.000000 68
 848022.861280 4
 0 0 3.750000 1.000000 8
 2 1 1.250000 1.000000 83
 0 1 12.083333 1.000000 29
 1 0 10.416667 1.000000 64
 1937635.565148 8
 1 1 0.416667 1.000000 41
 5 0 4.583333 1.000000 210
 1 0 6.250000 1.000000 54
 0 1 13.750000 1.000000 33
 0 0 0.416667 1.000000 0
 1 1 9.583333 1.000000 63
 1 0 2.916667 1.000000 46
 9 1 2.083333 1.000000 365
 216314.279370 3
 8 0 10.416667 1.000000 344
 1 1 13.750000 1.000000 73
 1 1 7.083333 1.000000 57
 727340.449005 9
 1 0 7.916667 1.000000 58
 3 1 15.416667 1.000000 157
 0 1 2.916667 1.000000 7
 1 1 11.250000 1.000000 67
 0 1 3.750000 1.000000 9
 7 0 0.416667 1.000000 280
 0 0 3.750000 1.000000 8
 2 0 2.916667 1.000000 86
 1 0 12.083333 1.000000 68
 1400475.629829 9
 2 0 4.583333 1.000000 90
 2 0 3.750000 1.000000 88
 0 0 5.416667 1.000000 12
 1 1 3.750000 1.000000 49
 1 0 4.583333 1.000000 50
 8 1 16.250000 1.000000 359
 0 0 16.250000 1.000000 38
 2 0 9.583333 1.000000 102
 0 1 14.583333 1.000000 35
 1574404.527682 2
 0 0 14.583333 1.000000 34
 0 0 9.583333 1.000000 22
 1783719.571505 6
 0 0 13.750000 1.000000 32
 1 1 1.250000 1.000000 43
 1 1 12.916667 1.000000 71
 2 1 0.416667 1.000000 81
 3 1 4.583333 1.000000 131
 1 0 6.250000 1.000000 54
 506938.387950 5
 0 0 11.250000 1.000000 26
 1 0 7.916667 1.000000 58
 4 0 11.250000 1.000000 186
 5 0 2.916667 1.000000 206
 2 0 2.916667 1.000000 86
 323944.439778 9
 0 1 12.083333 1.000000 29
 6 1 16.250000 1.000000 279
 0 0 3.750000 1.000000 8
 1 1 3.750000 1.000000 49
 0 1 16.250000 1.000000 39
 0 1 14.583333 1.000000 35
 0 0 14.583333 1.000000 34
 7 0 1.250000 1.000000 282
 0 1 5.416667 1.000000 13
 1528478.243783 8
 1 0 13.750000 1.000000 72
 0 0 1.250000 1.000000 2
 9 0 2.916667 1.000000 366
 1 0 10.416667 1.000000 64
 0 0 5.416667 1.000000 12
 0 0 10.416667 1.000000 24
 1 1 6.250000 1.000000 55
 0 0 7.083333 1.000000 16
 1423781.397447 7
 0 1 4.583333 1.000000 11
 3 0 2.916667 1.000000 126
 0 1 2.083333 1.000000 5
 0 0 14.583333 1.000000 34
 2 1 12.916667 1.000000 111
 8 1 8.750000 1.000000 341
 1 1 2.916667 1.000000 47
 1205377.713761 9
 0 0 12.083333 1.000000 28
 1 1 1.250000 1.000000 43
 1 1 7.083333 1.000000 57
 0 0 2.916667 1.000000 6
 1 1 7.916667 1.000000 59
 0 1 11.250000 1.000000 27
 3 0 15.416667 1.000000 156
 0 0 11.250000 1.000000 26
 0 1 16.250000 1.000000 39
 513689.942525 2
 0 0 15.416667 1.000000 36
 5 0 10.416667 1.000000 224
 743438.861605 9
 0 1 16.250000 1.000000 39
 1 0 4.583333 1.000000 50
 8 1 7.916667 1.000000 339
 1 1 7.083333 1.000000 57
 1 1 5.416667 1.000000 53
 1 0 7.083333 1.000000 56
 2 0 14.583333 1.000000 114
 0 0 2.916667 1.000000 6
 0 0 0.416667 1.000000 0
 668012.947528 9
 2 1 4.583333 1.000000 91
 1 0 7.083333 1.000000 56
 0 1 7.916667 1.000000 19
 8 1 15.416667 1.000000 357
 1 1 7.083333 1.000000 57
 0 0 2.916667 1.000000 6
 0 1 12.916667 1.000000 31
 6 1 10.416667 1.000000 265
 1 0 12.083333 1.000000 68
 1408110.356633 3
 1 0 7.916667 1.000000 58
 0 0 16.250000 1.000000 38
 1 1 12.083333 1.000000 69
 1609292.679266 6
 1 1 2.083333 1.000000 45
 1 0 5.416667 1.000000 52
 2 1 10.416667 1.000000 105
 1 1 16.250000 1.000000 79
 0 1 11.250000 1.000000 27
 1 1 0.416667 1.000000 41
 369468.014766 7
 0 0 4.583333 1.000000 10
 1 1 14.583333 1.000000 75
 1 1 3.750000 1.000000 49
 1 1 2.083333 1.000000 45
 9 1 15.416667 1.000000 397
 0 0 12.916667 1.000000 30
 0 0 16.250000 1.000000 38
 1068622.095729 3
 1 1 4.583333 1.000000 51
 1 1 7.083333 1.000000 57
 0 1 7.083333 1.000000 17
 337833.247919 5
 1 0 6.250000 1.000000 54
 0 0 13.750000 1.000000 32
 1 1 12.916667 1.000000 71
 2 0 2.083333 1.000000 84
 1 0 10.416667 1.000000 64
 306536.466138 9
 0 1 8.750000 1.000000 21
 2 0 12.083333 1.000000 108
 1 0 3.750000 1.000000 48
 7 1 0.416667 1.000000 281
 0 0 15.416667 1.000000 36
 5 0 13.750000 1.000000 232
 1 0 6.250000 1.000000 54
 0 1 12.916667 1.000000 31
 2 1 12.083333 1.000000 109
 359842.660297 6
 0 0 7.083333 1.000000 16
 0 0 8.750000 1.000000 20
 0 1 7.916667 1.000000 19
 1 0 8.750000 1.000000 60
 1 1 0.416667 1.000000 41
 3 1 2.916667 1.000000 127
 428114.407634 7
 0 1 7.916667 1.000000 19
 2 0 12.916667 1.000000 110
 0 1 2.083333 1.000000 5
 2 0 14.583333 1.000000 114
 1 1 7.916667 1.000000 59
 1 0 7.083333 1.000000 56
 1 1 10.416667 1.000000 65
 297019.119215 2
 4 0 3.750000 1.000000 168
 0 0 7.916667 1.000000 18
 1777944.677536 9
 1 1 2.083333 1.000000 45
 3 0 13.750000 1.000000 152
 2 1 5.416667 1.000000 93
 0 0 6.250000 1.000000 14
 0 0 16.250000 1.000000 38
 1 0 2.916667 1.000000 46
 1 1 12.083333 1.000000 69
 1 0 10.416667 1.000000 64
 1 0 16.250000 1.000000 78
 775305.189497 9
 1 1 8.750000 1.000000 61
 0 0 15.416667 1.000000 36
 1 0 5.416667 1.000000 52
 1 0 9.583333 1.000000 62
 1 1 7.083333 1.000000 57
 0 0 7.083333 1.000000 16
 1 0 8.750000 1.000000 60
 0 0 11.250000 1.000000 26
 0 1 7.083333 1.000000 17
 614283.055185 3
 1 0 4.583333 1.000000 50
 1 1 7.916667 1.000000 59
 0 0 3.750000 1.000000 8
 569996.987530 5
 1 0 1.250000 1.000000 42
 5 1 11.250000 1.000000 227
 1 0 10.416667 1.000000 64
 9 1 12.916667 1.000000 391
 1 0 12.916667 1.000000 70
 221794.810585 7
 0 0 1.250000 1.000000 2
 0 0 3.750000 1.000000 8
 1 0 14.583333 1.000000 74
 1 1 7.916667 1.000000 59
 1 1 4.583333 1.000000 51
 1 0 5.416667 1.000000 52
 0 0 16.250000 1.000000 38
 1306807.056864 9
 8 1 5.416667 1.000000 333
 1 1 14.583333 1.000000 75
 2 1 7.083333 1.000000 97
 1 0 2.083333 1.000000 44
 1 1 2.916667 1.000000 47
 0 0 2.916667 1.000000 6
 1 0 10.416667 1.000000 64
 1 0 11.250000 1.000000 66
 0 0 11.250000 1.000000 26
 1422663.030728 8
 0 0 8.750000 1.000000 20
 0 1 2.083333 1.000000 5
 1 1 9.583333 1.000000 63
 3 0 11.250000 1.000000 146
 1 1 14.583333 1.000000 75
 7 0 15.416667 1.000000 316
 1 0 14.583333 1.000000 74
 1 1 4.583333 1.000000 51
 1128007.693965 4
 2 0 13.750000 1.000000 112
 2 1 10.416667 1.000000 105
 1 0 8.750000 1.000000 60
 3 1 3.750000 1.000000 129
 146676.792720 7
 0 1 9.583333 1.000000 23
 0 1 8.750000 1.000000 21
 0 1 6.250000 1.000000 15
 0 0 12.916667 1.000000 30
 1 1 12.083333 1.000000 69
 1 1 5.416667 1.000000 53
 1 0 7.916667 1.000000 58
 106023.326826 8
 1 0 15.416667 1.000000 76
 1 0 2.916667 1.000000 46
 0 1 3.750000 1.000000 9
 0 1 12.916667 1.000000 31
 8 1 15.416667 1.000000 357
 0 1 6.250000 1.000000 15
 0 1 11.250000 1.000000 27
 0 1 8.750000 1.000000 21
 1045065.412431 3
 1 1 7.083333 1.000000 57
 4 0 2.083333 1.000000 164
 3 1 11.250000 1.000000 147
 757618.270366 5
 5 1 13.750000 1.000000 233
 0 0 16.250000 1.000000 38
 4 1 5.416667 1.000000 173
 1 0 7.083333 1.000000 56
 1 1 12.916667 1.000000 71
 168662.817259 6
 0 1 1.250000 1.000000 3
 0 1 2.083333 1.000000 5
 1 1 5.416667 1.000000 53
 1 1 12.083333 1.000000 69
 1 1 2.916667 1.000000 47
 1 1 0.416667 1.000000 41
 902191.777798 4
 0 1 15.416667 1.000000 37
 1 0 9.583333 1.000000 62
 0 0 7.916667 1.000000 18
 3 1 7.083333 1.000000 137
 1159366.016108 4
 0 0 11.250000 1.000000 26
 1 1 8.750000 1.000000 61
 1 1 11.250000 1.000000 67
 0 1 0.416667 1.000000 1
 482315.211930 6
 1 1 2.083333 1.000000 45
 3 0 5.416667 1.000000 132
 0 0 13.750000 1.000000 32
 0 0 12.083333 1.000000 28
 2 0 4.583333 1.000000 90
 3 1 13.750000 1.000000 153
 826544.176222 8
 1 1 16.250000 1.000000 79
 0 1 6.250000 1.000000 15
 0 1 9.583333 1.000000 23
 4 1 12.916667 1.000000 191
 0 1 11.250000 1.000000 27
 0 0 3.750000 1.000000 8
 0 1 15.416667 1.000000 37
 1 0 13.750000 1.000000 72
 707831.527380 6
 6 1 8.750000 1.000000 261
 1 0 8.750000 1.000000 60
 8 1 7.083333 1.000000 337
 0 1 7.083333 1.000000 17
 0 0 1.250000 1.000000 2
 8 0 12.916667 1.000000 350
 866770.701123 7
 1 1 12.916667 1.000000 71
 1 1 15.416667 1.000000 77
 1 1 10.416667 1.000000 65
 0 1 12.083333 1.000000 29
 1 0 10.416667 1.000000 64
 1 1 13.750000 1.000000 73
 3 1 7.083333 1.000000 137
 265575.725579 6
 0 0 5.416667 1.000000 12
 2 1 14.583333 1.000000 115
 1 0 0.416667 1.000000 40
 1 0 1.250000 1.000000 42
 1 1 2.916667 1.000000 47
 1 1 16.250000 1.000000 79
 451143.987016 4
 1 0 5.416667 1.000000 52
 1 1 2.083333 1.000000 45
 1 0 6.250000 1.000000 54
 0 1 4.583333 1.000000 11
 1387297.292644 6
 0 0 12.916667 1.000000 30
 1 0 7.916667 1.000000 58
 1 0 6.250000 1.000000 54
 1 1 7.083333 1.000000 57
 4 0 5.416667 1.000000 172
 0 1 2.083333 1.000000 5
 1016591.968488 2
 1 0 5.416667 1.000000 52
 0 1 8.750000 1.000000 21
 1830111.181657 4
 1 1 12.083333 1.000000 69
 0 0 2.083333 1.000000 4
 0 1 14.583333 1.000000 35
 1 1 1.250000 1.000000 43
 536211.915005 3
 3 0 4.583333 1.000000 130
 1 1 6.250000 1.000000 55
 2 1 14.583333 1.000000 115
 1207831.646971 2
 0 1 1.250000 1.000000 3
 0 1 14.583333 1.000000 35
 348305.452051 3
 0 0 12.083333 1.000000 28
 0 1 2.916667 1.000000 7
 1 0 14.583333 1.000000 74
 936102.606159 7
 1 1 7.916667 1.000000 59
 1 0 13.750000 1.000000 72
 2 1 7.083333 1.000000 97
 4 0 4.583333 1.000000 170
 1 0 10.416667 1.000000 64
 1 1 12.916667 1.000000 71
 1 1 2.916667 1.000000 47
 44242.219797 2
 1 1 16.250000 1.000000 79
 1 0 5.416667 1.000000 52
 1653333.878766 5
 1 0 7.083333 1.000000 56
 0 1 13.750000 1.000000 33
 1 0 0.416667 1.000000 40
 1 0 12.916667 1.000000 70
 2 0 0.416667 1.000000 80
 1884421.504012 4
 0 1 4.583333 1.000000 11
 0 1 14.583333 1.000000 35
 0 0 12.083333 1.000000 28
 0 1 10.416667 1.000000 25
 566623.856149 9
 4 0 10.416667 1.000000 184
 7 0 6.250000 1.000000 294
 0 0 16.250000 1.000000 38
 1 1 13.750000 1.000000 73
 1 1 16.250000 1.000000 79
 0 0 13.750000 1.000000 32
 1 1 4.583333 1.000000 51
 1 1 14.583333 1.000000 75
 1 0 0.416667 1.000000 40
 655021.340668 8
 2 1 2.083333 1.000000 85
 9 0 16.250000 1.000000 398
 1 1 15.416667 1.000000 77
 0 0 7.083333 1.000000 16
 4 0 9.583333 1.000000 182
 0 1 8.750000 1.000000 21
 1 0 5.416667 1.000000 52
 3 0 12.083333 1.000000 148
 1985435.299308 8
 5 0 2.916667 1.000000 206
 1 1 11.250000 1.000000 67
 0 1 3.750000 1.000000 9
 7 0 10.416667 1.000000 304
 2 1 4.583333 1.000000 91
 3 0 1.250000 1.000000 122
 1 1 15.416667 1.000000 77
 3 1 14.583333 1.000000 155
 1945353.634798 2
 1 1 15.416667 1.000000 77
 1 1 9.583333 1.000000 63
 982526.045676 5
 1 0 11.250000 1.000000 66
 0 1 4.583333 1.000000 11
 3 1 10.416667 1.000000 145
 3 1 3.750000 1.000000 129
 0 1 14.583333 1.000000 35
 561210.208219 3
 2 0 1.250000 1.000000 82
 0 1 2.083333 1.000000 5
 0 0 1.250000 1.000000 2
 508034.454765 5
 3 1 13.750000 1.000000 153
 3 0 10.416667 1.000000 144
 1 1 12.916667 1.000000 71
 3 0 3.750000 1.000000 128
 1 1 4.583333 1.000000 51
 670270.163692 5
 0 0 3.750000 1.000000 8
 1 0 3.750000 1.000000 48
 1 1 7.916667 1.000000 59
 1 1 11.250000 1.000000 67
 0 0 9.583333 1.000000 22
 1506091.753741 6
 1 1 16.250000 1.000000 79
 2 0 2.083333 1.000000 84
 7 0 16.250000 1.000000 318
 1 0 7.083333 1.000000 56
 0 1 8.750000 1.000000 21
 0 1 7.083333 1.000000 17
 434789.805931 7
 1 1 3.750000 1.000000 49
 1 1 2.916667 1.000000 47
 1 0 7.916667 1.000000 58
 1 1 9.583333 1.000000 63
 1 1 0.416667 1.000000 41
 1 1 7.916667 1.000000 59
 3 1 15.416667 1.000000 157
 1413135.851330 4
 0 0 0.416667 1.000000 0
 0 0 6.250000 1.000000 14
 0 1 1.250000 1.000000 3
 1 1 4.583333 1.000000 51
 475190.045198 7
 0 1 4.583333 1.000000 11
 1 1 7.083333 1.000000 57
 3 1 0.416667 1.000000 121
 1 0 7.916667 1.000000 58
 0 1 2.916667 1.000000 7
 0 0 10.416667 1.000000 24
 0 1 2.083333 1.000000 5
 419640.000397 8
 0 0 10.416667 1.000000 24
 1 1 12.916667 1.000000 71
 1 1 16.250000 1.000000 79
 1 0 12.083333 1.000000 68
 0 1 14.583333 1.000000 35
 0 0 7.083333 1.000000 16
 1 0 7.083333 1.000000 56
 0 0 13.750000 1.000000 32
 722551.210263 5
 0 1 7.083333 1.000000 17
 0 1 16.250000 1.000000 39
 1 1 11.250000 1.000000 67
 1 1 7.083333 1.000000 57
 0 1 1.250000 1.000000 3
 994311.870520 9
 1 1 8.750000 1.000000 61
 0 0 9.583333 1.000000 22
 1 0 12.916667 1.000000 70
 1 1 10.416667 1.000000 65
 3 1 14.583333 1.000000 155
 0 1 11.250000 1.000000 27
 0 0 3.750000 1.000000 8
 4 0 10.416667 1.000000 184
 9 1 5.416667 1.000000 373
 1288834.669203 3
 6 1 6.250000 1.000000 255
 0 1 8.750000 1.000000 21
 1 1 2.083333 1.000000 45
 1502937.294311 8
 1 0 8.750000 1.000000 60
 4 1 4.583333 1.000000 171
 0 1 15.416667 1.000000 37
 1 1 5.416667 1.000000 53
 8 1 7.916667 1.000000 339
 0 1 13.750000 1.000000 33
 1 0 15.416667 1.000000 76
 1 1 14.583333 1.000000 75