 Numero de pedidos 
 150
 duedate num_referencias // pasillo lado altura peso
 1171938.736519 3
 9 1 14.583333 1.000000 395
 4 1 6.250000 1.000000 175
 5 1 2.083333 1.000000 205
 50898.065404 4
 9 0 12.083333 1.000000 388
 8 0 4.583333 1.000000 330
 0 0 4.583333 1.000000 10
 4 1 4.583333 1.000000 171
 938741.244422 5
 2 0 10.416667 1.000000 104
 9 0 12.083333 1.000000 388
 8 0 1.250000 1.000000 322
 6 0 7.916667 1.000000 258
 4 1 11.250000 1.000000 187
 1244585.527407 7
 7 1 3.750000 1.000000 289
 0 1 15.416667 1.000000 37
 9 0 3.750000 1.000000 368
 3 1 10.416667 1.000000 145
 9 1 7.916667 1.000000 379
 8 0 14.583333 1.000000 354
 2 1 5.416667 1.000000 93
 676167.201957 4
 9 0 5.416667 1.000000 372
 9 0 12.083333 1.000000 388
 4 1 10.416667 1.000000 185
 4 0 4.583333 1.000000 170
 138383.734551 3
 0 0 4.583333 1.000000 10
 8 1 11.250000 1.000000 347
 3 0 9.583333 1.000000 142
 594967.091212 7
 3 1 12.083333 1.000000 149
 4 0 12.916667 1.000000 190
 4 1 6.250000 1.000000 175
 9 0 3.750000 1.000000 368
 7 1 0.416667 1.000000 281
 5 0 10.416667 1.000000 224
 5 0 2.916667 1.000000 206
 156793.422306 8
 5 1 2.083333 1.000000 205
 4 1 7.083333 1.000000 177
 4 1 3.750000 1.000000 169
 8 0 4.583333 1.000000 330
 8 0 0.416667 1.000000 320
 9 0 13.750000 1.000000 392
 4 1 4.583333 1.000000 171
 3 0 16.250000 1.000000 158
 1887541.576702 6
 3 1 16.250000 1.000000 159
 0 0 4.583333 1.000000 10
 3 0 3.750000 1.000000 128
 3 0 1.250000 1.000000 122
 7 0 4.583333 1.000000 290
 4 1 6.250000 1.000000 175
 476731.476689 7
 9 0 12.083333 1.000000 388
 1 1 2.083333 1.000000 45
 6 0 15.416667 1.000000 276
 9 0 5.416667 1.000000 372
 3 0 9.583333 1.000000 142
 3 0 1.250000 1.000000 122
 8 0 4.583333 1.000000 330
 703890.698098 9
 3 1 12.083333 1.000000 149
 5 1 2.083333 1.000000 205
 5 0 16.250000 1.000000 238
 3 0 2.916667 1.000000 126
 5 1 16.250000 1.000000 239
 2 0 11.250000 1.000000 106
 0 0 4.583333 1.000000 10
 5 1 10.416667 1.000000 225
 3 1 0.416667 1.000000 121
 53902.069616 8
 3 1 7.916667 1.000000 139
 3 1 2.916667 1.000000 127
 4 0 12.916667 1.000000 190
 5 1 12.916667 1.000000 231
 3 0 1.250000 1.000000 122
 5 0 10.416667 1.000000 224
 7 1 3.750000 1.000000 289
 3 1 0.416667 1.000000 121
 1256419.193957 3
 8 1 1.250000 1.000000 323
 2 0 9.583333 1.000000 102
 0 1 11.250000 1.000000 27
 1301438.284377 8
 6 0 5.416667 1.000000 252
 5 0 2.916667 1.000000 206
 2 1 1.250000 1.000000 83
 3 1 2.916667 1.000000 127
 9 1 7.916667 1.000000 379
 4 1 11.250000 1.000000 187
 5 1 2.083333 1.000000 205
 0 1 16.250000 1.000000 39
 197612.294293 8
 2 0 14.583333 1.000000 114
 4 0 0.416667 1.000000 160
 3 1 3.750000 1.000000 129
 5 1 10.416667 1.000000 225
 8 1 1.250000 1.000000 323
 4 0 12.916667 1.000000 190
 8 0 11.250000 1.000000 346
 0 0 16.250000 1.000000 38
 1595827.926172 6
 7 1 16.250000 1.000000 319
 3 1 7.916667 1.000000 139
 8 1 10.416667 1.000000 345
 4 0 15.416667 1.000000 196
 6 0 7.083333 1.000000 256
 8 0 1.250000 1.000000 322
 1246550.735574 3
 0 0 4.583333 1.000000 10
 2 1 2.083333 1.000000 85
 2 0 11.250000 1.000000 106
 382269.090834 3
 3 0 1.250000 1.000000 122
 8 1 5.416667 1.000000 333
 4 1 4.583333 1.000000 171
 1858393.988022 9
 8 0 4.583333 1.000000 330
 8 0 1.250000 1.000000 322
 9 0 5.416667 1.000000 372
 8 0 11.250000 1.000000 346
 1 0 9.583333 1.000000 62
 9 0 12.083333 1.000000 388
 2 1 15.416667 1.000000 117
 9 0 1.250000 1.000000 362
 9 1 14.583333 1.000000 395
 66570.261692 7
 9 0 5.416667 1.000000 372
 3 1 10.416667 1.000000 145
 7 1 15.416667 1.000000 317
 8 1 9.583333 1.000000 343
 6 0 7.916667 1.000000 258
 8 0 0.416667 1.000000 320
 2 1 15.416667 1.000000 117
 1567432.265844 8
 0 1 12.916667 1.000000 31
 6 0 2.916667 1.000000 246
 6 0 6.250000 1.000000 254
 0 0 14.583333 1.000000 34
 5 1 6.250000 1.000000 215
 3 1 0.416667 1.000000 121
 8 1 13.750000 1.000000 353
 1 1 15.416667 1.000000 77
 704898.804736 7
 9 1 14.583333 1.000000 395
 9 0 12.083333 1.000000 388
 1 0 14.583333 1.000000 74
 4 0 0.416667 1.000000 160
 5 0 2.916667 1.000000 206
 1 0 2.083333 1.000000 44
 9 0 3.750000 1.000000 368
 747550.554903 6
 9 0 13.750000 1.000000 392
 9 0 9.583333 1.000000 382
 4 1 15.416667 1.000000 197
 7 1 3.750000 1.000000 289
 8 1 2.916667 1.000000 327
 4 1 4.583333 1.000000 171
 1336317.282532 3
 1 1 2.083333 1.000000 45
 9 0 13.750000 1.000000 392
 3 0 9.583333 1.000000 142
 366105.253439 9
 6 1 3.750000 1.000000 249
 3 1 16.250000 1.000000 159
 9 1 7.916667 1.000000 379
 2 0 14.583333 1.000000 114
 0 0 2.916667 1.000000 6
 8 0 16.250000 1.000000 358
 7 0 15.416667 1.000000 316
 2 0 11.250000 1.000000 106
 3 0 14.583333 1.000000 154
 585252.435815 4
 3 0 14.583333 1.000000 154
 5 0 2.916667 1.000000 206
 3 1 16.250000 1.000000 159
 9 1 7.916667 1.000000 379
 1374747.362255 6
 9 1 7.083333 1.000000 377
 5 0 12.916667 1.000000 230
 3 0 2.916667 1.000000 126
 3 0 15.416667 1.000000 156
 7 1 14.583333 1.000000 315
 5 1 10.416667 1.000000 225
 465206.187342 5
 7 1 0.416667 1.000000 281
 8 1 1.250000 1.000000 323
 3 0 14.583333 1.000000 154
 5 0 14.583333 1.000000 234
 2 1 2.083333 1.000000 85
 725750.605374 3
 7 1 16.250000 1.000000 319
 9 1 16.250000 1.000000 399
 6 1 5.416667 1.000000 253
 804787.835313 4
 1 0 2.083333 1.000000 44
 1 1 9.583333 1.000000 63
 4 0 12.916667 1.000000 190
 1 0 6.250000 1.000000 54
 1892316.341909 2
 4 1 10.416667 1.000000 185
 9 1 16.250000 1.000000 399
 1027456.262311 6
 2 1 5.416667 1.000000 93
 8 0 11.250000 1.000000 346
 3 0 15.416667 1.000000 156
 0 1 15.416667 1.000000 37
 1 1 7.083333 1.000000 57
 8 1 1.250000 1.000000 323
 452828.154141 5
 5 0 9.583333 1.000000 222
 3 0 15.416667 1.000000 156
 8 0 14.583333 1.000000 354
 7 1 0.416667 1.000000 281
 0 1 15.416667 1.000000 37
 1795321.836730 2
 2 0 14.583333 1.000000 114
 2 1 5.416667 1.000000 93
 1985486.325410 9
 6 0 5.416667 1.000000 252
 5 0 2.916667 1.000000 206
 6 1 7.916667 1.000000 259
 4 0 12.083333 1.000000 188
 7 0 4.583333 1.000000 290
 6 1 14.583333 1.000000 275
 8 0 4.583333 1.000000 330
 7 1 0.416667 1.000000 281
 9 0 12.083333 1.000000 388
 1716272.205988 6
 5 0 14.583333 1.000000 234
 8 0 13.750000 1.000000 352
 7 0 7.083333 1.000000 296
 7 1 9.583333 1.000000 303
 0 0 14.583333 1.000000 34
 0 0 4.583333 1.000000 10
 498259.916463 2
 9 1 14.583333 1.000000 395
 8 0 11.250000 1.000000 346
 1249621.095531 6
 9 0 10.416667 1.000000 384
 6 0 5.416667 1.000000 252
 7 0 4.583333 1.000000 290
 6 1 14.583333 1.000000 275
 8 0 9.583333 1.000000 342
 9 1 7.916667 1.000000 379
 1075897.330696 6
 3 1 11.250000 1.000000 147
 3 0 7.083333 1.000000 136
 7 1 0.416667 1.000000 281
 2 1 5.416667 1.000000 93
 3 1 6.250000 1.000000 135
 1 1 2.083333 1.000000 45
 426707.556838 8
 1 1 2.083333 1.000000 45
 3 0 15.416667 1.000000 156
 0 0 4.583333 1.000000 10
 6 1 14.583333 1.000000 275
 3 0 2.916667 1.000000 126
 6 0 2.916667 1.000000 246
 9 0 9.583333 1.000000 382
 3 1 10.416667 1.000000 145
 1527873.631887 2
 5 0 7.916667 1.000000 218
 8 1 16.250000 1.000000 359
 87836.993154 6
 3 1 12.083333 1.000000 149
 8 1 13.750000 1.000000 353
 3 1 3.750000 1.000000 129
 7 1 9.583333 1.000000 303
 5 0 10.416667 1.000000 224
 7 1 16.250000 1.000000 319
 1312605.077640 3
 7 1 16.250000 1.000000 319
 4 1 6.250000 1.000000 175
 3 0 1.250000 1.000000 122
 1224883.198172 6
 7 1 9.583333 1.000000 303
 2 0 9.583333 1.000000 102
 9 0 12.083333 1.000000 388
 2 0 2.083333 1.000000 84
 4 1 6.250000 1.000000 175
 6 0 7.916667 1.000000 258
 319626.982789 4
 0 1 15.416667 1.000000 37
 6 0 7.083333 1.000000 256
 4 1 11.250000 1.000000 187
 5 0 2.916667 1.000000 206
 1510529.889236 8
 3 0 1.250000 1.000000 122
 1 1 9.583333 1.000000 63
 3 1 11.250000 1.000000 147
 6 0 10.416667 1.000000 264
 6 0 7.083333 1.000000 256
 2 1 9.583333 1.000000 103
 4 1 11.250000 1.000000 187
 3 1 7.916667 1.000000 139
 824008.937303 8
 5 0 14.583333 1.000000 234
 5 0 10.416667 1.000000 224
 6 0 7.916667 1.000000 258
 8 1 1.250000 1.000000 323
 3 1 6.250000 1.000000 135
 5 1 2.083333 1.000000 205
 2 1 8.750000 1.000000 101
 6 0 5.416667 1.000000 252
 1302884.948804 9
 8 1 13.750000 1.000000 353
 7 0 4.583333 1.000000 290
 2 0 12.916667 1.000000 110
 9 0 3.750000 1.000000 368
 5 1 2.083333 1.000000 205
 6 0 7.916667 1.000000 258
 3 0 6.250000 1.000000 134
 9 1 12.916667 1.000000 391
 6 1 14.583333 1.000000 275
 811890.768768 3
 8 0 4.583333 1.000000 330
 3 0 16.250000 1.000000 158
 3 1 11.250000 1.000000 147
 1788602.949376 9
 5 0 2.916667 1.000000 206
 8 0 2.916667 1.000000 326
 5 0 0.416667 1.000000 200
 9 1 12.916667 1.000000 391
 8 0 1.250000 1.000000 322
 8 1 11.250000 1.000000 347
 2 1 0.416667 1.000000 81
 7 1 14.583333 1.000000 315
 8 0 4.583333 1.000000 330
 1566997.815188 4
 5 1 16.250000 1.000000 239
 6 1 11.250000 1.000000 267
 3 1 0.416667 1.000000 121
 7 1 3.750000 1.000000 289
 627560.238274 2
 3 0 16.250000 1.000000 158
 5 1 15.416667 1.000000 237
 488837.185096 4
 0 1 3.750000 1.000000 9
 3 1 10.416667 1.000000 145
 0 0 14.583333 1.000000 34
 9 0 5.416667 1.000000 372
 700560.585736 8
 3 1 2.916667 1.000000 127
 9 1 7.916667 1.000000 379
 0 0 12.916667 1.000000 30
 5 1 10.416667 1.000000 225
 6 0 7.916667 1.000000 258
 6 1 14.583333 1.000000 275
 7 1 3.750000 1.000000 289
 8 0 1.250000 1.000000 322
 295257.026095 4
 2 0 9.583333 1.000000 102
 0 0 14.583333 1.000000 34
 7 1 9.583333 1.000000 303
 9 0 13.750000 1.000000 392
 1965070.872924 8
 1 1 12.916667 1.000000 71
 8 1 9.583333 1.000000 343
 6 0 7.916667 1.000000 258
 6 0 1.250000 1.000000 242
 3 1 10.416667 1.000000 145
 3 0 11.250000 1.000000 146
 6 0 2.916667 1.000000 246
 8 0 4.583333 1.000000 330
 691814.129339 5
 1 1 9.583333 1.000000 63
 6 0 7.916667 1.000000 258
 7 0 15.416667 1.000000 316
 7 1 9.583333 1.000000 303
 0 0 6.250000 1.000000 14
 1246877.793841 4
 3 1 0.416667 1.000000 121
 4 0 12.916667 1.000000 190
 9 0 9.583333 1.000000 382
 8 0 11.250000 1.000000 346
 1647677.600611 9
 2 0 7.916667 1.000000 98
 5 1 2.916667 1.000000 207
 3 0 15.416667 1.000000 156
 8 0 1.250000 1.000000 322
 9 0 9.583333 1.000000 382
 9 0 12.083333 1.000000 388
 6 1 7.916667 1.000000 259
 8 0 11.250000 1.000000 346
 9 1 1.250000 1.000000 363
 1984272.723414 8
 9 1 12.916667 1.000000 391
 0 0 14.583333 1.000000 34
 7 0 4.583333 1.000000 290
 6 1 2.916667 1.000000 247
 9 1 12.083333 1.000000 389
 7 1 16.250000 1.000000 319
 1 1 9.583333 1.000000 63
 3 0 14.583333 1.000000 154
 1030314.740776 3
 3 1 10.416667 1.000000 145
 7 1 0.416667 1.000000 281
 2 0 14.583333 1.000000 114
 429136.284119 9
 3 1 7.916667 1.000000 139
 3 0 16.250000 1.000000 158
 2 0 11.250000 1.000000 106
 8 1 14.583333 1.000000 355
 8 0 2.916667 1.000000 326
 9 0 1.250000 1.000000 362
 5 0 2.083333 1.000000 204
 8 0 1.250000 1.000000 322
 2 0 6.250000 1.000000 94
 1991462.647762 8
 7 1 9.583333 1.000000 303
 0 1 16.250000 1.000000 39
 0 0 16.250000 1.000000 38
 4 0 9.583333 1.000000 182
 9 0 3.750000 1.000000 368
 3 1 7.916667 1.000000 139
 2 0 9.583333 1.000000 102
 6 0 7.916667 1.000000 258
 1180741.811106 8
 8 0 1.250000 1.000000 322
 0 1 16.250000 1.000000 39
 0 0 14.583333 1.000000 34
 4 1 4.583333 1.000000 171
 6 0 5.416667 1.000000 252
 0 1 15.416667 1.000000 37
 7 0 12.916667 1.000000 310
 7 1 16.250000 1.000000 319
 696970.657081 8
 9 0 7.083333 1.000000 376
 9 1 12.916667 1.000000 391
 6 0 12.083333 1.000000 268
 2 1 0.416667 1.000000 81
 0 0 14.583333 1.000000 34
 7 0 12.916667 1.000000 310
 4 0 8.750000 1.000000 180
 2 0 11.250000 1.000000 106
 1064610.645671 6
 6 1 16.250000 1.000000 279
 8 0 9.583333 1.000000 342
 9 0 10.416667 1.000000 384
 6 0 5.416667 1.000000 252
 2 0 6.250000 1.000000 94
 4 1 10.416667 1.000000 185
 1743889.699776 2
 9 0 12.083333 1.000000 388
 6 0 7.083333 1.000000 256
 292668.825245 8
 2 0 14.583333 1.000000 114
 4 1 11.250000 1.000000 187
 9 1 14.583333 1.000000 395
 2 0 9.583333 1.000000 102
 8 1 6.250000 1.000000 335
 3 0 12.083333 1.000000 148
 4 0 16.250000 1.000000 198
 3 0 16.250000 1.000000 158
 845574.365913 7
 1 0 2.083333 1.000000 44
 7 0 13.750000 1.000000 312
 4 1 4.583333 1.000000 171
 4 0 0.416667 1.000000 160
 6 0 2.916667 1.000000 246
 0 1 15.416667 1.000000 37
 9 1 7.916667 1.000000 379
 1519217.899311 8
 5 1 1.250000 1.000000 203
 3 0 15.416667 1.000000 156
 8 1 11.250000 1.000000 347
 5 0 10.416667 1.000000 224
 8 1 6.250000 1.000000 335
 1 1 9.583333 1.000000 63
 3 1 7.916667 1.000000 139
 5 0 2.083333 1.000000 204
 1273123.094641 4
 5 1 10.416667 1.000000 225
 8 1 13.750000 1.000000 353
 9 0 9.583333 1.000000 382
 5 0 10.416667 1.000000 224
 486422.176550 2
 3 0 14.583333 1.000000 154
 6 1 14.583333 1.000000 275
 520178.986527 2
 1 1 9.583333 1.000000 63
 8 0 12.083333 1.000000 348
 1103812.773220 6
 1 1 9.583333 1.000000 63
 3 0 15.416667 1.000000 156
 7 1 9.583333 1.000000 303
 8 0 16.250000 1.000000 358
 6 0 7.083333 1.000000 256
 6 0 5.416667 1.000000 252
 964743.500634 3
 4 0 8.750000 1.000000 180
 8 1 13.750000 1.000000 353
 0 1 15.416667 1.000000 37
 882582.807337 7
 5 0 0.416667 1.000000 200
 3 0 15.416667 1.000000 156
 2 0 2.083333 1.000000 84
 9 1 6.250000 1.000000 375
 3 0 14.583333 1.000000 154
 2 1 8.750000 1.000000 101
 1 1 14.583333 1.000000 75
 545696.094551 3
 5 0 2.083333 1.000000 204
 9 0 12.083333 1.000000 388
 4 1 11.250000 1.000000 187
 1586616.229316 4
 5 1 2.083333 1.000000 205
 5 0 10.416667 1.000000 224
 8 0 1.250000 1.000000 322
 5 0 6.250000 1.000000 214
 1283358.237819 3
 3 1 16.250000 1.000000 159
 3 1 3.750000 1.000000 129
 9 0 10.416667 1.000000 384
 664249.591094 8
 4 1 4.583333 1.000000 171
 2 0 2.083333 1.000000 84
 6 1 12.083333 1.000000 269
 4 1 6.250000 1.000000 175
 0 1 6.250000 1.000000 15
 4 1 7.083333 1.000000 177
 4 0 0.416667 1.000000 160
 8 0 4.583333 1.000000 330
 1362320.360170 9
 5 1 2.083333 1.000000 205
 1 0 8.750000 1.000000 60
 3 1 6.250000 1.000000 135
 8 0 2.916667 1.000000 326
 7 1 4.583333 1.000000 291
 9 0 5.416667 1.000000 372
 3 0 15.416667 1.000000 156
 3 1 10.416667 1.000000 145
 7 0 4.583333 1.000000 290
 756760.817914 9
 4 0 12.916667 1.000000 190
 4 1 11.250000 1.000000 187
 2 0 12.916667 1.000000 110
 7 1 6.250000 1.000000 295
 1 1 5.416667 1.000000 53
 4 1 7.083333 1.000000 177
 8 0 14.583333 1.000000 354
 4 1 10.416667 1.000000 185
 1 0 2.083333 1.000000 44
 1993614.041374 3
 3 1 11.250000 1.000000 147
 5 1 1.250000 1.000000 203
 9 1 12.916667 1.000000 391
 986984.539771 3
 5 1 2.083333 1.000000 205
 4 1 6.250000 1.000000 175
 9 0 1.250000 1.000000 362
 1110957.889664 5
 8 1 1.250000 1.000000 323
 3 1 10.416667 1.000000 145
 1 1 2.083333 1.000000 45
 2 0 14.583333 1.000000 114
 3 0 16.250000 1.000000 158
 1671475.213781 5
 3 0 3.750000 1.000000 128
 6 0 7.083333 1.000000 256
 9 1 16.250000 1.000000 399
 1 0 9.583333 1.000000 62
 6 0 7.916667 1.000000 258
 1210046.946653 9
 0 0 14.583333 1.000000 34
 5 0 2.083333 1.000000 204
 7 1 0.416667 1.000000 281
 3 0 14.583333 1.000000 154
 9 1 16.250000 1.000000 399
 7 1 10.416667 1.000000 305
 6 0 7.916667 1.000000 258
 5 0 14.583333 1.000000 234
 2 1 0.416667 1.000000 81
 437548.653575 3
 3 0 7.083333 1.000000 136
 0 1 16.250000 1.000000 39
 8 0 5.416667 1.000000 332
 1788320.648814 9
 2 1 15.416667 1.000000 117
 7 1 3.750000 1.000000 289
 8 1 13.750000 1.000000 353
 2 0 6.250000 1.000000 94
 8 0 1.250000 1.000000 322
 2 0 2.083333 1.000000 84
 6 1 14.583333 1.000000 275
 5 0 2.916667 1.000000 206
 7 1 2.083333 1.000000 285
 1245511.100760 8
 1 1 2.083333 1.000000 45
 8 0 1.250000 1.000000 322
 4 1 11.250000 1.000000 187
 7 1 3.750000 1.000000 289
 3 1 0.416667 1.000000 121
 5 1 10.416667 1.000000 225
 3 0 16.250000 1.000000 158
 2 0 11.250000 1.000000 106
 1959567.515179 4
 9 1 8.750000 1.000000 381
 6 0 2.916667 1.000000 246
 8 1 8.750000 1.000000 341
 3 0 11.250000 1.000000 146
 582587.858728 4
 0 1 15.416667 1.000000 37
 9 1 12.916667 1.000000 391
 9 1 14.583333 1.000000 395
 9 0 10.416667 1.000000 384
 1538683.558227 7
 4 1 15.416667 1.000000 197
 5 0 7.916667 1.000000 218
 2 1 0.416667 1.000000 81
 2 1 5.416667 1.000000 93
 4 0 9.583333 1.000000 182
 2 0 11.250000 1.000000 106
 1 1 9.583333 1.000000 63
 1762344.305870 3
 3 1 16.250000 1.000000 159
 8 0 2.916667 1.000000 326
 4 0 0.416667 1.000000 160
 864440.503951 2
 7 0 11.250000 1.000000 306
 3 0 14.583333 1.000000 154
 119347.940907 6
 5 1 6.250000 1.000000 215
 5 0 10.416667 1.000000 224
 1 0 12.916667 1.000000 70
 8 1 13.750000 1.000000 353
 8 0 2.916667 1.000000 326
 9 0 1.250000 1.000000 362
 485223.089161 5
 3 1 16.250000 1.000000 159
 7 1 1.250000 1.000000 283
 1 1 12.083333 1.000000 69
 9 0 10.416667 1.000000 384
 2 0 6.250000 1.000000 94
 1491293.409230 8
 7 1 0.416667 1.000000 281
 9 0 1.250000 1.000000 362
 4 1 7.083333 1.000000 177
 9 0 13.750000 1.000000 392
 5 0 15.416667 1.000000 236
 3 0 2.916667 1.000000 126
 3 0 9.583333 1.000000 142
 5 0 0.416667 1.000000 200
 864263.178960 8
 6 0 5.416667 1.000000 252
 2 1 15.416667 1.000000 117
 4 1 4.583333 1.000000 171
 9 0 5.416667 1.000000 372
 9 0 3.750000 1.000000 368
 1 0 1.250000 1.000000 42
 4 0 2.083333 1.000000 164
 5 0 10.416667 1.000000 224
 1918147.797081 2
 8 1 11.250000 1.000000 347
 9 0 9.583333 1.000000 382
 959188.307225 2
 3 0 15.416667 1.000000 156
 9 0 13.750000 1.000000 392
 1641362.522878 2
 5 0 0.416667 1.000000 200
 4 0 12.916667 1.000000 190
 1669340.636595 7
 1 0 15.416667 1.000000 76
 3 1 12.083333 1.000000 149
 2 0 5.416667 1.000000 92
 0 1 15.416667 1.000000 37
 3 0 9.583333 1.000000 142
 4 1 7.083333 1.000000 177
 0 1 5.416667 1.000000 13
 587947.432151 6
 5 1 10.416667 1.000000 225
 9 1 12.916667 1.000000 391
 4 1 4.583333 1.000000 171
 6 0 7.083333 1.000000 256
 9 1 1.250000 1.000000 363
 1 0 6.250000 1.000000 54
 1255775.572516 7
 8 0 11.250000 1.000000 346
 5 0 7.916667 1.000000 218
 9 0 9.583333 1.000000 382
 9 0 10.416667 1.000000 384
 0 0 4.583333 1.000000 10
 1 0 12.083333 1.000000 68
 4 1 11.250000 1.000000 187
 1814551.947030 4
 2 0 9.583333 1.000000 102
 6 0 1.250000 1.000000 242
 3 0 7.916667 1.000000 138
 3 1 11.250000 1.000000 147
 1940874.119485 8
 4 1 7.083333 1.000000 177
 1 1 9.583333 1.000000 63
 2 0 9.583333 1.000000 102
 8 1 13.750000 1.000000 353
 4 1 10.416667 1.000000 185
 1 1 15.416667 1.000000 77
 0 1 12.916667 1.000000 31
 5 1 16.250000 1.000000 239
 1259238.797957 9
 5 0 14.583333 1.000000 234
 4 1 6.250000 1.000000 175
 4 0 0.416667 1.000000 160
 3 0 15.416667 1.000000 156
 3 1 15.416667 1.000000 157
 7 1 3.750000 1.000000 289
 9 0 0.416667 1.000000 360
 7 1 0.416667 1.000000 281
 0 0 14.583333 1.000000 34
 123286.065871 9
 2 1 6.250000 1.000000 95
 5 1 1.250000 1.000000 203
 2 1 5.416667 1.000000 93
 3 1 11.250000 1.000000 147
 7 1 16.250000 1.000000 319
 8 0 4.583333 1.000000 330
 6 1 14.583333 1.000000 275
 3 1 7.916667 1.000000 139
 3 0 1.250000 1.000000 122
 1795017.834993 3
 2 0 6.250000 1.000000 94
 3 1 2.916667 1.000000 127
 3 1 6.250000 1.000000 135
 538981.798058 4
 5 0 6.250000 1.000000 214
 9 0 1.250000 1.000000 362
 7 1 3.750000 1.000000 289
 3 1 2.916667 1.000000 127
 452873.464941 8
 4 1 6.250000 1.000000 175
 2 0 4.583333 1.000000 90
 9 1 14.583333 1.000000 395
 0 0 1.250000 1.000000 2
 8 0 11.250000 1.000000 346
 7 1 3.750000 1.000000 289
 5 0 10.416667 1.000000 224
 6 1 6.250000 1.000000 255
 214566.877007 5
 9 1 7.916667 1.000000 379
 2 0 6.250000 1.000000 94
 2 0 14.583333 1.000000 114
 6 0 7.083333 1.000000 256
 3 0 12.083333 1.000000 148
 1369653.031104 9
 9 0 1.250000 1.000000 362
 2 0 11.250000 1.000000 106
 9 0 9.583333 1.000000 382
 5 1 10.416667 1.000000 225
 9 0 3.750000 1.000000 368
 3 0 11.250000 1.000000 146
 8 1 1.250000 1.000000 323
 6 0 6.250000 1.000000 254
 9 1 12.916667 1.000000 391
 204730.511757 8
 4 1 11.250000 1.000000 187
 2 0 11.250000 1.000000 106
 3 1 3.750000 1.000000 129
 9 1 12.916667 1.000000 391
 1 0 2.083333 1.000000 44
 9 0 9.583333 1.000000 382
 3 0 0.416667 1.000000 120
 3 1 16.250000 1.000000 159
 966443.014744 6
 1 1 11.250000 1.000000 67
 9 0 5.416667 1.000000 372
 9 0 12.083333 1.000000 388
 0 0 12.916667 1.000000 30
 2 1 0.416667 1.000000 81
 2 0 9.583333 1.000000 102
 914106.301011 3
 2 0 14.583333 1.000000 114
 3 1 3.750000 1.000000 129
 5 0 6.250000 1.000000 214
 1910448.305360 5
 0 1 15.416667 1.000000 37
 4 1 10.416667 1.000000 185
 3 1 3.750000 1.000000 129
 2 1 0.416667 1.000000 81
 2 0 9.583333 1.000000 102
 1078264.743052 2
 8 1 11.250000 1.000000 347
 8 1 10.416667 1.000000 345
 1461425.955212 2
 8 0 11.250000 1.000000 346
 2 1 13.750000 1.000000 113
 433687.719886 7
 2 0 6.250000 1.000000 94
 3 1 11.250000 1.000000 147
 9 0 1.250000 1.000000 362
 0 0 14.583333 1.000000 34
 5 0 0.416667 1.000000 200
 1 0 2.083333 1.000000 44
 6 0 2.916667 1.000000 246
 103053.031221 8
 6 0 7.083333 1.000000 256
 2 0 6.250000 1.000000 94
 2 0 14.583333 1.000000 114
 5 0 6.250000 1.000000 214
 1 1 11.250000 1.000000 67
 8 0 16.250000 1.000000 358
 2 1 5.416667 1.000000 93
 6 0 16.250000 1.000000 278
 894241.266350 7
 4 1 11.250000 1.000000 187
 2 1 2.083333 1.000000 85
 3 0 14.583333 1.000000 154
 6 0 12.916667 1.000000 270
 4 0 12.916667 1.000000 190
 8 0 11.250000 1.000000 346
 3 1 7.916667 1.000000 139
 1338397.277751 2
 2 1 5.416667 1.000000 93
 8 1 2.083333 1.000000 325
 293689.889430 8
 7 0 4.583333 1.000000 290
 3 0 15.416667 1.000000 156
 9 1 16.250000 1.000000 399
 6 0 2.916667 1.000000 246
 0 0 5.416667 1.000000 12
 7 0 15.416667 1.000000 316
 9 1 3.750000 1.000000 369
 8 1 6.250000 1.000000 335
 445500.257521 5
 3 0 7.083333 1.000000 136
 3 1 7.916667 1.000000 139
 2 1 5.416667 1.000000 93
 1 1 9.583333 1.000000 63
 3 0 15.416667 1.000000 156
 532724.905616 3
 7 1 16.250000 1.000000 319
 5 0 1.250000 1.000000 202
 8 1 13.750000 1.000000 353
 1442383.931504 2
 5 0 6.250000 1.000000 214
 5 0 2.083333 1.000000 204
 565137.661940 5
 3 0 15.416667 1.000000 156
 2 0 11.250000 1.000000 106
 1 1 8.750000 1.000000 61
 7 1 9.583333 1.000000 303
 8 1 13.750000 1.000000 353
 1935784.019593 2
 5 1 16.250000 1.000000 239
 8 1 6.250000 1.000000 335
 624767.352540 4
 2 1 16.250000 1.000000 119
 8 1 15.416667 1.000000 357
 8 0 0.416667 1.000000 320
 1 1 9.583333 1.000000 63
 955921.205578 5
 3 1 3.750000 1.000000 129
 2 1 15.416667 1.000000 117
 9 1 7.916667 1.000000 379
 2 0 6.250000 1.000000 94
 3 0 15.416667 1.000000 156
 130120.422063 2
 5 1 16.250000 1.000000 239
 2 1 15.416667 1.000000 117
 982095.468502 8
 7 0 15.416667 1.000000 316
 2 1 15.416667 1.000000 117
 3 0 11.250000 1.000000 146
 4 1 11.250000 1.000000 187
 3 0 9.583333 1.000000 142
 2 0 9.583333 1.000000 102
 9 0 9.583333 1.000000 382
 5 0 14.583333 1.000000 234
 966762.485768 5
 5 0 14.583333 1.000000 234
 5 0 2.083333 1.000000 204
 5 0 2.916667 1.000000 206
 1 1 9.583333 1.000000 63
 3 0 1.250000 1.000000 122
 1251194.455871 9
 6 0 2.916667 1.000000 246
 8 0 4.583333 1.000000 330
 3 0 14.583333 1.000000 154
 5 0 14.583333 1.000000 234
 5 0 6.250000 1.000000 214
 5 0 10.416667 1.000000 224
 3 0 16.250000 1.000000 158
 7 1 16.250000 1.000000 319
 0 1 16.250000 1.000000 39
 549575.548670 9
 4 0 12.916667 1.000000 190
 2 1 15.416667 1.000000 117
 3 1 16.250000 1.000000 159
 2 0 6.250000 1.000000 94
 0 1 13.750000 1.000000 33
 2 0 14.583333 1.000000 114
 8 1 6.250000 1.000000 335
 2 1 2.083333 1.000000 85
 1 0 13.750000 1.000000 72
 1634885.969122 6
 0 0 8.750000 1.000000 20
 3 1 8.750000 1.000000 141
 3 1 7.916667 1.000000 139
 1 0 8.750000 1.000000 60
 6 0 2.916667 1.000000 246
 9 0 5.416667 1.000000 372
 1494442.973870 3
 3 0 16.250000 1.000000 158
 9 0 9.583333 1.000000 382
 0 1 15.416667 1.000000 37
 1520245.408956 8
 5 0 4.583333 1.000000 210
 4 1 4.583333 1.000000 171
 4 1 6.250000 1.000000 175
 8 0 4.583333 1.000000 330
 8 1 16.250000 1.000000 359
 7 1 0.416667 1.000000 281
 3 1 10.416667 1.000000 145
 6 0 5.416667 1.000000 252
 715974.325648 2
 9 1 6.250000 1.000000 375
 9 0 12.083333 1.000000 388
 1434903.203917 5
 3 1 2.916667 1.000000 127
 6 0 7.083333 1.000000 256
 2 0 14.583333 1.000000 114
 1 1 9.583333 1.000000 63
 3 1 6.250000 1.000000 135
 1257396.567379 4
 4 0 0.416667 1.000000 160
 7 1 3.750000 1.000000 289
 9 0 0.416667 1.000000 360
 8 0 2.916667 1.000000 326
 1462084.085784 3
 9 0 10.416667 1.000000 384
 1 0 2.083333 1.000000 44
 3 0 15.416667 1.000000 156
 1990761.556584 4
 7 1 3.750000 1.000000 289
 8 0 11.250000 1.000000 346
 8 0 1.250000 1.000000 322
 0 0 1.250000 1.000000 2
 635639.692692 8
 0 1 16.250000 1.000000 39
 2 1 7.083333 1.000000 97
 5 0 2.916667 1.000000 206
 4 1 10.416667 1.000000 185
 9 0 10.416667 1.000000 384
 0 0 2.916667 1.000000 6
 7 0 10.416667 1.000000 304
 1 1 2.083333 1.000000 45
 827433.107564 6
 6 0 7.083333 1.000000 256
 5 0 2.916667 1.000000 206
 2 1 8.750000 1.000000 101
 2 1 16.250000 1.000000 119
 6 0 1.250000 1.000000 242
 5 0 14.583333 1.000000 234
 329973.896560 3
 3 0 15.416667 1.000000 156
 7 1 3.750000 1.000000 289
 5 1 10.416667 1.000000 225
 474356.017091 6
 3 0 14.583333 1.000000 154
 4 1 7.083333 1.000000 177
 4 0 0.416667 1.000000 160
 8 1 11.250000 1.000000 347
 5 0 0.416667 1.000000 200
 9 0 3.750000 1.000000 368
 122563.305461 6
 7 1 10.416667 1.000000 305
 9 0 12.083333 1.000000 388
 5 0 10.416667 1.000000 224
 4 1 4.583333 1.000000 171
 2 1 8.750000 1.000000 101
 3 0 11.250000 1.000000 146