 Numero de pasillos e items
 25 1250
 Colocacion  mesa 
 0
 Localizacion pedidos 
 0
 largo y ancho de las estanterias
 66.125000 2.250000
 ancho de los pasillos
 2.250000
 Capacidad de cada trabajador
 150.000000
 Tiempo de picking
 0.000000
 Tiempo de giro (fuera y dentro)
 20.000000 0.000000
 pasillo, distancia al origen: derecho, izquierdo,lado al que esta
 0 0.000000 0.000000 0
 1 4.500000 4.500000 1
 2 9.000000 9.000000 1
 3 13.500000 13.500000 1
 4 18.000000 18.000000 1
 5 22.500000 22.500000 1
 6 27.000000 27.000000 1
 7 31.500000 31.500000 1
 8 36.000000 36.000000 1
 9 40.500000 40.500000 1
 10 45.000000 45.000000 1
 11 49.500000 49.500000 1
 12 54.000000 54.000000 1
 13 58.500000 58.500000 1
 14 63.000000 63.000000 1
 15 67.500000 67.500000 1
 16 72.000000 72.000000 1
 17 76.500000 76.500000 1
 18 81.000000 81.000000 1
 19 85.500000 85.500000 1
 20 90.000000 90.000000 1
 21 94.500000 94.500000 1
 22 99.000000 99.000000 1
 23 103.500000 103.500000 1
 24 108.000000 108.000000 1
 9999