Numero de pedidos
50
duedate num_referencias // pasillo lado altura peso
1014885.2 17
7 0 21.617500000000007 1.0 366
16 0 42.057500000000005 1.0 832
10 0 24.1725 1.0 518
1 1 21.617500000000007 1.0 67
0 1 47.167500000000004 1.0 37
23 1 47.167500000000004 1.0 1187
10 1 16.507500000000007 1.0 513
1 1 34.3925 1.0 77
16 0 3.7325000000000017 1.0 802
17 1 6.287500000000001 1.0 855
16 0 34.3925 1.0 826
20 1 26.727500000000006 1.0 1021
0 1 34.3925 1.0 27
22 1 26.727500000000006 1.0 1121
21 0 8.842500000000001 1.0 1056
18 0 36.947500000000005 1.0 928
16 1 47.167500000000004 1.0 837
1203004.1 17
21 0 49.7225 1.0 1088
1 0 57.3875 1.0 94
0 0 31.837500000000006 1.0 24
21 1 19.0625 1.0 1065
8 0 49.7225 1.0 438
10 1 1.177500000000002 1.0 501
22 0 13.9525 1.0 1110
3 1 29.2825 1.0 173
14 1 52.2775 1.0 741
16 0 34.3925 1.0 826
2 1 21.617500000000007 1.0 117
15 1 59.94250000000001 1.0 797
18 1 39.5025 1.0 931
5 0 29.2825 1.0 272
1 1 8.842500000000001 1.0 57
20 0 42.057500000000005 1.0 1032
12 1 39.5025 1.0 631
1577653.0 20
21 1 19.0625 1.0 1065
5 0 57.3875 1.0 294
9 1 6.287500000000001 1.0 455
1 1 34.3925 1.0 77
20 1 49.7225 1.0 1039
23 1 47.167500000000004 1.0 1187
17 0 31.837500000000006 1.0 874
22 1 29.2825 1.0 1123
7 1 47.167500000000004 1.0 387
17 1 39.5025 1.0 881
3 1 21.617500000000007 1.0 167
7 1 13.9525 1.0 361
3 0 49.7225 1.0 188
6 0 44.6125 1.0 334
20 1 3.7325000000000017 1.0 1003
16 1 52.2775 1.0 841
21 0 8.842500000000001 1.0 1056
1 0 47.167500000000004 1.0 86
0 0 26.727500000000006 1.0 20
15 0 24.1725 1.0 768
1024221.7 12
7 1 24.1725 1.0 369
14 1 21.617500000000007 1.0 717
9 1 26.727500000000006 1.0 471
6 1 57.3875 1.0 345
14 0 59.94250000000001 1.0 746
15 1 57.3875 1.0 795
1 1 8.842500000000001 1.0 57
13 1 24.1725 1.0 669
16 0 62.4975 1.0 848
5 0 57.3875 1.0 294
2 0 47.167500000000004 1.0 136
8 0 16.507500000000007 1.0 412
1893321.4 19
8 0 62.4975 1.0 448
21 1 57.3875 1.0 1095
3 1 62.4975 1.0 199
7 1 24.1725 1.0 369
2 0 52.2775 1.0 140
16 1 21.617500000000007 1.0 817
22 0 34.3925 1.0 1126
9 1 6.287500000000001 1.0 455
20 0 29.2825 1.0 1022
10 0 42.057500000000005 1.0 532
8 0 52.2775 1.0 440
13 0 44.6125 1.0 684
2 0 39.5025 1.0 130
10 1 1.177500000000002 1.0 501
16 1 24.1725 1.0 819
3 0 1.177500000000002 1.0 150
11 1 3.7325000000000017 1.0 553
5 0 13.9525 1.0 260
13 1 8.842500000000001 1.0 657
1117983.0 9
3 0 49.7225 1.0 188
13 1 26.727500000000006 1.0 671
10 0 31.837500000000006 1.0 524
23 0 29.2825 1.0 1172
23 1 39.5025 1.0 1181
20 1 19.0625 1.0 1015
19 1 34.3925 1.0 977
21 1 57.3875 1.0 1095
0 1 47.167500000000004 1.0 37
140926.92 19
0 1 49.7225 1.0 39
14 0 31.837500000000006 1.0 724
2 1 13.9525 1.0 111
22 1 1.177500000000002 1.0 1101
10 1 1.177500000000002 1.0 501
24 0 52.2775 1.0 1240
4 0 57.3875 1.0 244
10 0 8.842500000000001 1.0 506
19 1 19.0625 1.0 965
14 0 62.4975 1.0 748
23 1 54.83250000000001 1.0 1193
3 0 49.7225 1.0 188
4 1 24.1725 1.0 219
20 1 19.0625 1.0 1015
16 1 13.9525 1.0 811
22 1 57.3875 1.0 1145
24 0 44.6125 1.0 1234
23 0 6.287500000000001 1.0 1154
3 1 21.617500000000007 1.0 167
1000091.1 13
21 0 21.617500000000007 1.0 1066
7 1 29.2825 1.0 373
1 1 34.3925 1.0 77
17 1 1.177500000000002 1.0 851
13 1 8.842500000000001 1.0 657
11 1 62.4975 1.0 599
8 1 62.4975 1.0 449
14 1 44.6125 1.0 735
23 0 6.287500000000001 1.0 1154
9 1 6.287500000000001 1.0 455
13 1 26.727500000000006 1.0 671
2 0 16.507500000000007 1.0 112
10 1 21.617500000000007 1.0 517
1612677.1 20
4 0 62.4975 1.0 248
24 1 24.1725 1.0 1219
11 1 42.057500000000005 1.0 583
12 1 8.842500000000001 1.0 607
1 1 21.617500000000007 1.0 67
3 0 47.167500000000004 1.0 186
2 0 21.617500000000007 1.0 116
0 0 39.5025 1.0 30
22 1 52.2775 1.0 1141
19 0 44.6125 1.0 984
16 0 1.177500000000002 1.0 800
8 1 62.4975 1.0 449
23 0 19.0625 1.0 1164
5 0 29.2825 1.0 272
14 0 29.2825 1.0 722
11 0 44.6125 1.0 584
6 0 52.2775 1.0 340
10 1 1.177500000000002 1.0 501
18 1 42.057500000000005 1.0 933
11 0 1.177500000000002 1.0 550
685719.6 19
21 1 31.837500000000006 1.0 1075
16 0 42.057500000000005 1.0 832
21 0 59.94250000000001 1.0 1096
6 1 47.167500000000004 1.0 337
1 0 57.3875 1.0 94
19 0 16.507500000000007 1.0 962
20 0 42.057500000000005 1.0 1032
17 0 6.287500000000001 1.0 854
23 0 34.3925 1.0 1176
18 0 42.057500000000005 1.0 932
20 1 42.057500000000005 1.0 1033
1 0 24.1725 1.0 68
2 1 13.9525 1.0 111
7 1 1.177500000000002 1.0 351
18 0 26.727500000000006 1.0 920
13 1 26.727500000000006 1.0 671
24 1 1.177500000000002 1.0 1201
9 0 57.3875 1.0 494
24 0 52.2775 1.0 1240
932604.56 5
16 0 29.2825 1.0 822
12 0 16.507500000000007 1.0 612
1 0 54.83250000000001 1.0 92
2 0 16.507500000000007 1.0 112
13 0 49.7225 1.0 688
998887.44 6
7 1 24.1725 1.0 369
16 1 44.6125 1.0 835
3 0 26.727500000000006 1.0 170
0 1 49.7225 1.0 39
8 1 42.057500000000005 1.0 433
20 0 54.83250000000001 1.0 1042
1447689.5 14
2 1 29.2825 1.0 123
3 1 3.7325000000000017 1.0 153
2 0 52.2775 1.0 140
4 1 59.94250000000001 1.0 247
9 0 16.507500000000007 1.0 462
23 1 39.5025 1.0 1181
20 1 11.3975 1.0 1009
20 1 26.727500000000006 1.0 1021
7 1 42.057500000000005 1.0 383
18 1 42.057500000000005 1.0 933
3 0 42.057500000000005 1.0 182
19 0 19.0625 1.0 964
7 1 1.177500000000002 1.0 351
23 0 21.617500000000007 1.0 1166
57359.84 23
20 0 26.727500000000006 1.0 1020
5 0 54.83250000000001 1.0 292
6 0 8.842500000000001 1.0 306
23 1 54.83250000000001 1.0 1193
11 1 42.057500000000005 1.0 583
9 0 31.837500000000006 1.0 474
21 0 34.3925 1.0 1076
14 1 44.6125 1.0 735
20 0 42.057500000000005 1.0 1032
11 1 21.617500000000007 1.0 567
22 0 34.3925 1.0 1126
3 1 19.0625 1.0 165
2 1 21.617500000000007 1.0 117
0 1 57.3875 1.0 45
6 1 24.1725 1.0 319
9 0 8.842500000000001 1.0 456
21 0 49.7225 1.0 1088
1 0 57.3875 1.0 94
3 0 62.4975 1.0 198
16 1 44.6125 1.0 835
10 0 16.507500000000007 1.0 512
11 1 47.167500000000004 1.0 587
23 1 24.1725 1.0 1169
1388302.2 22
17 1 13.9525 1.0 861
5 0 52.2775 1.0 290
14 0 62.4975 1.0 748
7 1 8.842500000000001 1.0 357
13 0 6.287500000000001 1.0 654
1 1 34.3925 1.0 77
21 1 26.727500000000006 1.0 1071
8 1 42.057500000000005 1.0 433
21 1 19.0625 1.0 1065
16 1 19.0625 1.0 815
14 1 6.287500000000001 1.0 705
16 1 44.6125 1.0 835
2 0 16.507500000000007 1.0 112
11 1 21.617500000000007 1.0 567
5 1 21.617500000000007 1.0 267
19 0 44.6125 1.0 984
2 1 49.7225 1.0 139
22 0 3.7325000000000017 1.0 1102
14 1 52.2775 1.0 741
24 1 29.2825 1.0 1223
4 1 6.287500000000001 1.0 205
12 0 3.7325000000000017 1.0 602
1364932.8 18
9 0 59.94250000000001 1.0 496
16 1 52.2775 1.0 841
24 1 44.6125 1.0 1235
4 0 49.7225 1.0 238
18 0 13.9525 1.0 910
0 0 31.837500000000006 1.0 24
22 1 29.2825 1.0 1123
1 1 47.167500000000004 1.0 87
4 1 31.837500000000006 1.0 225
13 1 59.94250000000001 1.0 697
12 0 31.837500000000006 1.0 624
6 1 47.167500000000004 1.0 337
7 1 26.727500000000006 1.0 371
0 1 31.837500000000006 1.0 25
24 0 26.727500000000006 1.0 1220
24 0 13.9525 1.0 1210
13 1 52.2775 1.0 691
12 1 29.2825 1.0 623
457164.2 10
16 1 44.6125 1.0 835
1 1 21.617500000000007 1.0 67
24 0 31.837500000000006 1.0 1224
3 1 19.0625 1.0 165
2 0 39.5025 1.0 130
21 1 26.727500000000006 1.0 1071
18 0 42.057500000000005 1.0 932
24 0 52.2775 1.0 1240
6 1 47.167500000000004 1.0 337
8 0 47.167500000000004 1.0 436
170141.23 8
24 0 13.9525 1.0 1210
5 0 54.83250000000001 1.0 292
0 0 26.727500000000006 1.0 20
13 1 8.842500000000001 1.0 657
24 1 62.4975 1.0 1249
9 0 31.837500000000006 1.0 474
16 0 26.727500000000006 1.0 820
5 0 16.507500000000007 1.0 262
205597.34 24
18 0 8.842500000000001 1.0 906
5 0 13.9525 1.0 260
20 0 21.617500000000007 1.0 1016
10 0 3.7325000000000017 1.0 502
16 0 16.507500000000007 1.0 812
11 0 47.167500000000004 1.0 586
0 0 31.837500000000006 1.0 24
5 1 21.617500000000007 1.0 267
13 0 42.057500000000005 1.0 682
16 0 24.1725 1.0 818
18 0 36.947500000000005 1.0 928
6 1 29.2825 1.0 323
4 1 6.287500000000001 1.0 205
1 0 29.2825 1.0 72
21 0 59.94250000000001 1.0 1096
10 0 19.0625 1.0 514
7 0 42.057500000000005 1.0 382
7 1 26.727500000000006 1.0 371
24 1 47.167500000000004 1.0 1237
14 0 19.0625 1.0 714
3 1 13.9525 1.0 161
8 0 52.2775 1.0 440
16 1 52.2775 1.0 841
10 0 1.177500000000002 1.0 500
1149751.0 24
0 0 26.727500000000006 1.0 20
7 1 8.842500000000001 1.0 357
12 1 29.2825 1.0 623
18 1 44.6125 1.0 935
16 0 34.3925 1.0 826
4 1 47.167500000000004 1.0 237
24 0 47.167500000000004 1.0 1236
13 1 13.9525 1.0 661
20 1 62.4975 1.0 1049
21 0 26.727500000000006 1.0 1070
7 1 24.1725 1.0 369
8 1 42.057500000000005 1.0 433
8 1 11.3975 1.0 409
16 0 42.057500000000005 1.0 832
1 1 34.3925 1.0 77
4 0 59.94250000000001 1.0 246
11 1 6.287500000000001 1.0 555
16 0 29.2825 1.0 822
13 1 8.842500000000001 1.0 657
3 1 49.7225 1.0 189
24 0 44.6125 1.0 1234
16 1 34.3925 1.0 827
5 0 57.3875 1.0 294
2 0 39.5025 1.0 130
428503.3 7
24 0 52.2775 1.0 1240
10 0 54.83250000000001 1.0 542
22 1 29.2825 1.0 1123
0 0 39.5025 1.0 30
24 0 44.6125 1.0 1234
12 0 21.617500000000007 1.0 616
21 0 11.3975 1.0 1058
1821269.9 13
10 1 52.2775 1.0 541
6 1 31.837500000000006 1.0 325
6 0 59.94250000000001 1.0 346
23 0 21.617500000000007 1.0 1166
4 1 6.287500000000001 1.0 205
13 0 8.842500000000001 1.0 656
17 0 21.617500000000007 1.0 866
5 0 13.9525 1.0 260
13 0 62.4975 1.0 698
7 1 34.3925 1.0 377
24 1 24.1725 1.0 1219
19 1 11.3975 1.0 959
20 1 42.057500000000005 1.0 1033
1103338.4 12
13 0 6.287500000000001 1.0 654
17 1 6.287500000000001 1.0 855
2 1 13.9525 1.0 111
4 0 59.94250000000001 1.0 246
8 0 49.7225 1.0 438
19 1 62.4975 1.0 999
24 0 44.6125 1.0 1234
5 1 11.3975 1.0 259
15 1 59.94250000000001 1.0 797
4 1 31.837500000000006 1.0 225
20 1 19.0625 1.0 1015
4 0 42.057500000000005 1.0 232
1530162.2 7
19 1 19.0625 1.0 965
17 1 6.287500000000001 1.0 855
22 0 6.287500000000001 1.0 1104
24 0 1.177500000000002 1.0 1200
14 0 59.94250000000001 1.0 746
21 1 1.177500000000002 1.0 1051
16 1 34.3925 1.0 827
558063.3 7
0 1 16.507500000000007 1.0 13
2 1 21.617500000000007 1.0 117
19 0 1.177500000000002 1.0 950
12 0 24.1725 1.0 618
4 1 47.167500000000004 1.0 237
13 1 6.287500000000001 1.0 655
16 0 54.83250000000001 1.0 842
1318191.6 12
0 0 16.507500000000007 1.0 12
19 0 1.177500000000002 1.0 950
0 0 36.947500000000005 1.0 28
16 1 44.6125 1.0 835
13 0 8.842500000000001 1.0 656
8 0 11.3975 1.0 408
6 0 52.2775 1.0 340
23 0 6.287500000000001 1.0 1154
11 0 34.3925 1.0 576
22 0 13.9525 1.0 1110
4 0 6.287500000000001 1.0 204
18 0 8.842500000000001 1.0 906
993649.94 14
16 1 34.3925 1.0 827
22 0 13.9525 1.0 1110
7 0 36.947500000000005 1.0 378
9 0 34.3925 1.0 476
21 1 54.83250000000001 1.0 1093
13 1 59.94250000000001 1.0 697
16 1 54.83250000000001 1.0 843
2 0 1.177500000000002 1.0 100
11 0 1.177500000000002 1.0 550
4 1 6.287500000000001 1.0 205
13 0 62.4975 1.0 698
5 0 44.6125 1.0 284
13 0 1.177500000000002 1.0 650
6 0 57.3875 1.0 344
1923392.1 15
19 1 24.1725 1.0 969
15 1 44.6125 1.0 785
3 1 62.4975 1.0 199
15 1 59.94250000000001 1.0 797
5 0 52.2775 1.0 290
12 1 8.842500000000001 1.0 607
8 0 49.7225 1.0 438
2 1 29.2825 1.0 123
8 1 11.3975 1.0 409
21 1 3.7325000000000017 1.0 1053
14 1 21.617500000000007 1.0 717
11 1 21.617500000000007 1.0 567
16 0 26.727500000000006 1.0 820
9 0 8.842500000000001 1.0 456
12 0 57.3875 1.0 644
190177.56 6
18 0 42.057500000000005 1.0 932
10 0 8.842500000000001 1.0 506
20 1 26.727500000000006 1.0 1021
2 1 21.617500000000007 1.0 117
20 0 26.727500000000006 1.0 1020
9 0 59.94250000000001 1.0 496
1574764.9 20
16 1 52.2775 1.0 841
15 1 6.287500000000001 1.0 755
16 1 13.9525 1.0 811
5 1 11.3975 1.0 259
11 1 6.287500000000001 1.0 555
17 1 36.947500000000005 1.0 879
16 0 34.3925 1.0 826
7 1 13.9525 1.0 361
3 1 42.057500000000005 1.0 183
10 1 1.177500000000002 1.0 501
18 0 11.3975 1.0 908
18 0 42.057500000000005 1.0 932
2 0 16.507500000000007 1.0 112
16 0 29.2825 1.0 822
20 0 26.727500000000006 1.0 1020
13 0 1.177500000000002 1.0 650
18 1 21.617500000000007 1.0 917
16 0 26.727500000000006 1.0 820
15 1 36.947500000000005 1.0 779
23 0 19.0625 1.0 1164
1606437.0 17
13 1 52.2775 1.0 691
11 1 11.3975 1.0 559
16 1 44.6125 1.0 835
9 0 21.617500000000007 1.0 466
4 1 6.287500000000001 1.0 205
9 0 39.5025 1.0 480
24 1 29.2825 1.0 1223
21 0 31.837500000000006 1.0 1074
23 0 57.3875 1.0 1194
3 0 47.167500000000004 1.0 186
9 1 24.1725 1.0 469
0 0 29.2825 1.0 22
2 0 52.2775 1.0 140
14 0 1.177500000000002 1.0 700
3 1 21.617500000000007 1.0 167
16 0 29.2825 1.0 822
21 1 26.727500000000006 1.0 1071
1281685.5 8
2 1 44.6125 1.0 135
21 0 21.617500000000007 1.0 1066
11 1 6.287500000000001 1.0 555
18 1 16.507500000000007 1.0 913
17 1 26.727500000000006 1.0 871
17 0 6.287500000000001 1.0 854
23 0 21.617500000000007 1.0 1166
4 1 6.287500000000001 1.0 205
480878.44 14
1 1 42.057500000000005 1.0 83
0 0 36.947500000000005 1.0 28
22 1 49.7225 1.0 1139
13 0 62.4975 1.0 698
9 1 11.3975 1.0 459
22 1 29.2825 1.0 1123
3 0 42.057500000000005 1.0 182
1 0 3.7325000000000017 1.0 52
13 0 11.3975 1.0 658
19 0 6.287500000000001 1.0 954
17 0 49.7225 1.0 888
0 1 16.507500000000007 1.0 13
0 1 47.167500000000004 1.0 37
2 0 21.617500000000007 1.0 116
1658913.6 15
16 1 34.3925 1.0 827
17 0 21.617500000000007 1.0 866
16 0 26.727500000000006 1.0 820
17 1 24.1725 1.0 869
9 0 19.0625 1.0 464
0 0 19.0625 1.0 14
12 1 8.842500000000001 1.0 607
20 0 42.057500000000005 1.0 1032
11 1 42.057500000000005 1.0 583
21 0 21.617500000000007 1.0 1066
14 0 29.2825 1.0 722
16 1 52.2775 1.0 841
4 1 24.1725 1.0 219
19 1 11.3975 1.0 959
1 0 47.167500000000004 1.0 86
1120265.1 8
14 1 21.617500000000007 1.0 717
2 1 13.9525 1.0 111
20 1 42.057500000000005 1.0 1033
18 0 3.7325000000000017 1.0 902
22 1 47.167500000000004 1.0 1137
5 0 44.6125 1.0 284
15 1 24.1725 1.0 769
11 0 34.3925 1.0 576
1131620.0 10
12 1 26.727500000000006 1.0 621
0 1 1.177500000000002 1.0 1
10 0 42.057500000000005 1.0 532
18 1 21.617500000000007 1.0 917
9 0 54.83250000000001 1.0 492
7 1 26.727500000000006 1.0 371
19 0 34.3925 1.0 976
14 0 19.0625 1.0 714
9 0 16.507500000000007 1.0 462
4 1 6.287500000000001 1.0 205
441030.22 17
13 1 3.7325000000000017 1.0 653
18 0 8.842500000000001 1.0 906
14 1 59.94250000000001 1.0 747
21 1 21.617500000000007 1.0 1067
20 1 29.2825 1.0 1023
23 1 11.3975 1.0 1159
15 0 36.947500000000005 1.0 778
24 0 1.177500000000002 1.0 1200
1 0 26.727500000000006 1.0 70
2 1 13.9525 1.0 111
5 0 54.83250000000001 1.0 292
5 0 21.617500000000007 1.0 266
17 1 52.2775 1.0 891
24 1 47.167500000000004 1.0 1237
0 0 16.507500000000007 1.0 12
20 0 21.617500000000007 1.0 1016
13 0 36.947500000000005 1.0 678
127847.03 21
22 0 13.9525 1.0 1110
8 1 62.4975 1.0 449
14 0 19.0625 1.0 714
9 1 11.3975 1.0 459
12 1 29.2825 1.0 623
12 1 47.167500000000004 1.0 637
0 0 52.2775 1.0 40
3 1 16.507500000000007 1.0 163
13 1 59.94250000000001 1.0 697
2 0 3.7325000000000017 1.0 102
16 0 42.057500000000005 1.0 832
24 0 1.177500000000002 1.0 1200
0 1 47.167500000000004 1.0 37
23 1 34.3925 1.0 1177
17 0 31.837500000000006 1.0 874
5 0 54.83250000000001 1.0 292
12 1 26.727500000000006 1.0 621
24 0 59.94250000000001 1.0 1246
21 1 8.842500000000001 1.0 1057
17 1 6.287500000000001 1.0 855
1 1 62.4975 1.0 99
663258.4 10
6 0 34.3925 1.0 326
5 0 49.7225 1.0 288
10 0 16.507500000000007 1.0 512
8 0 19.0625 1.0 414
21 1 52.2775 1.0 1091
14 1 6.287500000000001 1.0 705
21 0 49.7225 1.0 1088
20 0 31.837500000000006 1.0 1024
9 0 52.2775 1.0 490
14 0 11.3975 1.0 708
1753895.0 13
8 0 62.4975 1.0 448
14 0 31.837500000000006 1.0 724
4 1 31.837500000000006 1.0 225
3 0 49.7225 1.0 188
21 0 34.3925 1.0 1076
13 1 31.837500000000006 1.0 675
20 1 26.727500000000006 1.0 1021
18 0 13.9525 1.0 910
4 1 3.7325000000000017 1.0 203
8 1 11.3975 1.0 409
17 1 34.3925 1.0 877
6 1 47.167500000000004 1.0 337
11 1 42.057500000000005 1.0 583
1393914.4 17
19 1 19.0625 1.0 965
22 1 47.167500000000004 1.0 1137
5 0 21.617500000000007 1.0 266
4 0 44.6125 1.0 234
9 0 31.837500000000006 1.0 474
10 0 49.7225 1.0 538
21 1 19.0625 1.0 1065
11 0 44.6125 1.0 584
1 0 42.057500000000005 1.0 82
22 0 3.7325000000000017 1.0 1102
3 0 42.057500000000005 1.0 182
13 0 39.5025 1.0 680
18 0 8.842500000000001 1.0 906
10 1 21.617500000000007 1.0 517
15 1 57.3875 1.0 795
19 1 34.3925 1.0 977
8 0 29.2825 1.0 422
1455603.4 21
10 0 54.83250000000001 1.0 542
16 0 24.1725 1.0 818
6 1 3.7325000000000017 1.0 303
23 0 62.4975 1.0 1198
16 1 24.1725 1.0 819
14 0 62.4975 1.0 748
23 1 36.947500000000005 1.0 1179
21 0 49.7225 1.0 1088
15 0 59.94250000000001 1.0 796
5 0 44.6125 1.0 284
24 0 42.057500000000005 1.0 1232
10 0 36.947500000000005 1.0 528
14 0 1.177500000000002 1.0 700
1 1 34.3925 1.0 77
15 1 57.3875 1.0 795
9 1 11.3975 1.0 459
7 1 1.177500000000002 1.0 351
6 0 59.94250000000001 1.0 346
5 0 21.617500000000007 1.0 266
7 1 34.3925 1.0 377
3 1 62.4975 1.0 199
323175.56 20
24 1 54.83250000000001 1.0 1243
18 1 21.617500000000007 1.0 917
7 1 47.167500000000004 1.0 387
5 1 11.3975 1.0 259
0 1 31.837500000000006 1.0 25
4 1 31.837500000000006 1.0 225
23 0 6.287500000000001 1.0 1154
19 0 16.507500000000007 1.0 962
4 1 6.287500000000001 1.0 205
6 0 13.9525 1.0 310
16 1 52.2775 1.0 841
24 0 26.727500000000006 1.0 1220
17 1 6.287500000000001 1.0 855
9 1 11.3975 1.0 459
18 1 54.83250000000001 1.0 943
12 1 47.167500000000004 1.0 637
8 1 11.3975 1.0 409
18 1 3.7325000000000017 1.0 903
18 0 42.057500000000005 1.0 932
21 0 21.617500000000007 1.0 1066
888414.5 9
8 1 8.842500000000001 1.0 407
15 1 44.6125 1.0 785
10 1 52.2775 1.0 541
18 0 54.83250000000001 1.0 942
10 0 8.842500000000001 1.0 506
22 0 31.837500000000006 1.0 1124
9 0 36.947500000000005 1.0 478
7 1 24.1725 1.0 369
12 1 47.167500000000004 1.0 637
1499368.4 8
22 0 36.947500000000005 1.0 1128
4 1 47.167500000000004 1.0 237
1 1 21.617500000000007 1.0 67
10 0 8.842500000000001 1.0 506
6 1 47.167500000000004 1.0 337
19 1 34.3925 1.0 977
2 0 39.5025 1.0 130
13 0 62.4975 1.0 698
1135474.5 6
21 1 31.837500000000006 1.0 1075
5 0 44.6125 1.0 284
6 1 3.7325000000000017 1.0 303
19 0 19.0625 1.0 964
15 1 49.7225 1.0 789
3 0 62.4975 1.0 198
1351563.2 18
9 0 52.2775 1.0 490
24 0 47.167500000000004 1.0 1236
4 0 59.94250000000001 1.0 246
14 0 29.2825 1.0 722
7 0 21.617500000000007 1.0 366
14 0 31.837500000000006 1.0 724
5 0 21.617500000000007 1.0 266
15 1 54.83250000000001 1.0 793
6 1 47.167500000000004 1.0 337
21 1 8.842500000000001 1.0 1057
13 1 52.2775 1.0 691
5 1 21.617500000000007 1.0 267
4 0 57.3875 1.0 244
23 1 47.167500000000004 1.0 1187
1 0 29.2825 1.0 72
10 1 52.2775 1.0 541
19 0 16.507500000000007 1.0 962
9 1 11.3975 1.0 459
1020221.7 18
11 1 26.727500000000006 1.0 571
17 1 34.3925 1.0 877
3 1 62.4975 1.0 199
24 0 52.2775 1.0 1240
16 0 36.947500000000005 1.0 828
13 1 3.7325000000000017 1.0 653
21 1 21.617500000000007 1.0 1067
12 0 24.1725 1.0 618
10 1 16.507500000000007 1.0 513
4 1 31.837500000000006 1.0 225
10 1 13.9525 1.0 511
23 1 26.727500000000006 1.0 1171
12 1 1.177500000000002 1.0 601
1 1 42.057500000000005 1.0 83
16 1 13.9525 1.0 811
9 1 26.727500000000006 1.0 471
15 1 36.947500000000005 1.0 779
4 1 26.727500000000006 1.0 221
1101192.1 13
18 0 8.842500000000001 1.0 906
4 0 59.94250000000001 1.0 246
1 0 62.4975 1.0 98
20 1 26.727500000000006 1.0 1021
3 0 49.7225 1.0 188
19 1 26.727500000000006 1.0 971
16 1 19.0625 1.0 815
0 0 36.947500000000005 1.0 28
16 0 34.3925 1.0 826
13 1 1.177500000000002 1.0 651
23 0 6.287500000000001 1.0 1154
3 1 42.057500000000005 1.0 183
15 1 49.7225 1.0 789
807380.6 19
0 1 49.7225 1.0 39
0 1 26.727500000000006 1.0 21
21 1 19.0625 1.0 1065
10 0 8.842500000000001 1.0 506
19 0 34.3925 1.0 976
2 0 21.617500000000007 1.0 116
19 1 34.3925 1.0 977
17 1 52.2775 1.0 891
4 1 47.167500000000004 1.0 237
19 1 11.3975 1.0 959
10 1 21.617500000000007 1.0 517
7 1 42.057500000000005 1.0 383
5 1 21.617500000000007 1.0 267
15 1 49.7225 1.0 789
8 0 11.3975 1.0 408
3 1 49.7225 1.0 189
1 1 8.842500000000001 1.0 57
16 1 44.6125 1.0 835
22 0 34.3925 1.0 1126
