 Numero de pedidos 
 200
 duedate num_referencias // pasillo lado altura peso
 1568926.253565 4
 2 1 37.500000 1.000000 147
 3 1 18.055556 1.000000 193
 1 1 18.055556 1.000000 73
 3 1 81.944444 1.000000 239
 1778435.116624 4
 3 0 51.388889 1.000000 216
 3 0 26.388889 1.000000 198
 0 1 6.944444 1.000000 5
 0 0 65.277778 1.000000 46
 958632.430564 1
 1 0 29.166667 1.000000 80
 1723034.140655 2
 1 0 31.944444 1.000000 82
 2 0 65.277778 1.000000 166
 877112.860660 1
 0 0 65.277778 1.000000 46
 835938.515438 2
 0 0 81.944444 1.000000 58
 3 0 73.611111 1.000000 232
 1496965.464250 2
 3 1 62.500000 1.000000 225
 3 1 70.833333 1.000000 231
 298335.411390 3
 2 0 4.166667 1.000000 122
 1 0 81.944444 1.000000 118
 1 0 79.166667 1.000000 116
 1897770.552792 2
 2 1 37.500000 1.000000 147
 1 0 9.722222 1.000000 66
 1044923.303819 3
 2 1 26.388889 1.000000 139
 3 1 48.611111 1.000000 215
 0 0 37.500000 1.000000 26
 1352106.914517 2
 1 0 29.166667 1.000000 80
 2 0 6.944444 1.000000 124
 672694.957253 2
 1 1 18.055556 1.000000 73
 1 0 73.611111 1.000000 112
 151061.651405 3
 3 1 48.611111 1.000000 215
 1 0 79.166667 1.000000 116
 0 0 79.166667 1.000000 56
 1954840.187353 3
 2 1 45.833333 1.000000 153
 2 1 4.166667 1.000000 123
 3 1 62.500000 1.000000 225
 1357879.005595 5
 0 0 12.500000 1.000000 8
 0 0 73.611111 1.000000 52
 2 1 65.277778 1.000000 167
 1 0 70.833333 1.000000 110
 1 0 9.722222 1.000000 66
 497335.275885 5
 1 0 1.388889 1.000000 60
 1 1 40.277778 1.000000 89
 0 0 68.055556 1.000000 48
 1 0 31.944444 1.000000 82
 3 0 70.833333 1.000000 230
 812194.967648 4
 2 1 56.944444 1.000000 161
 2 1 34.722222 1.000000 145
 3 0 81.944444 1.000000 238
 2 0 20.833333 1.000000 134
 122945.465018 4
 0 1 1.388889 1.000000 1
 2 0 56.944444 1.000000 160
 0 0 62.500000 1.000000 44
 1 0 79.166667 1.000000 116
 1004516.407347 2
 0 1 1.388889 1.000000 1
 0 0 62.500000 1.000000 44
 1489814.401590 5
 1 0 76.388889 1.000000 114
 3 0 81.944444 1.000000 238
 2 0 29.166667 1.000000 140
 1 1 76.388889 1.000000 115
 1 0 73.611111 1.000000 112
 1612971.782895 1
 1 0 81.944444 1.000000 118
 1363311.830183 2
 2 0 37.500000 1.000000 146
 2 1 79.166667 1.000000 177
 135636.846877 3
 0 1 73.611111 1.000000 53
 1 1 40.277778 1.000000 89
 0 0 68.055556 1.000000 48
 1535286.916706 1
 3 0 51.388889 1.000000 216
 1643076.667508 1
 2 1 48.611111 1.000000 155
 820322.242780 3
 2 1 34.722222 1.000000 145
 0 1 6.944444 1.000000 5
 2 1 15.277778 1.000000 131
 309464.519429 2
 1 1 18.055556 1.000000 73
 3 1 20.833333 1.000000 195
 582307.491257 4
 0 0 48.611111 1.000000 34
 2 1 26.388889 1.000000 139
 1 1 76.388889 1.000000 115
 3 0 51.388889 1.000000 216
 427386.006763 2
 2 1 26.388889 1.000000 139
 0 0 54.166667 1.000000 38
 1959471.233953 6
 2 1 37.500000 1.000000 147
 3 0 51.388889 1.000000 216
 0 1 62.500000 1.000000 45
 1 0 31.944444 1.000000 82
 2 1 79.166667 1.000000 177
 0 0 6.944444 1.000000 4
 479082.197658 3
 1 0 73.611111 1.000000 112
 0 0 37.500000 1.000000 26
 0 0 29.166667 1.000000 20
 634992.754513 1
 1 1 31.944444 1.000000 83
 1324235.430176 1
 0 1 34.722222 1.000000 25
 633460.078516 2
 3 1 20.833333 1.000000 195
 2 1 26.388889 1.000000 139
 730307.980967 6
 0 1 45.833333 1.000000 33
 1 0 31.944444 1.000000 82
 2 1 26.388889 1.000000 139
 3 0 34.722222 1.000000 204
 3 1 18.055556 1.000000 193
 1 1 18.055556 1.000000 73
 970311.680795 3
 3 1 62.500000 1.000000 225
 3 0 51.388889 1.000000 216
 1 0 79.166667 1.000000 116
 1400130.570456 3
 2 0 40.277778 1.000000 148
 2 1 45.833333 1.000000 153
 3 1 62.500000 1.000000 225
 1642196.744477 1
 0 0 68.055556 1.000000 48
 1742999.060779 6
 2 0 59.722222 1.000000 162
 2 0 56.944444 1.000000 160
 1 0 79.166667 1.000000 116
 2 1 4.166667 1.000000 123
 0 0 37.500000 1.000000 26
 3 0 34.722222 1.000000 204
 460411.288971 2
 1 0 76.388889 1.000000 114
 1 1 26.388889 1.000000 79
 974571.265548 1
 0 1 59.722222 1.000000 43
 343860.584509 6
 2 1 76.388889 1.000000 175
 0 0 37.500000 1.000000 26
 2 0 40.277778 1.000000 148
 0 0 6.944444 1.000000 4
 0 0 65.277778 1.000000 46
 0 0 79.166667 1.000000 56
 110341.800559 4
 0 1 59.722222 1.000000 43
 3 0 73.611111 1.000000 232
 1 0 4.166667 1.000000 62
 3 1 62.500000 1.000000 225
 147881.910292 2
 3 1 62.500000 1.000000 225
 0 1 45.833333 1.000000 33
 1232434.777446 1
 0 0 54.166667 1.000000 38
 1875401.378421 1
 2 1 34.722222 1.000000 145
 1104368.350517 4
 3 0 26.388889 1.000000 198
 1 0 73.611111 1.000000 112
 3 0 73.611111 1.000000 232
 0 0 65.277778 1.000000 46
 600058.641378 6
 0 0 76.388889 1.000000 54
 0 0 79.166667 1.000000 56
 2 1 26.388889 1.000000 139
 0 1 68.055556 1.000000 49
 3 0 73.611111 1.000000 232
 0 0 6.944444 1.000000 4
 817813.772325 4
 0 1 1.388889 1.000000 1
 3 0 51.388889 1.000000 216
 2 0 20.833333 1.000000 134
 2 1 34.722222 1.000000 145
 653223.304662 5
 1 1 18.055556 1.000000 73
 2 1 54.166667 1.000000 159
 1 1 76.388889 1.000000 115
 0 0 65.277778 1.000000 46
 2 1 65.277778 1.000000 167
 1996877.157277 3
 1 0 79.166667 1.000000 116
 2 1 56.944444 1.000000 161
 3 0 23.611111 1.000000 196
 1664205.831021 2
 0 1 37.500000 1.000000 27
 1 0 79.166667 1.000000 116
 1944955.882740 4
 2 0 6.944444 1.000000 124
 0 0 37.500000 1.000000 26
 1 1 76.388889 1.000000 115
 2 1 65.277778 1.000000 167
 910917.438413 6
 2 1 34.722222 1.000000 145
 0 1 37.500000 1.000000 27
 2 0 29.166667 1.000000 140
 2 1 45.833333 1.000000 153
 1 1 56.944444 1.000000 101
 1 0 1.388889 1.000000 60
 1994279.677958 1
 0 1 6.944444 1.000000 5
 126926.967691 6
 2 0 43.055556 1.000000 150
 2 1 65.277778 1.000000 167
 1 0 73.611111 1.000000 112
 3 1 48.611111 1.000000 215
 2 0 20.833333 1.000000 134
 2 0 59.722222 1.000000 162
 1523367.030492 3
 2 1 34.722222 1.000000 145
 3 1 62.500000 1.000000 225
 2 1 54.166667 1.000000 159
 1056549.844936 6
 1 1 76.388889 1.000000 115
 1 0 6.944444 1.000000 64
 1 1 40.277778 1.000000 89
 1 0 65.277778 1.000000 106
 3 1 48.611111 1.000000 215
 2 1 48.611111 1.000000 155
 169149.354570 6
 3 0 26.388889 1.000000 198
 2 1 45.833333 1.000000 153
 2 0 6.944444 1.000000 124
 1 0 79.166667 1.000000 116
 1 1 76.388889 1.000000 115
 2 1 76.388889 1.000000 175
 450392.167275 3
 3 0 51.388889 1.000000 216
 2 0 29.166667 1.000000 140
 3 1 81.944444 1.000000 239
 838661.714997 1
 0 1 70.833333 1.000000 51
 690408.841991 4
 0 1 59.722222 1.000000 43
 1 0 34.722222 1.000000 84
 2 0 40.277778 1.000000 148
 0 0 6.944444 1.000000 4
 1153225.241431 2
 1 0 79.166667 1.000000 116
 3 0 51.388889 1.000000 216
 1266214.846571 6
 2 1 29.166667 1.000000 141
 0 1 37.500000 1.000000 27
 3 0 81.944444 1.000000 238
 2 1 48.611111 1.000000 155
 0 0 54.166667 1.000000 38
 3 0 73.611111 1.000000 232
 712661.524393 5
 2 0 6.944444 1.000000 124
 3 0 70.833333 1.000000 230
 0 0 76.388889 1.000000 54
 3 1 37.500000 1.000000 207
 1 1 12.500000 1.000000 69
 1435624.474807 1
 2 0 29.166667 1.000000 140
 431470.542788 3
 3 0 26.388889 1.000000 198
 2 1 37.500000 1.000000 147
 2 1 34.722222 1.000000 145
 850278.617130 6
 2 1 59.722222 1.000000 163
 2 0 29.166667 1.000000 140
 0 0 65.277778 1.000000 46
 2 0 37.500000 1.000000 146
 0 0 51.388889 1.000000 36
 3 1 48.611111 1.000000 215
 1133113.345286 1
 1 0 37.500000 1.000000 86
 1314997.694099 3
 3 0 20.833333 1.000000 194
 0 0 54.166667 1.000000 38
 3 1 62.500000 1.000000 225
 1114999.960677 1
 1 0 76.388889 1.000000 114
 447291.480250 1
 0 0 54.166667 1.000000 38
 659289.609724 4
 0 1 45.833333 1.000000 33
 2 1 48.611111 1.000000 155
 1 1 26.388889 1.000000 79
 0 0 68.055556 1.000000 48
 109991.510524 3
 3 1 48.611111 1.000000 215
 2 0 29.166667 1.000000 140
 1 1 18.055556 1.000000 73
 523268.984055 2
 1 1 18.055556 1.000000 73
 1 0 76.388889 1.000000 114
 164858.402277 1
 1 0 73.611111 1.000000 112
 152884.460722 4
 0 0 6.944444 1.000000 4
 2 1 26.388889 1.000000 139
 1 0 29.166667 1.000000 80
 0 1 37.500000 1.000000 27
 630558.126509 6
 1 0 73.611111 1.000000 112
 0 0 65.277778 1.000000 46
 1 0 1.388889 1.000000 60
 1 1 37.500000 1.000000 87
 2 0 40.277778 1.000000 148
 1 1 76.388889 1.000000 115
 1914467.173812 1
 2 1 54.166667 1.000000 159
 1904926.665400 4
 2 1 37.500000 1.000000 147
 2 1 18.055556 1.000000 133
 2 1 56.944444 1.000000 161
 0 1 26.388889 1.000000 19
 1295507.252745 5
 3 0 23.611111 1.000000 196
 2 1 12.500000 1.000000 129
 2 1 56.944444 1.000000 161
 0 0 54.166667 1.000000 38
 1 0 18.055556 1.000000 72
 1320478.304718 6
 1 0 73.611111 1.000000 112
 2 0 56.944444 1.000000 160
 3 0 26.388889 1.000000 198
 0 0 65.277778 1.000000 46
 2 1 76.388889 1.000000 175
 0 1 59.722222 1.000000 43
 604290.202709 1
 2 0 6.944444 1.000000 124
 278499.376736 5
 1 0 73.611111 1.000000 112
 1 1 26.388889 1.000000 79
 2 1 37.500000 1.000000 147
 1 1 76.388889 1.000000 115
 0 1 37.500000 1.000000 27
 309813.228673 1
 2 1 76.388889 1.000000 175
 552960.252125 4
 3 0 26.388889 1.000000 198
 0 1 1.388889 1.000000 1
 0 1 45.833333 1.000000 33
 1 1 70.833333 1.000000 111
 746186.538761 4
 3 1 20.833333 1.000000 195
 0 0 6.944444 1.000000 4
 2 1 54.166667 1.000000 159
 0 0 54.166667 1.000000 38
 1256859.139957 4
 0 1 6.944444 1.000000 5
 1 0 73.611111 1.000000 112
 2 0 6.944444 1.000000 124
 2 0 34.722222 1.000000 144
 1357260.774447 4
 0 1 45.833333 1.000000 33
 2 1 34.722222 1.000000 145
 2 1 65.277778 1.000000 167
 3 0 26.388889 1.000000 198
 1499916.513832 4
 0 0 6.944444 1.000000 4
 1 1 76.388889 1.000000 115
 0 1 45.833333 1.000000 33
 0 0 29.166667 1.000000 20
 963975.950574 5
 1 0 1.388889 1.000000 60
 1 1 48.611111 1.000000 95
 0 1 45.833333 1.000000 33
 0 0 68.055556 1.000000 48
 1 0 29.166667 1.000000 80
 228541.080648 1
 2 1 26.388889 1.000000 139
 542866.514783 5
 0 0 4.166667 1.000000 2
 0 1 68.055556 1.000000 49
 0 1 56.944444 1.000000 41
 0 0 68.055556 1.000000 48
 3 0 26.388889 1.000000 198
 1377040.614401 1
 0 1 6.944444 1.000000 5
 1555906.527450 1
 1 0 1.388889 1.000000 60
 1282238.849794 6
 1 0 76.388889 1.000000 114
 3 0 81.944444 1.000000 238
 2 0 29.166667 1.000000 140
 0 1 37.500000 1.000000 27
 0 1 6.944444 1.000000 5
 0 0 54.166667 1.000000 38
 212941.104180 2
 0 0 68.055556 1.000000 48
 2 0 43.055556 1.000000 150
 545491.870579 6
 0 1 6.944444 1.000000 5
 1 0 73.611111 1.000000 112
 1 1 18.055556 1.000000 73
 3 1 79.166667 1.000000 237
 3 0 20.833333 1.000000 194
 3 0 4.166667 1.000000 182
 89299.460915 4
 0 0 29.166667 1.000000 20
 1 1 40.277778 1.000000 89
 0 1 1.388889 1.000000 1
 2 1 56.944444 1.000000 161
 1097414.882005 5
 2 0 40.277778 1.000000 148
 2 1 37.500000 1.000000 147
 1 1 76.388889 1.000000 115
 2 1 79.166667 1.000000 177
 1 1 9.722222 1.000000 67
 490645.360244 2
 0 1 59.722222 1.000000 43
 3 0 20.833333 1.000000 194
 1185564.153337 2
 0 1 48.611111 1.000000 35
 3 0 51.388889 1.000000 216
 859263.283563 2
 2 1 56.944444 1.000000 161
 2 1 4.166667 1.000000 123
 1821138.836621 2
 0 0 54.166667 1.000000 38
 2 1 26.388889 1.000000 139
 1338060.691849 2
 3 0 73.611111 1.000000 232
 2 0 40.277778 1.000000 148
 747259.343689 6
 1 0 68.055556 1.000000 108
 3 0 51.388889 1.000000 216
 2 1 56.944444 1.000000 161
 3 0 73.611111 1.000000 232
 1 0 1.388889 1.000000 60
 2 1 4.166667 1.000000 123
 616116.310310 5
 3 1 48.611111 1.000000 215
 1 0 59.722222 1.000000 102
 0 0 9.722222 1.000000 6
 2 0 20.833333 1.000000 134
 3 0 51.388889 1.000000 216
 127686.111819 2
 2 0 31.944444 1.000000 142
 3 1 76.388889 1.000000 235
 1269872.312001 6
 2 1 26.388889 1.000000 139
 0 0 65.277778 1.000000 46
 2 1 65.277778 1.000000 167
 1 1 26.388889 1.000000 79
 0 0 6.944444 1.000000 4
 0 0 59.722222 1.000000 42
 730657.995367 1
 2 1 45.833333 1.000000 153
 1135077.049329 3
 0 1 45.833333 1.000000 33
 2 0 29.166667 1.000000 140
 3 0 26.388889 1.000000 198
 1463520.857498 2
 1 1 76.388889 1.000000 115
 2 1 26.388889 1.000000 139
 1158392.090853 5
 2 1 26.388889 1.000000 139
 1 1 40.277778 1.000000 89
 1 0 81.944444 1.000000 118
 1 0 79.166667 1.000000 116
 2 1 68.055556 1.000000 169
 223206.076093 2
 2 1 48.611111 1.000000 155
 0 1 6.944444 1.000000 5
 562583.791242 6
 2 1 54.166667 1.000000 159
 2 1 26.388889 1.000000 139
 0 1 26.388889 1.000000 19
 3 0 73.611111 1.000000 232
 2 1 4.166667 1.000000 123
 2 0 6.944444 1.000000 124
 154519.418010 1
 1 0 79.166667 1.000000 116
 797652.973010 1
 0 0 12.500000 1.000000 8
 846602.214168 6
 3 0 73.611111 1.000000 232
 2 0 56.944444 1.000000 160
 0 1 37.500000 1.000000 27
 2 0 4.166667 1.000000 122
 2 0 40.277778 1.000000 148
 2 1 79.166667 1.000000 177
 571087.156502 4
 2 1 56.944444 1.000000 161
 3 0 73.611111 1.000000 232
 0 1 37.500000 1.000000 27
 1 0 20.833333 1.000000 74
 573634.051463 1
 1 1 40.277778 1.000000 89
 1682001.687736 6
 3 0 20.833333 1.000000 194
 2 0 20.833333 1.000000 134
 0 0 54.166667 1.000000 38
 1 1 12.500000 1.000000 69
 0 1 59.722222 1.000000 43
 1 0 79.166667 1.000000 116
 601717.817058 1
 3 1 62.500000 1.000000 225
 1681117.041503 5
 1 1 40.277778 1.000000 89
 1 0 79.166667 1.000000 116
 2 1 45.833333 1.000000 153
 2 0 56.944444 1.000000 160
 2 0 29.166667 1.000000 140
 136609.498922 4
 2 0 29.166667 1.000000 140
 3 0 20.833333 1.000000 194
 1 0 31.944444 1.000000 82
 2 1 26.388889 1.000000 139
 823775.711499 3
 2 1 79.166667 1.000000 177
 1 0 29.166667 1.000000 80
 1 0 81.944444 1.000000 118
 305846.347392 6
 0 1 45.833333 1.000000 33
 0 0 6.944444 1.000000 4
 2 1 15.277778 1.000000 131
 2 1 65.277778 1.000000 167
 1 0 73.611111 1.000000 112
 1 0 9.722222 1.000000 66
 495427.093886 4
 1 1 70.833333 1.000000 111
 1 0 31.944444 1.000000 82
 0 1 12.500000 1.000000 9
 1 1 40.277778 1.000000 89
 346673.386184 2
 0 1 1.388889 1.000000 1
 0 0 51.388889 1.000000 36
 203964.921257 5
 2 0 31.944444 1.000000 142
 0 1 37.500000 1.000000 27
 1 0 29.166667 1.000000 80
 1 1 15.277778 1.000000 71
 2 1 65.277778 1.000000 167
 1119198.329076 6
 3 0 20.833333 1.000000 194
 1 0 76.388889 1.000000 114
 2 1 79.166667 1.000000 177
 0 0 65.277778 1.000000 46
 0 1 1.388889 1.000000 1
 1 0 31.944444 1.000000 82
 366069.870948 1
 2 0 29.166667 1.000000 140
 1907403.861409 1
 3 0 9.722222 1.000000 186
 415005.380593 6
 3 0 26.388889 1.000000 198
 2 0 29.166667 1.000000 140
 3 0 40.277778 1.000000 208
 1 1 26.388889 1.000000 79
 0 0 70.833333 1.000000 50
 0 0 37.500000 1.000000 26
 1659284.480428 5
 1 0 76.388889 1.000000 114
 0 1 6.944444 1.000000 5
 3 0 26.388889 1.000000 198
 3 0 51.388889 1.000000 216
 0 0 54.166667 1.000000 38
 1610732.090497 3
 0 1 6.944444 1.000000 5
 3 0 73.611111 1.000000 232
 2 1 45.833333 1.000000 153
 335373.836707 1
 2 0 56.944444 1.000000 160
 1471904.263455 5
 0 0 4.166667 1.000000 2
 3 0 26.388889 1.000000 198
 3 0 51.388889 1.000000 216
 1 0 29.166667 1.000000 80
 2 0 31.944444 1.000000 142
 523718.978839 4
 0 0 54.166667 1.000000 38
 2 1 76.388889 1.000000 175
 2 0 51.388889 1.000000 156
 3 1 48.611111 1.000000 215
 673533.906617 6
 2 1 37.500000 1.000000 147
 3 0 34.722222 1.000000 204
 2 0 6.944444 1.000000 124
 0 1 37.500000 1.000000 27
 1 1 26.388889 1.000000 79
 3 1 62.500000 1.000000 225
 941575.535527 4
 3 0 20.833333 1.000000 194
 3 0 73.611111 1.000000 232
 1 1 76.388889 1.000000 115
 2 1 65.277778 1.000000 167
 1450363.436570 1
 2 1 37.500000 1.000000 147
 1485501.650463 6
 2 1 76.388889 1.000000 175
 1 0 1.388889 1.000000 60
 1 0 29.166667 1.000000 80
 3 0 73.611111 1.000000 232
 1 0 79.166667 1.000000 116
 2 1 56.944444 1.000000 161
 44341.334032 2
 2 0 31.944444 1.000000 142
 2 1 45.833333 1.000000 153
 371696.556756 2
 0 0 48.611111 1.000000 34
 2 0 20.833333 1.000000 134
 142130.908883 2
 2 1 34.722222 1.000000 145
 3 0 73.611111 1.000000 232
 317388.882133 5
 2 1 54.166667 1.000000 159
 0 0 6.944444 1.000000 4
 0 0 37.500000 1.000000 26
 2 1 37.500000 1.000000 147
 1 0 79.166667 1.000000 116
 1270320.838257 4
 2 0 40.277778 1.000000 148
 2 0 56.944444 1.000000 160
 0 1 45.833333 1.000000 33
 3 0 73.611111 1.000000 232
 1936503.299892 1
 3 1 62.500000 1.000000 225
 1986366.085068 4
 2 1 54.166667 1.000000 159
 0 1 1.388889 1.000000 1
 1 1 1.388889 1.000000 61
 2 0 40.277778 1.000000 148
 1684877.795840 1
 3 0 73.611111 1.000000 232
 154500.862898 5
 0 1 37.500000 1.000000 27
 3 1 48.611111 1.000000 215
 3 0 15.277778 1.000000 190
 2 1 48.611111 1.000000 155
 0 1 1.388889 1.000000 1
 477716.389893 6
 3 1 18.055556 1.000000 193
 2 1 34.722222 1.000000 145
 1 0 76.388889 1.000000 114
 1 1 40.277778 1.000000 89
 0 1 1.388889 1.000000 1
 3 0 20.833333 1.000000 194
 146525.486869 3
 3 0 73.611111 1.000000 232
 2 1 54.166667 1.000000 159
 0 1 59.722222 1.000000 43
 1668181.378352 3
 3 0 26.388889 1.000000 198
 1 0 1.388889 1.000000 60
 1 0 79.166667 1.000000 116
 1907033.942932 4
 1 0 29.166667 1.000000 80
 3 1 20.833333 1.000000 195
 0 0 65.277778 1.000000 46
 3 1 18.055556 1.000000 193
 1081115.712766 5
 1 0 31.944444 1.000000 82
 2 1 54.166667 1.000000 159
 2 0 56.944444 1.000000 160
 2 0 6.944444 1.000000 124
 0 1 37.500000 1.000000 27
 1121423.299686 4
 1 0 76.388889 1.000000 114
 0 1 59.722222 1.000000 43
 1 1 70.833333 1.000000 111
 3 0 9.722222 1.000000 186
 1973143.275852 2
 0 1 6.944444 1.000000 5
 1 1 20.833333 1.000000 75
 518945.711366 5
 2 0 20.833333 1.000000 134
 1 1 40.277778 1.000000 89
 3 1 48.611111 1.000000 215
 1 0 31.944444 1.000000 82
 3 0 23.611111 1.000000 196
 1795689.393150 6
 1 0 68.055556 1.000000 108
 2 1 34.722222 1.000000 145
 1 1 26.388889 1.000000 79
 0 1 6.944444 1.000000 5
 0 1 18.055556 1.000000 13
 2 1 37.500000 1.000000 147
 496576.392789 1
 2 1 48.611111 1.000000 155
 320512.207672 1
 0 0 68.055556 1.000000 48
 789755.265596 3
 2 1 31.944444 1.000000 143
 3 0 40.277778 1.000000 208
 0 0 6.944444 1.000000 4
 1258350.200662 1
 2 0 40.277778 1.000000 148
 781091.399072 3
 0 0 65.277778 1.000000 46
 3 1 79.166667 1.000000 237
 0 1 6.944444 1.000000 5
 1924691.155630 6
 2 0 31.944444 1.000000 142
 1 1 26.388889 1.000000 79
 3 0 20.833333 1.000000 194
 0 1 79.166667 1.000000 57
 3 0 26.388889 1.000000 198
 1 0 15.277778 1.000000 70
 954556.122494 2
 1 0 81.944444 1.000000 118
 2 1 65.277778 1.000000 167
 506020.574340 2
 0 0 29.166667 1.000000 20
 3 0 4.166667 1.000000 182
 1655722.721226 1
 1 0 73.611111 1.000000 112
 1953380.481411 5
 0 0 15.277778 1.000000 10
 1 0 29.166667 1.000000 80
 2 1 79.166667 1.000000 177
 0 0 65.277778 1.000000 46
 0 0 6.944444 1.000000 4
 1638429.166823 2
 0 1 45.833333 1.000000 33
 0 0 37.500000 1.000000 26
 987159.546515 4
 2 1 37.500000 1.000000 147
 0 1 1.388889 1.000000 1
 2 1 1.388889 1.000000 121
 3 1 23.611111 1.000000 197
 1064433.541551 6
 2 1 76.388889 1.000000 175
 1 1 48.611111 1.000000 95
 3 0 51.388889 1.000000 216
 3 1 48.611111 1.000000 215
 2 0 20.833333 1.000000 134
 2 0 31.944444 1.000000 142
 1253693.228016 4
 2 1 65.277778 1.000000 167
 2 1 34.722222 1.000000 145
 0 0 65.277778 1.000000 46
 3 0 51.388889 1.000000 216
 753564.617240 3
 1 1 18.055556 1.000000 73
 3 0 31.944444 1.000000 202
 2 0 20.833333 1.000000 134
 972364.738701 5
 1 1 18.055556 1.000000 73
 2 1 37.500000 1.000000 147
 2 1 45.833333 1.000000 153
 3 0 81.944444 1.000000 238
 0 0 37.500000 1.000000 26
 923407.861927 1
 1 0 76.388889 1.000000 114
 326457.132365 2
 1 1 18.055556 1.000000 73
 1 1 40.277778 1.000000 89
 192583.041113 3
 0 0 48.611111 1.000000 34
 2 0 56.944444 1.000000 160
 2 1 76.388889 1.000000 175
 1411611.876065 3
 2 0 40.277778 1.000000 148
 3 1 6.944444 1.000000 185
 2 0 56.944444 1.000000 160
 1742741.958845 4
 2 0 81.944444 1.000000 178
 2 1 79.166667 1.000000 177
 1 0 81.944444 1.000000 118
 2 0 6.944444 1.000000 124
 1367438.550111 1
 2 1 45.833333 1.000000 153
 94703.400496 5
 1 0 76.388889 1.000000 114
 1 1 43.055556 1.000000 91
 1 0 9.722222 1.000000 66
 3 0 26.388889 1.000000 198
 0 0 54.166667 1.000000 38
 916194.909344 1
 2 0 40.277778 1.000000 148
 509362.087189 3
 0 1 9.722222 1.000000 7
 3 0 81.944444 1.000000 238
 2 0 6.944444 1.000000 124
 1489850.689475 5
 0 0 37.500000 1.000000 26
 3 0 81.944444 1.000000 238
 1 0 29.166667 1.000000 80
 0 0 65.277778 1.000000 46
 1 0 1.388889 1.000000 60
 1242372.599823 3
 1 1 40.277778 1.000000 89
 2 0 51.388889 1.000000 156
 2 1 59.722222 1.000000 163
 325678.313247 3
 1 0 79.166667 1.000000 116
 2 0 6.944444 1.000000 124
 1 0 76.388889 1.000000 114
 1308283.715224 5
 0 0 9.722222 1.000000 6
 1 0 45.833333 1.000000 92
 2 1 54.166667 1.000000 159
 0 0 6.944444 1.000000 4
 1 0 29.166667 1.000000 80
 1500551.732993 4
 2 1 34.722222 1.000000 145
 1 0 76.388889 1.000000 114
 2 0 6.944444 1.000000 124
 1 0 68.055556 1.000000 108
 574582.101784 2
 3 1 70.833333 1.000000 231
 1 0 31.944444 1.000000 82
 1752374.860399 1
 1 0 9.722222 1.000000 66
 1392447.743654 4
 2 1 76.388889 1.000000 175
 0 0 65.277778 1.000000 46
 0 0 37.500000 1.000000 26
 2 0 40.277778 1.000000 148
 1268281.644205 2
 2 1 45.833333 1.000000 153
 2 0 29.166667 1.000000 140
 568869.722024 4
 3 0 26.388889 1.000000 198
 2 0 20.833333 1.000000 134
 3 0 51.388889 1.000000 216
 0 0 62.500000 1.000000 44
 1137293.374882 1
 3 0 20.833333 1.000000 194
 1255772.849943 2
 0 0 37.500000 1.000000 26
 3 1 62.500000 1.000000 225
 1075196.766143 2
 2 1 26.388889 1.000000 139
 1 0 34.722222 1.000000 84
 1640320.805293 5
 2 0 40.277778 1.000000 148
 3 1 70.833333 1.000000 231
 1 1 20.833333 1.000000 75
 2 0 51.388889 1.000000 156
 0 1 9.722222 1.000000 7
 954943.277237 5
 0 1 6.944444 1.000000 5
 2 0 56.944444 1.000000 160
 1 0 18.055556 1.000000 72
 3 0 20.833333 1.000000 194
 1 0 9.722222 1.000000 66