 Numero de pedidos 
 200
 duedate num_referencias // pasillo lado altura peso
 1094686.922736 3
 3 1 23.611111 1.000000 137
 2 1 34.722222 1.000000 25
 1 1 9.722222 1.000000 67
 1356854.255943 6
 1 1 26.388889 1.000000 79
 2 1 54.166667 1.000000 39
 2 0 56.944444 1.000000 40
 3 1 29.166667 1.000000 141
 2 0 12.500000 1.000000 8
 2 0 15.277778 1.000000 10
 604215.880951 1
 2 1 65.277778 1.000000 47
 1741391.855842 1
 2 0 20.833333 1.000000 14
 1605583.618211 3
 2 1 56.944444 1.000000 41
 2 1 26.388889 1.000000 19
 2 1 59.722222 1.000000 43
 424576.561984 6
 2 0 34.722222 1.000000 24
 2 1 65.277778 1.000000 47
 2 1 20.833333 1.000000 15
 1 1 15.277778 1.000000 71
 2 0 4.166667 1.000000 2
 2 1 54.166667 1.000000 39
 1465978.302763 5
 1 1 12.500000 1.000000 69
 2 0 4.166667 1.000000 2
 2 1 29.166667 1.000000 21
 2 0 51.388889 1.000000 36
 2 1 43.055556 1.000000 31
 1301528.799190 5
 2 1 76.388889 1.000000 55
 2 0 34.722222 1.000000 24
 2 1 18.055556 1.000000 13
 2 1 6.944444 1.000000 5
 0 1 59.722222 1.000000 223
 191856.797855 4
 2 1 9.722222 1.000000 7
 2 1 6.944444 1.000000 5
 2 0 15.277778 1.000000 10
 1 1 29.166667 1.000000 81
 1026513.084875 2
 1 0 56.944444 1.000000 100
 2 0 20.833333 1.000000 14
 931746.738354 3
 3 1 48.611111 1.000000 155
 2 0 43.055556 1.000000 30
 2 1 62.500000 1.000000 45
 481378.415153 5
 3 0 79.166667 1.000000 176
 2 1 9.722222 1.000000 7
 2 0 12.500000 1.000000 8
 1 1 37.500000 1.000000 87
 2 0 20.833333 1.000000 14
 483589.501830 5
 1 0 37.500000 1.000000 86
 2 0 59.722222 1.000000 42
 3 1 73.611111 1.000000 173
 2 0 48.611111 1.000000 34
 1 1 37.500000 1.000000 87
 223109.768398 5
 2 1 56.944444 1.000000 41
 2 1 29.166667 1.000000 21
 2 0 59.722222 1.000000 42
 2 0 48.611111 1.000000 34
 2 0 34.722222 1.000000 24
 822470.252115 1
 2 0 81.944444 1.000000 58
 621155.115767 5
 2 1 48.611111 1.000000 35
 2 0 62.500000 1.000000 44
 2 1 18.055556 1.000000 13
 2 0 18.055556 1.000000 12
 2 0 45.833333 1.000000 32
 1633903.946427 3
 2 1 23.611111 1.000000 17
 1 1 37.500000 1.000000 87
 1 0 79.166667 1.000000 116
 1228951.281937 5
 2 0 31.944444 1.000000 22
 2 1 48.611111 1.000000 35
 2 1 54.166667 1.000000 39
 2 0 62.500000 1.000000 44
 2 0 23.611111 1.000000 16
 974102.991286 2
 0 0 59.722222 1.000000 222
 2 1 56.944444 1.000000 41
 935096.054755 6
 1 1 31.944444 1.000000 83
 2 0 37.500000 1.000000 26
 2 1 81.944444 1.000000 59
 2 1 51.388889 1.000000 37
 3 1 26.388889 1.000000 139
 0 0 31.944444 1.000000 202
 1585760.086582 3
 2 0 29.166667 1.000000 20
 1 1 54.166667 1.000000 99
 2 1 34.722222 1.000000 25
 671492.393404 6
 1 1 76.388889 1.000000 115
 1 1 9.722222 1.000000 67
 2 1 31.944444 1.000000 23
 3 0 48.611111 1.000000 154
 2 0 40.277778 1.000000 28
 2 1 56.944444 1.000000 41
 1068403.400960 1
 2 0 20.833333 1.000000 14
 1718519.700113 4
 2 0 43.055556 1.000000 30
 2 0 51.388889 1.000000 36
 2 0 12.500000 1.000000 8
 2 1 18.055556 1.000000 13
 320823.483598 2
 2 0 56.944444 1.000000 40
 2 1 48.611111 1.000000 35
 974355.934977 1
 2 1 65.277778 1.000000 47
 1427189.744295 1
 2 0 15.277778 1.000000 10
 1270025.906893 1
 3 0 40.277778 1.000000 148
 926174.363441 3
 2 1 34.722222 1.000000 25
 2 0 4.166667 1.000000 2
 2 0 51.388889 1.000000 36
 850389.012289 6
 2 0 9.722222 1.000000 6
 1 1 37.500000 1.000000 87
 2 1 54.166667 1.000000 39
 2 0 29.166667 1.000000 20
 1 0 43.055556 1.000000 90
 2 0 62.500000 1.000000 44
 1433316.464365 1
 2 1 9.722222 1.000000 7
 1367343.023684 5
 2 1 40.277778 1.000000 29
 2 1 6.944444 1.000000 5
 0 1 65.277778 1.000000 227
 2 1 37.500000 1.000000 27
 2 1 51.388889 1.000000 37
 1523429.296447 6
 2 0 15.277778 1.000000 10
 2 0 26.388889 1.000000 18
 0 0 6.944444 1.000000 184
 2 1 37.500000 1.000000 27
 2 0 18.055556 1.000000 12
 2 1 40.277778 1.000000 29
 607675.942987 3
 2 0 4.166667 1.000000 2
 2 1 54.166667 1.000000 39
 2 1 12.500000 1.000000 9
 226577.514422 5
 2 1 45.833333 1.000000 33
 0 1 1.388889 1.000000 181
 2 0 31.944444 1.000000 22
 2 0 18.055556 1.000000 12
 2 0 12.500000 1.000000 8
 124267.130235 6
 1 0 45.833333 1.000000 92
 2 0 31.944444 1.000000 22
 2 1 15.277778 1.000000 11
 2 1 9.722222 1.000000 7
 1 0 4.166667 1.000000 62
 2 1 45.833333 1.000000 33
 1835741.528289 4
 2 0 9.722222 1.000000 6
 3 0 29.166667 1.000000 140
 2 1 31.944444 1.000000 23
 1 0 1.388889 1.000000 60
 1903152.717270 3
 2 0 40.277778 1.000000 28
 2 0 56.944444 1.000000 40
 2 1 54.166667 1.000000 39
 415746.272623 4
 2 1 37.500000 1.000000 27
 2 1 6.944444 1.000000 5
 2 1 45.833333 1.000000 33
 2 0 62.500000 1.000000 44
 440122.679342 1
 2 0 45.833333 1.000000 32
 1117577.358856 1
 2 1 4.166667 1.000000 3
 1799517.480731 2
 2 0 56.944444 1.000000 40
 2 1 18.055556 1.000000 13
 649281.405699 6
 3 0 48.611111 1.000000 154
 2 0 40.277778 1.000000 28
 2 1 62.500000 1.000000 45
 2 1 45.833333 1.000000 33
 2 0 65.277778 1.000000 46
 3 0 12.500000 1.000000 128
 865924.626340 4
 1 1 40.277778 1.000000 89
 2 1 37.500000 1.000000 27
 2 0 65.277778 1.000000 46
 2 0 45.833333 1.000000 32
 1600658.255406 2
 2 0 56.944444 1.000000 40
 2 0 31.944444 1.000000 22
 1579724.082118 4
 2 0 9.722222 1.000000 6
 2 0 37.500000 1.000000 26
 2 1 81.944444 1.000000 59
 2 1 34.722222 1.000000 25
 447514.027510 1
 2 0 31.944444 1.000000 22
 1671770.512048 3
 2 1 34.722222 1.000000 25
 2 1 48.611111 1.000000 35
 2 1 56.944444 1.000000 41
 1981629.916868 3
 2 1 34.722222 1.000000 25
 2 1 15.277778 1.000000 11
 1 1 37.500000 1.000000 87
 353137.671479 3
 2 1 51.388889 1.000000 37
 1 1 23.611111 1.000000 77
 2 0 18.055556 1.000000 12
 122204.071918 1
 2 1 26.388889 1.000000 19
 1803756.654860 6
 2 1 54.166667 1.000000 39
 2 0 48.611111 1.000000 34
 2 0 9.722222 1.000000 6
 1 1 48.611111 1.000000 95
 2 1 56.944444 1.000000 41
 2 0 26.388889 1.000000 18
 417081.178323 2
 2 0 20.833333 1.000000 14
 3 0 1.388889 1.000000 120
 1699985.282393 3
 2 1 59.722222 1.000000 43
 2 1 37.500000 1.000000 27
 2 1 65.277778 1.000000 47
 820344.748954 3
 2 0 12.500000 1.000000 8
 1 1 37.500000 1.000000 87
 3 1 59.722222 1.000000 163
 1466487.451208 3
 2 0 20.833333 1.000000 14
 2 1 34.722222 1.000000 25
 2 1 37.500000 1.000000 27
 295369.567916 1
 2 1 18.055556 1.000000 13
 1043954.308948 5
 2 0 76.388889 1.000000 54
 2 0 45.833333 1.000000 32
 2 1 23.611111 1.000000 17
 2 1 43.055556 1.000000 31
 2 1 31.944444 1.000000 23
 244575.615471 6
 2 0 23.611111 1.000000 16
 2 1 40.277778 1.000000 29
 2 0 45.833333 1.000000 32
 3 0 31.944444 1.000000 142
 2 1 31.944444 1.000000 23
 1 1 29.166667 1.000000 81
 1639639.367200 2
 3 0 4.166667 1.000000 122
 2 1 1.388889 1.000000 1
 1200097.648948 6
 2 1 54.166667 1.000000 39
 2 1 62.500000 1.000000 45
 2 1 45.833333 1.000000 33
 2 0 4.166667 1.000000 2
 2 1 37.500000 1.000000 27
 2 1 23.611111 1.000000 17
 371035.483652 6
 2 0 6.944444 1.000000 4
 0 0 76.388889 1.000000 234
 2 0 34.722222 1.000000 24
 2 1 29.166667 1.000000 21
 2 1 23.611111 1.000000 17
 2 1 4.166667 1.000000 3
 392512.283992 4
 2 0 6.944444 1.000000 4
 2 0 37.500000 1.000000 26
 2 1 31.944444 1.000000 23
 2 0 29.166667 1.000000 20
 396272.591109 5
 2 1 40.277778 1.000000 29
 2 0 9.722222 1.000000 6
 2 1 65.277778 1.000000 47
 2 0 59.722222 1.000000 42
 2 0 62.500000 1.000000 44
 1485272.222387 1
 2 0 51.388889 1.000000 36
 1651626.201501 2
 2 1 31.944444 1.000000 23
 1 1 62.500000 1.000000 105
 923902.791480 5
 2 1 37.500000 1.000000 27
 2 0 56.944444 1.000000 40
 2 1 62.500000 1.000000 45
 2 1 20.833333 1.000000 15
 2 1 18.055556 1.000000 13
 834982.995612 3
 2 0 59.722222 1.000000 42
 2 1 43.055556 1.000000 31
 2 0 26.388889 1.000000 18
 436286.290789 6
 2 0 37.500000 1.000000 26
 2 1 45.833333 1.000000 33
 2 1 65.277778 1.000000 47
 3 0 29.166667 1.000000 140
 2 1 56.944444 1.000000 41
 2 0 18.055556 1.000000 12
 305953.348235 1
 2 1 4.166667 1.000000 3
 425123.368271 4
 2 1 37.500000 1.000000 27
 2 0 20.833333 1.000000 14
 2 0 37.500000 1.000000 26
 2 0 43.055556 1.000000 30
 948131.094085 3
 2 0 59.722222 1.000000 42
 2 0 12.500000 1.000000 8
 2 0 18.055556 1.000000 12
 1966334.906857 2
 2 1 37.500000 1.000000 27
 1 1 1.388889 1.000000 61
 1871734.006587 2
 0 1 59.722222 1.000000 223
 2 0 51.388889 1.000000 36
 1652512.967928 1
 2 1 15.277778 1.000000 11
 531083.548503 2
 2 0 1.388889 1.000000 0
 2 1 59.722222 1.000000 43
 603066.983634 1
 2 0 81.944444 1.000000 58
 1525741.529020 2
 2 1 59.722222 1.000000 43
 2 0 20.833333 1.000000 14
 639667.044654 2
 2 1 23.611111 1.000000 17
 2 0 54.166667 1.000000 38
 955826.979743 1
 2 1 12.500000 1.000000 9
 463888.601877 2
 0 1 73.611111 1.000000 233
 2 0 12.500000 1.000000 8
 1803394.964339 6
 1 1 37.500000 1.000000 87
 2 0 4.166667 1.000000 2
 2 0 51.388889 1.000000 36
 2 1 45.833333 1.000000 33
 2 0 9.722222 1.000000 6
 2 1 6.944444 1.000000 5
 716985.327358 1
 2 0 43.055556 1.000000 30
 634765.109846 1
 3 0 1.388889 1.000000 120
 1020202.839868 1
 2 0 62.500000 1.000000 44
 1582287.558942 2
 2 0 34.722222 1.000000 24
 2 0 1.388889 1.000000 0
 1121810.234469 1
 1 1 9.722222 1.000000 67
 112456.340414 4
 0 0 76.388889 1.000000 234
 1 1 9.722222 1.000000 67
 2 0 59.722222 1.000000 42
 2 0 43.055556 1.000000 30
 1200003.670454 2
 2 1 34.722222 1.000000 25
 2 1 56.944444 1.000000 41
 1972415.213591 1
 2 1 20.833333 1.000000 15
 1790415.852289 3
 2 1 65.277778 1.000000 47
 2 0 18.055556 1.000000 12
 2 0 15.277778 1.000000 10
 808856.842727 5
 2 1 54.166667 1.000000 39
 1 0 43.055556 1.000000 90
 2 1 6.944444 1.000000 5
 2 1 12.500000 1.000000 9
 2 1 62.500000 1.000000 45
 814625.888138 6
 2 1 37.500000 1.000000 27
 2 1 48.611111 1.000000 35
 2 0 31.944444 1.000000 22
 2 1 43.055556 1.000000 31
 2 1 1.388889 1.000000 1
 2 0 18.055556 1.000000 12
 753732.100629 3
 2 0 4.166667 1.000000 2
 2 1 51.388889 1.000000 37
 2 1 56.944444 1.000000 41
 404504.568914 2
 2 1 48.611111 1.000000 35
 1 1 6.944444 1.000000 65
 1185672.483978 4
 2 0 18.055556 1.000000 12
 2 1 70.833333 1.000000 51
 1 1 23.611111 1.000000 77
 2 1 31.944444 1.000000 23
 104051.914152 1
 2 0 15.277778 1.000000 10
 958951.280955 2
 2 1 54.166667 1.000000 39
 2 0 26.388889 1.000000 18
 1186558.258304 1
 2 1 62.500000 1.000000 45
 1707344.276396 5
 2 0 9.722222 1.000000 6
 2 1 48.611111 1.000000 35
 0 1 9.722222 1.000000 187
 2 0 31.944444 1.000000 22
 2 0 40.277778 1.000000 28
 1603756.203430 3
 2 0 31.944444 1.000000 22
 2 1 9.722222 1.000000 7
 2 0 23.611111 1.000000 16
 299087.840812 2
 1 0 20.833333 1.000000 74
 2 1 31.944444 1.000000 23
 226201.390524 5
 2 1 65.277778 1.000000 47
 2 0 23.611111 1.000000 16
 2 0 40.277778 1.000000 28
 2 1 31.944444 1.000000 23
 2 1 26.388889 1.000000 19
 152551.155050 5
 2 1 34.722222 1.000000 25
 2 0 65.277778 1.000000 46
 2 1 51.388889 1.000000 37
 2 1 15.277778 1.000000 11
 2 0 18.055556 1.000000 12
 587876.330385 1
 2 1 40.277778 1.000000 29
 886688.527040 1
 2 0 31.944444 1.000000 22
 1380946.571390 3
 2 0 15.277778 1.000000 10
 1 0 31.944444 1.000000 82
 2 1 26.388889 1.000000 19
 808988.785729 4
 0 0 18.055556 1.000000 192
 2 0 34.722222 1.000000 24
 3 0 81.944444 1.000000 178
 2 0 20.833333 1.000000 14
 87083.940360 1
 2 0 56.944444 1.000000 40
 1337168.008414 5
 2 0 45.833333 1.000000 32
 2 0 34.722222 1.000000 24
 2 1 20.833333 1.000000 15
 2 0 6.944444 1.000000 4
 2 0 4.166667 1.000000 2
 1611496.743658 2
 2 1 65.277778 1.000000 47
 2 0 12.500000 1.000000 8
 1967574.013233 4
 1 0 6.944444 1.000000 64
 3 0 51.388889 1.000000 156
 1 1 1.388889 1.000000 61
 2 1 15.277778 1.000000 11
 1953917.142169 6
 2 0 29.166667 1.000000 20
 3 1 76.388889 1.000000 175
 2 0 31.944444 1.000000 22
 1 1 56.944444 1.000000 101
 0 0 37.500000 1.000000 206
 0 0 34.722222 1.000000 204
 779438.079251 6
 2 1 6.944444 1.000000 5
 2 1 37.500000 1.000000 27
 2 0 9.722222 1.000000 6
 2 1 43.055556 1.000000 31
 1 0 45.833333 1.000000 92
 2 0 20.833333 1.000000 14
 956427.390499 5
 2 1 20.833333 1.000000 15
 1 1 9.722222 1.000000 67
 3 0 40.277778 1.000000 148
 2 0 59.722222 1.000000 42
 2 1 40.277778 1.000000 29
 881692.913101 3
 2 1 54.166667 1.000000 39
 2 1 45.833333 1.000000 33
 2 1 29.166667 1.000000 21
 1369715.402932 4
 2 1 18.055556 1.000000 13
 2 0 12.500000 1.000000 8
 2 1 40.277778 1.000000 29
 2 1 23.611111 1.000000 17
 262288.122038 2
 2 1 59.722222 1.000000 43
 2 0 15.277778 1.000000 10
 1422565.168712 1
 2 1 26.388889 1.000000 19
 1370541.867526 3
 2 0 65.277778 1.000000 46
 2 0 51.388889 1.000000 36
 2 0 59.722222 1.000000 42
 454210.145834 3
 2 0 62.500000 1.000000 44
 2 0 4.166667 1.000000 2
 2 0 48.611111 1.000000 34
 1162785.439437 6
 2 0 6.944444 1.000000 4
 0 0 79.166667 1.000000 236
 2 0 23.611111 1.000000 16
 2 1 65.277778 1.000000 47
 2 1 56.944444 1.000000 41
 3 0 31.944444 1.000000 142
 1218453.339775 6
 2 0 59.722222 1.000000 42
 2 1 51.388889 1.000000 37
 2 1 12.500000 1.000000 9
 1 0 4.166667 1.000000 62
 2 0 1.388889 1.000000 0
 2 1 65.277778 1.000000 47
 1587910.602180 2
 2 1 4.166667 1.000000 3
 2 1 23.611111 1.000000 17
 1380604.822366 3
 2 1 65.277778 1.000000 47
 2 0 15.277778 1.000000 10
 3 0 81.944444 1.000000 178
 1048393.889241 5
 1 1 54.166667 1.000000 99
 2 0 18.055556 1.000000 12
 2 1 65.277778 1.000000 47
 2 1 29.166667 1.000000 21
 2 0 65.277778 1.000000 46
 1073459.262882 6
 2 0 37.500000 1.000000 26
 2 1 37.500000 1.000000 27
 2 1 43.055556 1.000000 31
 2 0 6.944444 1.000000 4
 2 1 40.277778 1.000000 29
 2 0 51.388889 1.000000 36
 1613979.780923 6
 2 1 9.722222 1.000000 7
 2 1 1.388889 1.000000 1
 2 0 43.055556 1.000000 30
 1 1 43.055556 1.000000 91
 0 0 68.055556 1.000000 228
 2 1 18.055556 1.000000 13
 777086.608958 6
 2 0 56.944444 1.000000 40
 1 0 48.611111 1.000000 94
 2 1 40.277778 1.000000 29
 1 1 45.833333 1.000000 93
 2 0 62.500000 1.000000 44
 3 1 1.388889 1.000000 121
 1039978.165627 4
 2 0 40.277778 1.000000 28
 2 1 26.388889 1.000000 19
 2 0 29.166667 1.000000 20
 2 0 23.611111 1.000000 16
 489913.266604 5
 2 1 9.722222 1.000000 7
 2 0 4.166667 1.000000 2
 2 1 12.500000 1.000000 9
 2 1 15.277778 1.000000 11
 0 1 76.388889 1.000000 235
 492310.246663 1
 2 0 1.388889 1.000000 0
 151470.629625 4
 2 1 54.166667 1.000000 39
 1 1 9.722222 1.000000 67
 2 0 29.166667 1.000000 20
 2 0 56.944444 1.000000 40
 1859445.350067 6
 2 0 65.277778 1.000000 46
 2 0 59.722222 1.000000 42
 2 1 31.944444 1.000000 23
 2 0 51.388889 1.000000 36
 1 1 12.500000 1.000000 69
 2 1 1.388889 1.000000 1
 702189.946371 5
 2 1 6.944444 1.000000 5
 2 0 34.722222 1.000000 24
 2 0 4.166667 1.000000 2
 2 1 15.277778 1.000000 11
 2 1 65.277778 1.000000 47
 1266506.760561 2
 2 0 29.166667 1.000000 20
 3 1 1.388889 1.000000 121
 1989692.362281 2
 2 0 6.944444 1.000000 4
 2 1 37.500000 1.000000 27
 1988822.715296 4
 2 1 43.055556 1.000000 31
 0 1 31.944444 1.000000 203
 2 1 56.944444 1.000000 41
 2 0 31.944444 1.000000 22
 920054.672956 1
 2 0 26.388889 1.000000 18
 956998.681685 3
 2 0 4.166667 1.000000 2
 2 0 37.500000 1.000000 26
 2 1 43.055556 1.000000 31
 1861761.037196 2
 1 1 43.055556 1.000000 91
 2 1 43.055556 1.000000 31
 480416.166932 4
 2 0 59.722222 1.000000 42
 1 1 9.722222 1.000000 67
 2 0 1.388889 1.000000 0
 2 0 62.500000 1.000000 44
 1977624.913183 4
 2 1 12.500000 1.000000 9
 2 1 62.500000 1.000000 45
 3 0 76.388889 1.000000 174
 2 0 37.500000 1.000000 26
 1859933.527494 1
 2 0 43.055556 1.000000 30
 982264.710656 6
 2 0 12.500000 1.000000 8
 2 1 37.500000 1.000000 27
 1 0 37.500000 1.000000 86
 2 1 12.500000 1.000000 9
 2 1 29.166667 1.000000 21
 2 1 18.055556 1.000000 13
 1326605.109669 6
 2 1 29.166667 1.000000 21
 2 0 4.166667 1.000000 2
 2 0 9.722222 1.000000 6
 1 1 45.833333 1.000000 93
 1 1 34.722222 1.000000 85
 2 0 62.500000 1.000000 44
 1158315.342236 4
 2 0 29.166667 1.000000 20
 2 1 40.277778 1.000000 29
 1 0 54.166667 1.000000 98
 0 0 68.055556 1.000000 228
 198500.356748 4
 2 0 15.277778 1.000000 10
 0 0 26.388889 1.000000 198
 2 0 68.055556 1.000000 48
 0 1 6.944444 1.000000 185
 778980.643255 1
 2 1 65.277778 1.000000 47
 1569681.892940 5
 2 0 65.277778 1.000000 46
 2 0 20.833333 1.000000 14
 2 1 37.500000 1.000000 27
 2 1 65.277778 1.000000 47
 1 0 31.944444 1.000000 82
 1318931.717406 1
 2 1 59.722222 1.000000 43
 208387.672346 6
 3 1 81.944444 1.000000 179
 2 0 51.388889 1.000000 36
 2 1 20.833333 1.000000 15
 2 1 29.166667 1.000000 21
 2 0 54.166667 1.000000 38
 2 0 6.944444 1.000000 4
 1114541.855675 6
 3 0 31.944444 1.000000 142
 1 1 43.055556 1.000000 91
 2 0 54.166667 1.000000 38
 2 1 26.388889 1.000000 19
 2 0 29.166667 1.000000 20
 2 0 34.722222 1.000000 24
 242836.513167 2
 2 0 12.500000 1.000000 8
 1 0 79.166667 1.000000 116
 723056.882249 2
 2 1 37.500000 1.000000 27
 2 1 51.388889 1.000000 37
 1894379.966098 2
 2 1 56.944444 1.000000 41
 3 1 65.277778 1.000000 167
 184161.287315 2
 2 0 45.833333 1.000000 32
 2 1 20.833333 1.000000 15
 690540.006464 2
 2 0 18.055556 1.000000 12
 2 1 20.833333 1.000000 15
 1990286.052856 3
 0 1 68.055556 1.000000 229
 2 1 48.611111 1.000000 35
 2 1 45.833333 1.000000 33
 1401668.194179 5
 3 1 37.500000 1.000000 147
 2 0 56.944444 1.000000 40
 2 0 6.944444 1.000000 4
 2 0 43.055556 1.000000 30
 2 1 65.277778 1.000000 47
 406169.260929 2
 1 0 76.388889 1.000000 114
 2 0 54.166667 1.000000 38
 117183.166257 6
 3 0 34.722222 1.000000 144
 2 1 65.277778 1.000000 47
 0 0 59.722222 1.000000 222
 2 1 59.722222 1.000000 43
 0 1 31.944444 1.000000 203
 2 0 59.722222 1.000000 42
 1706976.905254 6
 2 0 29.166667 1.000000 20
 2 1 51.388889 1.000000 37
 2 0 34.722222 1.000000 24
 2 1 40.277778 1.000000 29
 2 1 12.500000 1.000000 9
 2 1 62.500000 1.000000 45
 548921.282454 2
 2 1 34.722222 1.000000 25
 2 1 15.277778 1.000000 11
 1902562.328830 6
 2 0 18.055556 1.000000 12
 2 0 51.388889 1.000000 36
 2 0 12.500000 1.000000 8
 2 1 26.388889 1.000000 19
 2 1 37.500000 1.000000 27
 2 1 54.166667 1.000000 39
 814187.097612 3
 0 1 43.055556 1.000000 211
 2 0 29.166667 1.000000 20
 2 0 48.611111 1.000000 34
 1730515.597486 4
 1 1 43.055556 1.000000 91
 2 0 54.166667 1.000000 38
 2 1 40.277778 1.000000 29
 2 0 18.055556 1.000000 12
 378291.698945 2
 2 1 18.055556 1.000000 13
 0 1 68.055556 1.000000 229
 254091.046645 6
 3 1 4.166667 1.000000 123
 2 1 59.722222 1.000000 43
 2 0 20.833333 1.000000 14
 2 1 62.500000 1.000000 45
 2 1 15.277778 1.000000 11
 2 0 26.388889 1.000000 18
 1989815.417449 5
 1 1 12.500000 1.000000 69
 2 0 15.277778 1.000000 10
 2 1 20.833333 1.000000 15
 2 1 40.277778 1.000000 29
 2 0 45.833333 1.000000 32
 1427918.128738 5
 2 1 20.833333 1.000000 15
 2 1 31.944444 1.000000 23
 2 1 54.166667 1.000000 39
 2 1 26.388889 1.000000 19
 1 1 6.944444 1.000000 65
 846920.626465 3
 1 0 15.277778 1.000000 70
 2 0 31.944444 1.000000 22
 2 0 79.166667 1.000000 56
 1723860.189060 3
 2 0 31.944444 1.000000 22
 2 1 18.055556 1.000000 13
 2 0 34.722222 1.000000 24
 1105821.353619 1
 2 1 26.388889 1.000000 19
 293016.878261 3
 2 0 73.611111 1.000000 52
 2 0 34.722222 1.000000 24
 2 0 51.388889 1.000000 36
 1647914.563905 4
 2 1 54.166667 1.000000 39
 1 1 79.166667 1.000000 117
 2 1 59.722222 1.000000 43
 2 0 15.277778 1.000000 10
 329906.519507 6
 3 1 34.722222 1.000000 145
 2 1 26.388889 1.000000 19
 2 1 23.611111 1.000000 17
 2 1 18.055556 1.000000 13
 1 1 18.055556 1.000000 73
 2 0 76.388889 1.000000 54
 1684467.259648 6
 2 1 51.388889 1.000000 37
 2 1 20.833333 1.000000 15
 2 0 40.277778 1.000000 28
 2 0 26.388889 1.000000 18
 2 0 4.166667 1.000000 2
 2 0 34.722222 1.000000 24
 1161287.153829 2
 0 1 73.611111 1.000000 233
 2 0 48.611111 1.000000 34
 1298486.070195 1
 2 1 20.833333 1.000000 15
 1801225.120575 4
 2 0 40.277778 1.000000 28
 2 1 40.277778 1.000000 29
 2 0 48.611111 1.000000 34
 2 0 34.722222 1.000000 24
 839423.463046 4
 2 1 26.388889 1.000000 19
 2 1 34.722222 1.000000 25
 2 0 29.166667 1.000000 20
 1 0 37.500000 1.000000 86
 980440.885509 1
 2 0 65.277778 1.000000 46
 1863833.091959 2
 2 0 15.277778 1.000000 10
 3 0 65.277778 1.000000 166
 1625637.385652 3
 0 1 40.277778 1.000000 209
 2 1 26.388889 1.000000 19
 2 0 51.388889 1.000000 36
 1335823.176231 6
 1 1 20.833333 1.000000 75
 2 0 20.833333 1.000000 14
 2 0 29.166667 1.000000 20
 3 1 6.944444 1.000000 125
 2 1 1.388889 1.000000 1
 1 0 9.722222 1.000000 66
 1125865.804258 5
 1 0 12.500000 1.000000 68
 2 0 56.944444 1.000000 40
 2 0 54.166667 1.000000 38
 2 1 43.055556 1.000000 31
 2 1 62.500000 1.000000 45
 1718290.416244 2
 2 1 56.944444 1.000000 41
 2 0 29.166667 1.000000 20
 1502730.583242 3
 2 1 4.166667 1.000000 3
 2 1 12.500000 1.000000 9
 2 0 26.388889 1.000000 18
 481335.023754 6
 2 0 62.500000 1.000000 44
 2 0 56.944444 1.000000 40
 2 1 34.722222 1.000000 25
 1 0 37.500000 1.000000 86
 2 1 73.611111 1.000000 53
 3 1 31.944444 1.000000 143
 1327322.653107 3
 2 0 48.611111 1.000000 34
 2 1 51.388889 1.000000 37
 2 0 29.166667 1.000000 20
 1899748.835331 5
 2 0 37.500000 1.000000 26
 2 0 40.277778 1.000000 28
 2 1 65.277778 1.000000 47
 2 1 1.388889 1.000000 1
 2 0 1.388889 1.000000 0
 1297502.888375 3
 2 0 62.500000 1.000000 44
 1 1 4.166667 1.000000 63
 2 0 12.500000 1.000000 8
 1431871.182673 1
 2 0 6.944444 1.000000 4
 1301372.661526 2
 2 0 23.611111 1.000000 16
 1 0 4.166667 1.000000 62
 1046356.006733 2
 2 0 23.611111 1.000000 16
 2 0 65.277778 1.000000 46
 1704636.746005 4
 2 0 45.833333 1.000000 32
 2 0 37.500000 1.000000 26
 2 0 23.611111 1.000000 16
 2 0 34.722222 1.000000 24
 922176.635769 2
 2 1 23.611111 1.000000 17
 2 1 48.611111 1.000000 35
 1610909.139854 4
 2 1 62.500000 1.000000 45
 2 1 20.833333 1.000000 15
 2 1 65.277778 1.000000 47
 2 0 18.055556 1.000000 12
 1036726.422830 4
 2 0 62.500000 1.000000 44
 2 0 31.944444 1.000000 22
 2 1 9.722222 1.000000 7
 3 0 73.611111 1.000000 172